2,0.999778
3,1.00014
4,0.999916
5,0.999095
6,1.0006
7,1.00211
8,1.0041
9,1.00627
10,1.01029
11,1.01481
12,1.01697
13,1.0128
14,1.00516
15,0.997622
16,0.990558
17,0.989413
18,0.990517
19,0.993201
20,0.994438
21,0.924863
22,0.802947
23,0.693624
24,0.590822
25,0.493873
26,0.408369
27,0.338601
28,0.290879
29,0.266959
30,0.256058
31,0.247691
32,0.240339
33,0.234535
34,0.229291
35,0.224402
36,0.220224
37,0.216896
38,0.214399
39,0.212545
40,0.211127
41,0.209647
42,0.207719
43,0.205719
44,0.204153
45,0.202893
46,0.201511
47,0.199524
48,0.197326
49,0.194891
50,0.191839
51,0.18895
52,0.186111
53,0.181991
54,0.177973
55,0.173654
56,0.169526
57,0.165903
58,0.1616
59,0.157555
60,0.153494
61,0.148702
62,0.14376
63,0.139266
64,0.134901
65,0.130403
66,0.126043
67,0.121745
68,0.116883
69,0.112109
70,0.10735
71,0.102796
72,0.0988331
73,0.0943273
74,0.0898231
75,0.0857847
76,0.0813741
77,0.0768988
78,0.0733584
79,0.0701428
80,0.0665009
81,0.0625208
82,0.0588893
83,0.0554724
84,0.0522274
85,0.0493446
86,0.0469673
87,0.0442224
88,0.041063
89,0.0380709
90,0.0356671
91,0.0333515
92,0.0311778
93,0.0294285
94,0.0276616
95,0.025514
96,0.0234139
97,0.0216888
98,0.020309
99,0.0188644
100,0.0177896
101,0.0167559
102,0.0155709
103,0.0142135
104,0.0130886
105,0.0125012
106,0.0117997
107,0.0112507
108,0.0106959
109,0.0101033
110,0.00912354
111,0.00837744
112,0.00775324
113,0.00743866
114,0.00681864
115,0.00658812
116,0.00600296
117,0.0055663
118,0.00466386
119,0.00446844
120,0.0038679
121,0.00391001
122,0.00334452
123,0.00348689
124,0.00284844
125,0.00318178
126,0.00253009
127,0.00305835
128,0.00255774
129,0.00318331
130,0.00258645
131,0.00314528
132,0.00245225
133,0.00305203
134,0.00238645
135,0.00302435
136,0.00248609
137,0.00304364
138,0.00254185
139,0.00306583
140,0.00251285
141,0.00303859
142,0.00255456
143,0.00306791
144,0.00260056
145,0.00319792
146,0.00267994
147,0.00309407
148,0.00244478
149,0.00286371
150,0.00229985
151,0.00283442
152,0.00219608
153,0.00274616
154,0.00219046
155,0.00265916
156,0.0021729
157,0.00267549
158,0.00216732
159,0.00262054
160,0.00222823
161,0.00257733
162,0.00227117
163,0.0026639
164,0.00237292
165,0.00271543
166,0.00248612
167,0.00266429
168,0.00257103
169,0.00272136
170,0.00272119
171,0.00278202
172,0.00279266
173,0.00285387
174,0.00292212
175,0.0029046
176,0.00306386
177,0.00302925
178,0.00311343
179,0.00310084
180,0.00317159
181,0.00306965
182,0.00313165
183,0.0029636
184,0.0028147
185,0.00255482
186,0.00235468
187,0.002244
188,0.00210327
189,0.0021292
190,0.00190391
191,0.00195885
192,0.00162855
193,0.00186036
194,0.00147485
195,0.00175479
196,0.0014372
197,0.00174268
198,0.00140944
199,0.00176397
200,0.00142259
201,0.00191122
202,0.00156555
203,0.00202476
204,0.00164496
205,0.00209924
206,0.00171262
207,0.00218082
208,0.0017217
209,0.0022149
210,0.00175322
211,0.00225656
212,0.00174812
213,0.00228495
214,0.0017395
215,0.00232043
216,0.00181689
217,0.00236051
218,0.00195285
219,0.002558
220,0.00217733
221,0.00273935
222,0.00244946
223,0.00297137
224,0.00275082
225,0.00317557
226,0.00291482
227,0.00339204
228,0.00300653
229,0.00331721
230,0.00273201
231,0.00293999
232,0.0022305
233,0.00254535
234,0.00180473
235,0.00231337
236,0.0015522
237,0.00217355
238,0.00141713
239,0.00209784
240,0.00137973
241,0.00218126
242,0.00131555
243,0.00225946
244,0.00137143
245,0.00225712
246,0.00147448
247,0.00235551
248,0.00144977
249,0.00241807
250,0.00149952
251,0.00245148
252,0.00163239
253,0.00244836
254,0.00156825
255,0.00251729
256,0.00160515
257,0.00244194
258,0.00168911
259,0.00246026
260,0.00162389
261,0.00249412
262,0.00166094
263,0.00248934
264,0.00174724
265,0.00251895
266,0.00178477
267,0.00259943
268,0.00183604
269,0.00262515
270,0.00195048
271,0.0026423
272,0.0019936
273,0.00263061
274,0.00187685
275,0.00253625
276,0.00174762
277,0.00241967
278,0.00167023
279,0.00243396
280,0.00157352
281,0.00242203
282,0.00167054
283,0.00234423
284,0.00169839
285,0.00241889
286,0.00168443
287,0.00239966
288,0.00173804
289,0.00237373
290,0.0017647
291,0.00241569
292,0.00184538
293,0.00238711
294,0.00185921
295,0.00238714
296,0.00193716
297,0.00237897
298,0.00189669
299,0.0023994
300,0.00194607
301,0.00227971
302,0.00190642
303,0.00226375
304,0.00185136
305,0.00229014
306,0.00189116
307,0.00219962
308,0.00189996
309,0.00223085
310,0.00183313
311,0.00223521
312,0.00181882
313,0.00217645
314,0.00183187
315,0.00215137
316,0.00175275
317,0.00221759
318,0.00177969
319,0.0021253
320,0.00179224
321,0.00211853
322,0.00182987
323,0.00213298
324,0.00187985
325,0.00212695
326,0.00195025
327,0.00220994
328,0.00209002
329,0.00239652
330,0.00236468
331,0.00270225
332,0.00282651
333,0.00312573
334,0.00332526
335,0.00362473
336,0.00390088
337,0.00403927
338,0.00396735
339,0.0037828
340,0.00353278
341,0.00332935
342,0.00310864
343,0.00293247
344,0.00272068
345,0.00265421
346,0.00251697
347,0.00245839
348,0.00237155
349,0.00235114
350,0.00230407
351,0.00232727
352,0.00231042
353,0.00232345
354,0.00230886
355,0.00229296
356,0.00231682
357,0.00227143
358,0.00226143
359,0.00223741
360,0.00225466
361,0.00225891
362,0.00226766
363,0.00230769
364,0.00234402
365,0.00238113
366,0.00246518
367,0.00245783
368,0.00261453
369,0.00265212
370,0.00283329
371,0.00291375
372,0.00314159
373,0.00325853
374,0.00355849
375,0.00376917
376,0.00395058
377,0.00402905
378,0.00400291
379,0.00380696
380,0.00364365
381,0.0033916
382,0.00316517
383,0.00292573
384,0.00277693
385,0.00259383
386,0.00243768
387,0.00226159
388,0.00217826
389,0.00208842
390,0.00195222
391,0.00197732
392,0.00194294
393,0.00193551
394,0.0019687
395,0.00208586
396,0.00221515
397,0.00239808
398,0.00256751
399,0.00287756
