2,2.03267e-06
3,3.63989e-06
4,1.45667e-06
5,3.03529e-06
6,5.12527e-06
7,-2.60138e-06
8,-3.34808e-06
9,5.18682e-07
10,5.18174e-06
11,-6.24171e-06
12,-8.69212e-06
13,-1.43526e-05
14,-3.27511e-05
15,-9.71658e-05
16,-0.000105673
17,-3.18481e-05
18,4.29041e-05
19,0.000212028
20,5.36587e-05
21,0.00127695
22,0.00419645
23,0.00729536
24,0.0101804
25,0.0128929
26,0.0154255
27,0.0177365
28,0.0198809
29,0.0218491
30,0.0236657
31,0.0253676
32,0.0269738
33,0.0284773
34,0.0299007
35,0.0312725
36,0.0325601
37,0.0337902
38,0.0350125
39,0.0361359
40,0.0372495
41,0.0383529
42,0.0393689
43,0.0403476
44,0.0412945
45,0.0421703
46,0.0430416
47,0.0438579
48,0.044593
49,0.0453057
50,0.0459814
51,0.0465585
52,0.0471206
53,0.0476308
54,0.0480535
55,0.0484502
56,0.048814
57,0.0491123
58,0.049394
59,0.0496661
60,0.0499218
61,0.0501771
62,0.0504224
63,0.0506761
64,0.0509499
65,0.0512391
66,0.0515487
67,0.0519052
68,0.0522692
69,0.052646
70,0.0530387
71,0.0534481
72,0.0538631
73,0.0542725
74,0.0546799
75,0.0550758
76,0.0554556
77,0.0558316
78,0.0562164
79,0.0566049
80,0.0569826
81,0.0573492
82,0.0577029
83,0.0580496
84,0.0583879
85,0.05874
86,0.0590977
87,0.0594406
88,0.0597719
89,0.0600958
90,0.060411
91,0.0607232
92,0.0610318
93,0.0613436
94,0.0616506
95,0.061934
96,0.0622123
97,0.0624779
98,0.0627412
99,0.062998
100,0.0632602
101,0.0635072
102,0.0637382
103,0.0639524
104,0.0641575
105,0.064365
106,0.0645653
107,0.0647612
108,0.0649552
109,0.0651388
110,0.065311
111,0.0654761
112,0.065644
113,0.0658062
114,0.0659677
115,0.066125
116,0.0662821
117,0.066419
118,0.0665547
119,0.0666864
120,0.066817
121,0.066942
122,0.0670696
123,0.06719
124,0.0673079
125,0.0674195
126,0.0675248
127,0.0676235
128,0.0677071
129,0.0677931
130,0.0678744
131,0.0679567
132,0.0680364
133,0.0681086
134,0.0682
135,0.0682754
136,0.0683643
137,0.0684419
138,0.0685214
139,0.0685894
140,0.0686665
141,0.0687323
142,0.0688064
143,0.0688739
144,0.068957
145,0.0690309
146,0.069107
147,0.0691792
148,0.069259
149,0.0693427
150,0.0694308
151,0.0695162
152,0.0695975
153,0.0696737
154,0.0697534
155,0.06983
156,0.0699015
157,0.0699768
158,0.0700466
159,0.0701241
160,0.0701957
161,0.0702716
162,0.0703439
163,0.0704168
164,0.0704908
165,0.070561
166,0.0706319
167,0.0707033
168,0.0707716
169,0.0708476
170,0.0709124
171,0.0709843
172,0.0710462
173,0.0711224
174,0.0711876
175,0.0712542
176,0.0713137
177,0.0713793
178,0.07144
179,0.0715049
180,0.0715684
181,0.0716272
182,0.0716903
183,0.0717449
184,0.0717943
185,0.0718367
186,0.0718738
187,0.0719104
188,0.0719486
189,0.071987
190,0.0720261
191,0.0720625
192,0.0720997
193,0.0721441
194,0.072181
195,0.0722235
196,0.0722562
197,0.0723022
198,0.07234
199,0.0723818
200,0.072417
201,0.0724561
202,0.0724896
203,0.0725336
204,0.0725768
205,0.0726222
206,0.0726679
207,0.072712
208,0.0727644
209,0.072806
210,0.0728541
211,0.0729018
212,0.0729495
213,0.0730034
214,0.0730485
215,0.0730913
216,0.0731354
217,0.0731759
218,0.073221
219,0.0732584
220,0.0732947
221,0.073335
222,0.0733742
223,0.0734078
224,0.0734479
225,0.0734818
226,0.0735166
227,0.073552
228,0.0735916
229,0.0736383
230,0.0736959
231,0.0737652
232,0.0738363
233,0.0739034
234,0.0739716
235,0.0740338
236,0.0740937
237,0.0741541
238,0.0742078
239,0.0742632
240,0.0743147
241,0.0743655
242,0.0744262
243,0.0744697
244,0.0745221
245,0.0745679
246,0.0746156
247,0.0746611
248,0.0747066
249,0.0747453
250,0.0747906
251,0.0748329
252,0.0748764
253,0.0749193
254,0.0749634
255,0.0750015
256,0.075048
257,0.075092
258,0.0751313
259,0.07517
260,0.0752038
261,0.0752449
262,0.0752709
263,0.0753055
264,0.0753316
265,0.0753688
266,0.0753979
267,0.0754357
268,0.0754652
269,0.0755069
270,0.0755441
271,0.0755858
272,0.075625
273,0.0756692
274,0.0757111
275,0.0757605
276,0.0758157
277,0.0758603
278,0.0759168
279,0.0759616
280,0.0760141
281,0.0760676
282,0.076113
283,0.0761589
284,0.0762002
285,0.076243
286,0.0762836
287,0.0763276
288,0.0763625
289,0.0764082
290,0.0764476
291,0.076492
292,0.0765384
293,0.0765788
294,0.0766207
295,0.0766571
296,0.0767039
297,0.0767381
298,0.0767797
299,0.0768088
300,0.0768437
301,0.0768743
302,0.0769071
303,0.0769395
304,0.0769713
305,0.0770081
306,0.0770415
307,0.0770779
308,0.0771127
309,0.077151
310,0.077184
311,0.0772217
312,0.0772483
313,0.0772814
314,0.0773088
315,0.0773367
316,0.0773691
317,0.0774073
318,0.0774402
319,0.0774798
320,0.0775189
321,0.0775624
322,0.077602
323,0.0776428
324,0.0776874
325,0.077726
326,0.0777694
327,0.0778079
328,0.0778538
329,0.0779023
330,0.0779618
331,0.0780141
332,0.07808
333,0.0781361
334,0.078198
335,0.0782617
336,0.0783243
337,0.0783573
338,0.07838
339,0.0783953
340,0.078405
341,0.0784247
342,0.0784363
343,0.0784543
344,0.0784752
345,0.0785005
346,0.0785243
347,0.0785502
348,0.0785768
349,0.0786038
350,0.0786319
351,0.0786592
352,0.078685
353,0.0787121
354,0.0787409
355,0.0787732
356,0.0788038
357,0.0788298
358,0.07886
359,0.0788942
360,0.0789318
361,0.0789617
362,0.0790025
363,0.0790375
364,0.0790755
365,0.0791149
366,0.0791517
367,0.0791899
368,0.0792259
369,0.0792727
370,0.0793145
371,0.0793652
372,0.0794126
373,0.0794663
374,0.0795164
375,0.0795733
376,0.0796116
377,0.0796394
378,0.0796537
379,0.0796655
380,0.0796781
381,0.079685
382,0.0796952
383,0.0797
384,0.0797121
385,0.079718
386,0.0797305
387,0.0797366
388,0.0797516
389,0.0797573
390,0.0797749
391,0.0797708
392,0.0797803
393,0.0797748
394,0.0797724
395,0.079762
396,0.0797521
397,0.0797423
398,0.0797357
399,0.0797337
