2,1.00012
3,1.00012
4,1.0001
5,1.00013
6,1.00008
7,1.00009
8,1.00009
9,1.00014
10,1.00011
11,1.00005
12,0.999866
13,0.999892
14,1.00006
15,1.00103
16,1.0017
17,1.00083
18,0.999797
19,0.996465
20,0.998607
21,0.973277
22,0.916216
23,0.857092
24,0.802668
25,0.752464
26,0.706729
27,0.665098
28,0.62742
29,0.59322
30,0.56256
31,0.533999
32,0.507427
33,0.48343
34,0.46085
35,0.439368
36,0.419597
37,0.400853
38,0.382528
39,0.365887
40,0.34971
41,0.334208
42,0.319884
43,0.306193
44,0.293187
45,0.281459
46,0.269758
47,0.258712
48,0.249324
49,0.24011
50,0.23147
51,0.224332
52,0.217481
53,0.211307
54,0.206499
55,0.201796
56,0.197797
57,0.194677
58,0.191908
59,0.189333
60,0.186868
61,0.184434
62,0.182145
63,0.179934
64,0.177237
65,0.174349
66,0.171095
67,0.167301
68,0.163199
69,0.15908
70,0.154399
71,0.149565
72,0.144679
73,0.13976
74,0.134976
75,0.130298
76,0.125933
77,0.121584
78,0.117104
79,0.112561
80,0.108131
81,0.103895
82,0.0998203
83,0.0959016
84,0.0920957
85,0.0880315
86,0.0839474
87,0.0799808
88,0.0762509
89,0.0726739
90,0.0690598
91,0.0656803
92,0.0622405
93,0.0587641
94,0.0554191
95,0.0522957
96,0.0493056
97,0.0465297
98,0.0437941
99,0.0411396
100,0.0384532
101,0.0358924
102,0.0336443
103,0.0316154
104,0.0297144
105,0.0278201
106,0.0260661
107,0.0242461
108,0.0225926
109,0.0210274
110,0.0196361
111,0.0183231
112,0.0171013
113,0.0158223
114,0.0146284
115,0.0134332
116,0.0123538
117,0.0113945
118,0.0106239
119,0.00982093
120,0.0090803
121,0.00839294
122,0.00773821
123,0.00708929
124,0.00658674
125,0.00606918
126,0.00570216
127,0.00532854
128,0.00530436
129,0.00507475
130,0.00507064
131,0.00484145
132,0.00487646
133,0.00477834
134,0.00472515
135,0.00450791
136,0.00443642
137,0.00427056
138,0.00428486
139,0.00412801
140,0.00417893
141,0.00412919
142,0.00412507
143,0.00408632
144,0.00402892
145,0.00388673
146,0.00386946
147,0.00376155
148,0.00367848
149,0.00349852
150,0.003345
151,0.00321201
152,0.0031038
153,0.00294701
154,0.00294968
155,0.00281121
156,0.0028462
157,0.0027566
158,0.00277536
159,0.00267632
160,0.00273923
161,0.00264727
162,0.00271045
163,0.00265735
164,0.00274708
165,0.00267427
166,0.0027549
167,0.00272607
168,0.00280772
169,0.002769
170,0.00286915
171,0.00279174
172,0.00284088
173,0.00287417
174,0.00295002
175,0.00296663
176,0.0029773
177,0.00290513
178,0.00297952
179,0.00296629
180,0.00291407
181,0.00285001
182,0.00283599
183,0.00293974
184,0.00283595
185,0.00280031
186,0.0025582
187,0.00244692
188,0.00223012
189,0.00213312
190,0.00191145
191,0.0019373
192,0.00175674
193,0.00185954
194,0.00166044
195,0.00181607
196,0.00171642
197,0.0019455
198,0.00182025
199,0.00206098
200,0.00198021
201,0.00227214
202,0.00215613
203,0.00247666
204,0.00236647
205,0.00264327
206,0.00250074
207,0.00274699
208,0.00254432
209,0.00283526
210,0.00263981
211,0.00291738
212,0.0026634
213,0.00289216
214,0.00272108
215,0.00299357
216,0.00278744
217,0.00308242
218,0.00288335
219,0.00318741
220,0.00306305
221,0.00337791
222,0.00325263
223,0.00356287
224,0.00345195
225,0.0037943
226,0.00371996
227,0.00403961
228,0.0039161
229,0.00409946
230,0.00375716
231,0.00374635
232,0.00329893
233,0.00332582
234,0.00283247
235,0.00302894
236,0.00261886
237,0.00279183
238,0.00242088
239,0.00273821
240,0.00232654
241,0.00266962
242,0.00227316
243,0.00262387
244,0.00231401
245,0.00265368
246,0.0022775
247,0.00263287
248,0.00224669
249,0.00264902
250,0.0022756
251,0.00265219
252,0.00228479
253,0.00269729
254,0.00230296
255,0.00267732
256,0.00229399
257,0.00270114
258,0.00230009
259,0.002705
260,0.00228185
261,0.00270567
262,0.00235448
263,0.00277011
264,0.00240368
265,0.00285869
266,0.002457
267,0.00292696
268,0.00253299
269,0.00297833
270,0.00256644
271,0.00295394
272,0.00256436
273,0.00297686
274,0.00249352
275,0.00290654
276,0.00241273
277,0.00278734
278,0.00231737
279,0.00274569
280,0.00227899
281,0.00272051
282,0.00228441
283,0.00273582
284,0.00227445
285,0.00275601
286,0.00230796
287,0.00273193
288,0.00230932
289,0.00275735
290,0.00234492
291,0.00275513
292,0.00237142
293,0.00283256
294,0.00240774
295,0.00281315
296,0.00244102
297,0.00284481
298,0.00243767
299,0.00281975
300,0.00239101
301,0.00278742
302,0.00240264
303,0.00276025
304,0.00233226
305,0.00274126
306,0.00235587
307,0.00271424
308,0.00229665
309,0.00271187
310,0.0023249
311,0.00269107
312,0.0023417
313,0.00271881
314,0.00224348
315,0.00266186
316,0.00227025
317,0.00261665
318,0.00228909
319,0.00263704
320,0.00228088
321,0.00267333
322,0.00226622
323,0.00269919
324,0.00237106
325,0.00273899
326,0.0024005
327,0.00280653
328,0.0025028
329,0.00294386
330,0.00281002
331,0.00326831
332,0.00320646
333,0.00371788
334,0.00376486
335,0.00427215
336,0.00435546
337,0.00455568
338,0.00425428
339,0.00422281
340,0.00380898
341,0.00387745
342,0.00349113
343,0.003544
344,0.00322789
345,0.00339771
346,0.00306052
347,0.00321581
348,0.00292065
349,0.00315157
350,0.00287763
351,0.00305423
352,0.00281158
353,0.0030294
354,0.00277785
355,0.00299109
356,0.00277558
357,0.00293136
358,0.002727
359,0.00292392
360,0.00275948
361,0.00294864
362,0.00285048
363,0.00300695
364,0.00294716
365,0.00315692
366,0.00302676
367,0.00325563
368,0.00318067
369,0.00345037
370,0.00346703
371,0.0037586
372,0.00382361
373,0.00411099
374,0.00430135
375,0.00457061
376,0.00464531
377,0.0046043
378,0.00440324
379,0.00428928
380,0.00397369
381,0.00386052
382,0.00358332
383,0.00343408
384,0.00320659
385,0.00310086
386,0.00285997
387,0.00278564
388,0.00261317
389,0.00253802
390,0.00241552
391,0.00240684
392,0.0023257
393,0.00237072
394,0.00246057
395,0.00266835
396,0.00286553
397,0.00320621
398,0.00346418
399,0.00377789
