2,-2.97573e-06
3,-3.21368e-06
4,-2.53997e-06
5,-4.16919e-06
6,-1.89719e-06
7,-2.40529e-06
8,-2.62105e-06
9,-4.87016e-06
10,-3.61633e-06
11,-7.92095e-07
12,7.78256e-06
13,6.5773e-06
14,-1.62357e-06
15,-5.03119e-05
16,-8.48496e-05
17,-4.15302e-05
18,1.14769e-05
19,0.000184439
20,7.4793e-05
21,0.00140401
22,0.0044295
23,0.00760314
24,0.0105625
25,0.0133271
26,0.0158781
27,0.01823
28,0.0203867
29,0.0223699
30,0.0241728
31,0.025872
32,0.0274715
33,0.0289368
34,0.0303307
35,0.0316702
36,0.0329192
37,0.0341157
38,0.0352933
39,0.0363795
40,0.0374426
41,0.0384709
42,0.0394342
43,0.0403636
44,0.0412553
45,0.0420751
46,0.0428946
47,0.0436778
48,0.0443642
49,0.0450417
50,0.0456851
51,0.0462401
52,0.046778
53,0.0472763
54,0.0476912
55,0.0481001
56,0.0484654
57,0.0487772
58,0.0490662
59,0.0493432
60,0.049612
61,0.0498784
62,0.0501344
63,0.0503853
64,0.0506645
65,0.0509553
66,0.0512677
67,0.0516134
68,0.0519776
69,0.0523427
70,0.0527422
71,0.0531517
72,0.0535639
73,0.0539785
74,0.0543841
75,0.0547836
76,0.0551624
77,0.0555411
78,0.0559268
79,0.0563176
80,0.0567002
81,0.0570711
82,0.0574306
83,0.0577808
84,0.0581229
85,0.0584822
86,0.0588418
87,0.0591941
88,0.0595305
89,0.0598578
90,0.0601864
91,0.0605004
92,0.0608173
93,0.061137
94,0.0614478
95,0.0617441
96,0.0620312
97,0.062304
98,0.0625743
99,0.0628391
100,0.0631058
101,0.0633633
102,0.063601
103,0.0638238
104,0.0640389
105,0.0642522
106,0.0644573
107,0.064665
108,0.0648631
109,0.0650535
110,0.0652336
111,0.0654052
112,0.065574
113,0.0657416
114,0.065908
115,0.0660702
116,0.0662285
117,0.0663731
118,0.0665107
119,0.0666438
120,0.0667796
121,0.0669041
122,0.0670345
123,0.0671553
124,0.0672744
125,0.067388
126,0.0674972
127,0.0675975
128,0.0676826
129,0.0677704
130,0.0678511
131,0.0679386
132,0.0680146
133,0.0680933
134,0.0681761
135,0.0682611
136,0.0683442
137,0.0684275
138,0.0685026
139,0.0685804
140,0.068652
141,0.0687239
142,0.0687961
143,0.0688666
144,0.0689457
145,0.0690224
146,0.0691006
147,0.0691697
148,0.0692516
149,0.0693343
150,0.0694247
151,0.0695056
152,0.0695934
153,0.0696669
154,0.0697515
155,0.0698279
156,0.0699009
157,0.0699736
158,0.0700453
159,0.0701232
160,0.0701895
161,0.0702716
162,0.0703397
163,0.0704191
164,0.0704914
165,0.0705637
166,0.0706328
167,0.0707059
168,0.0707717
169,0.0708451
170,0.0709129
171,0.0709814
172,0.0710444
173,0.0711215
174,0.0711839
175,0.0712566
176,0.0713168
177,0.0713791
178,0.0714413
179,0.0715094
180,0.0715658
181,0.0716299
182,0.0716891
183,0.0717468
184,0.0717926
185,0.0718378
186,0.0718745
187,0.0719096
188,0.0719511
189,0.0719838
190,0.0720273
191,0.0720613
192,0.0721026
193,0.072139
194,0.0721827
195,0.0722185
196,0.0722596
197,0.0722986
198,0.0723366
199,0.072383
200,0.0724137
201,0.0724542
202,0.0724906
203,0.0725307
204,0.0725767
205,0.0726199
206,0.0726669
207,0.0727104
208,0.072759
209,0.0728028
210,0.0728511
211,0.0728979
212,0.0729492
213,0.0729982
214,0.0730462
215,0.0730868
216,0.0731321
217,0.0731767
218,0.0732172
219,0.0732589
220,0.0732934
221,0.0733305
222,0.0733685
223,0.0734083
224,0.073444
225,0.0734783
226,0.073512
227,0.0735504
228,0.0735867
229,0.0736329
230,0.0736924
231,0.0737617
232,0.0738289
233,0.0738994
234,0.0739656
235,0.0740293
236,0.0740881
237,0.0741492
238,0.0742074
239,0.0742574
240,0.0743127
241,0.0743682
242,0.0744202
243,0.0744711
244,0.0745218
245,0.0745652
246,0.0746095
247,0.0746587
248,0.0746979
249,0.0747464
250,0.0747856
251,0.0748314
252,0.0748709
253,0.0749237
254,0.0749586
255,0.0750071
256,0.0750427
257,0.0750874
258,0.0751277
259,0.0751655
260,0.0752022
261,0.0752375
262,0.0752714
263,0.0753034
264,0.0753361
265,0.0753655
266,0.0754031
267,0.075431
268,0.0754697
269,0.0755004
270,0.0755474
271,0.0755802
272,0.0756247
273,0.0756635
274,0.0757135
275,0.0757565
276,0.0758142
277,0.0758599
278,0.0759203
279,0.0759598
280,0.0760142
281,0.076062
282,0.0761112
283,0.0761565
284,0.0761984
285,0.076241
286,0.0762814
287,0.0763253
288,0.0763646
289,0.0764079
290,0.0764503
291,0.0764943
292,0.0765352
293,0.0765814
294,0.0766186
295,0.0766579
296,0.0767003
297,0.0767385
298,0.0767739
299,0.0768112
300,0.0768421
301,0.0768758
302,0.0769074
303,0.0769403
304,0.0769739
305,0.0770094
306,0.0770414
307,0.0770774
308,0.0771121
309,0.0771489
310,0.0771835
311,0.0772184
312,0.0772535
313,0.0772771
314,0.0773091
315,0.0773353
316,0.0773712
317,0.0774033
318,0.0774459
319,0.0774808
320,0.0775204
321,0.0775615
322,0.0775997
323,0.077644
324,0.0776836
325,0.0777265
326,0.0777695
327,0.077809
328,0.0778545
329,0.077908
330,0.077963
331,0.0780215
332,0.0780782
333,0.0781423
334,0.0782019
335,0.0782657
336,0.0783242
337,0.0783573
338,0.0783808
339,0.0783948
340,0.0784063
341,0.0784251
342,0.0784374
343,0.0784563
344,0.0784765
345,0.0785017
346,0.078522
347,0.0785516
348,0.0785732
349,0.0786049
350,0.0786302
351,0.078659
352,0.078686
353,0.0787162
354,0.0787447
355,0.0787779
356,0.078805
357,0.0788357
358,0.0788637
359,0.078895
360,0.0789338
361,0.0789648
362,0.079004
363,0.0790372
364,0.0790792
365,0.0791167
366,0.0791534
367,0.0791931
368,0.0792295
369,0.0792768
370,0.0793221
371,0.0793706
372,0.079419
373,0.0794691
374,0.0795247
375,0.0795736
376,0.0796174
377,0.0796368
378,0.0796552
379,0.0796676
380,0.0796739
381,0.0796859
382,0.0796937
383,0.0797009
384,0.0797113
385,0.0797206
386,0.0797288
387,0.07974
388,0.0797456
389,0.0797589
390,0.079766
391,0.0797717
392,0.079772
393,0.0797701
394,0.0797708
395,0.0797599
396,0.0797535
397,0.0797405
398,0.0797384
399,0.0797374
