2,1.00001
3,1.0001
4,0.999972
5,1.00005
6,1.00015
7,1.00023
8,1.00006
9,1.00024
10,1.00031
11,1.00014
12,0.999932
13,0.999998
14,1.0003
15,1.00105
16,1.00144
17,1.00143
18,1.00118
19,0.998473
20,0.998973
21,0.971154
22,0.911482
23,0.851162
24,0.795593
25,0.744315
26,0.698242
27,0.656607
28,0.618607
29,0.584402
30,0.553401
31,0.525496
32,0.499382
33,0.475457
34,0.453407
35,0.432619
36,0.413398
37,0.395124
38,0.377681
39,0.361782
40,0.346588
41,0.331766
42,0.31837
43,0.30553
44,0.293106
45,0.282077
46,0.271515
47,0.261115
48,0.252165
49,0.243681
50,0.235735
51,0.228988
52,0.222409
53,0.216473
54,0.21151
55,0.207213
56,0.203131
57,0.200131
58,0.197
59,0.194229
60,0.191889
61,0.189471
62,0.186979
63,0.184598
64,0.181914
65,0.179119
66,0.175854
67,0.17201
68,0.168199
69,0.163832
70,0.159286
71,0.154397
72,0.149556
73,0.144525
74,0.139675
75,0.135012
76,0.130571
77,0.126282
78,0.121639
79,0.117056
80,0.112613
81,0.108295
82,0.104118
83,0.100168
84,0.0961249
85,0.0921631
86,0.0879053
87,0.083884
88,0.0800061
89,0.0762847
90,0.0726769
91,0.0691651
92,0.0656339
93,0.0619528
94,0.0584351
95,0.0552936
96,0.0521414
97,0.0493273
98,0.0463631
99,0.0436503
100,0.0407738
101,0.0381992
102,0.0356815
103,0.0336611
104,0.0315202
105,0.029602
106,0.0277117
107,0.0258007
108,0.0239487
109,0.0222648
110,0.0208569
111,0.0194871
112,0.018108
113,0.0168003
114,0.0154993
115,0.0142277
116,0.0131266
117,0.0120732
118,0.0112102
119,0.0103983
120,0.009621
121,0.00886659
122,0.00825246
123,0.00752344
124,0.00700735
125,0.0064459
126,0.00612375
127,0.00566851
128,0.00557012
129,0.00532944
130,0.00528469
131,0.00515918
132,0.00505601
133,0.00500869
134,0.0049033
135,0.00471541
136,0.0046518
137,0.00440571
138,0.00439991
139,0.00428137
140,0.00431064
141,0.0042545
142,0.00421857
143,0.00417053
144,0.0040388
145,0.00397431
146,0.00391529
147,0.00377711
148,0.00372369
149,0.0035664
150,0.00336497
151,0.00320557
152,0.003092
153,0.00299389
154,0.00289615
155,0.00288656
156,0.00279354
157,0.00278204
158,0.00270948
159,0.00273848
160,0.0026465
161,0.0027061
162,0.00264498
163,0.00270391
164,0.00261804
165,0.00273418
166,0.00269559
167,0.00279726
168,0.00269797
169,0.00277897
170,0.00273207
171,0.0027784
172,0.00279997
173,0.00288454
174,0.00283615
175,0.00290808
176,0.00289048
177,0.00297815
178,0.0028861
179,0.00286668
180,0.00281077
181,0.00281983
182,0.00293802
183,0.00294406
184,0.00289962
185,0.00274716
186,0.00265603
187,0.00243332
188,0.00231732
189,0.00205429
190,0.00205705
191,0.00181211
192,0.00185655
193,0.00170294
194,0.00179299
195,0.001676
196,0.00187268
197,0.00173227
198,0.00191701
199,0.00191817
200,0.00207175
201,0.0020656
202,0.00231203
203,0.00230187
204,0.00250833
205,0.00245028
206,0.00260595
207,0.00258657
208,0.00274732
209,0.0026742
210,0.00282658
211,0.00274009
212,0.00283225
213,0.0027734
214,0.00290417
215,0.00282449
216,0.00294603
217,0.00292824
218,0.00307573
219,0.00303934
220,0.00322514
221,0.00319061
222,0.00347391
223,0.00342845
224,0.00364355
225,0.00363229
226,0.00385218
227,0.00389394
228,0.00410772
229,0.0040123
230,0.00395677
231,0.00362093
232,0.00347348
233,0.00320323
234,0.00310811
235,0.00283441
236,0.00282097
237,0.00262769
238,0.00268941
239,0.00243406
240,0.00257677
241,0.00245149
242,0.00254013
243,0.00237556
244,0.00256722
245,0.00235772
246,0.00255338
247,0.0023788
248,0.00250924
249,0.00241451
250,0.00254573
251,0.00238719
252,0.00258657
253,0.00240302
254,0.0025688
255,0.0023908
256,0.0025849
257,0.00240997
258,0.00255066
259,0.00243754
260,0.00255696
261,0.00245186
262,0.00263019
263,0.00249848
264,0.00271118
265,0.00258816
266,0.00271893
267,0.00265182
268,0.00281727
269,0.0027159
270,0.00280819
271,0.00272832
272,0.00285983
273,0.0026931
274,0.00278542
275,0.00260547
276,0.00268929
277,0.00250947
278,0.00259385
279,0.00244627
280,0.00257015
281,0.00244031
282,0.00255011
283,0.00243552
284,0.00258399
285,0.00244258
286,0.00259504
287,0.00243447
288,0.0026198
289,0.00248248
290,0.002626
291,0.00249013
292,0.0026642
293,0.00255955
294,0.00270362
295,0.00250391
296,0.00272643
297,0.00254567
298,0.00269007
299,0.00256043
300,0.00265717
301,0.00253606
302,0.00265288
303,0.00247447
304,0.00264362
305,0.00246454
306,0.00258479
307,0.00247241
308,0.00259615
309,0.00245415
310,0.00258946
311,0.00245147
312,0.00257832
313,0.00244178
314,0.00254449
315,0.00237701
316,0.0024901
317,0.00240352
318,0.00250482
319,0.00241309
320,0.00251906
321,0.00240659
322,0.00252697
323,0.00247705
324,0.00257528
325,0.00252036
326,0.00262936
327,0.00257096
328,0.00274508
329,0.00278123
330,0.00301097
331,0.00311759
332,0.00341666
333,0.00360663
334,0.00395941
335,0.00416079
336,0.00446474
337,0.00443994
338,0.00436757
339,0.00412185
340,0.00395707
341,0.00371413
342,0.00363488
343,0.00341405
344,0.0034323
345,0.00321857
346,0.00319451
347,0.0031109
348,0.00309294
349,0.00298785
350,0.00301022
351,0.00290364
352,0.00296766
353,0.00293796
354,0.00295344
355,0.0028499
356,0.00292531
357,0.00281648
358,0.00290738
359,0.00283362
360,0.00288776
361,0.00283938
362,0.00298029
363,0.00297185
364,0.00304776
365,0.0030712
366,0.00316268
367,0.00320638
368,0.00331187
369,0.00340354
370,0.00357223
371,0.00372972
372,0.00396478
373,0.00415634
374,0.00438076
375,0.00457505
376,0.00472057
377,0.00458177
378,0.00447852
379,0.00423633
380,0.00401574
381,0.00381574
382,0.00362546
383,0.0034623
384,0.00319668
385,0.0030315
386,0.00291296
387,0.00275705
388,0.00261876
389,0.00250943
390,0.00244844
391,0.00235569
392,0.00234207
393,0.00237063
394,0.00249476
395,0.00260387
396,0.002922
397,0.00314928
398,0.00342047
399,0.00379835
