2,4.21399e-07
3,-5.9098e-07
4,2.99102e-06
5,8.76503e-07
6,2.46844e-06
7,3.33311e-06
8,3.36444e-06
9,3.12017e-06
10,1.49676e-05
11,-1.3171e-06
12,-3.57763e-06
13,1.84286e-06
14,3.21096e-06
15,-3.38541e-05
16,-7.59586e-05
17,-6.15586e-05
18,1.54974e-05
19,0.000162969
20,7.28026e-05
21,0.00161951
22,0.00489993
23,0.00822054
24,0.0112987
25,0.0141741
26,0.0167924
27,0.0191663
28,0.0213309
29,0.0233337
30,0.0251562
31,0.0268173
32,0.0283704
33,0.0298086
34,0.0311425
35,0.0324247
36,0.0336089
37,0.0347414
38,0.0358246
39,0.0368293
40,0.0378118
41,0.0387604
42,0.0396231
43,0.0404645
44,0.0412613
45,0.042004
46,0.0427293
47,0.0434334
48,0.0440529
49,0.0446535
50,0.0452221
51,0.0457329
52,0.0462328
53,0.0466896
54,0.0470959
55,0.0474766
56,0.0478437
57,0.0481526
58,0.0484484
59,0.0487292
60,0.0490025
61,0.0492728
62,0.0495414
63,0.0497962
64,0.0500832
65,0.0503718
66,0.0506806
67,0.051013
68,0.0513642
69,0.0517305
70,0.0521213
71,0.0525352
72,0.0529453
73,0.0533656
74,0.0537781
75,0.0541838
76,0.0545664
77,0.054946
78,0.0553408
79,0.055732
80,0.0561255
81,0.0565047
82,0.0568775
83,0.0572329
84,0.0575862
85,0.0579521
86,0.0583233
87,0.0586865
88,0.0590349
89,0.0593803
90,0.0597148
91,0.0600462
92,0.0603732
93,0.0607075
94,0.0610397
95,0.0613486
96,0.0616524
97,0.0619398
98,0.0622238
99,0.0625048
100,0.0627922
101,0.063061
102,0.0633227
103,0.0635513
104,0.0637925
105,0.0640089
106,0.0642411
107,0.0644561
108,0.0646747
109,0.0648771
110,0.06507
111,0.0652469
112,0.0654308
113,0.0656036
114,0.0657839
115,0.0659581
116,0.0661227
117,0.0662749
118,0.0664217
119,0.0665595
120,0.0666982
121,0.0668311
122,0.0669605
123,0.0670864
124,0.067209
125,0.0673257
126,0.067432
127,0.0675462
128,0.0676345
129,0.0677262
130,0.0678093
131,0.0679013
132,0.0679699
133,0.0680612
134,0.0681348
135,0.068229
136,0.0683117
137,0.0683966
138,0.0684768
139,0.0685552
140,0.0686301
141,0.0687051
142,0.0687719
143,0.0688534
144,0.0689305
145,0.0690085
146,0.0690863
147,0.069157
148,0.0692347
149,0.0693222
150,0.0694083
151,0.0694968
152,0.0695794
153,0.0696651
154,0.0697434
155,0.0698258
156,0.0698959
157,0.0699727
158,0.0700415
159,0.0701169
160,0.0701906
161,0.0702683
162,0.0703409
163,0.0704196
164,0.0704931
165,0.0705654
166,0.0706379
167,0.0707041
168,0.0707775
169,0.070844
170,0.0709123
171,0.0709766
172,0.0710476
173,0.071117
174,0.0711875
175,0.0712563
176,0.0713165
177,0.0713797
178,0.0714437
179,0.0715066
180,0.0715689
181,0.071628
182,0.0716903
183,0.0717461
184,0.0717958
185,0.0718382
186,0.0718721
187,0.0719139
188,0.0719491
189,0.0719879
190,0.0720256
191,0.0720591
192,0.0721026
193,0.0721377
194,0.072182
195,0.0722184
196,0.0722547
197,0.072294
198,0.0723373
199,0.0723756
200,0.0724164
201,0.0724476
202,0.0724897
203,0.07253
204,0.0725711
205,0.0726166
206,0.07266
207,0.0727064
208,0.0727518
209,0.0727992
210,0.0728428
211,0.0728904
212,0.0729419
213,0.0729938
214,0.0730421
215,0.0730824
216,0.0731276
217,0.0731693
218,0.0732154
219,0.0732489
220,0.0732913
221,0.0733244
222,0.0733672
223,0.073402
224,0.0734424
225,0.0734719
226,0.0735107
227,0.0735457
228,0.0735814
229,0.0736254
230,0.0736859
231,0.0737527
232,0.0738194
233,0.0738918
234,0.0739574
235,0.0740175
236,0.0740838
237,0.0741398
238,0.0741956
239,0.0742571
240,0.0743078
241,0.0743643
242,0.0744185
243,0.0744687
244,0.0745169
245,0.0745579
246,0.0746077
247,0.0746473
248,0.0746977
249,0.0747359
250,0.0747833
251,0.0748249
252,0.0748764
253,0.0749168
254,0.074961
255,0.0750002
256,0.075041
257,0.0750839
258,0.0751215
259,0.0751601
260,0.0751973
261,0.0752325
262,0.0752702
263,0.0753016
264,0.075335
265,0.0753667
266,0.0753971
267,0.0754356
268,0.0754633
269,0.0755002
270,0.0755392
271,0.0755825
272,0.0756199
273,0.0756653
274,0.075708
275,0.0757608
276,0.0758091
277,0.0758653
278,0.0759115
279,0.0759624
280,0.0760092
281,0.0760592
282,0.0761091
283,0.0761545
284,0.0761954
285,0.0762404
286,0.0762798
287,0.0763239
288,0.0763646
289,0.0764091
290,0.0764491
291,0.076496
292,0.076539
293,0.0765794
294,0.0766181
295,0.0766605
296,0.0766972
297,0.0767367
298,0.0767726
299,0.0768102
300,0.0768429
301,0.0768754
302,0.0769121
303,0.0769421
304,0.0769762
305,0.0770062
306,0.077043
307,0.0770773
308,0.0771119
309,0.0771499
310,0.0771851
311,0.0772197
312,0.0772514
313,0.0772823
314,0.0773094
315,0.0773384
316,0.0773724
317,0.0774088
318,0.0774458
319,0.077483
320,0.0775196
321,0.077565
322,0.0775997
323,0.0776465
324,0.0776817
325,0.0777271
326,0.0777689
327,0.0778105
328,0.0778549
329,0.0779146
330,0.0779668
331,0.0780283
332,0.0780886
333,0.0781458
334,0.0782088
335,0.0782696
336,0.0783295
337,0.078361
338,0.0783814
339,0.0783931
340,0.0784095
341,0.0784252
342,0.0784401
343,0.0784611
344,0.0784788
345,0.0785015
346,0.0785266
347,0.0785494
348,0.078576
349,0.0786029
350,0.0786321
351,0.0786622
352,0.0786928
353,0.0787195
354,0.0787546
355,0.0787838
356,0.0788145
357,0.0788396
358,0.0788702
359,0.0789027
360,0.0789361
361,0.0789753
362,0.0790053
363,0.0790464
364,0.0790826
365,0.0791245
366,0.0791599
367,0.079201
368,0.0792405
369,0.0792834
370,0.0793354
371,0.0793804
372,0.0794325
373,0.0794786
374,0.0795348
375,0.0795807
376,0.0796242
377,0.0796379
378,0.0796577
379,0.0796655
380,0.0796778
381,0.0796852
382,0.079695
383,0.0797009
384,0.0797143
385,0.0797196
386,0.0797291
387,0.0797312
388,0.0797448
389,0.079752
390,0.0797582
391,0.0797616
392,0.0797678
393,0.0797644
394,0.0797659
395,0.0797577
396,0.0797524
397,0.0797438
398,0.0797405
399,0.079741
