2,-2.81198e-06
3,-3.06575e-06
4,-3.07725e-06
5,-2.5768e-06
6,9.75885e-07
7,4.96244e-07
8,-3.54166e-06
9,-3.6111e-06
10,-2.68157e-06
11,-2.40748e-06
12,8.68662e-06
13,1.22842e-05
14,1.08059e-05
15,-8.88456e-06
16,-3.54531e-05
17,-7.86161e-05
18,-4.81006e-05
19,8.07053e-05
20,5.62742e-05
21,0.00171356
22,0.00510705
23,0.00849579
24,0.0116465
25,0.0145843
26,0.0172468
27,0.0196469
28,0.0218066
29,0.0238111
30,0.0256275
31,0.0272864
32,0.0288088
33,0.0302147
34,0.0315269
35,0.032781
36,0.0339363
37,0.0350379
38,0.0360817
39,0.0370638
40,0.0380025
41,0.0389083
42,0.0397279
43,0.0405359
44,0.0413049
45,0.0420081
46,0.0426954
47,0.0433531
48,0.043942
49,0.0445075
50,0.0450483
51,0.0455189
52,0.0459957
53,0.0464447
54,0.0468384
55,0.0472175
56,0.0475614
57,0.0478559
58,0.0481544
59,0.0484372
60,0.0487074
61,0.0489782
62,0.0492434
63,0.049507
64,0.0497883
65,0.0500692
66,0.0503815
67,0.0507142
68,0.0510634
69,0.051413
70,0.0518112
71,0.0522122
72,0.0526313
73,0.0530465
74,0.0534705
75,0.0538689
76,0.0542623
77,0.0546389
78,0.0550381
79,0.0554362
80,0.0558351
81,0.0562134
82,0.0565953
83,0.0569549
84,0.0573129
85,0.0576805
86,0.0580592
87,0.0584283
88,0.0587847
89,0.0591369
90,0.0594781
91,0.0598097
92,0.0601471
93,0.0604908
94,0.0608267
95,0.0611492
96,0.0614532
97,0.061755
98,0.0620439
99,0.0623323
100,0.0626256
101,0.0629068
102,0.0631753
103,0.063416
104,0.0636577
105,0.0638915
106,0.0641195
107,0.064349
108,0.0645761
109,0.0647852
110,0.0649798
111,0.0651693
112,0.0653525
113,0.0655353
114,0.0657149
115,0.065899
116,0.0660665
117,0.0662242
118,0.0663742
119,0.0665187
120,0.0666545
121,0.0667935
122,0.0669226
123,0.0670549
124,0.067179
125,0.0672894
126,0.0674073
127,0.0675148
128,0.0676154
129,0.0677042
130,0.0677927
131,0.0678745
132,0.0679609
133,0.0680347
134,0.0681268
135,0.0682061
136,0.0683015
137,0.0683814
138,0.0684691
139,0.0685436
140,0.0686167
141,0.0686933
142,0.0687673
143,0.0688448
144,0.0689228
145,0.0690041
146,0.0690806
147,0.0691543
148,0.0692266
149,0.0693186
150,0.0694028
151,0.0694909
152,0.0695766
153,0.0696637
154,0.0697424
155,0.0698233
156,0.0698957
157,0.0699718
158,0.0700445
159,0.0701127
160,0.0701926
161,0.070264
162,0.0703425
163,0.0704195
164,0.070496
165,0.0705665
166,0.0706346
167,0.0707118
168,0.070774
169,0.0708476
170,0.0709084
171,0.070978
172,0.0710478
173,0.0711206
174,0.0711874
175,0.0712555
176,0.0713184
177,0.0713854
178,0.0714428
179,0.0715068
180,0.0715687
181,0.0716303
182,0.0716929
183,0.0717457
184,0.071799
185,0.0718335
186,0.071878
187,0.0719139
188,0.0719516
189,0.071986
190,0.0720254
191,0.0720596
192,0.072104
193,0.0721383
194,0.0721784
195,0.0722169
196,0.0722558
197,0.0722996
198,0.0723331
199,0.0723738
200,0.0724138
201,0.0724491
202,0.0724901
203,0.0725277
204,0.072571
205,0.0726159
206,0.0726623
207,0.0727043
208,0.0727491
209,0.0727915
210,0.0728436
211,0.0728881
212,0.0729419
213,0.0729877
214,0.0730358
215,0.0730825
216,0.0731271
217,0.073168
218,0.0732085
219,0.0732492
220,0.0732882
221,0.0733244
222,0.0733646
223,0.0733999
224,0.0734351
225,0.0734749
226,0.0735061
227,0.0735451
228,0.0735768
229,0.0736238
230,0.0736803
231,0.073753
232,0.0738163
233,0.0738884
234,0.0739522
235,0.0740213
236,0.0740754
237,0.0741404
238,0.0741921
239,0.0742521
240,0.0743085
241,0.0743639
242,0.0744126
243,0.0744685
244,0.0745109
245,0.0745598
246,0.0746023
247,0.0746498
248,0.07469
249,0.0747338
250,0.0747859
251,0.0748221
252,0.0748749
253,0.0749131
254,0.0749609
255,0.0750005
256,0.0750392
257,0.0750798
258,0.0751184
259,0.07516
260,0.0751956
261,0.075232
262,0.0752715
263,0.0752979
264,0.075336
265,0.0753648
266,0.0754021
267,0.0754267
268,0.0754673
269,0.075498
270,0.0755417
271,0.0755785
272,0.0756199
273,0.0756611
274,0.0757086
275,0.0757643
276,0.0758065
277,0.0758652
278,0.0759103
279,0.0759631
280,0.0760112
281,0.0760553
282,0.0761067
283,0.0761527
284,0.0761956
285,0.0762384
286,0.0762791
287,0.0763224
288,0.0763642
289,0.0764081
290,0.0764539
291,0.0764936
292,0.0765378
293,0.0765825
294,0.0766189
295,0.0766594
296,0.076698
297,0.0767351
298,0.0767737
299,0.0768093
300,0.0768438
301,0.0768741
302,0.0769129
303,0.0769465
304,0.0769751
305,0.0770109
306,0.0770424
307,0.0770766
308,0.0771128
309,0.0771484
310,0.0771858
311,0.0772189
312,0.0772522
313,0.077282
314,0.0773122
315,0.0773408
316,0.0773712
317,0.0774112
318,0.0774447
319,0.0774887
320,0.0775245
321,0.0775618
322,0.077603
323,0.0776446
324,0.0776865
325,0.0777269
326,0.0777694
327,0.0778098
328,0.0778594
329,0.0779153
330,0.0779712
331,0.0780311
332,0.0780911
333,0.0781504
334,0.0782139
335,0.0782742
336,0.0783267
337,0.0783635
338,0.0783815
339,0.0783951
340,0.0784118
341,0.0784221
342,0.0784456
343,0.0784607
344,0.0784792
345,0.0785044
346,0.0785227
347,0.0785511
348,0.0785734
349,0.078606
350,0.0786298
351,0.0786645
352,0.0786912
353,0.0787276
354,0.0787525
355,0.0787911
356,0.0788121
357,0.0788463
358,0.0788742
359,0.0789041
360,0.0789409
361,0.0789722
362,0.0790132
363,0.0790481
364,0.0790879
365,0.0791256
366,0.0791652
367,0.0792038
368,0.0792465
369,0.0792882
370,0.0793402
371,0.0793854
372,0.0794344
373,0.0794862
374,0.0795376
375,0.0795826
376,0.0796194
377,0.0796445
378,0.0796591
379,0.0796624
380,0.0796748
381,0.0796846
382,0.0796951
383,0.0797034
384,0.0797119
385,0.079718
386,0.079726
387,0.079731
388,0.0797431
389,0.079747
390,0.0797544
391,0.0797561
392,0.0797663
393,0.0797626
394,0.0797636
395,0.0797541
396,0.0797536
397,0.0797435
398,0.0797431
399,0.079739
