2,1.00013
3,1.00013
4,1.00012
5,1.0001
6,1.00002
7,1.00003
8,1.00011
9,1.00011
10,1.00009
11,1.00008
12,0.99985
13,0.999778
14,0.999809
15,1.00021
16,1.00073
17,1.00156
18,1.00095
19,0.998462
20,0.998944
21,0.967382
22,0.903401
23,0.840314
24,0.782417
25,0.729115
26,0.68145
27,0.63907
28,0.60147
29,0.567013
30,0.536235
31,0.508524
32,0.483449
33,0.46062
34,0.439587
35,0.419706
36,0.401664
37,0.384659
38,0.368737
39,0.35396
40,0.339987
41,0.326639
42,0.314816
43,0.303233
44,0.29234
45,0.282605
46,0.273152
47,0.264227
48,0.256467
49,0.249121
50,0.242183
51,0.236436
52,0.230569
53,0.225176
54,0.220684
55,0.216439
56,0.212756
57,0.209887
58,0.206927
59,0.204223
60,0.201693
61,0.199156
62,0.196678
63,0.194229
64,0.191465
65,0.188708
66,0.185418
67,0.181809
68,0.17791
69,0.174014
70,0.169315
71,0.16459
72,0.159557
73,0.154604
74,0.149492
75,0.144809
76,0.140182
77,0.135839
78,0.131118
79,0.126435
80,0.121718
81,0.117347
82,0.112896
83,0.108815
84,0.104729
85,0.100522
86,0.0961152
87,0.0918743
88,0.087807
89,0.0838302
90,0.0800032
91,0.0763379
92,0.0725607
93,0.0687
94,0.0649522
95,0.0614246
96,0.0581566
97,0.0549309
98,0.0518976
99,0.0488705
100,0.0457674
101,0.0428452
102,0.0401213
103,0.0378034
104,0.035499
105,0.0332768
106,0.0311817
107,0.0290053
108,0.0269227
109,0.0250448
110,0.0234445
111,0.0218288
112,0.0204001
113,0.0188725
114,0.0174914
115,0.0159253
116,0.0147444
117,0.0135459
118,0.0126209
119,0.0115944
120,0.0108763
121,0.00992344
122,0.00931229
123,0.00844417
124,0.00792779
125,0.00733859
126,0.00692669
127,0.00634404
128,0.00617685
129,0.00585501
130,0.00584467
131,0.00559533
132,0.00559746
133,0.00540306
134,0.00533684
135,0.00510978
136,0.0049706
137,0.00471701
138,0.0047222
139,0.00448285
140,0.00461285
141,0.00437131
142,0.00450596
143,0.00423027
144,0.00429909
145,0.00400019
146,0.00407585
147,0.00382948
148,0.00397116
149,0.00352142
150,0.00355422
151,0.00316292
152,0.0032237
153,0.0028798
154,0.00301318
155,0.00272957
156,0.00296415
157,0.00261758
158,0.0027637
159,0.00257535
160,0.00274358
161,0.00252119
162,0.00271138
163,0.00248694
164,0.00274593
165,0.00255115
166,0.00270014
167,0.00262617
168,0.00269143
169,0.00261714
170,0.00272446
171,0.00257385
172,0.0027816
173,0.00270108
174,0.00282339
175,0.00277962
176,0.00285949
177,0.00282457
178,0.00279372
179,0.00270191
180,0.00273458
181,0.00288152
182,0.00299736
183,0.00305752
184,0.00298968
185,0.00284053
186,0.00263586
187,0.00251817
188,0.00226946
189,0.002174
190,0.00194121
191,0.00192646
192,0.00174367
193,0.00183116
194,0.00164933
195,0.00179012
196,0.00167672
197,0.00185419
198,0.00176904
199,0.00197139
200,0.00190437
201,0.0022005
202,0.0021357
203,0.00239199
204,0.00236163
205,0.00255726
206,0.00246983
207,0.00271547
208,0.00262252
209,0.00284094
210,0.00268734
211,0.00289603
212,0.00274978
213,0.00292357
214,0.00280484
215,0.00296783
216,0.00284359
217,0.00304619
218,0.00299662
219,0.00319547
220,0.00316401
221,0.00339996
222,0.00332924
223,0.00357078
224,0.00360398
225,0.00377606
226,0.00384398
227,0.00401601
228,0.00408704
229,0.00415633
230,0.00395292
231,0.00377855
232,0.00348385
233,0.00335958
234,0.00303901
235,0.00297413
236,0.00281545
237,0.002774
238,0.00261544
239,0.00267056
240,0.00247096
241,0.00256325
242,0.00242351
243,0.00253339
244,0.00246709
245,0.00250522
246,0.00243046
247,0.00252599
248,0.00242234
249,0.00252414
250,0.00239838
251,0.00254744
252,0.00243607
253,0.0025209
254,0.00243977
255,0.00255138
256,0.00244521
257,0.00256678
258,0.00242465
259,0.00258644
260,0.00248518
261,0.00258763
262,0.00249983
263,0.00263398
264,0.00254863
265,0.00268428
266,0.00263831
267,0.00278923
268,0.0026982
269,0.00284568
270,0.00273357
271,0.00280416
272,0.00272358
273,0.00283671
274,0.00268042
275,0.00271781
276,0.00259225
277,0.00259263
278,0.00250974
279,0.00254268
280,0.00246396
281,0.00254907
282,0.00243627
283,0.00259453
284,0.00247304
285,0.00253886
286,0.00247694
287,0.00254433
288,0.00248433
289,0.00258886
290,0.0025224
291,0.00260284
292,0.0025603
293,0.00263524
294,0.0026055
295,0.00264729
296,0.00258699
297,0.0026636
298,0.00262526
299,0.00265676
300,0.00258262
301,0.00263546
302,0.00257891
303,0.0026107
304,0.00256945
305,0.00260198
306,0.0025305
307,0.00253681
308,0.00251252
309,0.00251848
310,0.00252699
311,0.00255854
312,0.00248762
313,0.00250047
314,0.00246894
315,0.00250162
316,0.00244003
317,0.00248325
318,0.00244089
319,0.00248767
320,0.00244792
321,0.00251065
322,0.00246309
323,0.00256312
324,0.00250811
325,0.00257914
326,0.00257814
327,0.00264449
328,0.00270368
329,0.00286781
330,0.00299125
331,0.00324521
332,0.00342732
333,0.00370565
334,0.004012
335,0.00427661
336,0.00446404
337,0.00452883
338,0.00433966
339,0.00413275
340,0.00396155
341,0.00374899
342,0.00364985
343,0.00349727
344,0.00336037
345,0.00328872
346,0.00315673
347,0.00313961
348,0.00303301
349,0.00306147
350,0.00297663
351,0.00301167
352,0.00294994
353,0.00299224
354,0.00294495
355,0.00301981
356,0.00292206
357,0.0029413
358,0.00286732
359,0.00288892
360,0.00292045
361,0.00290912
362,0.00302705
363,0.00303363
364,0.00307319
365,0.00317666
366,0.00321191
367,0.00328291
368,0.00340289
369,0.00349163
370,0.00367093
371,0.00387031
372,0.00403749
373,0.00424792
374,0.00448348
375,0.0046365
376,0.00471447
377,0.00463832
378,0.00448353
379,0.00421288
380,0.00400916
381,0.00381477
382,0.00364455
383,0.00343814
384,0.00323387
385,0.00303803
386,0.00288924
387,0.00269243
388,0.00261509
389,0.00250319
390,0.00240478
391,0.00236094
392,0.00236159
393,0.00236751
394,0.00250273
395,0.00267689
396,0.00287603
397,0.00317851
398,0.00341326
399,0.00375861
