2,-1.68227e-06
3,1.41208e-06
4,1.78422e-06
5,3.37041e-08
6,1.06146e-06
7,-3.65739e-07
8,4.74649e-06
9,7.6677e-07
10,-1.42888e-06
11,1.63732e-06
12,1.43732e-06
13,2.85717e-06
14,8.27765e-06
15,4.33026e-06
16,-2.52387e-05
17,-7.43815e-05
18,-5.30356e-05
19,5.89828e-05
20,5.06791e-05
21,0.0018621
22,0.00538282
23,0.00880314
24,0.0120244
25,0.014995
26,0.0176842
27,0.0201013
28,0.0222906
29,0.0242946
30,0.0261057
31,0.0277462
32,0.029251
33,0.0306302
34,0.0319259
35,0.0331475
36,0.034256
37,0.0353203
38,0.0363345
39,0.0372809
40,0.0381857
41,0.0390603
42,0.0398573
43,0.0406316
44,0.0413561
45,0.0420191
46,0.0426626
47,0.0432957
48,0.043849
49,0.0443904
50,0.04489
51,0.0453414
52,0.0457811
53,0.0462169
54,0.0465918
55,0.0469566
56,0.0472901
57,0.0475833
58,0.0478654
59,0.0481496
60,0.0484103
61,0.0486783
62,0.0489378
63,0.049208
64,0.0494872
65,0.0497804
66,0.050077
67,0.050408
68,0.0507494
69,0.0511058
70,0.0514851
71,0.0518885
72,0.0523028
73,0.0527214
74,0.0531406
75,0.0535538
76,0.0539391
77,0.0543243
78,0.054725
79,0.0551289
80,0.0555299
81,0.0559198
82,0.056302
83,0.056669
84,0.0570283
85,0.0574015
86,0.0577905
87,0.0581606
88,0.0585303
89,0.0588817
90,0.0592351
91,0.0595685
92,0.0599117
93,0.0602626
94,0.0606101
95,0.0609338
96,0.0612545
97,0.0615564
98,0.0618579
99,0.0621529
100,0.0624545
101,0.062748
102,0.0630182
103,0.0632767
104,0.0635178
105,0.0637645
106,0.0639972
107,0.0642366
108,0.0644691
109,0.0646905
110,0.0648889
111,0.0650809
112,0.0652717
113,0.0654604
114,0.0656471
115,0.0658337
116,0.0660075
117,0.066172
118,0.0663243
119,0.0664709
120,0.0666124
121,0.0667496
122,0.0668859
123,0.0670177
124,0.0671417
125,0.0672618
126,0.0673727
127,0.067484
128,0.0675917
129,0.0676829
130,0.067769
131,0.067856
132,0.0679399
133,0.0680193
134,0.068104
135,0.0681935
136,0.0682837
137,0.068372
138,0.0684557
139,0.0685345
140,0.0686058
141,0.0686853
142,0.0687553
143,0.0688364
144,0.0689127
145,0.0690003
146,0.0690734
147,0.0691512
148,0.0692248
149,0.0693093
150,0.0693953
151,0.069485
152,0.0695753
153,0.0696581
154,0.0697414
155,0.0698201
156,0.0698982
157,0.0699715
158,0.070039
159,0.0701157
160,0.0701862
161,0.0702656
162,0.0703423
163,0.0704172
164,0.0704968
165,0.0705672
166,0.0706379
167,0.0707101
168,0.0707763
169,0.0708445
170,0.0709101
171,0.0709766
172,0.0710495
173,0.0711149
174,0.0711911
175,0.0712526
176,0.0713232
177,0.0713826
178,0.0714443
179,0.0715076
180,0.0715668
181,0.0716328
182,0.0716917
183,0.0717516
184,0.071795
185,0.0718414
186,0.071873
187,0.0719156
188,0.0719488
189,0.0719875
190,0.072023
191,0.07206
192,0.0721004
193,0.0721377
194,0.0721802
195,0.0722147
196,0.0722567
197,0.0722941
198,0.0723349
199,0.0723698
200,0.0724118
201,0.0724505
202,0.0724872
203,0.0725272
204,0.0725719
205,0.0726171
206,0.0726573
207,0.0727031
208,0.072748
209,0.0727912
210,0.0728371
211,0.0728851
212,0.072936
213,0.0729876
214,0.0730334
215,0.0730818
216,0.0731224
217,0.073167
218,0.0732062
219,0.0732434
220,0.073286
221,0.0733221
222,0.073362
223,0.0733993
224,0.073437
225,0.0734714
226,0.073505
227,0.0735413
228,0.0735765
229,0.0736209
230,0.0736771
231,0.0737439
232,0.0738157
233,0.0738812
234,0.073951
235,0.0740167
236,0.0740734
237,0.0741386
238,0.0741882
239,0.0742508
240,0.0743005
241,0.0743588
242,0.0744142
243,0.0744617
244,0.0745113
245,0.0745568
246,0.0746016
247,0.0746451
248,0.0746896
249,0.0747318
250,0.0747785
251,0.0748227
252,0.0748692
253,0.0749151
254,0.0749536
255,0.0750002
256,0.0750383
257,0.0750769
258,0.0751155
259,0.0751554
260,0.0751947
261,0.0752295
262,0.0752686
263,0.0752985
264,0.0753343
265,0.0753633
266,0.0754034
267,0.0754245
268,0.0754665
269,0.0754966
270,0.0755387
271,0.0755786
272,0.0756207
273,0.0756603
274,0.0757109
275,0.0757582
276,0.0758094
277,0.0758625
278,0.0759098
279,0.0759613
280,0.0760072
281,0.0760581
282,0.0761041
283,0.0761512
284,0.0761965
285,0.076237
286,0.076278
287,0.0763224
288,0.076362
289,0.076409
290,0.0764526
291,0.0764967
292,0.0765357
293,0.0765809
294,0.0766202
295,0.0766571
296,0.0766971
297,0.0767359
298,0.0767714
299,0.0768105
300,0.0768425
301,0.0768768
302,0.0769104
303,0.0769468
304,0.0769774
305,0.0770115
306,0.0770439
307,0.0770732
308,0.0771167
309,0.0771458
310,0.0771876
311,0.0772193
312,0.0772512
313,0.0772825
314,0.0773136
315,0.0773406
316,0.0773743
317,0.0774067
318,0.0774479
319,0.0774855
320,0.0775237
321,0.0775614
322,0.0776049
323,0.0776474
324,0.0776859
325,0.0777294
326,0.0777662
327,0.0778141
328,0.0778602
329,0.077916
330,0.077971
331,0.0780355
332,0.0780953
333,0.0781549
334,0.0782149
335,0.0782769
336,0.0783289
337,0.0783639
338,0.0783829
339,0.0783972
340,0.078409
341,0.0784279
342,0.0784418
343,0.0784636
344,0.0784798
345,0.0785023
346,0.0785267
347,0.0785487
348,0.0785779
349,0.0786041
350,0.0786333
351,0.0786624
352,0.0786978
353,0.0787267
354,0.0787616
355,0.0787887
356,0.0788163
357,0.0788472
358,0.0788746
359,0.0789103
360,0.0789402
361,0.0789794
362,0.0790112
363,0.079054
364,0.0790914
365,0.0791282
366,0.0791697
367,0.0792069
368,0.0792493
369,0.0792961
370,0.0793388
371,0.0793906
372,0.0794403
373,0.07949
374,0.0795396
375,0.0795881
376,0.0796215
377,0.0796424
378,0.0796567
379,0.0796652
380,0.0796755
381,0.079683
382,0.0796959
383,0.0797006
384,0.0797144
385,0.0797158
386,0.0797273
387,0.0797277
388,0.0797404
389,0.079744
390,0.0797537
391,0.0797564
392,0.0797632
393,0.0797618
394,0.079763
395,0.0797544
396,0.0797504
397,0.079743
398,0.0797413
399,0.0797392
