2,1.0001
3,1.00002
4,1
5,1.00004
6,1.00002
7,1.00005
8,0.999932
9,1.00002
10,1.00006
11,0.999996
12,1
13,0.999969
14,0.999859
15,0.999938
16,1.00052
17,1.00148
18,1.00105
19,0.998879
20,0.999047
21,0.964552
22,0.898186
23,0.834538
24,0.775357
25,0.721486
26,0.673373
27,0.630724
28,0.592628
29,0.558222
30,0.527581
31,0.500242
32,0.475522
33,0.453201
34,0.432497
35,0.413218
36,0.396032
37,0.379704
38,0.364319
39,0.350179
40,0.33681
41,0.324013
42,0.312591
43,0.301587
44,0.291464
45,0.282415
46,0.273712
47,0.265198
48,0.258042
49,0.251095
50,0.244851
51,0.239411
52,0.234159
53,0.228976
54,0.224791
55,0.220768
56,0.217252
57,0.214383
58,0.211686
59,0.208941
60,0.206565
61,0.204054
62,0.201668
63,0.19909
64,0.196356
65,0.193385
66,0.190345
67,0.186743
68,0.182967
69,0.178944
70,0.174549
71,0.169764
72,0.164807
73,0.159779
74,0.154741
75,0.149802
76,0.145306
77,0.140807
78,0.136061
79,0.131267
80,0.126521
81,0.121948
82,0.117495
83,0.113276
84,0.109179
85,0.104856
86,0.1003
87,0.0960269
88,0.0917602
89,0.087773
90,0.0837664
91,0.0800548
92,0.0761967
93,0.0722092
94,0.0682882
95,0.0647243
96,0.0612084
97,0.0579696
98,0.0547376
99,0.0516083
100,0.0483706
101,0.0452647
102,0.0425071
103,0.0399273
104,0.0376064
105,0.0352149
106,0.0330113
107,0.0307202
108,0.0285066
109,0.0264901
110,0.0247726
111,0.0231897
112,0.0215603
113,0.0200278
114,0.0184539
115,0.0169437
116,0.0155491
117,0.0143723
118,0.0132772
119,0.0123586
120,0.0114204
121,0.010638
122,0.00974881
123,0.00906225
124,0.00833372
125,0.00783903
126,0.00727739
127,0.00689179
128,0.00634364
129,0.00628707
130,0.00598694
131,0.00597395
132,0.00570761
133,0.00578099
134,0.00546107
135,0.00542902
136,0.00502674
137,0.00500022
138,0.00470039
139,0.00478274
140,0.00455781
141,0.00467802
142,0.00443542
143,0.00452007
144,0.00421932
145,0.00425051
146,0.0039364
147,0.00408157
148,0.00374795
149,0.00382839
150,0.0033483
151,0.00348127
152,0.00291941
153,0.00317353
154,0.00272755
155,0.0029951
156,0.00261784
157,0.00292068
158,0.00248262
159,0.00285308
160,0.00241539
161,0.00278169
162,0.00238803
163,0.00275014
164,0.00242877
165,0.00277271
166,0.00245138
167,0.00281673
168,0.0024302
169,0.00276761
170,0.0024615
171,0.0027196
172,0.00253784
173,0.00277657
174,0.00266153
175,0.00284091
176,0.00274176
177,0.00282238
178,0.00263148
179,0.0026945
180,0.00279014
181,0.00290696
182,0.00309725
183,0.00307004
184,0.00306398
185,0.002845
186,0.0027171
187,0.00242036
188,0.00239785
189,0.00203132
190,0.00209735
191,0.00175408
192,0.00191785
193,0.00160634
194,0.00189984
195,0.00155417
196,0.00187838
197,0.0016284
198,0.00196933
199,0.00175611
200,0.00210849
201,0.00196761
202,0.00233754
203,0.00219381
204,0.00253024
205,0.00233667
206,0.00266381
207,0.00253687
208,0.00281427
209,0.00265848
210,0.0029041
211,0.00272763
212,0.00292338
213,0.00274701
214,0.0029812
215,0.00280876
216,0.00304279
217,0.00291108
218,0.00315171
219,0.00309957
220,0.00330266
221,0.00326763
222,0.00351689
223,0.00345217
224,0.00368798
225,0.00371877
226,0.00397842
227,0.00393881
228,0.0041888
229,0.00411234
230,0.00410422
231,0.0037573
232,0.0036112
233,0.00329573
234,0.00317262
235,0.00290343
236,0.00295
237,0.00263748
238,0.00277199
239,0.00251486
240,0.00265713
241,0.00247508
242,0.00256612
243,0.00241049
244,0.00254991
245,0.00239683
246,0.00257517
247,0.00239541
248,0.00253292
249,0.00242133
250,0.00253299
251,0.00239774
252,0.0025716
253,0.00241883
254,0.00258314
255,0.00241102
256,0.00256411
257,0.00245544
258,0.00257563
259,0.00246647
260,0.0025703
261,0.00248718
262,0.00263028
263,0.00253933
264,0.00267444
265,0.00261407
266,0.00269691
267,0.00270715
268,0.00279361
269,0.00275813
270,0.00284855
271,0.00274105
272,0.00279015
273,0.00275949
274,0.00276417
275,0.00266058
276,0.00267128
277,0.00255156
278,0.00257986
279,0.00247574
280,0.00256398
281,0.00247513
282,0.00251557
283,0.00250278
284,0.00255704
285,0.00247853
286,0.00253131
287,0.00250844
288,0.00253427
289,0.00249469
290,0.00257647
291,0.00257901
292,0.00261291
293,0.0025888
294,0.002682
295,0.00259569
296,0.0026737
297,0.00260362
298,0.00266732
299,0.00261269
300,0.00260822
301,0.00257633
302,0.00264151
303,0.00254844
304,0.00263576
305,0.00253698
306,0.00258322
307,0.00254453
308,0.00255029
309,0.00249432
310,0.00256553
311,0.00249652
312,0.00252546
313,0.00250156
314,0.00252711
315,0.0024569
316,0.00245018
317,0.00245318
318,0.00247579
319,0.00244825
320,0.00250709
321,0.00248916
322,0.00247521
323,0.00254237
324,0.0025522
325,0.00258487
326,0.00260087
327,0.00267302
328,0.00273349
329,0.00283098
330,0.0030327
331,0.00325739
332,0.00347781
333,0.00374609
334,0.00402186
335,0.0043144
336,0.0045015
337,0.00450537
338,0.00435934
339,0.00417032
340,0.00393324
341,0.00380673
342,0.00361805
343,0.00350296
344,0.00339286
345,0.003275
346,0.00321652
347,0.00309677
348,0.0030777
349,0.00304232
350,0.00299415
351,0.00299423
352,0.00303107
353,0.00297942
354,0.0030201
355,0.00299454
356,0.00293878
357,0.00294738
358,0.00288533
359,0.00293859
360,0.0029438
361,0.00296883
362,0.00298516
363,0.00308661
364,0.00311316
365,0.00318495
366,0.0032625
367,0.00331466
368,0.00340754
369,0.00357197
370,0.0036878
371,0.00389075
372,0.00410016
373,0.00430092
374,0.00449491
375,0.00469721
376,0.00473826
377,0.00462904
378,0.00444567
379,0.00422704
380,0.00403735
381,0.00380207
382,0.00363625
383,0.00340525
384,0.0032658
385,0.00301893
386,0.00290615
387,0.00267914
388,0.00262559
389,0.00249694
390,0.00237962
391,0.00236665
392,0.00234492
393,0.002382
394,0.00251765
395,0.0026794
396,0.00290697
397,0.00318259
398,0.00344708
399,0.00375054
