2,1.00013
3,1.00006
4,1.00006
5,1.0001
6,1.00003
7,1.00008
8,1.0001
9,1.00006
10,1.00006
11,0.999963
12,1.00002
13,1.00017
14,1.00008
15,1.00003
16,1.00048
17,1.0013
18,1.00285
19,1.00306
20,0.998242
21,0.956685
22,0.889294
23,0.835025
24,0.780259
25,0.722376
26,0.671324
27,0.62869
28,0.588538
29,0.5522
30,0.521806
31,0.49434
32,0.468947
33,0.446986
34,0.426744
35,0.407527
36,0.390451
37,0.374866
38,0.359886
39,0.346183
40,0.333828
41,0.321454
42,0.310416
43,0.300396
44,0.290681
45,0.281768
46,0.273938
47,0.265965
48,0.259299
49,0.253105
50,0.247069
51,0.241662
52,0.23714
53,0.232288
54,0.228203
55,0.224816
56,0.221491
57,0.218391
58,0.216179
59,0.213476
60,0.210855
61,0.208593
62,0.20603
63,0.203214
64,0.201159
65,0.198141
66,0.194743
67,0.191494
68,0.187707
69,0.183548
70,0.179352
71,0.174659
72,0.169722
73,0.164716
74,0.15972
75,0.154706
76,0.150018
77,0.145467
78,0.140615
79,0.135827
80,0.131038
81,0.126266
82,0.121719
83,0.117552
84,0.113294
85,0.108845
86,0.104386
87,0.0997921
88,0.0956179
89,0.0914043
90,0.0874225
91,0.0835018
92,0.0796209
93,0.0754887
94,0.0715606
95,0.0677996
96,0.0641932
97,0.0607842
98,0.0574529
99,0.0542394
100,0.0508516
101,0.047716
102,0.0447406
103,0.0420988
104,0.039606
105,0.0371588
106,0.0346996
107,0.0324023
108,0.0300838
109,0.0279713
110,0.026171
111,0.0243924
112,0.0227758
113,0.0211243
114,0.0195262
115,0.0178417
116,0.0164805
117,0.015145
118,0.0141171
119,0.0130442
120,0.0120884
121,0.011189
122,0.0103742
123,0.00953198
124,0.0088485
125,0.00823816
126,0.00770146
127,0.00712585
128,0.0068484
129,0.0064275
130,0.00627508
131,0.00609192
132,0.00601427
133,0.00584995
134,0.00577947
135,0.00539559
136,0.00531191
137,0.00503781
138,0.00493514
139,0.00472269
140,0.00481117
141,0.0045767
142,0.00469638
143,0.00447908
144,0.00435546
145,0.00410318
146,0.00414433
147,0.00391631
148,0.00403336
149,0.00369642
150,0.0036497
151,0.00323601
152,0.00332066
153,0.00293731
154,0.00303472
155,0.00275482
156,0.00291279
157,0.00259167
158,0.00286092
159,0.00258492
160,0.00271723
161,0.00250147
162,0.00276394
163,0.00245376
164,0.00274028
165,0.00255743
166,0.00275992
167,0.00256159
168,0.00273309
169,0.00259311
170,0.0027659
171,0.00251775
172,0.0028005
173,0.00260568
174,0.00292846
175,0.00276205
176,0.00279172
177,0.00264775
178,0.00271564
179,0.00274821
180,0.00283954
181,0.0031318
182,0.0030343
183,0.00335837
184,0.00309723
185,0.00310643
186,0.00273706
187,0.00273661
188,0.0023361
189,0.00240965
190,0.00196578
191,0.00212058
192,0.00173927
193,0.00195047
194,0.0016489
195,0.00189723
196,0.00166101
197,0.00194447
198,0.00170011
199,0.00209557
200,0.00180803
201,0.0022875
202,0.00205353
203,0.00245602
204,0.00226333
205,0.00269179
206,0.00240108
207,0.00280876
208,0.00257547
209,0.00295118
210,0.00273492
211,0.00300388
212,0.00278376
213,0.00299151
214,0.00275806
215,0.00312026
216,0.00287005
217,0.00318494
218,0.00297969
219,0.00339293
220,0.00315746
221,0.00356049
222,0.00336132
223,0.00372613
224,0.00358676
225,0.00395333
226,0.00386689
227,0.00419246
228,0.00413497
229,0.00431871
230,0.00403074
231,0.00399646
232,0.00351751
233,0.00351973
234,0.0030554
235,0.00316017
236,0.00280954
237,0.00292843
238,0.00256606
239,0.00286997
240,0.00240001
241,0.00274588
242,0.00238162
243,0.00269484
244,0.00231697
245,0.00265845
246,0.00231074
247,0.00269315
248,0.00228901
249,0.00271494
250,0.00231466
251,0.00268365
252,0.00232529
253,0.00268289
254,0.00232794
255,0.00272215
256,0.00230989
257,0.00270371
258,0.00238799
259,0.00272939
260,0.00238823
261,0.00279504
262,0.00237118
263,0.00282209
264,0.00251964
265,0.00286561
266,0.00254731
267,0.00296915
268,0.00259932
269,0.00304402
270,0.00271493
271,0.00303452
272,0.00270609
273,0.00296215
274,0.00258533
275,0.00299513
276,0.00252229
277,0.0028043
278,0.00243119
279,0.00276674
280,0.00234158
281,0.00280758
282,0.00235856
283,0.00272425
284,0.00242789
285,0.00273361
286,0.00235699
287,0.0027899
288,0.00235495
289,0.00275174
290,0.00244073
291,0.00278575
292,0.00245629
293,0.00283438
294,0.00247748
295,0.00284816
296,0.00248508
297,0.00281416
298,0.00250276
299,0.00284723
300,0.00247645
301,0.00282836
302,0.00248042
303,0.00277403
304,0.00246691
305,0.0027092
306,0.00244511
307,0.00273728
308,0.00237889
309,0.00270346
310,0.00242701
311,0.00270592
312,0.00243542
313,0.00267161
314,0.00235733
315,0.00267255
316,0.00235152
317,0.00263014
318,0.00238712
319,0.0026126
320,0.00237016
321,0.00270753
322,0.00239142
323,0.00270847
324,0.00245804
325,0.00275461
326,0.00255545
327,0.00283878
328,0.00264671
329,0.00299271
330,0.00298386
331,0.00340982
332,0.00344392
333,0.00387881
334,0.0039848
335,0.0044185
336,0.00451541
337,0.00464506
338,0.00428538
339,0.00431194
340,0.00392876
341,0.00388223
342,0.00359034
343,0.00359495
344,0.00334223
345,0.00336768
346,0.00319397
347,0.00321223
348,0.00301931
349,0.00317407
350,0.00296557
351,0.0031184
352,0.00298722
353,0.00311743
354,0.00296352
355,0.00309356
356,0.00295637
357,0.00303526
358,0.00291163
359,0.00302303
360,0.00293717
361,0.00309059
362,0.0030117
363,0.00316017
364,0.00316248
365,0.00328935
366,0.00327074
367,0.00342006
368,0.00343927
369,0.00363405
370,0.00377337
371,0.00401423
372,0.00408786
373,0.00444458
374,0.00455001
375,0.00473336
376,0.00477089
377,0.00468324
378,0.00447005
379,0.00431235
380,0.00401758
381,0.00386264
382,0.00364171
383,0.00345387
384,0.00324913
385,0.00309277
386,0.00286007
387,0.00274668
388,0.00256995
389,0.00256706
390,0.00239539
391,0.00238868
392,0.00241491
393,0.00242209
394,0.00250211
395,0.00273553
396,0.00291907
397,0.00320179
398,0.00347673
399,0.00378929
