2,6.67453e-06
3,2.07601e-05
4,2.00661e-05
5,1.14424e-05
6,2.19533e-05
7,2.12386e-05
8,1.8599e-05
9,2.6095e-05
10,5.44877e-05
11,3.79161e-05
12,3.69998e-05
13,5.94567e-05
14,5.65387e-05
15,4.44796e-05
16,-4.32647e-05
17,-0.000130888
18,-0.000322329
19,-0.000473804
20,0.000105815
21,0.00228378
22,0.0056648
23,0.00822348
24,0.0107139
25,0.0134477
26,0.0161724
27,0.0188657
28,0.0214397
29,0.0238352
30,0.0259886
31,0.0278603
32,0.0295099
33,0.0309954
34,0.0323597
35,0.0336016
36,0.0347124
37,0.0357703
38,0.0367536
39,0.0376646
40,0.0385138
41,0.0393105
42,0.0400653
43,0.0407981
44,0.04145
45,0.0420697
46,0.0426575
47,0.0432258
48,0.0437368
49,0.0442078
50,0.0446598
51,0.0450766
52,0.0454596
53,0.0458384
54,0.0461873
55,0.0465145
56,0.0468252
57,0.0471172
58,0.0473781
59,0.0476337
60,0.0479082
61,0.048164
62,0.0484183
63,0.0486977
64,0.0489495
65,0.0492471
66,0.0495426
67,0.0498453
68,0.0501946
69,0.0505414
70,0.0508975
71,0.0512898
72,0.0517004
73,0.0521183
74,0.0525384
75,0.0529583
76,0.0533584
77,0.0537575
78,0.0541632
79,0.0545724
80,0.0549818
81,0.055382
82,0.0557749
83,0.0561532
84,0.0565213
85,0.0569006
86,0.057294
87,0.0576809
88,0.0580551
89,0.058427
90,0.0587817
91,0.0591309
92,0.059488
93,0.0598458
94,0.0602022
95,0.0605432
96,0.0608737
97,0.0611997
98,0.0615103
99,0.0618222
100,0.0621306
101,0.0624364
102,0.0627264
103,0.0629973
104,0.0632612
105,0.0635153
106,0.0637652
107,0.0640187
108,0.064263
109,0.0644925
110,0.0647104
111,0.0649142
112,0.0651191
113,0.0653114
114,0.0655136
115,0.0657012
116,0.0658883
117,0.0660593
118,0.0662234
119,0.0663737
120,0.0665254
121,0.0666693
122,0.0668075
123,0.0669505
124,0.0670776
125,0.0672022
126,0.0673187
127,0.0674375
128,0.0675464
129,0.0676486
130,0.0677393
131,0.0678279
132,0.0679116
133,0.0679964
134,0.0680837
135,0.0681715
136,0.0682629
137,0.0683516
138,0.0684401
139,0.0685181
140,0.0685984
141,0.0686691
142,0.0687505
143,0.0688247
144,0.0689091
145,0.0689858
146,0.0690683
147,0.0691421
148,0.0692161
149,0.0693027
150,0.0693867
151,0.0694769
152,0.0695637
153,0.0696507
154,0.069731
155,0.0698139
156,0.0698874
157,0.0699655
158,0.0700317
159,0.0701122
160,0.0701796
161,0.0702607
162,0.0703397
163,0.0704136
164,0.0704924
165,0.0705641
166,0.0706349
167,0.0707056
168,0.0707731
169,0.0708415
170,0.0709042
171,0.0709742
172,0.0710421
173,0.0711152
174,0.0711853
175,0.0712532
176,0.0713194
177,0.0713806
178,0.0714457
179,0.0715094
180,0.0715664
181,0.071635
182,0.0716963
183,0.0717537
184,0.0717992
185,0.0718414
186,0.0718804
187,0.0719188
188,0.0719548
189,0.0719882
190,0.0720246
191,0.0720644
192,0.0721031
193,0.0721406
194,0.0721831
195,0.0722182
196,0.0722577
197,0.0722967
198,0.0723335
199,0.0723715
200,0.0724104
201,0.072448
202,0.0724877
203,0.072527
204,0.0725682
205,0.0726117
206,0.0726606
207,0.0726984
208,0.0727426
209,0.072786
210,0.0728302
211,0.0728787
212,0.0729291
213,0.0729757
214,0.0730291
215,0.0730697
216,0.0731149
217,0.0731564
218,0.0731986
219,0.0732353
220,0.073278
221,0.0733118
222,0.0733585
223,0.0733879
224,0.0734335
225,0.0734611
226,0.0734994
227,0.0735292
228,0.0735734
229,0.0736108
230,0.0736697
231,0.0737377
232,0.0738053
233,0.0738747
234,0.0739381
235,0.0740091
236,0.0740674
237,0.0741286
238,0.0741836
239,0.0742455
240,0.0742979
241,0.0743562
242,0.0744139
243,0.0744598
244,0.0745123
245,0.0745574
246,0.0745997
247,0.0746468
248,0.0746858
249,0.0747336
250,0.0747769
251,0.0748223
252,0.0748686
253,0.0749128
254,0.0749552
255,0.0749982
256,0.0750377
257,0.0750756
258,0.0751141
259,0.0751547
260,0.0751931
261,0.0752273
262,0.0752639
263,0.0752969
264,0.07533
265,0.0753612
266,0.0753929
267,0.0754282
268,0.0754577
269,0.0754982
270,0.075532
271,0.0755753
272,0.0756125
273,0.0756609
274,0.0756984
275,0.0757537
276,0.0758021
277,0.0758557
278,0.0759032
279,0.0759576
280,0.0760028
281,0.0760544
282,0.0761002
283,0.0761499
284,0.0761941
285,0.0762336
286,0.0762765
287,0.0763201
288,0.0763635
289,0.0764076
290,0.0764526
291,0.0764938
292,0.0765393
293,0.0765804
294,0.0766204
295,0.0766604
296,0.076696
297,0.0767372
298,0.0767732
299,0.0768114
300,0.0768497
301,0.0768812
302,0.0769145
303,0.0769522
304,0.0769818
305,0.0770167
306,0.0770502
307,0.0770808
308,0.0771173
309,0.0771521
310,0.0771883
311,0.0772207
312,0.0772568
313,0.0772841
314,0.0773168
315,0.0773451
316,0.0773747
317,0.0774106
318,0.07745
319,0.0774853
320,0.0775263
321,0.0775638
322,0.0776033
323,0.0776476
324,0.0776872
325,0.0777242
326,0.0777696
327,0.0778107
328,0.0778646
329,0.0779156
330,0.0779752
331,0.078036
332,0.0780931
333,0.0781593
334,0.0782175
335,0.078282
336,0.0783297
337,0.0783692
338,0.0783871
339,0.0784029
340,0.0784167
341,0.078431
342,0.0784472
343,0.0784645
344,0.0784842
345,0.0785054
346,0.0785298
347,0.0785519
348,0.0785825
349,0.0786085
350,0.0786376
351,0.0786712
352,0.0787043
353,0.0787327
354,0.0787686
355,0.0787971
356,0.0788223
357,0.0788552
358,0.0788836
359,0.0789157
360,0.0789552
361,0.0789883
362,0.0790249
363,0.0790608
364,0.0791046
365,0.0791392
366,0.0791772
367,0.0792176
368,0.0792589
369,0.0793061
370,0.0793495
371,0.0794001
372,0.0794519
373,0.0794983
374,0.0795499
375,0.0795921
376,0.0796273
377,0.079645
378,0.0796621
379,0.0796691
380,0.0796802
381,0.0796877
382,0.0796955
383,0.0797063
384,0.0797097
385,0.0797143
386,0.0797223
387,0.079724
388,0.0797336
389,0.0797383
390,0.079743
391,0.0797538
392,0.0797491
393,0.0797613
394,0.0797532
395,0.0797524
396,0.0797494
397,0.079743
398,0.0797403
399,0.0797395
