2,-2.85116e-06
3,-4.81537e-06
4,6.0297e-07
5,1.09211e-06
6,-1.69442e-06
7,-2.96085e-06
8,9.1131e-07
9,-2.12877e-06
10,-1.87958e-07
11,-5.8535e-06
12,-6.54955e-06
13,-5.20983e-06
14,1.86076e-06
15,2.58721e-06
16,6.01755e-06
17,-4.86842e-06
18,-1.63724e-05
19,-7.48242e-05
20,3.04008e-05
21,0.00188968
22,0.00531608
23,0.00855541
24,0.0116699
25,0.0146241
26,0.0173472
27,0.0198169
28,0.0220971
29,0.0242337
30,0.0261725
31,0.0279254
32,0.029552
33,0.0310314
34,0.0324141
35,0.033678
36,0.0348319
37,0.03589
38,0.0368788
39,0.0377801
40,0.0386302
41,0.0394176
42,0.0401528
43,0.0408536
44,0.0415053
45,0.0421095
46,0.0426653
47,0.0431992
48,0.0436831
49,0.0441411
50,0.0445727
51,0.0449407
52,0.0453096
53,0.045662
54,0.045988
55,0.0463037
56,0.046603
57,0.0468683
58,0.0471266
59,0.047371
60,0.0476325
61,0.0478784
62,0.0481363
63,0.0484126
64,0.0486768
65,0.0489569
66,0.0492502
67,0.0495561
68,0.0498849
69,0.0502271
70,0.0505852
71,0.0509715
72,0.051373
73,0.051782
74,0.052214
75,0.0526273
76,0.0530408
77,0.0534322
78,0.0538412
79,0.0542555
80,0.05467
81,0.0550788
82,0.0554826
83,0.0558649
84,0.0562393
85,0.0566172
86,0.0570188
87,0.0574124
88,0.0577986
89,0.0581755
90,0.0585424
91,0.0588964
92,0.0592495
93,0.0596172
94,0.0599817
95,0.0603338
96,0.0606683
97,0.0610056
98,0.0613226
99,0.0616417
100,0.0619557
101,0.0622752
102,0.0625674
103,0.0628541
104,0.0631166
105,0.0633844
106,0.0636418
107,0.0638992
108,0.0641566
109,0.0643926
110,0.0646166
111,0.0648282
112,0.0650314
113,0.0652364
114,0.0654344
115,0.0656339
116,0.0658266
117,0.0660033
118,0.0661707
119,0.0663248
120,0.0664803
121,0.066619
122,0.0667686
123,0.0669088
124,0.0670433
125,0.0671689
126,0.0672908
127,0.0674104
128,0.0675202
129,0.0676249
130,0.0677175
131,0.0678086
132,0.0678945
133,0.0679813
134,0.0680682
135,0.0681565
136,0.0682536
137,0.0683388
138,0.0684328
139,0.0685049
140,0.0685923
141,0.0686619
142,0.0687398
143,0.0688188
144,0.0688982
145,0.0689862
146,0.0690652
147,0.0691399
148,0.0692125
149,0.0692963
150,0.0693822
151,0.0694732
152,0.0695626
153,0.0696464
154,0.0697326
155,0.069811
156,0.0698912
157,0.0699614
158,0.0700342
159,0.0701054
160,0.0701839
161,0.0702555
162,0.0703418
163,0.0704124
164,0.0704943
165,0.0705646
166,0.0706364
167,0.070705
168,0.0707732
169,0.070838
170,0.0709077
171,0.070971
172,0.0710439
173,0.0711151
174,0.0711832
175,0.0712577
176,0.0713196
177,0.0713838
178,0.0714475
179,0.0715062
180,0.0715724
181,0.0716318
182,0.071698
183,0.0717515
184,0.071799
185,0.0718443
186,0.0718794
187,0.0719192
188,0.0719541
189,0.0719874
190,0.0720242
191,0.0720633
192,0.0721005
193,0.0721427
194,0.0721799
195,0.0722193
196,0.0722578
197,0.0722931
198,0.072333
199,0.0723702
200,0.0724084
201,0.0724482
202,0.0724847
203,0.0725268
204,0.0725692
205,0.0726108
206,0.0726554
207,0.0726985
208,0.0727401
209,0.0727821
210,0.0728271
211,0.0728777
212,0.0729243
213,0.0729769
214,0.0730231
215,0.073068
216,0.0731137
217,0.0731567
218,0.0731938
219,0.0732352
220,0.0732704
221,0.0733153
222,0.0733498
223,0.0733938
224,0.0734265
225,0.0734622
226,0.0734948
227,0.0735325
228,0.0735679
229,0.0736088
230,0.0736629
231,0.0737315
232,0.0738025
233,0.0738682
234,0.0739377
235,0.0740042
236,0.0740631
237,0.0741232
238,0.0741816
239,0.0742384
240,0.0742981
241,0.0743527
242,0.0744118
243,0.0744554
244,0.0745104
245,0.0745543
246,0.0746028
247,0.0746383
248,0.0746851
249,0.0747281
250,0.0747748
251,0.0748189
252,0.07487
253,0.0749106
254,0.0749543
255,0.0749941
256,0.0750376
257,0.0750706
258,0.0751132
259,0.0751511
260,0.0751901
261,0.0752283
262,0.0752597
263,0.0752954
264,0.0753302
265,0.0753611
266,0.0753937
267,0.0754252
268,0.07546
269,0.0754943
270,0.075535
271,0.0755749
272,0.0756106
273,0.0756576
274,0.0757007
275,0.0757534
276,0.0757993
277,0.0758535
278,0.075904
279,0.0759543
280,0.0760027
281,0.0760546
282,0.0761003
283,0.0761479
284,0.0761947
285,0.0762339
286,0.0762788
287,0.0763165
288,0.076364
289,0.0764084
290,0.0764525
291,0.076497
292,0.0765386
293,0.0765827
294,0.0766207
295,0.0766613
296,0.0766969
297,0.0767372
298,0.0767693
299,0.0768154
300,0.0768451
301,0.0768827
302,0.076916
303,0.0769527
304,0.0769829
305,0.0770187
306,0.0770449
307,0.0770834
308,0.077117
309,0.0771559
310,0.0771863
311,0.0772248
312,0.0772561
313,0.0772873
314,0.0773147
315,0.0773451
316,0.0773749
317,0.0774145
318,0.077448
319,0.0774887
320,0.0775278
321,0.0775642
322,0.0776061
323,0.0776474
324,0.0776885
325,0.0777325
326,0.0777657
327,0.0778147
328,0.0778639
329,0.0779146
330,0.0779799
331,0.0780333
332,0.0781008
333,0.0781614
334,0.0782222
335,0.0782802
336,0.0783361
337,0.0783683
338,0.0783847
339,0.0783999
340,0.0784147
341,0.0784336
342,0.0784505
343,0.0784657
344,0.0784863
345,0.0785067
346,0.0785299
347,0.0785525
348,0.0785829
349,0.0786085
350,0.0786401
351,0.0786714
352,0.0787069
353,0.0787409
354,0.0787685
355,0.0787991
356,0.0788281
357,0.078857
358,0.0788858
359,0.0789183
360,0.0789549
361,0.0789895
362,0.0790314
363,0.0790625
364,0.0791069
365,0.0791439
366,0.0791808
367,0.079219
368,0.0792648
369,0.079305
370,0.0793573
371,0.0794044
372,0.0794582
373,0.0795038
374,0.079553
375,0.079595
376,0.0796272
377,0.0796498
378,0.0796586
379,0.0796703
380,0.0796779
381,0.0796892
382,0.0796974
383,0.0797022
384,0.079712
385,0.0797162
386,0.0797177
387,0.079723
388,0.0797318
389,0.0797365
390,0.079739
391,0.0797506
392,0.0797512
393,0.0797563
394,0.079757
395,0.0797498
396,0.0797476
397,0.0797404
398,0.0797372
399,0.0797363
