2,1.00014
3,1.00017
4,1.00003
5,1.00002
6,1.00008
7,1.00011
8,1.00002
9,1.00008
10,1.00004
11,1.00015
12,1.00016
13,1.00013
14,0.999988
15,0.999973
16,0.999905
17,1.00012
18,1.00034
19,1.00147
20,0.999432
21,0.964031
22,0.899452
23,0.839198
24,0.781983
25,0.728378
26,0.679597
27,0.63595
28,0.59616
29,0.559329
30,0.526372
31,0.497013
32,0.470124
33,0.44604
34,0.423816
35,0.403828
36,0.385873
37,0.369695
38,0.354788
39,0.341471
40,0.329083
41,0.317822
42,0.307487
43,0.297774
44,0.288906
45,0.280876
46,0.273663
47,0.266841
48,0.260849
49,0.255301
50,0.250181
51,0.246131
52,0.242038
53,0.23823
54,0.234829
55,0.231604
56,0.228617
57,0.226193
58,0.22385
59,0.221737
60,0.21931
61,0.217138
62,0.214737
63,0.21204
64,0.209508
65,0.20673
66,0.203706
67,0.20049
68,0.196879
69,0.193067
70,0.188967
71,0.184438
72,0.179644
73,0.17475
74,0.169466
75,0.164507
76,0.159522
77,0.154913
78,0.149996
79,0.145028
80,0.14003
81,0.135145
82,0.130317
83,0.125849
84,0.121478
85,0.11708
86,0.112287
87,0.107649
88,0.103096
89,0.0987111
90,0.0944598
91,0.0904301
92,0.0863946
93,0.0821476
94,0.0779339
95,0.0739272
96,0.0701798
97,0.0663957
98,0.0629174
99,0.0594032
100,0.0559767
101,0.0524523
102,0.0493699
103,0.0463317
104,0.0437034
105,0.0409405
106,0.0383988
107,0.0357802
108,0.0332394
109,0.0309217
110,0.0288903
111,0.0269211
112,0.0251988
113,0.0233097
114,0.0216725
115,0.0198414
116,0.0183018
117,0.0167821
118,0.015621
119,0.0144068
120,0.0134497
121,0.0124367
122,0.0115566
123,0.0105049
124,0.00988705
125,0.00899286
126,0.00856697
127,0.00774866
128,0.00751683
129,0.0068686
130,0.0068703
131,0.00638784
132,0.00650318
133,0.00605846
134,0.00613282
135,0.00566709
136,0.00565271
137,0.00516498
138,0.00521125
139,0.00486698
140,0.00499369
141,0.00464263
142,0.00488398
143,0.0044471
144,0.00463666
145,0.00406979
146,0.00431671
147,0.00384136
148,0.00417528
149,0.0036168
150,0.0038216
151,0.00312748
152,0.00338371
153,0.00284034
154,0.0031178
155,0.00255187
156,0.00302754
157,0.00240875
158,0.00286522
159,0.0023738
160,0.0027817
161,0.00222583
162,0.00272777
163,0.00223731
164,0.00272358
165,0.00229098
166,0.00272659
167,0.0023104
168,0.00269798
169,0.00229242
170,0.00267042
171,0.00227719
172,0.00266173
173,0.00241493
174,0.00272121
175,0.00259266
176,0.00266156
177,0.00257
178,0.00265624
179,0.00286209
180,0.00288761
181,0.00314554
182,0.00312286
183,0.00330714
184,0.00302083
185,0.00316133
186,0.00269792
187,0.00278805
188,0.00235838
189,0.00241713
190,0.00197173
191,0.0022421
192,0.00174023
193,0.00210787
194,0.00165754
195,0.00204342
196,0.00166976
197,0.00204563
198,0.0017013
199,0.00215056
200,0.00180634
201,0.00230116
202,0.00204906
203,0.00245207
204,0.00225172
205,0.00263815
206,0.00237922
207,0.00280405
208,0.00256399
209,0.00296493
210,0.00273713
211,0.00299732
212,0.00276547
213,0.00305719
214,0.00277987
215,0.00312699
216,0.00287384
217,0.00320634
218,0.00303518
219,0.00339329
220,0.00325616
221,0.00354258
222,0.00343098
223,0.003712
224,0.00361034
225,0.00397992
226,0.00391143
227,0.00421883
228,0.00413299
229,0.00439403
230,0.00409638
231,0.00404146
232,0.00355856
233,0.00360577
234,0.0031031
235,0.00319071
236,0.00281929
237,0.00298329
238,0.0026096
239,0.00282161
240,0.00245903
241,0.0026981
242,0.002354
243,0.00265739
244,0.00234595
245,0.00263481
246,0.00236616
247,0.00263176
248,0.00232483
249,0.00263717
250,0.00233392
251,0.00261442
252,0.00238161
253,0.00263196
254,0.00237539
255,0.0026354
256,0.00237272
257,0.00264384
258,0.00236643
259,0.00267069
260,0.00242595
261,0.00265424
262,0.00247906
263,0.00273841
264,0.00253162
265,0.0028215
266,0.0025804
267,0.00287964
268,0.0026686
269,0.00292676
270,0.00271687
271,0.00291913
272,0.0027488
273,0.00292219
274,0.00266413
275,0.0028293
276,0.00255261
277,0.00271864
278,0.00246406
279,0.00265561
280,0.00239731
281,0.00262244
282,0.00239854
283,0.0026305
284,0.00240917
285,0.00259775
286,0.00245396
287,0.00260785
288,0.00244188
289,0.00264255
290,0.00247379
291,0.00270156
292,0.00253685
293,0.00273245
294,0.00257755
295,0.00272056
296,0.00258653
297,0.00270594
298,0.00254821
299,0.00276578
300,0.00255703
301,0.00271638
302,0.00256969
303,0.00267152
304,0.00254976
305,0.00264885
306,0.00251036
307,0.00261367
308,0.00247372
309,0.00262307
310,0.00246871
311,0.00260558
312,0.00251559
313,0.00258157
314,0.0024249
315,0.00254589
316,0.00241067
317,0.00255952
318,0.00241685
319,0.00250567
320,0.00243063
321,0.00256307
322,0.00245146
323,0.002595
324,0.00249967
325,0.00266825
326,0.00254765
327,0.00271142
328,0.00269284
329,0.0028963
330,0.00304655
331,0.0032915
332,0.00350722
333,0.00384506
334,0.00406435
335,0.0043696
336,0.00456422
337,0.00459146
338,0.00436553
339,0.00421995
340,0.00398951
341,0.0038895
342,0.00368857
343,0.00355576
344,0.00342116
345,0.00334353
346,0.0032146
347,0.00314976
348,0.0031092
349,0.00311369
350,0.0030448
351,0.00308755
352,0.00308496
353,0.00312005
354,0.00306944
355,0.00308915
356,0.00302045
357,0.00303859
358,0.00298883
359,0.0030343
360,0.00303348
361,0.00307725
362,0.00314038
363,0.00316245
364,0.00325725
365,0.00334901
366,0.00336016
367,0.00345504
368,0.00356027
369,0.00367744
370,0.00387752
371,0.00405209
372,0.00428437
373,0.00446398
374,0.00464297
375,0.00478383
376,0.00479052
377,0.00472052
378,0.00448748
379,0.00428565
380,0.00404513
381,0.00387483
382,0.00364287
383,0.00342972
384,0.00325309
385,0.00304683
386,0.00285829
387,0.00265782
388,0.00256702
389,0.00247116
390,0.00236636
391,0.00237014
392,0.00238007
393,0.00242289
394,0.00253423
395,0.00272504
396,0.0029384
397,0.00323228
398,0.00348117
399,0.00378918
