2,1.00021
3,1.00035
4,1.00035
5,1.00034
6,1.00042
7,1.0004
8,1.00051
9,1.00066
10,1.00067
11,1.00072
12,1.00115
13,1.00114
14,1.00126
15,1.00142
16,1.00149
17,1.00308
18,1.00501
19,1.00728
20,0.99824
21,0.956329
22,0.892454
23,0.841368
24,0.79023
25,0.73554
26,0.683661
27,0.637248
28,0.595562
29,0.55721
30,0.523873
31,0.494549
32,0.4674
33,0.44342
34,0.422116
35,0.401995
36,0.384474
37,0.368631
38,0.353429
39,0.340012
40,0.327884
41,0.316515
42,0.306131
43,0.297009
44,0.288129
45,0.280574
46,0.273598
47,0.267112
48,0.261563
49,0.25666
50,0.25167
51,0.247572
52,0.243977
53,0.240584
54,0.23711
55,0.2345
56,0.231802
57,0.229382
58,0.227319
59,0.225257
60,0.222745
61,0.220861
62,0.21856
63,0.21593
64,0.2136
65,0.21103
66,0.207837
67,0.204736
68,0.201008
69,0.19718
70,0.19314
71,0.188763
72,0.184071
73,0.179166
74,0.174049
75,0.168863
76,0.163959
77,0.159234
78,0.154214
79,0.149264
80,0.144251
81,0.139231
82,0.134376
83,0.129788
84,0.125247
85,0.120799
86,0.116128
87,0.111236
88,0.106662
89,0.102181
90,0.0978119
91,0.0937087
92,0.0895958
93,0.0851994
94,0.0810068
95,0.0769036
96,0.072981
97,0.0691897
98,0.0655344
99,0.0619187
100,0.0583534
101,0.054942
102,0.0515246
103,0.0485107
104,0.04564
105,0.0428305
106,0.0402004
107,0.0374905
108,0.0348619
109,0.0324269
110,0.0302844
111,0.0282643
112,0.0263217
113,0.0244444
114,0.0226283
115,0.0208925
116,0.0192262
117,0.0176624
118,0.016336
119,0.0151991
120,0.0141152
121,0.0130396
122,0.0120364
123,0.0111272
124,0.0101813
125,0.00958932
126,0.00880736
127,0.00822246
128,0.007675
129,0.00727169
130,0.00688053
131,0.00680808
132,0.00644519
133,0.00640214
134,0.00608191
135,0.00600889
136,0.00553931
137,0.00548093
138,0.00509683
139,0.00512313
140,0.00488115
141,0.00495709
142,0.00461653
143,0.00477457
144,0.00439437
145,0.00440723
146,0.00407175
147,0.00421237
148,0.00387965
149,0.00394763
150,0.00352862
151,0.00352811
152,0.00306929
153,0.00325525
154,0.00275322
155,0.00299841
156,0.00257981
157,0.00288516
158,0.00248238
159,0.00275748
160,0.00233969
161,0.00276995
162,0.00229923
163,0.00262295
164,0.00237599
165,0.0026556
166,0.00232409
167,0.00277765
168,0.00238843
169,0.00264835
170,0.00240912
171,0.0026466
172,0.00246401
173,0.00266816
174,0.00255462
175,0.00273805
176,0.00252481
177,0.00268187
178,0.00277618
179,0.00278996
180,0.00309454
181,0.00312513
182,0.00339147
183,0.00325598
184,0.00336876
185,0.00302587
186,0.00304086
187,0.00270826
188,0.00266979
189,0.00226739
190,0.00240611
191,0.00198136
192,0.00221133
193,0.00182182
194,0.00211348
195,0.00171388
196,0.00212314
197,0.00165837
198,0.00210336
199,0.00179947
200,0.00223017
201,0.00192308
202,0.00236499
203,0.00219838
204,0.00259459
205,0.00231684
206,0.00275644
207,0.00257409
208,0.00289052
209,0.0027326
210,0.00309201
211,0.00278588
212,0.00312525
213,0.00284087
214,0.00311595
215,0.0029251
216,0.00321302
217,0.00305583
218,0.00337916
219,0.00323002
220,0.00352293
221,0.00338907
222,0.00371744
223,0.003581
224,0.00395117
225,0.00379017
226,0.00417913
227,0.00411618
228,0.00443609
229,0.00422065
230,0.00435385
231,0.00385016
232,0.00389087
233,0.00336301
234,0.00345921
235,0.00296494
236,0.00315991
237,0.00270208
238,0.00294836
239,0.00253063
240,0.00279417
241,0.00239625
242,0.00273527
243,0.0023176
244,0.00271302
245,0.00232828
246,0.00266993
247,0.00235441
248,0.00269212
249,0.00230537
250,0.00270489
251,0.00234309
252,0.0027114
253,0.0023402
254,0.00267868
255,0.00234764
256,0.00271198
257,0.00235934
258,0.00271703
259,0.00238643
260,0.00272844
261,0.00243231
262,0.002773
263,0.00249281
264,0.00285474
265,0.00250909
266,0.00289159
267,0.00268972
268,0.00295774
269,0.00273868
270,0.00306191
271,0.00268707
272,0.00304323
273,0.00272716
274,0.00292398
275,0.00265843
276,0.00287349
277,0.00249795
278,0.00282494
279,0.00242391
280,0.00268228
281,0.00243748
282,0.0026702
283,0.00237208
284,0.00274745
285,0.00238687
286,0.00273113
287,0.00245498
288,0.00268393
289,0.002448
290,0.00275191
291,0.00250643
292,0.00279313
293,0.0025528
294,0.0027989
295,0.00255252
296,0.00280127
297,0.00253196
298,0.00280926
299,0.00258232
300,0.00276417
301,0.00257291
302,0.0027834
303,0.00252047
304,0.00280212
305,0.00245703
306,0.0027368
307,0.00246257
308,0.00264307
309,0.00247891
310,0.00272811
311,0.00241385
312,0.00271927
313,0.00242405
314,0.00266312
315,0.0024297
316,0.00260057
317,0.00236227
318,0.00264116
319,0.00235368
320,0.00264194
321,0.00244439
322,0.00260878
323,0.00249886
324,0.0027257
325,0.00247475
326,0.00277031
327,0.00260008
328,0.00286097
329,0.00280644
330,0.00318034
331,0.00323841
332,0.00364438
333,0.00378467
334,0.0042239
335,0.00430178
336,0.0046279
337,0.00451463
338,0.00451797
339,0.0041644
340,0.0041463
341,0.0037993
342,0.00374858
343,0.00353815
344,0.00352196
345,0.00327032
346,0.00334224
347,0.00315444
348,0.00318495
349,0.0030972
350,0.00317955
351,0.00305608
352,0.0032298
353,0.00310551
354,0.00319877
355,0.00308473
356,0.00314305
357,0.00303112
358,0.00313354
359,0.00302573
360,0.00312835
361,0.00309021
362,0.00326281
363,0.00320357
364,0.00337896
365,0.00332196
366,0.00347383
367,0.00351829
368,0.00359326
369,0.0037358
370,0.00394079
371,0.00409328
372,0.00435264
373,0.00452731
374,0.00476461
375,0.00480902
376,0.00488248
377,0.00468548
378,0.00462438
379,0.00427412
380,0.00410148
381,0.00390804
382,0.00369383
383,0.00342558
384,0.00327099
385,0.00302632
386,0.00288207
387,0.00268336
388,0.00256907
389,0.00249418
390,0.00241968
391,0.00237568
392,0.00247543
393,0.00242166
394,0.0025983
395,0.00275045
396,0.00297805
397,0.00324081
398,0.00350785
399,0.00383656
