2,-5.76547e-06
3,-1.16584e-05
4,-1.25569e-05
5,-1.28387e-05
6,-1.65384e-05
7,-1.62385e-05
8,-2.15185e-05
9,-2.8953e-05
10,-2.98874e-05
11,-3.24887e-05
12,-5.43175e-05
13,-5.37428e-05
14,-6.10719e-05
15,-6.87534e-05
16,-7.32815e-05
17,-0.000153166
18,-0.000252771
19,-0.000369591
20,9.5923e-05
21,0.00229729
22,0.00568834
23,0.00844222
24,0.0112304
25,0.0142409
26,0.0171298
27,0.0197483
28,0.022132
29,0.0243522
30,0.0263122
31,0.0280637
32,0.0297051
33,0.0311791
34,0.0325108
35,0.0337821
36,0.0349122
37,0.035951
38,0.0369574
39,0.0378646
40,0.0386997
41,0.0394937
42,0.0402317
43,0.0408976
44,0.0415507
45,0.0421263
46,0.0426687
47,0.0431821
48,0.0436405
49,0.04406
50,0.0444841
51,0.044855
52,0.0451941
53,0.0455212
54,0.0458516
55,0.0461287
56,0.0464111
57,0.0466749
58,0.0469158
59,0.0471561
60,0.0474223
61,0.0476497
62,0.0479015
63,0.0481729
64,0.0484246
65,0.0486909
66,0.0489948
67,0.0492921
68,0.0496285
69,0.04997
70,0.0503248
71,0.0507004
72,0.0510956
73,0.0515042
74,0.0519258
75,0.0523522
76,0.0527608
77,0.0531582
78,0.053574
79,0.0539856
80,0.0544016
81,0.0548176
82,0.0552236
83,0.0556124
84,0.0559979
85,0.0563779
86,0.0567721
87,0.0571804
88,0.0575686
89,0.0579505
90,0.0583254
91,0.0586832
92,0.0590417
93,0.0594183
94,0.0597817
95,0.0601392
96,0.0604853
97,0.0608229
98,0.0611511
99,0.0614767
100,0.0617995
101,0.0621118
102,0.0624246
103,0.0627114
104,0.0629873
105,0.0632607
106,0.063521
107,0.063787
108,0.0640465
109,0.0642948
110,0.0645208
111,0.0647412
112,0.0649536
113,0.0651634
114,0.0653669
115,0.0655683
116,0.0657594
117,0.0659494
118,0.0661173
119,0.066277
120,0.0664291
121,0.0665837
122,0.0667277
123,0.0668745
124,0.0670128
125,0.0671375
126,0.0672639
127,0.0673884
128,0.0674976
129,0.0676092
130,0.0677043
131,0.067793
132,0.0678852
133,0.0679723
134,0.0680597
135,0.0681483
136,0.0682426
137,0.068333
138,0.0684227
139,0.0685054
140,0.0685819
141,0.0686589
142,0.0687407
143,0.0688147
144,0.0688981
145,0.0689805
146,0.0690603
147,0.069136
148,0.0692121
149,0.069293
150,0.0693781
151,0.0694714
152,0.0695565
153,0.0696442
154,0.0697295
155,0.0698037
156,0.0698857
157,0.0699588
158,0.070034
159,0.0700993
160,0.0701781
161,0.0702529
162,0.0703349
163,0.0704138
164,0.0704846
165,0.0705627
166,0.0706331
167,0.0707038
168,0.0707701
169,0.0708378
170,0.0709034
171,0.0709708
172,0.0710444
173,0.0711094
174,0.0711827
175,0.0712545
176,0.0713188
177,0.0713821
178,0.0714484
179,0.0715064
180,0.0715693
181,0.0716354
182,0.0716978
183,0.0717507
184,0.0718036
185,0.071843
186,0.0718814
187,0.0719259
188,0.0719516
189,0.0719916
190,0.0720303
191,0.0720665
192,0.0721057
193,0.072145
194,0.0721846
195,0.0722207
196,0.0722624
197,0.0722956
198,0.072334
199,0.0723741
200,0.0724085
201,0.0724513
202,0.0724886
203,0.0725266
204,0.072567
205,0.0726134
206,0.0726529
207,0.0726944
208,0.072738
209,0.0727785
210,0.0728207
211,0.0728729
212,0.0729195
213,0.0729719
214,0.0730206
215,0.0730618
216,0.0731108
217,0.0731478
218,0.073189
219,0.0732263
220,0.0732723
221,0.0733055
222,0.0733482
223,0.0733853
224,0.0734201
225,0.0734587
226,0.0734937
227,0.0735236
228,0.0735614
229,0.0736074
230,0.0736603
231,0.07373
232,0.0737969
233,0.0738683
234,0.0739319
235,0.073999
236,0.0740614
237,0.0741223
238,0.0741782
239,0.0742387
240,0.0742966
241,0.0743561
242,0.0744049
243,0.074458
244,0.0745079
245,0.0745539
246,0.0746018
247,0.0746407
248,0.0746861
249,0.0747286
250,0.0747784
251,0.0748224
252,0.0748675
253,0.0749127
254,0.0749555
255,0.0749964
256,0.07504
257,0.0750703
258,0.0751107
259,0.0751532
260,0.0751864
261,0.0752268
262,0.0752609
263,0.0752939
264,0.0753263
265,0.075362
266,0.0753936
267,0.0754223
268,0.0754539
269,0.0754949
270,0.0755309
271,0.0755715
272,0.0756071
273,0.0756508
274,0.0757013
275,0.0757443
276,0.0757999
277,0.0758493
278,0.075898
279,0.0759491
280,0.076003
281,0.0760493
282,0.0760981
283,0.0761458
284,0.0761918
285,0.0762333
286,0.076274
287,0.0763189
288,0.076359
289,0.0764139
290,0.0764511
291,0.0764948
292,0.0765438
293,0.07658
294,0.0766249
295,0.076661
296,0.0767003
297,0.0767365
298,0.0767773
299,0.0768152
300,0.0768458
301,0.0768864
302,0.0769165
303,0.0769536
304,0.076991
305,0.0770178
306,0.0770507
307,0.0770863
308,0.0771174
309,0.0771567
310,0.0771919
311,0.0772269
312,0.0772561
313,0.077291
314,0.0773172
315,0.0773475
316,0.0773796
317,0.0774119
318,0.0774493
319,0.0774918
320,0.0775248
321,0.0775639
322,0.0776081
323,0.0776483
324,0.0776875
325,0.0777297
326,0.0777667
327,0.0778125
328,0.0778636
329,0.0779175
330,0.0779761
331,0.0780372
332,0.0781
333,0.0781617
334,0.0782265
335,0.0782809
336,0.0783351
337,0.0783658
338,0.0783908
339,0.0783997
340,0.0784201
341,0.07843
342,0.0784484
343,0.0784687
344,0.078488
345,0.0785052
346,0.0785334
347,0.0785558
348,0.0785808
349,0.0786152
350,0.0786416
351,0.0786745
352,0.0787129
353,0.0787424
354,0.0787756
355,0.078805
356,0.0788319
357,0.0788627
358,0.0788936
359,0.0789241
360,0.0789582
361,0.0789967
362,0.0790339
363,0.0790723
364,0.0791113
365,0.0791473
366,0.0791855
367,0.0792292
368,0.0792625
369,0.0793146
370,0.0793588
371,0.0794113
372,0.0794585
373,0.0795112
374,0.079559
375,0.079599
376,0.0796303
377,0.0796476
378,0.0796669
379,0.0796688
380,0.079677
381,0.0796922
382,0.0796946
383,0.0797021
384,0.0797076
385,0.0797146
386,0.079715
387,0.0797244
388,0.0797257
389,0.0797344
390,0.0797358
391,0.079746
392,0.0797474
393,0.0797548
394,0.0797505
395,0.0797502
396,0.0797441
397,0.0797402
398,0.0797391
399,0.0797346
