2,-8.89826e-06
3,-7.6674e-05
4,-9.47866e-05
5,2.92352e-05
6,6.22034e-05
7,4.55244e-06
8,-8.14205e-05
9,-0.000247506
10,-0.00037138
11,-0.000748544
12,-0.00111915
13,-0.000999642
14,-0.0005435
15,-0.000370529
16,-0.000288255
17,-0.000297349
18,-0.000473607
19,0.000431316
20,0.000799824
21,0.00539618
22,0.0116848
23,0.0147198
24,0.0170884
25,0.0195979
26,0.0220874
27,0.0247671
28,0.0273783
29,0.0298758
30,0.032253
31,0.0344454
32,0.0364965
33,0.038367
34,0.0400857
35,0.0415534
36,0.0427602
37,0.0437419
38,0.0445731
39,0.0451857
40,0.0455879
41,0.0459003
42,0.0461648
43,0.0464227
44,0.0466744
45,0.0469636
46,0.047185
47,0.0474662
48,0.0477305
49,0.0479908
50,0.0482733
51,0.048575
52,0.0488829
53,0.049188
54,0.0495197
55,0.0498313
56,0.0502048
57,0.0505371
58,0.0508877
59,0.05122
60,0.0516048
61,0.0519517
62,0.0523177
63,0.0527086
64,0.0530951
65,0.0534888
66,0.053891
67,0.0542637
68,0.054644
69,0.0550347
70,0.0554359
71,0.0558462
72,0.0562659
73,0.056635
74,0.0569814
75,0.0573445
76,0.0577272
77,0.0581086
78,0.0584615
79,0.0588282
80,0.0591634
81,0.0594899
82,0.0598102
83,0.0601357
84,0.0604611
85,0.0607662
86,0.0610617
87,0.0613392
88,0.0616155
89,0.0618851
90,0.0621589
91,0.062421
92,0.0626786
93,0.0629073
94,0.063129
95,0.0633505
96,0.0635712
97,0.0637838
98,0.0639921
99,0.0641832
100,0.0643633
101,0.0645285
102,0.0646989
103,0.0648656
104,0.0650289
105,0.0651877
106,0.0653343
107,0.0654732
108,0.0656083
109,0.0657355
110,0.065872
111,0.0660092
112,0.0661502
113,0.0662654
114,0.0663956
115,0.0665175
116,0.0666277
117,0.0667509
118,0.0668764
119,0.0670009
120,0.0671151
121,0.0672261
122,0.0673345
123,0.0674408
124,0.0675331
125,0.0676296
126,0.0677183
127,0.0678012
128,0.0678794
129,0.0679529
130,0.0680246
131,0.0680967
132,0.0681773
133,0.0682539
134,0.0683351
135,0.0684076
136,0.0684714
137,0.0685449
138,0.0686136
139,0.0686788
140,0.0687495
141,0.0688168
142,0.0688885
143,0.068955
144,0.0690251
145,0.069091
146,0.0691542
147,0.0692275
148,0.0693109
149,0.069391
150,0.0694722
151,0.0695499
152,0.0696245
153,0.0696938
154,0.0697671
155,0.0698432
156,0.0699137
157,0.0699888
158,0.0700579
159,0.0701301
160,0.0701982
161,0.0702701
162,0.0703424
163,0.0704172
164,0.07049
165,0.0705635
166,0.0706358
167,0.070695
168,0.0707702
169,0.0708369
170,0.0709005
171,0.0709737
172,0.0710402
173,0.0711078
174,0.0711762
175,0.0712358
176,0.071306
177,0.0713738
178,0.0714321
179,0.0714983
180,0.07156
181,0.0716248
182,0.0716869
183,0.0717376
184,0.0717941
185,0.0718359
186,0.0718749
187,0.0719163
188,0.0719537
189,0.0719875
190,0.0720237
191,0.0720606
192,0.0721043
193,0.0721402
194,0.072184
195,0.0722242
196,0.0722656
197,0.072307
198,0.0723475
199,0.0723854
200,0.0724246
201,0.0724668
202,0.0725054
203,0.0725497
204,0.0725885
205,0.0726327
206,0.0726819
207,0.0727305
208,0.0727773
209,0.072828
210,0.0728693
211,0.072918
212,0.0729672
213,0.0730148
214,0.0730653
215,0.0731073
216,0.0731537
217,0.0732009
218,0.0732438
219,0.0732844
220,0.0733203
221,0.0733531
222,0.0733862
223,0.0734173
224,0.073459
225,0.0734934
226,0.0735257
227,0.0735722
228,0.0736201
229,0.0736775
230,0.0737386
231,0.0738018
232,0.0738674
233,0.0739289
234,0.0739934
235,0.074052
236,0.0741148
237,0.0741742
238,0.07423
239,0.0742879
240,0.0743445
241,0.074393
242,0.0744461
243,0.0744892
244,0.0745325
245,0.0745816
246,0.0746259
247,0.0746702
248,0.0747166
249,0.0747651
250,0.0748073
251,0.07485
252,0.0748911
253,0.0749333
254,0.0749762
255,0.0750201
256,0.0750598
257,0.0751006
258,0.0751353
259,0.0751727
260,0.0752122
261,0.0752473
262,0.0752812
263,0.0753136
264,0.0753475
265,0.0753814
266,0.0754176
267,0.0754545
268,0.0754868
269,0.0755215
270,0.0755562
271,0.0755947
272,0.0756339
273,0.0756754
274,0.0757173
275,0.0757693
276,0.0758195
277,0.0758698
278,0.0759226
279,0.0759742
280,0.076021
281,0.0760705
282,0.0761189
283,0.0761641
284,0.0762072
285,0.0762466
286,0.0762835
287,0.0763251
288,0.0763609
289,0.0764058
290,0.0764479
291,0.0764888
292,0.0765376
293,0.0765799
294,0.076619
295,0.0766584
296,0.0766998
297,0.0767347
298,0.0767657
299,0.0768013
300,0.076835
301,0.0768667
302,0.076902
303,0.0769348
304,0.0769703
305,0.0770009
306,0.0770402
307,0.0770738
308,0.0771128
309,0.0771491
310,0.0771826
311,0.0772109
312,0.0772427
313,0.0772742
314,0.0773039
315,0.0773374
316,0.0773711
317,0.0774007
318,0.0774408
319,0.0774784
320,0.0775172
321,0.0775544
322,0.0775894
323,0.0776272
324,0.0776654
325,0.0777115
326,0.0777562
327,0.0777968
328,0.0778436
329,0.0778999
330,0.0779495
331,0.0780073
332,0.078064
333,0.0781266
334,0.07818
335,0.0782439
336,0.0783018
337,0.078343
338,0.0783758
339,0.0783979
340,0.0784111
341,0.0784179
342,0.0784297
343,0.078439
344,0.0784576
345,0.0784765
346,0.0784984
347,0.0785212
348,0.0785482
349,0.0785797
350,0.0786067
351,0.0786365
352,0.0786639
353,0.0786865
354,0.0787243
355,0.0787517
356,0.0787846
357,0.0788163
358,0.0788455
359,0.0788778
360,0.0789085
361,0.0789415
362,0.0789762
363,0.079013
364,0.0790438
365,0.0790841
366,0.0791207
367,0.0791617
368,0.0791989
369,0.0792419
370,0.079279
371,0.0793303
372,0.0793754
373,0.0794293
374,0.079482
375,0.0795305
376,0.0795773
377,0.0796069
378,0.0796374
379,0.0796584
380,0.0796685
381,0.0796842
382,0.0796898
383,0.0796942
384,0.0796996
385,0.0797094
386,0.0797175
387,0.0797253
388,0.0797354
389,0.0797421
390,0.0797538
391,0.0797659
392,0.0797785
393,0.079788
394,0.0797898
395,0.0797944
396,0.0797956
397,0.0797973
398,0.0798095
399,0.0798084
