2,1.00031
3,1.002
4,1.00235
5,0.999431
6,0.99867
7,1.00005
8,1.00192
9,1.00552
10,1.00803
11,1.01612
12,1.02386
13,1.0217
14,1.01244
15,1.00883
16,1.00698
17,1.0071
18,1.01025
19,0.992868
20,0.985159
21,0.897698
22,0.779345
23,0.723734
24,0.681394
25,0.636995
26,0.59354
27,0.547208
28,0.50265
29,0.460699
30,0.421391
31,0.385668
32,0.352733
33,0.323178
34,0.296376
35,0.273917
36,0.255895
37,0.241528
38,0.22966
39,0.221067
40,0.216036
41,0.212427
42,0.209764
43,0.207234
44,0.204874
45,0.201979
46,0.2002
47,0.197476
48,0.195045
49,0.192691
50,0.190024
51,0.186984
52,0.18391
53,0.180897
54,0.177354
55,0.174233
56,0.170058
57,0.166529
58,0.162787
59,0.159238
60,0.15493
61,0.151161
62,0.147113
63,0.142654
64,0.138295
65,0.133744
66,0.129125
67,0.124942
68,0.120649
69,0.116191
70,0.111549
71,0.106783
72,0.10183
73,0.0976934
74,0.0939418
75,0.0898708
76,0.0855543
77,0.0811773
78,0.0773327
79,0.0731905
80,0.0696031
81,0.0660997
82,0.0627422
83,0.0592358
84,0.055778
85,0.0525881
86,0.0495831
87,0.0468132
88,0.0441003
89,0.0414208
90,0.0387414
91,0.0361721
92,0.0337247
93,0.0316525
94,0.0297499
95,0.02776
96,0.025862
97,0.0239918
98,0.0222795
99,0.0207265
100,0.0194126
101,0.0182934
102,0.0170696
103,0.0159415
104,0.0148055
105,0.0138007
106,0.0128947
107,0.012208
108,0.0114449
109,0.0109445
110,0.0101269
111,0.00948921
112,0.00864745
113,0.00829073
114,0.00758127
115,0.00712235
116,0.00666213
117,0.00621663
118,0.00554145
119,0.00508019
120,0.0045966
121,0.00432728
122,0.00390229
123,0.00372125
124,0.00352573
125,0.00352145
126,0.00329934
127,0.00346522
128,0.00328962
129,0.00331566
130,0.00329463
131,0.00340337
132,0.0032749
133,0.00336836
134,0.00310567
135,0.00326957
136,0.00309625
137,0.0033571
138,0.00311422
139,0.00342017
140,0.0031728
141,0.00338749
142,0.003159
143,0.00339239
144,0.00312169
145,0.00338338
146,0.00323258
147,0.00329942
148,0.00307884
149,0.00308698
150,0.00294735
151,0.00302071
152,0.00286635
153,0.00284572
154,0.002822
155,0.00282401
156,0.00279036
157,0.00276089
158,0.00282728
159,0.00278414
160,0.00280564
161,0.00273643
162,0.00278486
163,0.00278109
164,0.00292112
165,0.00282883
166,0.00298374
167,0.00282117
168,0.0030342
169,0.00291555
170,0.00301818
171,0.00307484
172,0.0031344
173,0.00317496
174,0.00330197
175,0.00328537
176,0.00333772
177,0.0033652
178,0.00334975
179,0.00325115
180,0.00337568
181,0.0032327
182,0.00331729
183,0.00316248
184,0.00307959
185,0.00290411
186,0.00269509
187,0.00263466
188,0.00243937
189,0.00233229
190,0.00220991
191,0.00225956
192,0.00216634
193,0.00222471
194,0.00209471
195,0.00210922
196,0.00217626
197,0.00222986
198,0.00222236
199,0.00223494
200,0.00218813
201,0.00225707
202,0.00227539
203,0.0023284
204,0.00232336
205,0.00236596
206,0.00237983
207,0.00245995
208,0.00234188
209,0.00247449
210,0.0025084
211,0.00255023
212,0.0024291
213,0.0025936
214,0.00248958
215,0.00252715
216,0.00249226
217,0.0025836
218,0.00255195
219,0.00273182
220,0.00272502
221,0.00298334
222,0.00301109
223,0.00318671
224,0.00322099
225,0.00337587
226,0.00350902
227,0.00353226
228,0.00348162
229,0.00339278
230,0.00319652
231,0.00307629
232,0.00285607
233,0.0027178
234,0.00258011
235,0.00241143
236,0.00235878
237,0.00221956
238,0.00219959
239,0.0021917
240,0.00221094
241,0.00211992
242,0.00218477
243,0.00221926
244,0.00221917
245,0.0021987
246,0.00227974
247,0.00232476
248,0.00230745
249,0.00228064
250,0.00233787
251,0.002305
252,0.00236528
253,0.00234253
254,0.00243895
255,0.00233334
256,0.00234886
257,0.00237533
258,0.00237392
259,0.00229438
260,0.002496
261,0.002288
262,0.00254471
263,0.00236961
264,0.00254612
265,0.0023869
266,0.00260243
267,0.00232512
268,0.00264122
269,0.00246029
270,0.00266211
271,0.00249694
272,0.00274039
273,0.00258332
274,0.00266598
275,0.00250695
276,0.00253447
277,0.0023997
278,0.00245764
279,0.00225544
280,0.00243658
281,0.00223619
282,0.00243741
283,0.00232499
284,0.0024635
285,0.00235997
286,0.00255638
287,0.00235805
288,0.0024504
289,0.00233067
290,0.00246237
291,0.00230598
292,0.00249547
293,0.00234009
294,0.00253941
295,0.00237119
296,0.00258801
297,0.00233446
298,0.00261529
299,0.00234076
300,0.0025839
301,0.0022926
302,0.00254459
303,0.00230051
304,0.002505
305,0.00226084
306,0.00250569
307,0.00222873
308,0.00249968
309,0.00232662
310,0.0025058
311,0.00218703
312,0.00247705
313,0.0021994
314,0.00242929
315,0.00221824
316,0.00241312
317,0.00221947
318,0.00240776
319,0.00216029
320,0.00242346
321,0.00221435
322,0.0023861
323,0.00222169
324,0.00236403
325,0.00223579
326,0.002538
327,0.00232597
328,0.00261732
329,0.00249817
330,0.00282403
331,0.00276439
332,0.00315665
333,0.00325737
334,0.00357905
335,0.00379811
336,0.00417102
337,0.00412769
338,0.00425832
339,0.00399871
340,0.00395605
341,0.00350041
342,0.00343077
343,0.00307942
344,0.00305832
345,0.00279994
346,0.00288892
347,0.00265166
348,0.00273354
349,0.00262362
350,0.00275108
351,0.00252184
352,0.00273674
353,0.00247852
354,0.00267239
355,0.00246554
356,0.00267391
357,0.00247965
358,0.00260502
359,0.0024487
360,0.0026479
361,0.00246422
362,0.00267935
363,0.00260383
364,0.00269183
365,0.00257662
366,0.00281744
367,0.00276308
368,0.0029092
369,0.00290117
370,0.00307087
371,0.00314188
372,0.0033988
373,0.00352376
374,0.00381612
375,0.00395224
376,0.00416917
377,0.00411534
378,0.00418883
379,0.00400079
380,0.00391321
381,0.00366691
382,0.00354825
383,0.0031792
384,0.00307579
385,0.00284737
386,0.00274683
387,0.00255393
388,0.00245963
389,0.00233719
390,0.00232569
391,0.00230427
392,0.00231315
393,0.00229094
394,0.00237292
395,0.00244848
396,0.00251275
397,0.00281201
398,0.00281947
399,0.00315303
