2,-4.54454e-05
3,-0.000149491
4,-8.84985e-07
5,-5.61544e-05
6,-0.00024621
7,-0.000403283
8,-0.00046592
9,-0.000842222
10,-0.00147557
11,-0.00154733
12,-0.001278
13,-0.00108244
14,-0.00124577
15,-0.00149934
16,-0.00126694
17,-0.000382837
18,0.000918379
19,0.00198134
20,0.00122379
21,0.00485448
22,0.00988505
23,0.0120694
24,0.0133253
25,0.0147935
26,0.0164588
27,0.0184202
28,0.0202486
29,0.0221701
30,0.0241556
31,0.0262246
32,0.0283153
33,0.0303515
34,0.0324042
35,0.0343836
36,0.0362325
37,0.0379591
38,0.0395785
39,0.041019
40,0.0423249
41,0.0435072
42,0.0445669
43,0.0454801
44,0.046241
45,0.046813
46,0.047252
47,0.0476078
48,0.0479013
49,0.0481734
50,0.0484722
51,0.0487754
52,0.0490949
53,0.04938
54,0.04969
55,0.0499533
56,0.0502844
57,0.0505502
58,0.0508535
59,0.0511783
60,0.0515483
61,0.0518713
62,0.0521713
63,0.0525198
64,0.052866
65,0.0532468
66,0.0536656
67,0.0540832
68,0.0544796
69,0.0548732
70,0.055247
71,0.0556436
72,0.0560224
73,0.0564308
74,0.0568135
75,0.0571537
76,0.0574899
77,0.0578655
78,0.0582537
79,0.0586605
80,0.0590413
81,0.0593752
82,0.0596703
83,0.0599568
84,0.0602333
85,0.0605358
86,0.0608698
87,0.0611725
88,0.0614499
89,0.061734
90,0.0620217
91,0.0622932
92,0.0625661
93,0.0628132
94,0.0630308
95,0.0632188
96,0.0634146
97,0.0636285
98,0.0638554
99,0.0640717
100,0.064284
101,0.064478
102,0.0646509
103,0.0648084
104,0.0649782
105,0.0651233
106,0.065264
107,0.0653949
108,0.0655329
109,0.0656708
110,0.0658172
111,0.0659606
112,0.0661175
113,0.0662544
114,0.0663865
115,0.0665158
116,0.0666273
117,0.0667117
118,0.0668144
119,0.0669341
120,0.0670644
121,0.0671872
122,0.0673148
123,0.0674347
124,0.0675361
125,0.0676404
126,0.0677279
127,0.0678028
128,0.0678666
129,0.0679229
130,0.0679902
131,0.068063
132,0.068142
133,0.0682295
134,0.0683249
135,0.0684151
136,0.0684973
137,0.0685714
138,0.0686295
139,0.068679
140,0.0687281
141,0.0687851
142,0.0688495
143,0.0689243
144,0.0690089
145,0.0690915
146,0.0691619
147,0.0692502
148,0.0693311
149,0.0694145
150,0.0694867
151,0.0695533
152,0.0696103
153,0.0696658
154,0.0697302
155,0.0698103
156,0.0698906
157,0.0699869
158,0.0700762
159,0.0701618
160,0.0702395
161,0.0703024
162,0.0703596
163,0.0704101
164,0.070466
165,0.0705212
166,0.0705984
167,0.0706766
168,0.0707609
169,0.0708499
170,0.070929
171,0.0710051
172,0.0710788
173,0.0711362
174,0.0711798
175,0.0712243
176,0.071275
177,0.0713348
178,0.0714045
179,0.0714845
180,0.0715625
181,0.071643
182,0.0717146
183,0.071781
184,0.071831
185,0.0718552
186,0.0718776
187,0.0718912
188,0.071917
189,0.0719519
190,0.0719998
191,0.0720502
192,0.0721014
193,0.0721623
194,0.072216
195,0.0722582
196,0.0722953
197,0.0723163
198,0.07234
199,0.0723564
200,0.072389
201,0.072438
202,0.0724882
203,0.0725406
204,0.0725914
205,0.0726527
206,0.0727122
207,0.0727571
208,0.0728014
209,0.0728352
210,0.0728611
211,0.0728996
212,0.072937
213,0.0729923
214,0.0730464
215,0.0731029
216,0.0731581
217,0.0732127
218,0.0732614
219,0.0733028
220,0.0733338
221,0.0733532
222,0.0733765
223,0.0733993
224,0.0734366
225,0.0734808
226,0.0735247
227,0.0735699
228,0.073621
229,0.0736789
230,0.0737495
231,0.0738107
232,0.0738721
233,0.0739237
234,0.073985
235,0.0740501
236,0.0741147
237,0.0741729
238,0.0742306
239,0.0742745
240,0.0743299
241,0.0743802
242,0.0744401
243,0.0744923
244,0.0745356
245,0.0745814
246,0.0746291
247,0.0746878
248,0.0747364
249,0.0747791
250,0.0748123
251,0.0748352
252,0.0748716
253,0.0749199
254,0.0749635
255,0.0750064
256,0.0750557
257,0.0750999
258,0.0751521
259,0.0752065
260,0.0752463
261,0.075274
262,0.0752808
263,0.0752947
264,0.0753248
265,0.0753523
266,0.0753833
267,0.0754379
268,0.0754699
269,0.0755246
270,0.0755811
271,0.0756269
272,0.0756735
273,0.0757027
274,0.0757232
275,0.0757456
276,0.0757829
277,0.0758345
278,0.0758999
279,0.075957
280,0.076024
281,0.0760836
282,0.0761419
283,0.0761962
284,0.0762374
285,0.0762662
286,0.0762838
287,0.0763016
288,0.0763372
289,0.0763771
290,0.0764337
291,0.0764842
292,0.0765367
293,0.0765934
294,0.076641
295,0.0766895
296,0.0767236
297,0.076748
298,0.0767616
299,0.0767889
300,0.0768129
301,0.076851
302,0.0768929
303,0.0769307
304,0.0769675
305,0.0770049
306,0.077046
307,0.0770895
308,0.0771212
309,0.0771545
310,0.0771785
311,0.0772079
312,0.0772435
313,0.0772853
314,0.0773172
315,0.0773476
316,0.0773716
317,0.0773936
318,0.0774216
319,0.0774657
320,0.0775074
321,0.0775514
322,0.0775923
323,0.0776305
324,0.0776869
325,0.077737
326,0.0777848
327,0.0778143
328,0.077847
329,0.0778744
330,0.0779249
331,0.0779798
332,0.0780471
333,0.0781197
334,0.0781825
335,0.0782574
336,0.0783246
337,0.0783782
338,0.0784131
339,0.0784207
340,0.0784107
341,0.0784019
342,0.0784001
343,0.0784135
344,0.0784438
345,0.0784722
346,0.0785108
347,0.0785459
348,0.0785831
349,0.0786163
350,0.0786415
351,0.0786578
352,0.0786633
353,0.0786745
354,0.0786994
355,0.0787308
356,0.0787678
357,0.0788066
358,0.0788447
359,0.0788817
360,0.078925
361,0.0789652
362,0.0789952
363,0.0790273
364,0.0790489
365,0.0790782
366,0.0791189
367,0.0791603
368,0.0792074
369,0.0792482
370,0.0792796
371,0.0793215
372,0.0793752
373,0.0794264
374,0.0794875
375,0.0795347
376,0.0795747
377,0.0796136
378,0.0796521
379,0.0796839
380,0.0797045
381,0.0797106
382,0.0796928
383,0.0796845
384,0.0796784
385,0.0796882
386,0.0797074
387,0.079722
388,0.0797375
389,0.0797558
390,0.0797772
391,0.0798008
392,0.0798149
393,0.0798128
394,0.079795
395,0.0797716
396,0.0797604
397,0.0797646
398,0.0797793
399,0.0797863
