2,4.67192e-05
3,-2.14114e-05
4,-8.36793e-05
5,-8.24011e-05
6,-8.99116e-05
7,-9.06262e-05
8,-0.000371497
9,-0.00090651
10,-0.00128313
11,-0.00127113
12,-0.00104388
13,-0.000914319
14,-0.000855137
15,-0.00103253
16,-0.00121064
17,-0.000734084
18,0.000239271
19,0.00159634
20,0.00134443
21,0.00459198
22,0.00867775
23,0.0101946
24,0.0112557
25,0.012508
26,0.0137681
27,0.0151318
28,0.0165322
29,0.018067
30,0.0197159
31,0.021431
32,0.0231963
33,0.0250271
34,0.0268987
35,0.0287886
36,0.0306967
37,0.032575
38,0.0344308
39,0.0362021
40,0.0378909
41,0.0394978
42,0.041002
43,0.0423673
44,0.0436057
45,0.0447531
46,0.0457842
47,0.0466634
48,0.0474225
49,0.0480867
50,0.0485667
51,0.0489566
52,0.0492988
53,0.0496273
54,0.0499149
55,0.0501556
56,0.0504187
57,0.0506523
58,0.0508955
59,0.0511435
60,0.051416
61,0.0517112
62,0.0520204
63,0.0523308
64,0.0526633
65,0.0529894
66,0.0533514
67,0.0537397
68,0.0541239
69,0.0545218
70,0.0549325
71,0.0553181
72,0.0556924
73,0.0560885
74,0.0564989
75,0.0568939
76,0.0572843
77,0.0576587
78,0.0580309
79,0.0584074
80,0.0587781
81,0.0591305
82,0.0594447
83,0.0597338
84,0.0600119
85,0.0602929
86,0.0605986
87,0.0609177
88,0.0612355
89,0.0615477
90,0.061848
91,0.0621319
92,0.0623935
93,0.0626294
94,0.0628429
95,0.0630516
96,0.0632583
97,0.0634757
98,0.0636978
99,0.0639332
100,0.0641528
101,0.0643612
102,0.0645664
103,0.0647531
104,0.0649116
105,0.0650471
106,0.0651685
107,0.0652838
108,0.0654243
109,0.0655719
110,0.0657397
111,0.0659031
112,0.0660738
113,0.0662233
114,0.0663646
115,0.0664845
116,0.0665829
117,0.0666707
118,0.0667675
119,0.0668712
120,0.0669903
121,0.0671305
122,0.0672701
123,0.0674093
124,0.067538
125,0.0676442
126,0.0677374
127,0.0678
128,0.0678454
129,0.0678923
130,0.0679421
131,0.068017
132,0.0681077
133,0.0682144
134,0.0683204
135,0.0684183
136,0.0685048
137,0.0685822
138,0.0686339
139,0.0686814
140,0.0687169
141,0.0687605
142,0.0688157
143,0.068891
144,0.0689763
145,0.0690716
146,0.0691667
147,0.0692632
148,0.0693595
149,0.0694346
150,0.0695011
151,0.06955
152,0.0695875
153,0.0696385
154,0.0697021
155,0.0697883
156,0.0698814
157,0.0699802
158,0.0700821
159,0.0701803
160,0.070263
161,0.0703261
162,0.0703747
163,0.0704042
164,0.0704518
165,0.0704961
166,0.0705723
167,0.0706541
168,0.0707486
169,0.0708503
170,0.0709487
171,0.0710362
172,0.0711084
173,0.0711545
174,0.0711881
175,0.0712154
176,0.071252
177,0.0713108
178,0.0713851
179,0.0714706
180,0.0715652
181,0.0716549
182,0.0717319
183,0.0718005
184,0.0718438
185,0.071871
186,0.0718748
187,0.0718843
188,0.0718989
189,0.0719369
190,0.0719777
191,0.0720428
192,0.0721028
193,0.0721685
194,0.0722291
195,0.0722824
196,0.0723119
197,0.07232
198,0.0723343
199,0.0723476
200,0.072375
201,0.0724209
202,0.0724733
203,0.072532
204,0.0725902
205,0.0726551
206,0.072718
207,0.0727736
208,0.0728117
209,0.0728402
210,0.0728595
211,0.0728916
212,0.0729282
213,0.0729823
214,0.0730374
215,0.073097
216,0.073148
217,0.0732129
218,0.0732622
219,0.0733043
220,0.0733394
221,0.0733547
222,0.0733722
223,0.0734041
224,0.0734404
225,0.0734852
226,0.0735202
227,0.0735581
228,0.0736102
229,0.0736665
230,0.0737367
231,0.0738092
232,0.0738697
233,0.0739312
234,0.0739902
235,0.0740562
236,0.0741211
237,0.0741784
238,0.0742235
239,0.0742687
240,0.074308
241,0.0743571
242,0.0744135
243,0.0744733
244,0.074536
245,0.074591
246,0.0746534
247,0.074708
248,0.0747591
249,0.0747871
250,0.0748095
251,0.0748254
252,0.0748495
253,0.0748862
254,0.0749426
255,0.0749922
256,0.075055
257,0.0751134
258,0.0751727
259,0.0752274
260,0.0752668
261,0.0752859
262,0.075288
263,0.0752852
264,0.0752927
265,0.0753165
266,0.0753605
267,0.0754136
268,0.0754731
269,0.0755343
270,0.0755993
271,0.0756573
272,0.0756969
273,0.075715
274,0.0757195
275,0.0757359
276,0.0757568
277,0.0758137
278,0.0758746
279,0.0759464
280,0.0760201
281,0.0760898
282,0.0761609
283,0.0762176
284,0.0762602
285,0.0762779
286,0.0762857
287,0.0762958
288,0.0763152
289,0.0763576
290,0.0764187
291,0.0764748
292,0.0765348
293,0.0765927
294,0.0766536
295,0.0767014
296,0.0767383
297,0.076759
298,0.0767692
299,0.0767814
300,0.0768075
301,0.0768437
302,0.076889
303,0.0769318
304,0.0769674
305,0.0770002
306,0.0770397
307,0.0770842
308,0.0771289
309,0.0771579
310,0.0771837
311,0.0772147
312,0.0772493
313,0.0772908
314,0.0773232
315,0.0773508
316,0.0773667
317,0.0773832
318,0.0774097
319,0.0774474
320,0.0774991
321,0.0775447
322,0.0775986
323,0.0776519
324,0.0777115
325,0.0777602
326,0.0778051
327,0.0778259
328,0.077838
329,0.0778664
330,0.0778989
331,0.0779571
332,0.078028
333,0.078103
334,0.0781863
335,0.0782742
336,0.0783537
337,0.0784086
338,0.0784361
339,0.0784336
340,0.0784083
341,0.078391
342,0.0783795
343,0.0784003
344,0.0784295
345,0.0784724
346,0.0785158
347,0.0785632
348,0.0786126
349,0.0786497
350,0.0786715
351,0.078673
352,0.0786705
353,0.0786677
354,0.0786804
355,0.078713
356,0.0787571
357,0.0787992
358,0.0788408
359,0.0788878
360,0.0789323
361,0.078976
362,0.0790151
363,0.0790396
364,0.0790571
365,0.0790808
366,0.0791179
367,0.079163
368,0.0792077
369,0.0792489
370,0.0792789
371,0.0793172
372,0.0793644
373,0.0794239
374,0.0794847
375,0.0795398
376,0.0795862
377,0.0796287
378,0.0796712
379,0.079704
380,0.079724
381,0.0797189
382,0.0796991
383,0.0796761
384,0.0796637
385,0.0796717
386,0.0796943
387,0.0797166
388,0.0797441
389,0.0797707
390,0.0798008
391,0.0798272
392,0.0798377
393,0.0798284
394,0.0797949
395,0.0797579
396,0.0797304
397,0.0797316
398,0.0797426
399,0.0797548
