2,0.998961
3,1.00077
4,1.00221
5,1.00211
6,1.00218
7,1.00218
8,1.00828
9,1.01986
10,1.02799
11,1.02808
12,1.0235
13,1.02069
14,1.01968
15,1.02297
16,1.02663
17,1.0173
18,0.998337
19,0.971915
20,0.975158
21,0.913298
22,0.836444
23,0.808776
24,0.790106
25,0.76822
26,0.746351
27,0.722937
28,0.69909
29,0.673066
30,0.645227
31,0.616434
32,0.58711
33,0.556755
34,0.526067
35,0.495142
36,0.464298
37,0.43401
38,0.404504
39,0.376462
40,0.350207
41,0.325194
42,0.302271
43,0.28152
44,0.263089
45,0.246018
46,0.230909
47,0.218322
48,0.207329
49,0.197938
50,0.1914
51,0.186338
52,0.182075
53,0.178159
54,0.174816
55,0.172454
56,0.169661
57,0.167422
58,0.165046
59,0.162597
60,0.159855
61,0.156733
62,0.153386
63,0.150101
64,0.146412
65,0.142893
66,0.138727
67,0.134243
68,0.129731
69,0.125156
70,0.12021
71,0.115792
72,0.111451
73,0.106901
74,0.102009
75,0.0974529
76,0.0928848
77,0.0886483
78,0.084388
79,0.0801111
80,0.0758793
81,0.0719771
82,0.0686349
83,0.0657231
84,0.062921
85,0.0601326
86,0.0568869
87,0.0534895
88,0.0500721
89,0.0467764
90,0.043611
91,0.0407561
92,0.0381687
93,0.0360453
94,0.0341886
95,0.0324411
96,0.0306974
97,0.0287808
98,0.0268313
99,0.0246032
100,0.0226635
101,0.020859
102,0.0191399
103,0.017677
104,0.0166687
105,0.0159299
106,0.0154719
107,0.0150287
108,0.0142732
109,0.0133311
110,0.0121718
111,0.0110069
112,0.00985647
113,0.00882747
114,0.00817981
115,0.00754986
116,0.00751147
117,0.00727808
118,0.00731355
119,0.00682565
120,0.00639731
121,0.00554256
122,0.0048783
123,0.00428342
124,0.00381223
125,0.00370116
126,0.00351759
127,0.0036454
128,0.00382474
129,0.00400556
130,0.00430167
131,0.0041602
132,0.00407665
133,0.00377743
134,0.00348933
135,0.00343829
136,0.00340831
137,0.00335424
138,0.00341171
139,0.0036131
140,0.00371579
141,0.00399805
142,0.00405486
143,0.00406897
144,0.0038273
145,0.00376239
146,0.00335173
147,0.00331673
148,0.00314172
149,0.00334083
150,0.00314979
151,0.00337149
152,0.0032408
153,0.00349029
154,0.00323351
155,0.00336381
156,0.00295244
157,0.0031897
158,0.00286728
159,0.00325273
160,0.00305702
161,0.00337829
162,0.00305311
163,0.00327212
164,0.00291278
165,0.00317937
166,0.002703
167,0.00316043
168,0.00283602
169,0.00346758
170,0.00340528
171,0.00393101
172,0.00379011
173,0.00386856
174,0.00329685
175,0.00343424
176,0.00281186
177,0.00305738
178,0.00271807
179,0.00317196
180,0.00320395
181,0.00368002
182,0.00371991
183,0.00390128
184,0.00363359
185,0.0032703
186,0.00262789
187,0.00209131
188,0.00197884
189,0.00176805
190,0.00209224
191,0.00195926
192,0.00245573
193,0.00217364
194,0.00274268
195,0.00237387
196,0.00279907
197,0.00223293
198,0.00265228
199,0.00237837
200,0.00293587
201,0.00248205
202,0.00302248
203,0.0025116
204,0.0029468
205,0.00238776
206,0.00288605
207,0.00239038
208,0.00289193
209,0.00258496
210,0.00313153
211,0.00275756
212,0.00337204
213,0.00281415
214,0.00329599
215,0.00268948
216,0.00326127
217,0.00248421
218,0.00309709
219,0.00261938
220,0.00317465
221,0.00304211
222,0.00365957
223,0.00345479
224,0.00392722
225,0.00355454
226,0.00405532
227,0.00372065
228,0.00409525
229,0.00354136
230,0.00375076
231,0.00302139
232,0.00337588
233,0.00277579
234,0.00320621
235,0.00263135
236,0.00305525
237,0.00234899
238,0.0029561
239,0.00238473
240,0.00303796
241,0.00236258
242,0.00291674
243,0.00220529
244,0.00289687
245,0.00220861
246,0.0029809
247,0.00235967
248,0.00303027
249,0.00234368
250,0.00304649
251,0.00232721
252,0.00308782
253,0.00238133
254,0.00302871
255,0.00225286
256,0.00299949
257,0.00230114
258,0.00299288
259,0.00238627
260,0.00311077
261,0.00241419
262,0.00308128
263,0.00259138
264,0.0032328
265,0.00274318
266,0.00328796
267,0.00261735
268,0.00310226
269,0.00242285
270,0.00298408
271,0.00227566
272,0.00297701
273,0.00249779
274,0.00316706
275,0.00273121
276,0.0032748
277,0.00267222
278,0.0031046
279,0.00229766
280,0.0029126
281,0.00228274
282,0.00302568
283,0.00255074
284,0.00313141
285,0.00246186
286,0.00305314
287,0.00236094
288,0.00290207
289,0.00230474
290,0.0029163
291,0.00232833
292,0.0029784
293,0.00245494
294,0.00315886
295,0.00265561
296,0.00319511
297,0.0025595
298,0.00301676
299,0.00236137
300,0.00293831
301,0.00231007
302,0.00295806
303,0.00239176
304,0.00291502
305,0.00239169
306,0.00296054
307,0.00237599
308,0.00293334
309,0.00242891
310,0.0028972
311,0.00236515
312,0.00284496
313,0.00237564
314,0.0028375
315,0.00243454
316,0.00286008
317,0.00238051
318,0.00280161
319,0.00233636
320,0.00276955
321,0.00241459
322,0.00281392
323,0.00243696
324,0.00297073
325,0.00265676
326,0.00311813
327,0.00266365
328,0.00298471
329,0.00250121
330,0.00286877
331,0.00263296
332,0.00316328
333,0.0031842
334,0.00392767
335,0.00421548
336,0.00492077
337,0.00498317
338,0.00514287
339,0.00452206
340,0.00417276
341,0.00341137
342,0.00335748
343,0.00289107
344,0.00323906
345,0.00293944
346,0.00324188
347,0.00318415
348,0.00357065
349,0.00339983
350,0.00356688
351,0.00305849
352,0.00313292
353,0.00261402
354,0.00274303
355,0.00243442
356,0.00277231
357,0.00260056
358,0.00284751
359,0.00272086
360,0.00302625
361,0.00293942
362,0.00318343
363,0.00301185
364,0.00306775
365,0.00281303
366,0.00301363
367,0.00293939
368,0.00322953
369,0.00313417
370,0.00341876
371,0.00321571
372,0.00348327
373,0.00361414
374,0.00402943
375,0.00415631
376,0.00448274
377,0.00449063
378,0.00471102
379,0.00464697
380,0.00467767
381,0.00420208
382,0.0038811
383,0.00324337
384,0.00304894
385,0.00272332
386,0.00282871
387,0.00264608
388,0.0027222
389,0.00264162
390,0.00276578
391,0.00269303
392,0.00265144
393,0.00251756
394,0.00253329
395,0.0029056
396,0.00309689
397,0.00344722
398,0.00349406
399,0.00366252
