2,0.999869
3,0.999416
4,0.999085
5,0.998872
6,0.998355
7,0.998149
8,0.998259
9,0.999603
10,0.999148
11,0.999552
12,0.99972
13,0.998661
14,1.0004
15,1.00451
16,1.00877
17,1.01153
18,1.0117
19,1.00573
20,0.997723
21,0.965262
22,0.914377
23,0.871585
24,0.828016
25,0.790217
26,0.759147
27,0.731427
28,0.70532
29,0.679467
30,0.654052
31,0.627495
32,0.600226
33,0.571921
34,0.542814
35,0.513581
36,0.483318
37,0.453187
38,0.423631
39,0.394571
40,0.365955
41,0.339032
42,0.313858
43,0.289916
44,0.268203
45,0.248817
46,0.23132
47,0.216683
48,0.20436
49,0.194515
50,0.186908
51,0.181163
52,0.176894
53,0.17357
54,0.17063
55,0.168487
56,0.166753
57,0.165341
58,0.163955
59,0.162856
60,0.161673
61,0.1593
62,0.156236
63,0.152938
64,0.149758
65,0.146558
66,0.143223
67,0.139434
68,0.135443
69,0.13093
70,0.12608
71,0.121163
72,0.116262
73,0.111541
74,0.106711
75,0.102086
76,0.097393
77,0.0928421
78,0.0883803
79,0.0842345
80,0.0804254
81,0.0769391
82,0.0733652
83,0.0700749
84,0.0667603
85,0.0633487
86,0.0599048
87,0.0568054
88,0.053761
89,0.050591
90,0.0474198
91,0.0445298
92,0.041574
93,0.0390302
94,0.0368944
95,0.0351958
96,0.0333628
97,0.0312291
98,0.029019
99,0.0268857
100,0.0246232
101,0.0227188
102,0.0211056
103,0.019758
104,0.0185574
105,0.0175862
106,0.0167685
107,0.0159664
108,0.0151507
109,0.0141638
110,0.0133309
111,0.0121129
112,0.0109623
113,0.00972342
114,0.00902193
115,0.00815285
116,0.00807881
117,0.00774954
118,0.00774892
119,0.00720182
120,0.00673847
121,0.00576892
122,0.00530425
123,0.00421932
124,0.00423049
125,0.00353188
126,0.0038599
127,0.00341707
128,0.00404193
129,0.00379238
130,0.00436465
131,0.00404069
132,0.00427545
133,0.00368893
134,0.00374648
135,0.00316287
136,0.00344344
137,0.00302705
138,0.00351027
139,0.00320761
140,0.00386118
141,0.0037031
142,0.00417566
143,0.00375485
144,0.00392871
145,0.0034099
146,0.00359236
147,0.00298456
148,0.00334454
149,0.00278582
150,0.00321454
151,0.00289202
152,0.0033515
153,0.00296475
154,0.00341348
155,0.00291556
156,0.00319715
157,0.00267559
158,0.00308382
159,0.00282796
160,0.0031847
161,0.00291414
162,0.0031707
163,0.00275228
164,0.00301533
165,0.00271445
166,0.00301037
167,0.00271572
168,0.00310223
169,0.00298383
170,0.00347095
171,0.00341255
172,0.00379739
173,0.00347212
174,0.00351824
175,0.0029992
176,0.00304806
177,0.00266161
178,0.00298306
179,0.00279254
180,0.00332126
181,0.0033335
182,0.00371458
183,0.00350273
184,0.00339272
185,0.00289434
186,0.00250992
187,0.00204584
188,0.00170987
189,0.00184163
190,0.00161057
191,0.00209079
192,0.00185651
193,0.00235603
194,0.00199325
195,0.00247836
196,0.00208498
197,0.00246353
198,0.00203302
199,0.00268163
200,0.00226467
201,0.00279239
202,0.0023863
203,0.00289142
204,0.00248207
205,0.00286647
206,0.002351
207,0.00280838
208,0.00236806
209,0.00295897
210,0.00253937
211,0.00304651
212,0.00266621
213,0.00311314
214,0.00264243
215,0.00313446
216,0.00266269
217,0.00311945
218,0.00269887
219,0.003127
220,0.00276729
221,0.00333194
222,0.00307898
223,0.00359204
224,0.00323973
225,0.00379818
226,0.00348626
227,0.00405729
228,0.00382858
229,0.00410679
230,0.00351342
231,0.0035996
232,0.00298378
233,0.00314684
234,0.00250228
235,0.00284627
236,0.00224489
237,0.00284249
238,0.002243
239,0.00290185
240,0.00230382
241,0.00295047
242,0.00230025
243,0.0028389
244,0.00216934
245,0.00281142
246,0.00218849
247,0.0028146
248,0.0022502
249,0.0028459
250,0.00223022
251,0.00289274
252,0.00229565
253,0.00295702
254,0.00228398
255,0.00288089
256,0.00222911
257,0.00288009
258,0.00226103
259,0.0029469
260,0.00229361
261,0.00295392
262,0.00231253
263,0.00306387
264,0.00258052
265,0.00329757
266,0.00264081
267,0.00321542
268,0.0024274
269,0.00297539
270,0.00222756
271,0.0029152
272,0.00221222
273,0.00299927
274,0.00229548
275,0.0032199
276,0.00258637
277,0.0031795
278,0.00235295
279,0.00292876
280,0.00216966
281,0.00288524
282,0.00224191
283,0.00308219
284,0.00241116
285,0.00296033
286,0.00229281
287,0.00287792
288,0.00213548
289,0.00289433
290,0.00213408
291,0.00290744
292,0.00223195
293,0.00301971
294,0.002432
295,0.00313243
296,0.00247564
297,0.00307791
298,0.00232668
299,0.00295656
300,0.00221785
301,0.00290196
302,0.00225986
303,0.00293235
304,0.00222211
305,0.00292521
306,0.00221371
307,0.00287952
308,0.00220774
309,0.00293133
310,0.00223777
311,0.00291721
312,0.00222423
313,0.00290206
314,0.00228872
315,0.00286551
316,0.00217219
317,0.0028502
318,0.00211451
319,0.00276715
320,0.00212431
321,0.00279583
322,0.00217841
323,0.00294039
324,0.00243911
325,0.0031569
326,0.00261257
327,0.00307686
328,0.00245773
329,0.00286954
330,0.00229103
331,0.00295042
332,0.00266507
333,0.00348809
334,0.00364285
335,0.00447638
336,0.00471031
337,0.00512369
338,0.00481962
339,0.00471509
340,0.00393811
341,0.00370447
342,0.00303057
343,0.00325808
344,0.00280921
345,0.00320925
346,0.00293263
347,0.00338822
348,0.00323761
349,0.00362876
350,0.00320382
351,0.00332223
352,0.00273587
353,0.00287793
354,0.00236844
355,0.00273137
356,0.00239491
357,0.00281158
358,0.00250971
359,0.00290883
360,0.00269663
361,0.00310908
362,0.00286997
363,0.00316219
364,0.0027655
365,0.00303434
366,0.00279358
367,0.0031696
368,0.00302075
369,0.00329162
370,0.00310304
371,0.00334443
372,0.00325834
373,0.00368948
374,0.00381114
375,0.00424037
376,0.00440201
377,0.00467039
378,0.00464929
379,0.00474725
380,0.00448064
381,0.00425107
382,0.00373334
383,0.00332889
384,0.00290082
385,0.0027651
386,0.00262653
387,0.00268315
388,0.00261255
389,0.00271355
390,0.00261099
391,0.00267214
392,0.00254562
393,0.00244751
394,0.00238393
395,0.00280148
396,0.0030733
397,0.00347422
398,0.00366489
399,0.00399274
