2,-5.7866e-07
3,-4.56249e-06
4,-3.46498e-06
5,-4.57351e-06
6,-1.06709e-05
7,-1.27672e-05
8,-7.52565e-06
9,-7.14198e-06
10,-9.24194e-07
11,-5.30903e-06
12,6.77131e-07
13,-5.57374e-06
14,-1.39217e-05
15,-1.93441e-05
16,-2.99438e-05
17,-6.15086e-05
18,-9.74565e-05
19,-5.14926e-05
20,3.46622e-05
21,0.0014187
22,0.00400575
23,0.00648052
24,0.00888608
25,0.0112026
26,0.0133917
27,0.0153823
28,0.0171872
29,0.0188423
30,0.0204425
31,0.0220102
32,0.0235739
33,0.0251453
34,0.0267372
35,0.0283735
36,0.0300385
37,0.0317175
38,0.033398
39,0.035083
40,0.036692
41,0.0382467
42,0.0397319
43,0.041127
44,0.0424425
45,0.0436496
46,0.0447617
47,0.0457594
48,0.0466325
49,0.0474038
50,0.0480661
51,0.0485914
52,0.0490386
53,0.0494212
54,0.0497205
55,0.0499769
56,0.0502146
57,0.0504049
58,0.0505917
59,0.050781
60,0.0509891
61,0.0512285
62,0.0514851
63,0.0517715
64,0.0520743
65,0.052385
66,0.0527146
67,0.0530639
68,0.0534254
69,0.0538013
70,0.0541955
71,0.0546086
72,0.055023
73,0.0554488
74,0.0558577
75,0.0562649
76,0.0566464
77,0.0570278
78,0.0574103
79,0.0577863
80,0.0581432
81,0.0584837
82,0.0588131
83,0.0591366
84,0.0594536
85,0.05978
86,0.0601123
87,0.0604319
88,0.0607414
89,0.0610389
90,0.0613335
91,0.0616171
92,0.061896
93,0.062173
94,0.0624349
95,0.062678
96,0.0629128
97,0.063145
98,0.0633861
99,0.063619
100,0.0638476
101,0.0640721
102,0.0642771
103,0.0644626
104,0.0646385
105,0.0648022
106,0.064965
107,0.0651241
108,0.0652862
109,0.0654485
110,0.0655982
111,0.0657543
112,0.0659069
113,0.0660627
114,0.0662108
115,0.0663457
116,0.0664744
117,0.0665878
118,0.066702
119,0.0668135
120,0.066938
121,0.0670665
122,0.0672014
123,0.0673296
124,0.0674596
125,0.0675599
126,0.067654
127,0.0677318
128,0.0678058
129,0.0678647
130,0.0679374
131,0.0680158
132,0.0681015
133,0.068183
134,0.0682758
135,0.0683628
136,0.0684505
137,0.068534
138,0.0685978
139,0.0686586
140,0.0687061
141,0.068763
142,0.0688201
143,0.0688949
144,0.0689698
145,0.0690599
146,0.0691485
147,0.0692354
148,0.0693244
149,0.069401
150,0.0694737
151,0.0695426
152,0.0696048
153,0.0696671
154,0.0697349
155,0.0698144
156,0.0698953
157,0.0699751
158,0.0700643
159,0.070143
160,0.0702209
161,0.0702916
162,0.0703524
163,0.070408
164,0.0704652
165,0.0705305
166,0.0706009
167,0.0706837
168,0.0707613
169,0.0708512
170,0.0709248
171,0.0710097
172,0.0710725
173,0.0711368
174,0.0711898
175,0.0712421
176,0.0712935
177,0.071351
178,0.0714133
179,0.071487
180,0.0715576
181,0.0716365
182,0.0717014
183,0.071764
184,0.0718076
185,0.0718468
186,0.0718731
187,0.0719011
188,0.0719335
189,0.0719664
190,0.0720118
191,0.0720575
192,0.0721017
193,0.0721511
194,0.0721944
195,0.0722394
196,0.0722802
197,0.0723116
198,0.0723446
199,0.0723769
200,0.0724086
201,0.0724504
202,0.0724871
203,0.0725338
204,0.0725799
205,0.0726352
206,0.0726804
207,0.0727348
208,0.0727756
209,0.072825
210,0.0728638
211,0.072913
212,0.0729579
213,0.0730037
214,0.0730542
215,0.0730918
216,0.0731434
217,0.0731799
218,0.0732278
219,0.0732642
220,0.0733111
221,0.0733433
222,0.0733892
223,0.0734197
224,0.073462
225,0.0734969
226,0.0735265
227,0.073558
228,0.0735933
229,0.073636
230,0.0737065
231,0.0737719
232,0.0738536
233,0.0739242
234,0.0739986
235,0.0740689
236,0.0741271
237,0.0741815
238,0.0742215
239,0.0742674
240,0.0743036
241,0.0743503
242,0.0744048
243,0.0744607
244,0.0745246
245,0.0745877
246,0.074649
247,0.0747034
248,0.0747441
249,0.0747805
250,0.0748062
251,0.0748267
252,0.0748514
253,0.0748884
254,0.0749317
255,0.0749902
256,0.0750487
257,0.0751092
258,0.0751667
259,0.0752134
260,0.0752526
261,0.0752695
262,0.0752818
263,0.075294
264,0.0753054
265,0.0753319
266,0.0753704
267,0.0754149
268,0.0754699
269,0.0755247
270,0.0755807
271,0.0756289
272,0.0756617
273,0.0756998
274,0.0757212
275,0.0757537
276,0.0757819
277,0.0758322
278,0.0758868
279,0.0759492
280,0.0760168
281,0.0760828
282,0.076139
283,0.0761968
284,0.0762342
285,0.0762633
286,0.0762889
287,0.0763124
288,0.0763403
289,0.0763861
290,0.0764274
291,0.0764778
292,0.0765324
293,0.0765818
294,0.0766321
295,0.0766755
296,0.0767185
297,0.076744
298,0.0767796
299,0.0768069
300,0.0768365
301,0.0768616
302,0.0769042
303,0.0769292
304,0.0769696
305,0.0769974
306,0.0770312
307,0.0770677
308,0.0771128
309,0.0771505
310,0.0771947
311,0.0772263
312,0.077264
313,0.0772949
314,0.0773236
315,0.0773443
316,0.0773613
317,0.0773836
318,0.0774134
319,0.0774512
320,0.0774948
321,0.0775499
322,0.0776007
323,0.0776628
324,0.077712
325,0.0777584
326,0.0777945
327,0.077819
328,0.0778488
329,0.077875
330,0.0779191
331,0.077967
332,0.0780376
333,0.0781149
334,0.0781923
335,0.0782746
336,0.0783393
337,0.0783847
338,0.0784076
339,0.0784139
340,0.0784157
341,0.0784132
342,0.0784091
343,0.0784339
344,0.0784468
345,0.0784826
346,0.0785184
347,0.0785645
348,0.0786009
349,0.0786333
350,0.0786571
351,0.0786693
352,0.07868
353,0.0786901
354,0.0787051
355,0.0787307
356,0.078769
357,0.0788046
358,0.0788447
359,0.0788872
360,0.0789254
361,0.0789688
362,0.0790036
363,0.0790404
364,0.0790693
365,0.0790998
366,0.0791395
367,0.0791729
368,0.0792163
369,0.0792495
370,0.0792895
371,0.0793323
372,0.0793761
373,0.0794272
374,0.0794865
375,0.0795444
376,0.079602
377,0.0796397
378,0.07967
379,0.0796927
380,0.0797031
381,0.0797086
382,0.0797003
383,0.0796937
384,0.0796854
385,0.079689
386,0.0797025
387,0.0797248
388,0.0797487
389,0.0797759
390,0.0798015
391,0.079818
392,0.0798225
393,0.0798103
394,0.0797918
395,0.0797589
396,0.0797389
397,0.079719
398,0.0797125
399,0.079711
