2,1.07904e-06
3,-6.42865e-06
4,-2.94648e-06
5,-1.78792e-06
6,2.35568e-06
7,-4.20193e-06
8,-5.16308e-06
9,8.29372e-08
10,6.74637e-06
11,3.0218e-06
12,5.69848e-06
13,-1.05967e-05
14,-2.29642e-05
15,-8.43792e-05
16,-0.000110414
17,1.9867e-05
18,6.98144e-05
19,0.000223287
20,6.49445e-05
21,0.00105023
22,0.00367647
23,0.00658451
24,0.00926635
25,0.011792
26,0.0141039
27,0.0161952
28,0.0181364
29,0.0199622
30,0.0216598
31,0.0233116
32,0.0249114
33,0.0264533
34,0.0279796
35,0.0294955
36,0.0309672
37,0.0324355
38,0.0339064
39,0.0353172
40,0.0367145
41,0.0380927
42,0.0393952
43,0.0406531
44,0.0418627
45,0.0429785
46,0.0440396
47,0.0450293
48,0.0458808
49,0.0466826
50,0.0473988
51,0.0479909
52,0.0485119
53,0.0489719
54,0.0493222
55,0.0496344
56,0.0499014
57,0.0501096
58,0.0503179
59,0.050532
60,0.0507565
61,0.0509868
62,0.0512324
63,0.0514936
64,0.0517774
65,0.0520797
66,0.0524102
67,0.0527693
68,0.0531357
69,0.0535063
70,0.0539019
71,0.0543107
72,0.0547266
73,0.0551345
74,0.055551
75,0.0559448
76,0.0563333
77,0.0567067
78,0.0570906
79,0.0574705
80,0.0578305
81,0.058183
82,0.0585213
83,0.0588503
84,0.0591727
85,0.0595106
86,0.0598451
87,0.0601748
88,0.0604876
89,0.0607945
90,0.0610935
91,0.0613845
92,0.061669
93,0.0619542
94,0.0622252
95,0.0624879
96,0.0627296
97,0.0629817
98,0.0632199
99,0.0634621
100,0.0636986
101,0.0639283
102,0.0641334
103,0.0643317
104,0.0645117
105,0.0646909
106,0.0648631
107,0.0650367
108,0.0652047
109,0.0653734
110,0.0655289
111,0.0656835
112,0.065839
113,0.0659924
114,0.0661426
115,0.066287
116,0.0664215
117,0.0665496
118,0.0666708
119,0.0667934
120,0.0669177
121,0.0670417
122,0.0671705
123,0.0672889
124,0.0674114
125,0.0675165
126,0.0676175
127,0.0677023
128,0.0677769
129,0.0678505
130,0.0679311
131,0.0680075
132,0.0680906
133,0.0681687
134,0.0682578
135,0.0683383
136,0.0684251
137,0.068499
138,0.0685715
139,0.0686376
140,0.068699
141,0.0687598
142,0.0688253
143,0.0688941
144,0.068977
145,0.0690522
146,0.0691362
147,0.0692162
148,0.069297
149,0.0693842
150,0.0694582
151,0.0695388
152,0.0696044
153,0.0696787
154,0.0697473
155,0.0698242
156,0.0699002
157,0.0699806
158,0.0700546
159,0.0701344
160,0.0702101
161,0.0702792
162,0.0703477
163,0.0704124
164,0.0704806
165,0.0705447
166,0.0706203
167,0.0706895
168,0.0707741
169,0.0708439
170,0.0709214
171,0.0709918
172,0.071061
173,0.071125
174,0.0711883
175,0.0712473
176,0.0713028
177,0.0713647
178,0.0714259
179,0.071496
180,0.0715619
181,0.0716293
182,0.0716963
183,0.0717508
184,0.0718028
185,0.0718357
186,0.0718754
187,0.0719039
188,0.0719414
189,0.071979
190,0.0720172
191,0.0720591
192,0.0721009
193,0.0721488
194,0.0721914
195,0.0722321
196,0.0722673
197,0.0723109
198,0.072339
199,0.0723841
200,0.0724153
201,0.0724528
202,0.0724899
203,0.0725323
204,0.0725788
205,0.072631
206,0.0726771
207,0.0727258
208,0.0727722
209,0.0728179
210,0.0728614
211,0.0729089
212,0.0729584
213,0.0730046
214,0.0730498
215,0.0730914
216,0.0731415
217,0.0731796
218,0.0732278
219,0.0732643
220,0.0733042
221,0.0733415
222,0.0733835
223,0.0734212
224,0.0734558
225,0.0734912
226,0.0735206
227,0.0735606
228,0.073592
229,0.0736418
230,0.0737024
231,0.0737719
232,0.0738497
233,0.0739183
234,0.0739909
235,0.0740547
236,0.0741129
237,0.074169
238,0.0742175
239,0.0742661
240,0.0743113
241,0.0743616
242,0.074413
243,0.0744699
244,0.0745247
245,0.074581
246,0.0746351
247,0.0746834
248,0.074728
249,0.0747659
250,0.074798
251,0.074833
252,0.0748642
253,0.0749068
254,0.0749461
255,0.0749991
256,0.0750494
257,0.0751019
258,0.0751532
259,0.0751952
260,0.0752317
261,0.0752571
262,0.0752784
263,0.0752999
264,0.0753202
265,0.0753504
266,0.0753829
267,0.0754269
268,0.0754684
269,0.0755175
270,0.0755651
271,0.0756061
272,0.0756457
273,0.0756799
274,0.0757211
275,0.0757577
276,0.0757987
277,0.075849
278,0.0759004
279,0.0759528
280,0.0760185
281,0.0760708
282,0.0761324
283,0.0761735
284,0.0762213
285,0.0762531
286,0.0762882
287,0.0763196
288,0.0763556
289,0.0763935
290,0.0764368
291,0.0764843
292,0.076531
293,0.0765827
294,0.0766237
295,0.0766702
296,0.0767066
297,0.0767468
298,0.076776
299,0.0768099
300,0.0768394
301,0.0768696
302,0.0769009
303,0.0769321
304,0.0769673
305,0.0770001
306,0.0770343
307,0.0770725
308,0.0771145
309,0.0771458
310,0.0771932
311,0.0772225
312,0.0772595
313,0.0772879
314,0.0773144
315,0.0773381
316,0.0773644
317,0.0773906
318,0.0774265
319,0.0774645
320,0.0775051
321,0.077556
322,0.0776018
323,0.0776522
324,0.0777014
325,0.0777436
326,0.0777786
327,0.0778127
328,0.0778475
329,0.0778866
330,0.0779364
331,0.0779914
332,0.078054
333,0.0781215
334,0.078196
335,0.0782659
336,0.0783269
337,0.0783669
338,0.0783885
339,0.0784007
340,0.078408
341,0.0784178
342,0.0784256
343,0.0784447
344,0.0784598
345,0.0784943
346,0.0785204
347,0.078558
348,0.0785878
349,0.0786203
350,0.0786416
351,0.0786637
352,0.07868
353,0.0786971
354,0.078722
355,0.0787489
356,0.0787774
357,0.0788137
358,0.0788473
359,0.0788878
360,0.0789242
361,0.0789646
362,0.079
363,0.0790374
364,0.0790718
365,0.0791082
366,0.0791435
367,0.0791776
368,0.0792155
369,0.0792549
370,0.0792947
371,0.0793424
372,0.0793882
373,0.0794383
374,0.0794986
375,0.0795544
376,0.0796069
377,0.0796352
378,0.079663
379,0.079676
380,0.0796911
381,0.0796949
382,0.0796968
383,0.0796968
384,0.0797006
385,0.0797038
386,0.0797156
387,0.0797306
388,0.0797511
389,0.0797728
390,0.0797898
391,0.0797991
392,0.0798019
393,0.0797967
394,0.0797838
395,0.0797661
396,0.0797467
397,0.0797276
398,0.0797204
399,0.0797153
