2,1
3,1.00019
4,1.0001
5,1.00007
6,0.99997
7,1.00012
8,1.00013
9,1.00002
10,0.999876
11,0.999956
12,0.999899
13,1.00024
14,1.00048
15,1.00171
16,1.0022
17,0.999627
18,0.998657
19,0.995706
20,0.99882
21,0.980024
22,0.930461
23,0.876239
24,0.826883
25,0.780979
26,0.739502
27,0.702484
28,0.668546
29,0.637005
30,0.608038
31,0.580119
32,0.553333
33,0.527767
34,0.502643
35,0.477866
36,0.454013
37,0.430362
38,0.406793
39,0.384402
40,0.362356
41,0.340753
42,0.320552
43,0.301218
44,0.282783
45,0.266036
46,0.250265
47,0.235777
48,0.223661
49,0.212428
50,0.202643
51,0.194973
52,0.188477
53,0.183024
54,0.179362
55,0.176344
56,0.17403
57,0.172691
58,0.171298
59,0.169811
60,0.168109
61,0.166321
62,0.164235
63,0.161908
64,0.159171
65,0.156152
66,0.152632
67,0.148677
68,0.144563
69,0.140417
70,0.135823
71,0.131055
72,0.126126
73,0.121374
74,0.116432
75,0.111904
76,0.107401
77,0.103187
78,0.0987494
79,0.094436
80,0.0903694
81,0.0864748
82,0.0827343
83,0.0792057
84,0.0757145
85,0.0720339
86,0.0683375
87,0.064779
88,0.0614127
89,0.0582036
90,0.0550419
91,0.0520597
92,0.049114
93,0.0462165
94,0.0434801
95,0.0409096
96,0.0386114
97,0.0361901
98,0.0339403
99,0.0316621
100,0.0294263
101,0.0273179
102,0.025568
103,0.0239124
104,0.0225612
105,0.0211622
106,0.019948
107,0.0186013
108,0.0174786
109,0.0161735
110,0.0152739
111,0.0141299
112,0.0132408
113,0.012084
114,0.0112859
115,0.0102139
116,0.00968606
117,0.00879282
118,0.00847099
119,0.00762179
120,0.00730259
121,0.00639478
122,0.00614345
123,0.00519217
124,0.00510186
125,0.00431336
126,0.00456246
127,0.00394833
128,0.00453159
129,0.00399698
130,0.00448205
131,0.00390819
132,0.00433843
133,0.00376943
134,0.00412454
135,0.00350706
136,0.003893
137,0.00330389
138,0.00387395
139,0.00334669
140,0.00399078
141,0.00352593
142,0.004093
143,0.0035705
144,0.00396952
145,0.00340648
146,0.0038219
147,0.00311077
148,0.00368217
149,0.0029247
150,0.00347387
151,0.0027777
152,0.00336614
153,0.00268222
154,0.00325355
155,0.00252985
156,0.00315447
157,0.00240181
158,0.00309805
159,0.00243906
160,0.00306995
161,0.00245402
162,0.00309897
163,0.00244303
164,0.0031223
165,0.00246005
166,0.00314252
167,0.0025643
168,0.00324611
169,0.00270999
170,0.00336806
171,0.00285193
172,0.0034314
173,0.00293508
174,0.00340214
175,0.00289327
176,0.00325767
177,0.00280124
178,0.00320113
179,0.00284838
180,0.00325802
181,0.00298942
182,0.00330869
183,0.00296672
184,0.00293314
185,0.00263812
186,0.00236152
187,0.0023644
188,0.00193513
189,0.00221128
190,0.00165824
191,0.00216376
192,0.00155086
193,0.00221368
194,0.00162291
195,0.0022225
196,0.00163838
197,0.00236978
198,0.00176389
199,0.00245357
200,0.00188669
201,0.00264098
202,0.00210069
203,0.00281895
204,0.00226449
205,0.00287467
206,0.00227549
207,0.00291391
208,0.00237873
209,0.00298236
210,0.002436
211,0.00305568
212,0.00247675
213,0.00307019
214,0.0025279
215,0.0031386
216,0.00259147
217,0.00322566
218,0.0026628
219,0.00330114
220,0.00284058
221,0.00344088
222,0.00300787
223,0.00356426
224,0.0032063
225,0.00376843
226,0.00351472
227,0.00403487
228,0.00374305
229,0.00411224
230,0.00358069
231,0.00374595
232,0.00296918
233,0.00327078
234,0.00250772
235,0.00296331
236,0.00232179
237,0.00284382
238,0.00222164
239,0.00282146
240,0.00223449
241,0.00276636
242,0.00215085
243,0.0027797
244,0.00212671
245,0.00274763
246,0.002134
247,0.00273797
248,0.00211045
249,0.00275605
250,0.00217361
251,0.00275362
252,0.00218627
253,0.00280267
254,0.00226996
255,0.00278412
256,0.00222113
257,0.00280577
258,0.00221412
259,0.00277925
260,0.0021878
261,0.00278539
262,0.00224704
263,0.00286798
264,0.00242211
265,0.00299121
266,0.00250628
267,0.00299253
268,0.00247101
269,0.00295405
270,0.0024079
271,0.0029021
272,0.00238103
273,0.00292076
274,0.00241412
275,0.00296542
276,0.00240989
277,0.00288235
278,0.00231931
279,0.00275878
280,0.00225117
281,0.00274862
282,0.00224673
283,0.00280226
284,0.00229706
285,0.00279946
286,0.00226639
287,0.00271541
288,0.0022594
289,0.00273592
290,0.00225953
291,0.00276506
292,0.00234832
293,0.00281609
294,0.00243305
295,0.00288681
296,0.00244274
297,0.00285644
298,0.00241231
299,0.0028347
300,0.00235212
301,0.00277875
302,0.00235904
303,0.00268928
304,0.00231863
305,0.00267851
306,0.00229493
307,0.00271033
308,0.00231408
309,0.00270898
310,0.00238171
311,0.00270239
312,0.00232356
313,0.00267007
314,0.00229688
315,0.00266483
316,0.00226264
317,0.00261724
318,0.00222936
319,0.00260032
320,0.00226288
321,0.0026404
322,0.00230886
323,0.00270149
324,0.00244845
325,0.00277785
326,0.00248501
327,0.00278896
328,0.00249596
329,0.00281124
330,0.00260276
331,0.00305243
332,0.00298603
333,0.00351684
334,0.00371818
335,0.00426419
336,0.00439871
337,0.00460993
338,0.00434914
339,0.00427107
340,0.00385274
341,0.00378842
342,0.00336108
343,0.00341002
344,0.00308893
345,0.00329103
346,0.00304287
347,0.00324768
348,0.0030859
349,0.00323768
350,0.00297583
351,0.00307073
352,0.00278005
353,0.00283105
354,0.00264622
355,0.00275433
356,0.00258552
357,0.00277613
358,0.00258761
359,0.00283127
360,0.00270781
361,0.00291642
362,0.00282025
363,0.00298872
364,0.00288798
365,0.00307056
366,0.00296433
367,0.00309548
368,0.00306437
369,0.00323702
370,0.00322046
371,0.00345852
372,0.00351663
373,0.00378865
374,0.00402375
375,0.0043492
376,0.00454411
377,0.00457389
378,0.0044886
379,0.00438237
380,0.00416492
381,0.00392495
382,0.00361683
383,0.00338959
384,0.00310377
385,0.002959
386,0.00278393
387,0.00273845
388,0.00262995
389,0.00260754
390,0.00252007
391,0.0024775
392,0.00239038
393,0.0023593
394,0.00241843
395,0.00260536
396,0.00291107
397,0.00333637
398,0.00363072
399,0.00398961
