2,1.00007
3,1.00001
4,1.00002
5,1.00011
6,1.00006
7,1.00002
8,1.00006
9,1.00027
10,1.00004
11,1.00005
12,1.00002
13,1.00023
14,1.00036
15,1.00145
16,1.00165
17,0.99995
18,0.999485
19,0.995616
20,0.998604
21,0.979747
22,0.93007
23,0.875264
24,0.823958
25,0.775594
26,0.731667
27,0.692282
28,0.656364
29,0.622937
30,0.59263
31,0.564217
32,0.537377
33,0.512209
34,0.488141
35,0.46454
36,0.442507
37,0.420677
38,0.399553
39,0.379353
40,0.359542
41,0.340086
42,0.322155
43,0.304965
44,0.288421
45,0.273131
46,0.258711
47,0.245005
48,0.233149
49,0.222348
50,0.212438
51,0.204456
52,0.197225
53,0.191237
54,0.186629
55,0.182931
56,0.179908
57,0.177693
58,0.175978
59,0.174128
60,0.172352
61,0.170464
62,0.168471
63,0.1663
64,0.163629
65,0.160652
66,0.157188
67,0.153305
68,0.149249
69,0.144977
70,0.140371
71,0.13564
72,0.13066
73,0.125879
74,0.121109
75,0.116472
76,0.11213
77,0.107822
78,0.103399
79,0.0990262
80,0.0948584
81,0.0908712
82,0.0870605
83,0.0833724
84,0.0798207
85,0.0759757
86,0.0722183
87,0.0685301
88,0.0651387
89,0.0618197
90,0.058577
91,0.0554682
92,0.0523944
93,0.0493258
94,0.0464249
95,0.0437366
96,0.0411838
97,0.0386963
98,0.0362778
99,0.0340085
100,0.031593
101,0.0294798
102,0.0275125
103,0.0258915
104,0.0243377
105,0.0228026
106,0.0213625
107,0.0199774
108,0.018663
109,0.0173775
110,0.0163259
111,0.0151531
112,0.0141393
113,0.0130671
114,0.0120887
115,0.0110269
116,0.0102331
117,0.00948717
118,0.00883751
119,0.00819695
120,0.00756857
121,0.00691257
122,0.0064074
123,0.00576801
124,0.00534277
125,0.00492596
126,0.00463976
127,0.00450629
128,0.00440844
129,0.00438995
130,0.00430706
131,0.00431025
132,0.00417771
133,0.0042425
134,0.00401191
135,0.00402008
136,0.00377277
137,0.00388631
138,0.00362332
139,0.00390278
140,0.00371032
141,0.00391954
142,0.00378344
143,0.00394784
144,0.00364897
145,0.00379569
146,0.00355562
147,0.00368024
148,0.0033632
149,0.00346704
150,0.0031197
151,0.00327866
152,0.00291623
153,0.00314513
154,0.00274985
155,0.00299111
156,0.00267882
157,0.00295333
158,0.0025295
159,0.0029217
160,0.00253244
161,0.00286274
162,0.00255938
163,0.00291947
164,0.00260047
165,0.00294124
166,0.00260909
167,0.0030266
168,0.00271383
169,0.00313138
170,0.00283737
171,0.00321542
172,0.00292063
173,0.00324764
174,0.00292199
175,0.00322809
176,0.00290242
177,0.00317404
178,0.00285928
179,0.00312095
180,0.00292312
181,0.00314382
182,0.00294339
183,0.00300354
184,0.00273993
185,0.00259266
186,0.00253738
187,0.00217279
188,0.0023225
189,0.00189018
190,0.00213728
191,0.00168295
192,0.00201831
193,0.00162892
194,0.00210944
195,0.00161013
196,0.00217726
197,0.00165687
198,0.00226481
199,0.00180004
200,0.00246064
201,0.00202729
202,0.00264384
203,0.00218868
204,0.00282014
205,0.0023023
206,0.0028662
207,0.00237067
208,0.00292391
209,0.00242088
210,0.0030009
211,0.00251221
212,0.00305121
213,0.00248171
214,0.00308682
215,0.00259378
216,0.00317111
217,0.00268281
218,0.00322172
219,0.00278378
220,0.0033539
221,0.00294322
222,0.00354364
223,0.00313139
224,0.00370226
225,0.00340075
226,0.00393441
227,0.00363142
228,0.00415206
229,0.00372535
230,0.00401993
231,0.00327227
232,0.0035368
233,0.00276213
234,0.00316409
235,0.0024359
236,0.00297836
237,0.00227232
238,0.00284927
239,0.00214568
240,0.00287765
241,0.00213498
242,0.0027999
243,0.00212079
244,0.00282003
245,0.00202409
246,0.00283172
247,0.00202862
248,0.00279761
249,0.00207107
250,0.00286784
251,0.00210196
252,0.0028663
253,0.00210849
254,0.00290318
255,0.00209742
256,0.00289057
257,0.00208597
258,0.00289824
259,0.00209211
260,0.00287649
261,0.00213138
262,0.00292718
263,0.00220728
264,0.00301063
265,0.00229413
266,0.00310712
267,0.00237151
268,0.00309492
269,0.00234152
270,0.00310485
271,0.00230178
272,0.0030803
273,0.00236287
274,0.00307473
275,0.00229
276,0.00300159
277,0.00219899
278,0.00296016
279,0.00213285
280,0.0028772
281,0.00208726
282,0.00289539
283,0.00213598
284,0.00291844
285,0.00214489
286,0.00292005
287,0.0021158
288,0.00291591
289,0.00210904
290,0.0028891
291,0.00215263
292,0.00295453
293,0.00222705
294,0.00302559
295,0.00223585
296,0.00301609
297,0.0022951
298,0.00299314
299,0.00225217
300,0.00296679
301,0.00219743
302,0.00292262
303,0.00216976
304,0.00291151
305,0.00210198
306,0.00287296
307,0.00213909
308,0.00287436
309,0.00216924
310,0.00290614
311,0.00214555
312,0.00289254
313,0.00211679
314,0.00282269
315,0.00211227
316,0.00279126
317,0.00208457
318,0.00279078
319,0.00205885
320,0.00280087
321,0.00214887
322,0.00279071
323,0.00223135
324,0.00288534
325,0.00227189
326,0.00291351
327,0.00235098
328,0.00294203
329,0.00243705
330,0.00311046
331,0.00276196
332,0.00342642
333,0.00329209
334,0.00398027
335,0.00399401
336,0.00460539
337,0.00435614
338,0.00449851
339,0.00397607
340,0.00411712
341,0.00354082
342,0.00373049
343,0.00315866
344,0.00350787
345,0.00300943
346,0.00338119
347,0.00295135
348,0.00330462
349,0.00290836
350,0.00322674
351,0.00275309
352,0.00310332
353,0.00257848
354,0.00297269
355,0.00257951
356,0.00291969
357,0.00255169
358,0.00289474
359,0.00261254
360,0.00292371
361,0.00270681
362,0.00304863
363,0.00275151
364,0.00312728
365,0.00293862
366,0.00312717
367,0.00298578
368,0.00327306
369,0.00312356
370,0.00342412
371,0.00341983
372,0.00375946
373,0.00377782
374,0.0042003
375,0.00433817
376,0.00462878
377,0.00450067
378,0.00450227
379,0.00423217
380,0.00414407
381,0.00383047
382,0.00367793
383,0.00330506
384,0.0032371
385,0.00293889
386,0.00288545
387,0.00267305
388,0.00272002
389,0.00253845
390,0.00255536
391,0.00235084
392,0.00241378
393,0.0023186
394,0.00245672
395,0.00259101
396,0.0029268
397,0.00322442
398,0.00356215
399,0.00392505
