2,-1.37607e-06
3,7.68025e-07
4,3.37098e-07
5,-3.53914e-06
6,-1.52374e-06
7,2.20302e-07
8,-1.90591e-06
9,-1.14631e-05
10,-1.06572e-06
11,-1.15846e-06
12,1.50892e-07
13,-1.0027e-05
14,-1.6473e-05
15,-7.14033e-05
16,-8.24382e-05
17,3.39812e-06
18,2.75022e-05
19,0.000228448
20,7.61287e-05
21,0.0010645
22,0.0036972
23,0.00663632
24,0.00942288
25,0.0120818
26,0.014528
27,0.0167504
28,0.018803
29,0.0207358
30,0.0225111
31,0.0241943
32,0.0258011
33,0.0273248
34,0.0287954
35,0.0302482
36,0.0316198
37,0.032987
38,0.0343202
39,0.0356067
40,0.0368765
41,0.0381311
42,0.0393022
43,0.0404348
44,0.0415334
45,0.0425627
46,0.0435436
47,0.0444854
48,0.0453201
49,0.0460943
50,0.0468166
51,0.0474253
52,0.0479888
53,0.0484792
54,0.0488856
55,0.0492373
56,0.0495465
57,0.0498063
58,0.0500339
59,0.0502691
60,0.050498
61,0.050733
62,0.0509728
63,0.0512232
64,0.0515029
65,0.0518013
66,0.0521285
67,0.0524818
68,0.0528446
69,0.0532217
70,0.0536181
71,0.0540227
72,0.0544426
73,0.0548505
74,0.0552568
75,0.0556558
76,0.0560347
77,0.0564124
78,0.0567962
79,0.057178
80,0.0575454
81,0.0579019
82,0.0582459
83,0.0585828
84,0.05891
85,0.0592568
86,0.0595959
87,0.0599319
88,0.0602477
89,0.0605597
90,0.0608651
91,0.0611626
92,0.0614566
93,0.061751
94,0.0620339
95,0.062303
96,0.0625617
97,0.062817
98,0.0630672
99,0.0633075
100,0.0635567
101,0.0637858
102,0.0640055
103,0.0642022
104,0.0643937
105,0.0645835
106,0.0647678
107,0.0649482
108,0.0651244
109,0.0652971
110,0.0654554
111,0.0656189
112,0.0657733
113,0.0659302
114,0.0660819
115,0.0662363
116,0.066375
117,0.066507
118,0.0666349
119,0.0667612
120,0.0668877
121,0.0670135
122,0.0671331
123,0.0672588
124,0.0673733
125,0.0674825
126,0.0675871
127,0.0676724
128,0.0677547
129,0.0678345
130,0.0679142
131,0.0679943
132,0.0680726
133,0.06815
134,0.0682366
135,0.0683147
136,0.0684022
137,0.0684755
138,0.0685542
139,0.0686163
140,0.0686906
141,0.0687539
142,0.0688223
143,0.0688921
144,0.0689712
145,0.0690453
146,0.069123
147,0.0692006
148,0.0692812
149,0.0693675
150,0.0694487
151,0.0695296
152,0.0696034
153,0.0696801
154,0.0697558
155,0.0698268
156,0.0699047
157,0.0699759
158,0.0700563
159,0.0701263
160,0.0702056
161,0.0702732
162,0.0703461
163,0.0704143
164,0.0704873
165,0.0705526
166,0.0706231
167,0.0706988
168,0.0707721
169,0.0708449
170,0.070918
171,0.0709857
172,0.0710554
173,0.0711242
174,0.0711866
175,0.0712494
176,0.0713107
177,0.0713714
178,0.0714333
179,0.0714976
180,0.0715625
181,0.071627
182,0.0716905
183,0.071749
184,0.0717925
185,0.071837
186,0.0718722
187,0.0719084
188,0.071946
189,0.0719833
190,0.0720205
191,0.0720638
192,0.0720982
193,0.0721486
194,0.0721851
195,0.0722264
196,0.0722648
197,0.0723046
198,0.0723416
199,0.0723826
200,0.0724169
201,0.0724534
202,0.0724946
203,0.072533
204,0.0725772
205,0.0726283
206,0.0726729
207,0.0727223
208,0.0727675
209,0.0728142
210,0.0728599
211,0.072906
212,0.0729534
213,0.0730062
214,0.073047
215,0.0730955
216,0.0731362
217,0.0731824
218,0.0732225
219,0.0732622
220,0.0733025
221,0.0733404
222,0.0733785
223,0.0734171
224,0.0734531
225,0.0734867
226,0.0735214
227,0.0735572
228,0.0735931
229,0.07364
230,0.0737001
231,0.0737732
232,0.073842
233,0.0739157
234,0.0739814
235,0.0740449
236,0.074108
237,0.0741585
238,0.0742162
239,0.0742653
240,0.0743142
241,0.0743662
242,0.0744196
243,0.0744731
244,0.0745254
245,0.0745737
246,0.0746263
247,0.074673
248,0.0747163
249,0.0747585
250,0.0747949
251,0.0748328
252,0.074873
253,0.0749123
254,0.0749574
255,0.0750028
256,0.0750486
257,0.0750962
258,0.0751429
259,0.075182
260,0.0752199
261,0.0752481
262,0.0752775
263,0.0753021
264,0.0753289
265,0.07536
266,0.0753914
267,0.0754303
268,0.0754686
269,0.0755133
270,0.0755526
271,0.0755971
272,0.0756334
273,0.0756731
274,0.0757155
275,0.0757619
276,0.0758075
277,0.0758568
278,0.0759068
279,0.0759618
280,0.0760142
281,0.0760679
282,0.0761225
283,0.0761688
284,0.0762081
285,0.076251
286,0.0762857
287,0.0763216
288,0.0763619
289,0.0763994
290,0.0764434
291,0.0764866
292,0.0765351
293,0.0765767
294,0.0766237
295,0.0766604
296,0.0767041
297,0.0767428
298,0.0767779
299,0.0768108
300,0.0768417
301,0.0768745
302,0.0769024
303,0.0769352
304,0.076969
305,0.0770036
306,0.0770386
307,0.0770731
308,0.0771139
309,0.0771472
310,0.0771909
311,0.0772204
312,0.0772579
313,0.077282
314,0.0773125
315,0.0773372
316,0.0773659
317,0.0773952
318,0.0774333
319,0.0774714
320,0.0775142
321,0.0775582
322,0.0776021
323,0.0776465
324,0.0776937
325,0.0777333
326,0.0777712
327,0.0778129
328,0.0778459
329,0.0778979
330,0.0779463
331,0.0780031
332,0.0780652
333,0.0781292
334,0.0781923
335,0.0782628
336,0.0783224
337,0.0783628
338,0.0783822
339,0.0783943
340,0.0784083
341,0.0784195
342,0.0784347
343,0.0784459
344,0.0784715
345,0.0784951
346,0.0785255
347,0.0785536
348,0.0785825
349,0.0786128
350,0.0786372
351,0.0786591
352,0.0786852
353,0.0787024
354,0.0787315
355,0.078761
356,0.0787872
357,0.0788209
358,0.0788516
359,0.0788904
360,0.0789234
361,0.0789662
362,0.0789984
363,0.0790361
364,0.0790725
365,0.079114
366,0.0791433
367,0.0791846
368,0.0792175
369,0.0792621
370,0.0793014
371,0.0793508
372,0.0793986
373,0.0794485
374,0.0795058
375,0.0795603
376,0.0796066
377,0.079637
378,0.0796564
379,0.079672
380,0.0796814
381,0.0796902
382,0.0796933
383,0.0796991
384,0.0797043
385,0.0797152
386,0.0797205
387,0.0797362
388,0.0797519
389,0.0797687
390,0.0797837
391,0.0797859
392,0.0797946
393,0.0797831
394,0.0797811
395,0.0797654
396,0.0797493
397,0.0797363
398,0.079728
399,0.079721
