2,1.42667e-06
3,-1.35518e-07
4,3.5599e-06
5,3.4031e-08
6,-4.42653e-06
7,-3.78672e-06
8,2.05159e-06
9,-8.57912e-06
10,-6.70255e-06
11,3.73342e-06
12,1.57881e-05
13,1.10923e-05
14,-1.89743e-05
15,-6.85231e-05
16,-4.3491e-05
17,-2.38826e-05
18,-2.17831e-05
19,0.000189154
20,6.70429e-05
21,0.00117474
22,0.00393129
23,0.0069459
24,0.00977257
25,0.0124682
26,0.0149652
27,0.0172568
28,0.0193646
29,0.021324
30,0.0231341
31,0.0248385
32,0.0264465
33,0.0279403
34,0.0294046
35,0.0308209
36,0.0321387
37,0.0334182
38,0.0346887
39,0.0358938
40,0.0370687
41,0.0382197
42,0.0392989
43,0.040356
44,0.0413837
45,0.0423209
46,0.0432345
47,0.0441231
48,0.0448975
49,0.0456502
50,0.0463473
51,0.046958
52,0.0475105
53,0.0480277
54,0.0484506
55,0.0488354
56,0.049178
57,0.049458
58,0.0497238
59,0.0499777
60,0.0502102
61,0.0504604
62,0.0507064
63,0.0509481
64,0.0512318
65,0.051518
66,0.0518349
67,0.0521926
68,0.0525624
69,0.0529316
70,0.05333
71,0.0537362
72,0.0541515
73,0.0545615
74,0.054969
75,0.0553648
76,0.055741
77,0.0561196
78,0.0565033
79,0.0568907
80,0.0572604
81,0.0576236
82,0.0579714
83,0.0583151
84,0.0586493
85,0.0589961
86,0.0593436
87,0.0596862
88,0.0600091
89,0.0603276
90,0.0606357
91,0.0609405
92,0.0612437
93,0.0615492
94,0.0618416
95,0.0621209
96,0.0623854
97,0.0626485
98,0.0629035
99,0.0631583
100,0.0634031
101,0.0636487
102,0.0638674
103,0.0640804
104,0.0642753
105,0.0644735
106,0.0646646
107,0.0648568
108,0.0650405
109,0.0652201
110,0.065381
111,0.0655467
112,0.0657076
113,0.0658699
114,0.0660269
115,0.0661805
116,0.0663266
117,0.0664632
118,0.0665975
119,0.0667245
120,0.0668514
121,0.0669762
122,0.0671002
123,0.067227
124,0.0673387
125,0.0674518
126,0.0675509
127,0.0676518
128,0.0677311
129,0.0678131
130,0.067895
131,0.0679736
132,0.0680541
133,0.0681315
134,0.0682152
135,0.0682944
136,0.0683827
137,0.0684569
138,0.0685338
139,0.0686041
140,0.0686756
141,0.0687421
142,0.0688172
143,0.0688849
144,0.0689637
145,0.0690363
146,0.0691153
147,0.0691864
148,0.0692706
149,0.0693511
150,0.0694394
151,0.069523
152,0.0695996
153,0.0696795
154,0.0697519
155,0.0698315
156,0.0699018
157,0.0699775
158,0.0700506
159,0.0701245
160,0.070197
161,0.0702748
162,0.0703434
163,0.0704181
164,0.0704862
165,0.0705556
166,0.0706303
167,0.0707011
168,0.0707713
169,0.0708443
170,0.0709136
171,0.0709852
172,0.071051
173,0.0711233
174,0.0711855
175,0.0712495
176,0.0713146
177,0.0713733
178,0.0714395
179,0.0714986
180,0.071563
181,0.0716289
182,0.0716917
183,0.0717444
184,0.0717932
185,0.0718336
186,0.0718734
187,0.0719102
188,0.0719472
189,0.0719858
190,0.0720222
191,0.0720632
192,0.072101
193,0.0721422
194,0.0721825
195,0.0722213
196,0.0722654
197,0.0723007
198,0.0723403
199,0.0723784
200,0.07242
201,0.0724544
202,0.0724939
203,0.0725313
204,0.0725762
205,0.072623
206,0.0726721
207,0.0727191
208,0.072762
209,0.0728104
210,0.0728576
211,0.0729049
212,0.0729521
213,0.0730047
214,0.0730459
215,0.073092
216,0.0731357
217,0.0731805
218,0.0732189
219,0.073264
220,0.0732964
221,0.0733409
222,0.0733721
223,0.0734143
224,0.0734464
225,0.0734871
226,0.0735163
227,0.0735583
228,0.0735882
229,0.073638
230,0.0736992
231,0.073771
232,0.0738378
233,0.0739076
234,0.0739773
235,0.0740365
236,0.0741022
237,0.0741545
238,0.074211
239,0.0742642
240,0.0743169
241,0.074371
242,0.0744186
243,0.074472
244,0.0745232
245,0.0745736
246,0.0746194
247,0.0746645
248,0.0747092
249,0.0747518
250,0.0747935
251,0.0748326
252,0.0748758
253,0.0749165
254,0.0749589
255,0.0750053
256,0.0750496
257,0.0750886
258,0.0751364
259,0.0751742
260,0.0752134
261,0.0752453
262,0.0752733
263,0.0753035
264,0.0753343
265,0.0753649
266,0.0753966
267,0.0754291
268,0.075471
269,0.0755079
270,0.0755523
271,0.0755861
272,0.0756282
273,0.0756677
274,0.0757172
275,0.0757613
276,0.0758101
277,0.0758621
278,0.07591
279,0.075964
280,0.0760161
281,0.0760638
282,0.076117
283,0.076161
284,0.0762068
285,0.0762474
286,0.076283
287,0.0763234
288,0.0763631
289,0.0764048
290,0.0764462
291,0.076491
292,0.0765339
293,0.076576
294,0.0766237
295,0.0766598
296,0.0767038
297,0.0767389
298,0.0767785
299,0.0768118
300,0.0768431
301,0.076874
302,0.0769055
303,0.0769382
304,0.0769726
305,0.0770051
306,0.0770386
307,0.0770751
308,0.0771143
309,0.077151
310,0.0771867
311,0.0772184
312,0.0772517
313,0.0772831
314,0.0773105
315,0.0773346
316,0.0773676
317,0.0774005
318,0.0774378
319,0.0774774
320,0.0775179
321,0.0775567
322,0.0776024
323,0.077646
324,0.0776899
325,0.0777304
326,0.0777679
327,0.0778068
328,0.0778553
329,0.077902
330,0.0779529
331,0.078013
332,0.0780686
333,0.0781347
334,0.078196
335,0.0782608
336,0.0783189
337,0.0783615
338,0.0783777
339,0.0783961
340,0.0784048
341,0.0784227
342,0.0784346
343,0.0784533
344,0.0784756
345,0.0784973
346,0.0785229
347,0.0785529
348,0.0785778
349,0.0786072
350,0.0786331
351,0.0786568
352,0.0786845
353,0.07871
354,0.0787386
355,0.0787647
356,0.0787972
357,0.0788231
358,0.078859
359,0.0788914
360,0.078926
361,0.0789629
362,0.0789996
363,0.0790404
364,0.0790735
365,0.0791113
366,0.0791485
367,0.0791878
368,0.0792244
369,0.0792658
370,0.0793066
371,0.0793592
372,0.0794051
373,0.079459
374,0.0795111
375,0.0795667
376,0.0796092
377,0.0796394
378,0.079654
379,0.0796684
380,0.0796791
381,0.0796838
382,0.0796961
383,0.0796996
384,0.0797097
385,0.0797169
386,0.0797249
387,0.0797401
388,0.0797511
389,0.0797646
390,0.0797722
391,0.0797804
392,0.0797875
393,0.0797786
394,0.0797767
395,0.0797631
396,0.0797511
397,0.0797406
398,0.0797303
399,0.0797288
