2,1
3,1.00004
4,0.999946
5,1.00003
6,1.00013
7,1.00011
8,0.999981
9,1.00021
10,1.00017
11,0.999947
12,0.999699
13,0.999799
14,1.00041
15,1.00139
16,1.00087
17,1.00049
18,1.00045
19,0.996372
20,0.998772
21,0.97765
22,0.925641
23,0.869446
24,0.817425
25,0.768418
26,0.72359
27,0.68298
28,0.6461
29,0.612239
30,0.581355
31,0.552614
32,0.525803
33,0.50122
34,0.477313
35,0.454403
36,0.433357
37,0.413103
38,0.393105
39,0.374353
40,0.356202
41,0.338556
42,0.322212
43,0.306322
44,0.290983
45,0.277258
46,0.263967
47,0.251154
48,0.240297
49,0.229846
50,0.220329
51,0.212299
52,0.205232
53,0.198771
54,0.193861
55,0.189598
56,0.186
57,0.183447
58,0.181081
59,0.178916
60,0.177067
61,0.174923
62,0.172813
63,0.170778
64,0.168024
65,0.16524
66,0.161918
67,0.15797
68,0.153782
69,0.149631
70,0.144977
71,0.140227
72,0.135295
73,0.130486
74,0.125674
75,0.121089
76,0.116767
77,0.112453
78,0.108004
79,0.103551
80,0.0993196
81,0.0952399
82,0.0913427
83,0.0875639
84,0.0838756
85,0.0800447
86,0.0761351
87,0.0723527
88,0.0688222
89,0.0654211
90,0.0621158
91,0.0589034
92,0.0556576
93,0.0524375
94,0.0493668
95,0.0465293
96,0.0438764
97,0.041277
98,0.0387709
99,0.0362813
100,0.0339262
101,0.0315633
102,0.0296089
103,0.0277221
104,0.0261462
105,0.0244581
106,0.0229585
107,0.0213248
108,0.0199674
109,0.0184973
110,0.0174878
111,0.0161748
112,0.0151845
113,0.0138882
114,0.0129555
115,0.0117536
116,0.0110189
117,0.0100216
118,0.00947518
119,0.00858017
120,0.00819807
121,0.00728008
122,0.00697183
123,0.00601497
124,0.00593879
125,0.00507109
126,0.00523985
127,0.0044895
128,0.00491685
129,0.00439378
130,0.00473593
131,0.00424892
132,0.00466998
133,0.00412592
134,0.00451719
135,0.00393207
136,0.00429353
137,0.00373912
138,0.00417239
139,0.0037192
140,0.00420848
141,0.00370544
142,0.00418784
143,0.00368518
144,0.00408197
145,0.00353764
146,0.00394713
147,0.00339649
148,0.00382611
149,0.00313638
150,0.00355961
151,0.00282681
152,0.00336757
153,0.00267727
154,0.00324397
155,0.00249835
156,0.00312922
157,0.00244123
158,0.00305638
159,0.00239626
160,0.00302446
161,0.00240788
162,0.00302345
163,0.0024125
164,0.00304077
165,0.00244484
166,0.00309256
167,0.0025479
168,0.00307306
169,0.00267645
170,0.00320682
171,0.00269473
172,0.00320437
173,0.00284913
174,0.00324939
175,0.00282702
176,0.00324243
177,0.00281088
178,0.0031738
179,0.00282394
180,0.00314239
181,0.00289026
182,0.00304902
183,0.00283218
184,0.00272575
185,0.00274305
186,0.00239941
187,0.00249689
188,0.00203195
189,0.00227567
190,0.00172485
191,0.00211618
192,0.0015959
193,0.00209249
194,0.00150903
195,0.00210372
196,0.00158756
197,0.0021974
198,0.00166897
199,0.0022981
200,0.00184014
201,0.00247541
202,0.00206313
203,0.00270385
204,0.00224347
205,0.00283853
206,0.00235062
207,0.00285456
208,0.00245208
209,0.00297716
210,0.00249073
211,0.00297262
212,0.0025579
213,0.00300712
214,0.00260764
215,0.00307852
216,0.00268179
217,0.00313612
218,0.00278034
219,0.00322585
220,0.00296861
221,0.0033882
222,0.00316127
223,0.00356129
224,0.00336084
225,0.00376502
226,0.00360974
227,0.0039851
228,0.00386509
229,0.00409722
230,0.00363417
231,0.00369638
232,0.00314445
233,0.00331207
234,0.0026943
235,0.00300484
236,0.00244643
237,0.00286704
238,0.00236085
239,0.00272645
240,0.00228197
241,0.00270137
242,0.00226244
243,0.0026518
244,0.0022149
245,0.00265932
246,0.00222486
247,0.0026223
248,0.0022475
249,0.00267242
250,0.002245
251,0.00266774
252,0.00227267
253,0.00268012
254,0.00230377
255,0.0027012
256,0.00231622
257,0.00270698
258,0.00230621
259,0.00266543
260,0.00229917
261,0.00268314
262,0.00236147
263,0.00278152
264,0.00242071
265,0.00279813
266,0.00253869
267,0.00291015
268,0.00256313
269,0.00291736
270,0.00258344
271,0.00288862
272,0.00255983
273,0.00290139
274,0.00253055
275,0.00279921
276,0.00246069
277,0.00273939
278,0.00240905
279,0.0026508
280,0.00234188
281,0.0026241
282,0.00232945
283,0.00266142
284,0.0024012
285,0.00268227
286,0.00240392
287,0.002647
288,0.00238065
289,0.00263468
290,0.00243416
291,0.00269403
292,0.00244938
293,0.00271227
294,0.00251634
295,0.0027116
296,0.00254991
297,0.00271852
298,0.00253747
299,0.00272257
300,0.00249276
301,0.00269928
302,0.0024607
303,0.00264772
304,0.00248214
305,0.00260292
306,0.00239973
307,0.00260221
308,0.00241961
309,0.00259695
310,0.00243926
311,0.00259716
312,0.00243144
313,0.002566
314,0.0023878
315,0.00253466
316,0.00235017
317,0.00252323
318,0.0023688
319,0.00251839
320,0.00238814
321,0.00252295
322,0.00241118
323,0.00261637
324,0.00247926
325,0.00261029
326,0.00251898
327,0.00264677
328,0.00263021
329,0.0028284
330,0.00280599
331,0.00309047
332,0.00320664
333,0.00357118
334,0.00378279
335,0.00415651
336,0.00437436
337,0.0045127
338,0.00427265
339,0.00417163
340,0.00388693
341,0.00375879
342,0.0035147
343,0.00343803
344,0.00327258
345,0.00323356
346,0.00317272
347,0.00317429
348,0.00303806
349,0.00310142
350,0.00297061
351,0.00293174
352,0.0028951
353,0.00286314
354,0.00280988
355,0.00281524
356,0.00276648
357,0.00277662
358,0.00275342
359,0.00278672
360,0.0027717
361,0.00283988
362,0.00286857
363,0.00298228
364,0.00296053
365,0.00305665
366,0.00304169
367,0.00315312
368,0.0031753
369,0.0032727
370,0.00337718
371,0.00360238
372,0.0037142
373,0.00398025
374,0.00417199
375,0.00446977
376,0.0045835
377,0.00459912
378,0.00442115
379,0.00425895
380,0.0040368
381,0.00381795
382,0.00362411
383,0.00337843
384,0.00321896
385,0.00301642
386,0.00286023
387,0.0027636
388,0.00267334
389,0.00254323
390,0.00245372
391,0.00240962
392,0.00233198
393,0.00233993
394,0.00246613
395,0.00261538
396,0.00287924
397,0.00318396
398,0.00353904
399,0.00385071
