2,0.00786271
3,0.0220964
4,0.0326917
5,0.0392363
6,0.0427177
7,0.0444915
8,0.0455495
9,0.0463687
10,0.0470996
11,0.0477724
12,0.0483928
13,0.0489667
14,0.0494998
15,0.0499985
16,0.0504678
17,0.050911
18,0.0513328
19,0.0517359
20,0.0521208
21,0.0524883
22,0.0528389
23,0.0531744
24,0.0534976
25,0.053811
26,0.0541144
27,0.0544053
28,0.0546848
29,0.0549565
30,0.0552221
31,0.0554829
32,0.0557397
33,0.0559913
34,0.0562358
35,0.0564711
36,0.0566965
37,0.0569166
38,0.0571326
39,0.0573428
40,0.0575479
41,0.0577487
42,0.0579465
43,0.0581444
44,0.0583416
45,0.0585348
46,0.0587233
47,0.0589055
48,0.0590825
49,0.0592578
50,0.0594351
51,0.059616
52,0.0597922
53,0.0599592
54,0.0601202
55,0.0602762
56,0.0604283
57,0.0605774
58,0.0607244
59,0.0608705
60,0.0610156
61,0.0611591
62,0.0612985
63,0.0614337
64,0.0615703
65,0.0617092
66,0.0618456
67,0.0619802
68,0.0621165
69,0.0622506
70,0.0623824
71,0.0625063
72,0.0626194
73,0.0627433
74,0.0628791
75,0.0630071
76,0.0631209
77,0.0632278
78,0.0633378
79,0.0634518
80,0.0635655
81,0.0636767
82,0.0637858
83,0.0638963
84,0.0640111
85,0.0641246
86,0.0642334
87,0.0643388
88,0.0644429
89,0.0645477
90,0.0646533
91,0.0647585
92,0.0648607
93,0.0649582
94,0.065051
95,0.0651411
96,0.0652296
97,0.0653187
98,0.0654104
99,0.0655043
100,0.0655997
101,0.0656964
102,0.0657943
103,0.0658925
104,0.0659891
105,0.0660814
106,0.0661722
107,0.0662626
108,0.0663517
109,0.0664413
110,0.0665318
111,0.0666203
112,0.0667029
113,0.0667791
114,0.0668538
115,0.0669314
116,0.0670123
117,0.0670959
118,0.0671812
119,0.0672657
120,0.0673504
121,0.0674348
122,0.0675277
123,0.0676081
124,0.0676607
125,0.067728
126,0.0678095
127,0.0678882
128,0.0679712
129,0.0680546
130,0.0681321
131,0.0682035
132,0.0682727
133,0.068344
134,0.0684181
135,0.068492
136,0.0685657
137,0.0686395
138,0.0687137
139,0.0687878
140,0.0688617
141,0.0689355
142,0.0690091
143,0.0690803
144,0.0691524
145,0.0692259
146,0.0692913
147,0.0693468
148,0.0694014
149,0.0694619
150,0.0695267
151,0.0695916
152,0.0696569
153,0.0697219
154,0.0697849
155,0.0698458
156,0.0699055
157,0.0699666
158,0.0700323
159,0.0700989
160,0.0701653
161,0.0702314
162,0.0702951
163,0.0703602
164,0.0704281
165,0.0704977
166,0.0705667
167,0.0706327
168,0.0706957
169,0.0707537
170,0.0708073
171,0.0708615
172,0.0709168
173,0.070974
174,0.0710351
175,0.0710982
176,0.0711611
177,0.0712209
178,0.0712798
179,0.0713366
180,0.0713841
181,0.0714266
182,0.0714732
183,0.0715295
184,0.0715918
185,0.0716472
186,0.0716929
187,0.0717379
188,0.0717927
189,0.0718515
190,0.0719063
191,0.0719646
192,0.0720283
193,0.0720888
194,0.0721379
195,0.0721767
196,0.072215
197,0.0722637
198,0.0723222
199,0.0723848
200,0.0724485
201,0.0725082
202,0.0725657
203,0.072623
204,0.0726756
205,0.0727252
206,0.0727776
207,0.0728291
208,0.0728776
209,0.0729253
210,0.0729712
211,0.0730122
212,0.0730512
213,0.0730934
214,0.0731418
215,0.0731954
216,0.0732505
217,0.0733038
218,0.0733543
219,0.073403
220,0.0734536
221,0.0735121
222,0.0735683
223,0.0736055
224,0.0736361
225,0.0736814
226,0.0737317
227,0.0737822
228,0.0738358
229,0.0738898
230,0.0739465
231,0.074
232,0.0740461
233,0.0740895
234,0.0741335
235,0.0741776
236,0.0742219
237,0.074264
238,0.0743022
239,0.0743385
240,0.074377
241,0.0744202
242,0.0744657
243,0.0745126
244,0.0745593
245,0.0746042
246,0.0746479
247,0.0746891
248,0.074726
249,0.0747611
250,0.0747969
251,0.0748358
252,0.0748812
253,0.0749281
254,0.0749737
255,0.0750165
256,0.0750548
257,0.07509
258,0.0751245
259,0.0751603
260,0.0751994
261,0.0752406
262,0.0752822
263,0.0753278
264,0.0753785
265,0.0754288
266,0.0754735
267,0.0755149
268,0.0755569
269,0.0755994
270,0.0756418
271,0.0756831
272,0.0757211
273,0.0757569
274,0.0757929
275,0.0758295
276,0.0758638
277,0.0758955
278,0.0759288
279,0.0759662
280,0.0760088
281,0.0760551
282,0.0760988
283,0.076136
284,0.0761693
285,0.076204
286,0.0762403
287,0.0762778
288,0.0763208
289,0.0763654
290,0.0764045
291,0.0764407
292,0.076477
293,0.0765159
294,0.0765607
295,0.0766069
296,0.0766471
297,0.0766834
298,0.0767203
299,0.0767586
300,0.0767978
301,0.0768339
302,0.0768651
303,0.0768954
304,0.0769286
305,0.0769626
306,0.0769964
307,0.0770326
308,0.07707
309,0.0771049
310,0.0771395
311,0.0771773
312,0.0772152
313,0.0772533
314,0.0772917
315,0.0773294
316,0.0773694
317,0.0774124
318,0.0774561
319,0.0774961
320,0.0775291
321,0.0775568
322,0.0775839
323,0.077614
324,0.077646
325,0.077679
326,0.0777125
327,0.0777423
328,0.0777693
329,0.0777971
330,0.0778291
331,0.0778676
332,0.0779081
333,0.0779466
334,0.077984
335,0.0780198
336,0.0780537
337,0.0780871
338,0.0781222
339,0.0781601
340,0.0781978
341,0.0782276
342,0.0782598
343,0.0783063
344,0.0783459
345,0.0783667
346,0.0783767
347,0.0783902
348,0.0784159
349,0.0784475
350,0.0784822
351,0.0785178
352,0.0785506
353,0.0785815
354,0.0786124
355,0.0786439
356,0.0786766
357,0.0787122
358,0.0787495
359,0.0787808
360,0.0788051
361,0.0788288
362,0.0788581
363,0.0788935
364,0.0789316
365,0.0789687
366,0.0790028
367,0.0790309
368,0.0790554
369,0.0790814
370,0.0791108
371,0.0791432
372,0.0791769
373,0.0792126
374,0.0792477
375,0.0792809
376,0.0793115
377,0.0793403
378,0.0793702
379,0.0794006
380,0.0794314
381,0.0794642
382,0.0794954
383,0.079525
384,0.0795661
385,0.0796067
386,0.079622
387,0.0796313
388,0.0796535
389,0.0796803
390,0.0797086
391,0.0797413
392,0.0797787
393,0.0798162
394,0.0798497
395,0.0798756
396,0.0798945
397,0.079914
398,0.0799355
399,0.0799486
