2,0.855993
3,0.634653
4,0.53826
5,0.496317
6,0.445217
7,0.397421
8,0.346045
9,0.296078
10,0.249433
11,0.207407
12,0.171234
13,0.141107
14,0.116539
15,0.0964933
16,0.0803394
17,0.0682109
18,0.0589561
19,0.0517378
20,0.0463379
21,0.0423334
22,0.038969
23,0.035891
24,0.033019
25,0.0305836
26,0.0280473
27,0.0260255
28,0.0239631
29,0.0223423
30,0.0207226
31,0.0193314
32,0.0179633
33,0.0167605
34,0.0155767
35,0.0146262
36,0.0136557
37,0.0129135
38,0.0121405
39,0.0114239
40,0.0107337
41,0.0101024
42,0.00948024
43,0.00890569
44,0.00837328
45,0.00786196
46,0.00737311
47,0.00695564
48,0.00654681
49,0.00619679
50,0.0058886
51,0.00555084
52,0.00525204
53,0.00494562
54,0.00467523
55,0.00442638
56,0.00417874
57,0.00397404
58,0.00372326
59,0.00354409
60,0.00325878
61,0.00307613
62,0.00278238
63,0.0025856
64,0.00233374
65,0.00217681
66,0.00205021
67,0.00200759
68,0.00208118
69,0.00223048
70,0.00246796
71,0.00259078
72,0.00271876
73,0.0027456
74,0.00279658
75,0.0027541
76,0.00263091
77,0.00238359
78,0.00220086
79,0.0020786
80,0.00205207
81,0.00200146
82,0.00188243
83,0.0017673
84,0.00162074
85,0.00152085
86,0.00145393
87,0.00143146
88,0.00142674
89,0.00142417
90,0.00139959
91,0.00133809
92,0.00126225
93,0.00118932
94,0.00113942
95,0.00109906
96,0.00105515
97,0.00100974
98,0.000971285
99,0.000940974
100,0.000946019
101,0.000946874
102,0.000954617
103,0.000949974
104,0.000949769
105,0.000943757
106,0.000946814
107,0.000965051
108,0.000885759
109,0.000356362
110,0.000676447
111,0.000897518
112,0.000944346
113,0.000945399
114,0.000937579
115,0.000951892
116,0.000950903
117,0.000933746
118,0.000899479
119,0.000883415
120,0.000866143
121,0.000859814
122,0.00087361
123,0.000878296
124,0.000873035
125,0.000924468
126,0.000889853
127,0.000877641
128,0.000874933
129,0.000851569
130,0.000856761
131,0.000847652
132,0.000861533
133,0.00085477
134,0.000860554
135,0.000838154
136,0.000142134
137,0.000570699
138,0.000841943
139,0.000831826
140,0.000849857
141,0.000837832
142,0.000858343
143,0.000842342
144,0.00024129
145,0.000739788
146,0.000870013
147,0.000837051
148,0.000840626
149,0.000853292
150,0.000847084
151,0.000863196
152,0.000874437
153,0.000880121
154,0.000871125
155,0.00090993
156,0.000928118
157,0.000938141
158,0.00092201
159,0.000900633
160,0.00087524
161,0.000873191
162,0.000843882
163,0.00083502
164,0.000822568
165,0.000845958
166,0.000861016
167,0.000875354
168,0.00086286
169,0.000868872
170,0.0008486
171,0.000229455
172,0.000577323
173,0.000824444
174,0.000819979
175,0.000834186
176,0.000855801
177,0.000867594
178,0.000851068
179,0.000244724
180,0.000600766
181,0.000812307
182,0.000834046
183,0.000844987
184,0.000818675
185,0.000821818
186,0.000837785
187,0.000893303
188,0.000888366
189,0.000874263
190,0.000871131
191,0.000853904
192,0.000815645
193,0.000825676
194,0.00083637
195,0.0008874
196,0.00092968
197,0.000966111
198,0.000914796
199,0.000370758
200,0.000666114
201,0.000861201
202,0.000829628
203,0.000839834
204,0.000842201
205,0.00084616
206,0.000847581
207,0.000306158
208,0.000595725
209,0.000838998
210,0.000821172
211,0.000822617
212,0.000804095
213,0.000195751
214,0.000651359
215,0.000837439
216,0.000813644
217,0.000799029
218,0.000794717
219,0.000791928
220,0.000789453
221,0.000795759
222,0.000809868
223,0.000786968
224,0.000835042
225,0.000799915
226,0.000783283
227,0.000780265
228,0.000788179
229,0.000802539
230,0.000852269
231,0.000899415
232,0.000908095
233,0.000916931
234,0.000921297
235,0.000921733
236,0.000897677
237,0.00085692
238,0.000824857
239,0.000798325
240,0.000785117
241,0.000785293
242,0.000786693
243,0.000789877
244,0.000792648
245,0.000801015
246,0.000807229
247,0.000800823
248,0.00078681
249,0.000780971
250,0.000780823
251,0.00078455
252,0.000777104
253,0.000777277
254,0.00077162
255,0.00077674
256,0.000773545
257,0.000790865
258,0.000788582
259,0.00023567
260,0.000574558
261,0.000799711
262,0.000808665
263,0.000840071
264,0.000822671
265,0.000787903
266,0.000764407
267,0.000769579
268,0.000765237
269,0.000783324
270,0.000780465
271,0.000203572
272,0.000574808
273,0.000782939
274,0.00078303
275,0.000782651
276,0.000783848
277,0.000792392
278,0.000805119
279,0.000811592
280,0.000802004
281,0.000800516
282,0.000792135
283,0.000799162
284,0.000793728
285,0.000807133
286,0.00080083
287,0.000800471
288,0.000781274
289,0.000218897
290,0.000668833
291,0.000780831
292,0.000781344
293,0.000783529
294,0.000775986
295,0.000780486
296,0.000789486
297,0.00078244
298,0.000794434
299,0.00082002
300,0.000836111
301,0.000815318
302,0.000785568
303,0.000774536
304,0.000770387
305,0.000765308
306,0.000765538
307,0.000762931
308,0.000763776
309,0.000757893
310,0.000764967
311,0.000767559
312,0.000780682
313,0.000780383
314,0.000777545
315,0.000764252
316,0.000808957
317,0.000849801
318,0.000444329
319,0.000735048
320,0.000818294
321,0.00080635
322,0.00079466
323,0.000786496
324,0.000769751
325,0.000763398
326,0.000755526
327,0.000747832
328,0.000740331
329,0.000742154
330,0.000739611
331,0.000747319
332,0.000755615
333,0.000774004
334,0.000784173
335,0.000796455
336,0.000805931
337,0.000830691
338,0.000834879
339,0.000848697
340,0.00086387
341,0.000853928
342,0.000847451
343,0.000939159
344,0.000979847
345,0.000521671
346,0.000675602
347,0.000735355
348,0.000739039
349,0.000742666
350,0.000740143
351,0.000737269
352,0.000742932
353,0.000747997
354,0.00075818
355,0.000757239
356,0.000764456
357,0.000764569
358,0.000779822
359,0.000779138
360,0.000779166
361,0.000768062
362,0.000268265
363,0.000601969
364,0.000768383
365,0.000772317
366,0.000775314
367,0.000765557
368,0.000759887
369,0.000753683
370,0.00075529
371,0.000749061
372,0.000747121
373,0.000741102
374,0.00074635
375,0.000742718
376,0.00075032
377,0.000759351
378,0.000758681
379,0.000756794
380,0.000761304
381,0.00076318
382,0.000967203
383,0.00132881
384,0.00160348
385,0.00145214
386,0.00129234
387,0.00126322
388,0.00125211
389,0.00125232
390,0.00125138
391,0.00125047
392,0.00125192
393,0.0012606
394,0.00127007
395,0.00126242
396,0.00125196
397,0.00124913
398,0.00124699
399,0.00127736
