2,0.790495
3,0.444365
4,0.211039
5,0.0828165
6,0.0271496
7,0.00893019
8,0.00463635
9,0.00363931
10,0.00305974
11,0.00252341
12,0.00193944
13,0.00151153
14,0.00146909
15,0.00146435
16,0.00142104
17,0.00125988
18,0.00104949
19,0.000978339
20,0.000922775
21,0.00102882
22,0.00114092
23,0.00117565
24,0.0011821
25,0.00117379
26,0.00115807
27,0.00116199
28,0.00119057
29,0.00121072
30,0.0012172
31,0.00119898
32,0.00115728
33,0.00110568
34,0.00107595
35,0.00095665
36,0.00083543
37,0.000843774
38,0.000859117
39,0.000859659
40,0.000888235
41,0.000931404
42,0.000969723
43,0.00098769
44,0.000998455
45,0.000937208
46,0.000815048
47,0.000812104
48,0.000813729
49,0.000776746
50,0.000746476
51,0.000748647
52,0.000800981
53,0.000823898
54,0.000810962
55,0.000802683
56,0.000875541
57,0.000919319
58,0.000945079
59,0.000950514
60,0.000954632
61,0.000945588
62,0.000945302
63,0.000934758
64,0.000941271
65,0.000929994
66,0.000960631
67,0.00104195
68,0.00104585
69,0.000992678
70,0.00097463
71,0.000896257
72,0.000752728
73,0.000711811
74,0.000715801
75,0.000765231
76,0.000768633
77,0.000726288
78,0.000717985
79,0.000730318
80,0.000745349
81,0.000752884
82,0.00076803
83,0.000777718
84,0.000766783
85,0.000799986
86,0.000862916
87,0.000926093
88,0.000955754
89,0.0009676
90,0.000969073
91,0.000932046
92,0.000833061
93,0.000707678
94,0.0005654
95,0.000584985
96,0.000683476
97,0.000745619
98,0.000781231
99,0.000791968
100,0.000794387
101,0.000796558
102,0.000801031
103,0.000797419
104,0.000790894
105,0.000779114
106,0.000755043
107,0.000731429
108,0.000732731
109,0.000723541
110,0.000708058
111,0.000713437
112,0.000686684
113,0.000673972
114,0.00070002
115,0.000741888
116,0.000719019
117,0.000649781
118,0.000658622
119,0.000706106
120,0.000695109
121,0.000635571
122,0.000601863
123,0.000584878
124,0.000580072
125,0.000672499
126,0.000681848
127,0.000709058
128,0.000719587
129,0.000713865
130,0.00061535
131,0.000629592
132,0.000689713
133,0.000707215
134,0.000737498
135,0.00074613
136,0.000706343
137,0.000587526
138,0.000572831
139,0.000596927
140,0.000619898
141,0.000632645
142,0.000682503
143,0.000688394
144,0.000677482
145,0.000696483
146,0.000653593
147,0.000596002
148,0.000623879
149,0.000541761
150,0.000562407
151,0.000663054
152,0.000688128
153,0.000657959
154,0.000674072
155,0.000690642
156,0.000723204
157,0.000739648
158,0.000723961
159,0.000698471
160,0.00068164
161,0.000632109
162,0.000627844
163,0.000698348
164,0.000771204
165,0.000824569
166,0.000882126
167,0.000916224
168,0.000902791
169,0.000852815
170,0.000772835
171,0.000691315
172,0.000622602
173,0.000623764
174,0.000592318
175,0.0006101
176,0.000640964
177,0.000677071
178,0.000722088
179,0.000729153
180,0.000723118
181,0.000706178
182,0.000744762
183,0.000753909
184,0.000757176
185,0.000819957
186,0.000879236
187,0.000946717
188,0.000930135
189,0.000912665
190,0.000902478
191,0.000874418
192,0.000798886
193,0.000796623
194,0.000817917
195,0.000862597
196,0.000935227
197,0.000952458
198,0.000901691
199,0.000834998
200,0.000785527
201,0.000789614
202,0.000820463
203,0.000837429
204,0.000765562
205,0.000657332
206,0.000697445
207,0.00074095
208,0.000744816
209,0.00073599
210,0.000640481
211,0.000535394
212,0.000646237
213,0.000712062
214,0.000725222
215,0.000732553
216,0.000726662
217,0.000728391
218,0.000720424
219,0.000672789
220,0.000654143
221,0.000675533
222,0.000714759
223,0.000643099
224,0.000592417
225,0.00064003
226,0.000686542
227,0.000706705
228,0.00065621
229,0.000696402
230,0.000809745
231,0.000867242
232,0.000889387
233,0.000938881
234,0.000950987
235,0.000962402
236,0.000927637
237,0.000879959
238,0.000793755
239,0.000644867
240,0.000627283
241,0.000649205
242,0.000667638
243,0.000680505
244,0.000722192
245,0.000758473
246,0.00080829
247,0.000842011
248,0.000895629
249,0.000959214
250,0.000966662
251,0.000988332
252,0.000989745
253,0.000975651
254,0.000881234
255,0.000753042
256,0.000728383
257,0.000708809
258,0.000743497
259,0.000763819
260,0.000751362
261,0.000697737
262,0.000648238
263,0.000625249
264,0.000579439
265,0.000460273
266,0.000540401
267,0.000627743
268,0.000677229
269,0.000693684
270,0.000680199
271,0.000682735
272,0.000650801
273,0.000623182
274,0.000593894
275,0.000575594
276,0.000576643
277,0.000610597
278,0.000639455
279,0.000636162
280,0.000614615
281,0.000621426
282,0.00064639
283,0.000660041
284,0.000678241
285,0.000671846
286,0.000705259
287,0.000709412
288,0.000717848
289,0.000702283
290,0.000687613
291,0.000696585
292,0.000736365
293,0.000758515
294,0.000803608
295,0.000831954
296,0.00084948
297,0.000852161
298,0.000902756
299,0.00090625
300,0.000903935
301,0.000905641
302,0.000832648
303,0.000780974
304,0.000778764
305,0.000735365
306,0.000687081
307,0.000692586
308,0.000724264
309,0.000682711
310,0.000645879
311,0.00064108
312,0.000653985
313,0.000641468
314,0.000611734
315,0.000637805
316,0.000679704
317,0.000695298
318,0.000763962
319,0.00083216
320,0.00086921
321,0.000854722
322,0.000854636
323,0.000834322
324,0.00083072
325,0.000798373
326,0.000801309
327,0.000748826
328,0.0007601
329,0.000775348
330,0.000774096
331,0.000753628
332,0.000729227
333,0.000757802
334,0.000815455
335,0.000812659
336,0.000801172
337,0.000797541
338,0.000791746
339,0.000771531
340,0.00075832
341,0.000670884
342,0.000676581
343,0.000823143
344,0.000897022
345,0.000822808
346,0.000706592
347,0.00068013
348,0.000692166
349,0.000704019
350,0.000720495
351,0.000710284
352,0.000750747
353,0.000763268
354,0.000753689
355,0.000755921
356,0.000740988
357,0.000685851
358,0.000638868
359,0.00065353
360,0.00065656
361,0.000641737
362,0.00062319
363,0.000638905
364,0.000674033
365,0.000730807
366,0.00075485
367,0.000796115
368,0.000790432
369,0.000810919
370,0.000773266
371,0.000781734
372,0.000753994
373,0.000717046
374,0.000697788
375,0.000712102
376,0.000666966
377,0.00060656
378,0.000569308
379,0.000587821
380,0.000623161
381,0.000676966
382,0.000717398
383,0.000743641
384,0.00085195
385,0.000966166
386,0.000931396
387,0.000809378
388,0.00076468
389,0.00072908
390,0.000705754
391,0.000731158
392,0.000833181
393,0.000984329
394,0.00111348
395,0.00116001
396,0.00113091
397,0.00111301
398,0.00106777
399,0.00114884
