2,0.867359
3,0.664833
4,0.564887
5,0.510318
6,0.450225
7,0.393753
8,0.341079
9,0.293596
10,0.253639
11,0.22004
12,0.192208
13,0.167927
14,0.146261
15,0.126107
16,0.10745
17,0.0903688
18,0.0747413
19,0.0609478
20,0.0492196
21,0.0395807
22,0.0319179
23,0.0258345
24,0.0214447
25,0.0185896
26,0.0162316
27,0.0144079
28,0.0129521
29,0.0117762
30,0.0106573
31,0.00987223
32,0.00907488
33,0.00849751
34,0.00800213
35,0.00768959
36,0.00739093
37,0.00713207
38,0.0068036
39,0.00634998
40,0.00590933
41,0.00541633
42,0.00506459
43,0.00474353
44,0.00449309
45,0.00431336
46,0.00405668
47,0.00393577
48,0.00368968
49,0.00360977
50,0.00342762
51,0.00335544
52,0.00324254
53,0.00314541
54,0.00305897
55,0.00292635
56,0.002803
57,0.00263849
58,0.00244845
59,0.0022237
60,0.00196092
61,0.00174126
62,0.00154181
63,0.00134909
64,0.0012628
65,0.0010968
66,0.00117929
67,0.00127708
68,0.00166403
69,0.00193407
70,0.00216812
71,0.00233439
72,0.0024481
73,0.00247186
74,0.00249469
75,0.00245871
76,0.00229665
77,0.00208091
78,0.00203981
79,0.00209736
80,0.00208269
81,0.00197664
82,0.00184087
83,0.00171119
84,0.0016073
85,0.00152349
86,0.00146095
87,0.00140917
88,0.00135828
89,0.00128628
90,0.00123695
91,0.00120009
92,0.00116662
93,0.00113649
94,0.00111168
95,0.00107799
96,0.00104686
97,0.00100871
98,0.000976533
99,0.000948178
100,0.00093943
101,0.000932908
102,0.000934482
103,0.000934032
104,0.000932922
105,0.000934893
106,0.000545767
107,0.000515138
108,0.000849348
109,0.000928001
110,0.000944927
111,0.000953722
112,0.000956047
113,0.000960115
114,0.000963881
115,0.000960742
116,0.000953731
117,0.000921819
118,0.000900343
119,0.000882814
120,0.00087025
121,0.000858609
122,0.000868944
123,0.000882121
124,0.000853592
125,0.000875299
126,0.000879767
127,0.000864315
128,0.000858116
129,0.000851022
130,0.000853056
131,0.00085345
132,0.000858672
133,0.000856205
134,0.000857729
135,0.000841445
136,0.000148768
137,0.000560436
138,0.000839951
139,0.000832862
140,0.00084705
141,0.000842451
142,0.000856523
143,0.000842069
144,0.000237132
145,0.000756349
146,0.000871557
147,0.000837247
148,0.000838991
149,0.000852297
150,0.000845625
151,0.000863412
152,0.000876464
153,0.000879633
154,0.000865168
155,0.00089392
156,0.000914513
157,0.000921123
158,0.000922819
159,0.000910753
160,0.000875734
161,0.000872242
162,0.0008452
163,0.000832811
164,0.000825882
165,0.000844818
166,0.000859836
167,0.000877329
168,0.000863397
169,0.000866846
170,0.000847494
171,0.000233271
172,0.00057203
173,0.000824932
174,0.000819439
175,0.000834729
176,0.000853232
177,0.000868063
178,0.000852318
179,0.000245483
180,0.000594658
181,0.000811886
182,0.000838192
183,0.000840886
184,0.000820673
185,0.000820201
186,0.00083808
187,0.000893461
188,0.000890974
189,0.000873694
190,0.000869686
191,0.000854246
192,0.000816682
193,0.00082476
194,0.000842443
195,0.000884857
196,0.000927608
197,0.00096477
198,0.000914031
199,0.000374444
200,0.00066115
201,0.000858994
202,0.000831178
203,0.000839537
204,0.00083951
205,0.000844697
206,0.000848389
207,0.000306268
208,0.000593288
209,0.000838887
210,0.000820864
211,0.000820702
212,0.000805768
213,0.000196908
214,0.000651548
215,0.000840641
216,0.000814214
217,0.000799888
218,0.00079349
219,0.000789794
220,0.000789335
221,0.000796977
222,0.000807344
223,0.000785673
224,0.000833983
225,0.00080007
226,0.000783716
227,0.000781239
228,0.000785749
229,0.000802774
230,0.000851165
231,0.000898842
232,0.000906636
233,0.000914976
234,0.00092558
235,0.000919421
236,0.00089045
237,0.000856053
238,0.000823617
239,0.000797301
240,0.000785322
241,0.000785973
242,0.000786926
243,0.000788018
244,0.000790468
245,0.000800779
246,0.000804765
247,0.000799579
248,0.000785342
249,0.000782003
250,0.000780149
251,0.000784406
252,0.000776471
253,0.000778268
254,0.00077025
255,0.000774467
256,0.000773539
257,0.000788113
258,0.000790271
259,0.000239046
260,0.000573031
261,0.000800239
262,0.000808706
263,0.000835769
264,0.000824092
265,0.000785085
266,0.000763107
267,0.000769162
268,0.000766201
269,0.000781549
270,0.000780235
271,0.000206311
272,0.000568285
273,0.00078262
274,0.000780233
275,0.000783594
276,0.000781388
277,0.000793278
278,0.000803522
279,0.00081465
280,0.000801614
281,0.000799935
282,0.000791372
283,0.000795962
284,0.000793842
285,0.000805238
286,0.000800314
287,0.000800552
288,0.000779592
289,0.000219567
290,0.00067632
291,0.000783334
292,0.000783077
293,0.000778351
294,0.000776016
295,0.000783366
296,0.00078878
297,0.000781596
298,0.000795733
299,0.000818382
300,0.000834991
301,0.000813068
302,0.000785162
303,0.000772624
304,0.000770988
305,0.000765182
306,0.000764894
307,0.000762106
308,0.000764311
309,0.000758494
310,0.00076517
311,0.000765024
312,0.000779189
313,0.000779564
314,0.000776926
315,0.000766286
316,0.000806243
317,0.000850966
318,0.000448326
319,0.000741276
320,0.00081925
321,0.000807887
322,0.000791927
323,0.000786513
324,0.000768548
325,0.000763641
326,0.000753706
327,0.000748416
328,0.000738344
329,0.000741653
330,0.000740779
331,0.000745943
332,0.000756824
333,0.000773069
334,0.000784344
335,0.000797859
336,0.000805026
337,0.000828341
338,0.000834267
339,0.000848934
340,0.000864342
341,0.00085355
342,0.000844939
343,0.000936163
344,0.000978346
345,0.000519157
346,0.00067895
347,0.000735563
348,0.000738573
349,0.000740221
350,0.000739267
351,0.000736161
352,0.00074439
353,0.000746605
354,0.000755986
355,0.000757569
356,0.000765061
357,0.000763956
358,0.000778831
359,0.000779932
360,0.000781083
361,0.00077047
362,0.000268291
363,0.000601888
364,0.000769033
365,0.000770058
366,0.000773662
367,0.000767016
368,0.000758995
369,0.000756302
370,0.000752279
371,0.000748158
372,0.000745589
373,0.000742399
374,0.000743385
375,0.000745118
376,0.000754077
377,0.000764614
378,0.000758232
379,0.000754356
380,0.000759397
381,0.000761923
382,0.000966382
383,0.00132846
384,0.00161203
385,0.00145106
386,0.00129259
387,0.00126295
388,0.00125118
389,0.00125217
390,0.00125165
391,0.00124932
392,0.00125251
393,0.00126184
394,0.00127107
395,0.00126404
396,0.0012516
397,0.00124634
398,0.00124987
399,0.00127491
