2,0.910909
3,0.757622
4,0.636769
5,0.54164
6,0.463334
7,0.397536
8,0.343083
9,0.298317
10,0.261026
11,0.229225
12,0.201275
13,0.176097
14,0.153083
15,0.13193
16,0.112527
17,0.094882
18,0.0790254
19,0.0649958
20,0.052814
21,0.0424343
22,0.033724
23,0.0265409
24,0.0207309
25,0.016105
26,0.0123841
27,0.00935767
28,0.00690367
29,0.00485391
30,0.00314223
31,0.00179063
32,0.00107895
33,0.00137476
34,0.00211174
35,0.00281712
36,0.00341693
37,0.00373703
38,0.00375235
39,0.00352142
40,0.00315481
41,0.00269784
42,0.00241044
43,0.00239148
44,0.00227455
45,0.00221537
46,0.00219426
47,0.00218906
48,0.00218452
49,0.00218804
50,0.00218914
51,0.00220162
52,0.00219591
53,0.0021987
54,0.00206842
55,0.00178811
56,0.00169285
57,0.00156933
58,0.00118984
59,0.00102566
60,0.000950653
61,0.000952707
62,0.000937196
63,8.11504e-05
64,0.000816471
65,0.00097512
66,0.00104714
67,0.00115034
68,0.00129578
69,0.00147029
70,0.00163372
71,0.00178489
72,0.00193819
73,0.00202229
74,0.00205367
75,0.0020562
76,0.0018735
77,0.00210026
78,0.00222109
79,0.0021357
80,0.00201238
81,0.00185729
82,0.00171173
83,0.00159203
84,0.00149303
85,0.00140104
86,0.00131563
87,0.00126856
88,0.00126296
89,0.0012504
90,0.00124338
91,0.00121176
92,0.00117532
93,0.00115138
94,0.00113495
95,0.00110141
96,0.00105257
97,0.001007
98,0.000983749
99,0.000951712
100,0.000934067
101,0.000920761
102,0.000927522
103,0.000922367
104,0.000926492
105,0.000921573
106,0.000314394
107,0.000749753
108,0.000931309
109,0.000940311
110,0.00094584
111,0.000938635
112,0.000940263
113,0.000941478
114,0.000942928
115,0.000940112
116,0.000935022
117,0.000912891
118,0.000892646
119,0.000875404
120,0.000868165
121,0.000857209
122,0.000866152
123,0.000881459
124,0.000853482
125,0.000873713
126,0.000878875
127,0.000863445
128,0.000857003
129,0.000850026
130,0.000852577
131,0.000850252
132,0.000855544
133,0.000851618
134,0.000854698
135,0.000842808
136,0.000154289
137,0.000549976
138,0.000838997
139,0.000833861
140,0.000845277
141,0.000844249
142,0.000853882
143,0.00084595
144,0.000236838
145,0.0007658
146,0.000874963
147,0.00083563
148,0.000839841
149,0.000851366
150,0.000847323
151,0.000858572
152,0.000877771
153,0.000879176
154,0.000864711
155,0.000893049
156,0.000914071
157,0.000922432
158,0.000923196
159,0.000909051
160,0.00087648
161,0.000867666
162,0.00084444
163,0.00083108
164,0.000826376
165,0.000843619
166,0.000863456
167,0.000873209
168,0.000863804
169,0.000866786
170,0.000847673
171,0.000235389
172,0.000569142
173,0.000824671
174,0.00081818
175,0.00083329
176,0.000854839
177,0.000869165
178,0.000852053
179,0.000248887
180,0.00058756
181,0.000810041
182,0.000836498
183,0.000840026
184,0.000821251
185,0.000820056
186,0.00083781
187,0.000892728
188,0.000889842
189,0.000872711
190,0.000870349
191,0.00085391
192,0.000818054
193,0.000821626
194,0.00083983
195,0.000887024
196,0.000930894
197,0.000962538
198,0.00091677
199,0.000375359
200,0.000659684
201,0.000862189
202,0.000829352
203,0.000838
204,0.000839401
205,0.000845018
206,0.00084678
207,0.000307147
208,0.000592056
209,0.000836327
210,0.00082234
211,0.000820039
212,0.000805022
213,0.000197944
214,0.000644549
215,0.00083967
216,0.000810861
217,0.000801247
218,0.000793758
219,0.000791035
220,0.000787677
221,0.000795586
222,0.000805821
223,0.000785804
224,0.000830311
225,0.000800992
226,0.00078051
227,0.000781378
228,0.000783719
229,0.000803353
230,0.00085016
231,0.000898763
232,0.000906848
233,0.000914153
234,0.000924944
235,0.00091834
236,0.000891425
237,0.000856103
238,0.000824777
239,0.000798278
240,0.000783802
241,0.000788918
242,0.00078611
243,0.00078914
244,0.000788205
245,0.000802438
246,0.000805102
247,0.000800292
248,0.000784792
249,0.000779176
250,0.000780914
251,0.000785362
252,0.000775543
253,0.00077736
254,0.000769784
255,0.000774655
256,0.000771664
257,0.000788854
258,0.000790764
259,0.000237021
260,0.000570733
261,0.000799815
262,0.000807717
263,0.00083532
264,0.000822358
265,0.000785511
266,0.000763591
267,0.000768449
268,0.000767729
269,0.000779702
270,0.000781926
271,0.000207019
272,0.00056135
273,0.00078249
274,0.000779415
275,0.000784605
276,0.00078152
277,0.000792869
278,0.00080298
279,0.000814484
280,0.000802481
281,0.000799796
282,0.00079172
283,0.000797178
284,0.000793495
285,0.000804121
286,0.000798418
287,0.000798793
288,0.000779139
289,0.000219707
290,0.000674314
291,0.000781622
292,0.00078136
293,0.000778132
294,0.00077551
295,0.000784201
296,0.000788402
297,0.000781264
298,0.000795828
299,0.000819397
300,0.000837302
301,0.000812656
302,0.000786044
303,0.000769569
304,0.000771961
305,0.000766021
306,0.000766786
307,0.00076286
308,0.000763168
309,0.000755482
310,0.000764364
311,0.000765677
312,0.000781023
313,0.000778349
314,0.000775641
315,0.000766103
316,0.000807319
317,0.000851115
318,0.000448372
319,0.00074091
320,0.000818099
321,0.000808214
322,0.000794939
323,0.000784831
324,0.000770163
325,0.000762413
326,0.000752523
327,0.000747974
328,0.000737594
329,0.000742156
330,0.000740736
331,0.000746602
332,0.000758109
333,0.000775709
334,0.000785917
335,0.000796939
336,0.000805453
337,0.000830044
338,0.000833751
339,0.000848662
340,0.000864653
341,0.000853532
342,0.000846499
343,0.000938854
344,0.000978429
345,0.000520261
346,0.000683094
347,0.00073585
348,0.000742752
349,0.000741261
350,0.000738586
351,0.000735168
352,0.000746805
353,0.000745636
354,0.000755984
355,0.00075578
356,0.000763802
357,0.000762577
358,0.000780459
359,0.000779487
360,0.000780181
361,0.000768801
362,0.000268527
363,0.000599231
364,0.000767652
365,0.000772862
366,0.000775331
367,0.000765763
368,0.000759478
369,0.000754775
370,0.000752787
371,0.000747974
372,0.000745321
373,0.000741804
374,0.0007445
375,0.000743339
376,0.000750846
377,0.000761713
378,0.000760807
379,0.00075491
380,0.000759458
381,0.000763922
382,0.000969998
383,0.00132804
384,0.0016116
385,0.00144986
386,0.00129046
387,0.0012651
388,0.00125322
389,0.00125104
390,0.00125248
391,0.00125088
392,0.00125258
393,0.00126102
394,0.00127056
395,0.00126476
396,0.00125006
397,0.00124874
398,0.00124893
399,0.00127687
