2,0.923593
3,0.787229
4,0.669921
5,0.570459
6,0.487261
7,0.41816
8,0.360622
9,0.31248
10,0.271993
11,0.237481
12,0.207431
13,0.180877
14,0.157183
15,0.135739
16,0.116239
17,0.0986455
18,0.0828018
19,0.0686777
20,0.0564614
21,0.0460273
22,0.0370048
23,0.0293347
24,0.0231583
25,0.0183369
26,0.0143347
27,0.0108269
28,0.00790141
29,0.00558361
30,0.00373531
31,0.00226807
32,0.00123484
33,0.00111098
34,0.00162411
35,0.0022712
36,0.00292436
37,0.00319043
38,0.00322496
39,0.00307454
40,0.00284583
41,0.00254763
42,0.00232945
43,0.00241747
44,0.00226668
45,0.00221045
46,0.00219077
47,0.00219014
48,0.0021807
49,0.00217563
50,0.00216369
51,0.00216986
52,0.00213262
53,0.00203121
54,0.0019624
55,0.00168184
56,0.00167503
57,0.00147263
58,0.000964658
59,0.00095966
60,0.000947717
61,0.000952184
62,0.000934373
63,5.48207e-05
64,0.000841754
65,0.000970668
66,0.0010471
67,0.0011489
68,0.00130582
69,0.00147872
70,0.00162962
71,0.00178226
72,0.00193274
73,0.00200245
74,0.00203044
75,0.00201579
76,0.00183315
77,0.00208151
78,0.00220064
79,0.00213138
80,0.00201713
81,0.00185797
82,0.00171012
83,0.00159214
84,0.00149317
85,0.00140092
86,0.0013137
87,0.00126858
88,0.00126092
89,0.00125049
90,0.00124997
91,0.00121282
92,0.00117444
93,0.00115039
94,0.00113501
95,0.00110095
96,0.00105156
97,0.00100732
98,0.000982938
99,0.000950675
100,0.000931488
101,0.000921477
102,0.000925563
103,0.000922625
104,0.000925904
105,0.000919695
106,0.000314241
107,0.000748108
108,0.000931431
109,0.000940056
110,0.000944454
111,0.00093967
112,0.00093916
113,0.000940443
114,0.000942477
115,0.000939129
116,0.000934598
117,0.00091251
118,0.000892899
119,0.000873325
120,0.000868349
121,0.000856763
122,0.000867621
123,0.000880647
124,0.000851956
125,0.000873024
126,0.000877979
127,0.000862464
128,0.000857049
129,0.000847937
130,0.000853678
131,0.00085053
132,0.00085475
133,0.000852125
134,0.000856533
135,0.000841506
136,0.000154509
137,0.000548164
138,0.000838428
139,0.000833922
140,0.00084375
141,0.000843019
142,0.000852301
143,0.000845753
144,0.000237356
145,0.000763234
146,0.000873395
147,0.000834476
148,0.000839895
149,0.00084944
150,0.000847528
151,0.000857052
152,0.000878388
153,0.000878554
154,0.000865159
155,0.000892322
156,0.000913651
157,0.00091979
158,0.000921393
159,0.000908321
160,0.00087754
161,0.000869787
162,0.000845324
163,0.000831137
164,0.000823926
165,0.000841425
166,0.000863303
167,0.000872308
168,0.000862806
169,0.000865757
170,0.000851219
171,0.000237274
172,0.000565041
173,0.000824489
174,0.000819021
175,0.000832466
176,0.000852905
177,0.000868203
178,0.000851174
179,0.00024933
180,0.000585799
181,0.000809082
182,0.000838308
183,0.000842026
184,0.00082081
185,0.000819131
186,0.000838018
187,0.000891063
188,0.000891026
189,0.000870847
190,0.000869185
191,0.000853688
192,0.000818796
193,0.000822231
194,0.000839302
195,0.000887027
196,0.000930247
197,0.000963032
198,0.000917263
199,0.000374954
200,0.000659827
201,0.000859162
202,0.000830438
203,0.000837367
204,0.000839324
205,0.000844264
206,0.000846491
207,0.000308697
208,0.000591878
209,0.000837776
210,0.000823083
211,0.000819521
212,0.000805152
213,0.000198934
214,0.000642477
215,0.000839831
216,0.000810921
217,0.000800956
218,0.00079369
219,0.000790945
220,0.000787731
221,0.000796555
222,0.00080721
223,0.000786527
224,0.000828274
225,0.000799554
226,0.000782408
227,0.00078152
228,0.000786605
229,0.000805599
230,0.000850596
231,0.000898426
232,0.000904988
233,0.000915241
234,0.000925781
235,0.000918466
236,0.000891241
237,0.000856933
238,0.000822228
239,0.00079655
240,0.000785137
241,0.000785898
242,0.000785786
243,0.000789034
244,0.000791118
245,0.000801862
246,0.000804014
247,0.000802011
248,0.000785476
249,0.000783307
250,0.000779034
251,0.000783429
252,0.000774794
253,0.000776442
254,0.000770113
255,0.00077554
256,0.000771661
257,0.000789157
258,0.000789523
259,0.000238298
260,0.000568761
261,0.000799671
262,0.000808168
263,0.000837225
264,0.000821618
265,0.000784659
266,0.000762834
267,0.00076756
268,0.000769133
269,0.000780017
270,0.000779959
271,0.000205582
272,0.000562683
273,0.000782317
274,0.000779483
275,0.000783207
276,0.000781557
277,0.000792804
278,0.000802501
279,0.000815341
280,0.000801107
281,0.000798333
282,0.000790686
283,0.000797465
284,0.000794565
285,0.000805267
286,0.000799705
287,0.000798535
288,0.000780076
289,0.00021838
290,0.000680106
291,0.000783539
292,0.000782232
293,0.000778557
294,0.000775514
295,0.000782588
296,0.00078862
297,0.000782266
298,0.000795922
299,0.000816616
300,0.000836432
301,0.000813125
302,0.000787253
303,0.00077167
304,0.000771186
305,0.000765248
306,0.000766285
307,0.000761439
308,0.000762686
309,0.000756413
310,0.000763885
311,0.000765022
312,0.000781049
313,0.000779934
314,0.000776249
315,0.000766183
316,0.000807395
317,0.000850375
318,0.000448124
319,0.000743636
320,0.000818174
321,0.000808385
322,0.000793044
323,0.000785476
324,0.00076871
325,0.000761439
326,0.000753946
327,0.000748532
328,0.000739231
329,0.000742138
330,0.00074028
331,0.000745529
332,0.000756383
333,0.000772349
334,0.000782869
335,0.000795836
336,0.000804853
337,0.00082866
338,0.000834669
339,0.000847462
340,0.000864617
341,0.000853126
342,0.000845712
343,0.000937918
344,0.000979102
345,0.000519762
346,0.000682264
347,0.000734961
348,0.000738449
349,0.00074155
350,0.000739824
351,0.000734875
352,0.000745635
353,0.000747112
354,0.000755634
355,0.000756237
356,0.000764527
357,0.000763328
358,0.00077975
359,0.000779603
360,0.000778309
361,0.000767773
362,0.000269722
363,0.000598776
364,0.000769224
365,0.000772283
366,0.000773117
367,0.000764152
368,0.000758671
369,0.000754163
370,0.000752433
371,0.000748854
372,0.000743972
373,0.000741728
374,0.000742585
375,0.000742999
376,0.000752025
377,0.000760101
378,0.00075669
379,0.000758419
380,0.000760055
381,0.000763854
382,0.000968253
383,0.00132796
384,0.0016131
385,0.00145174
386,0.00129227
387,0.00126405
388,0.00125198
389,0.00124896
390,0.00125012
391,0.00125
392,0.00125017
393,0.00126004
394,0.0012724
395,0.00126356
396,0.00125111
397,0.00124909
398,0.00124944
399,0.00127695
