2,0.929494
3,0.802729
4,0.691273
5,0.593914
6,0.509982
7,0.438424
8,0.377901
9,0.326877
10,0.28375
11,0.246906
12,0.214954
13,0.186958
14,0.162215
15,0.140105
16,0.120246
17,0.102477
18,0.0865279
19,0.0722783
20,0.0599171
21,0.049349
22,0.0401122
23,0.0321264
24,0.0255866
25,0.0204432
26,0.0162048
27,0.0123554
28,0.00895611
29,0.00630551
30,0.00432284
31,0.00276383
32,0.00157343
33,0.00103552
34,0.00149688
35,0.00227332
36,0.00274299
37,0.00281623
38,0.00286114
39,0.00279357
40,0.00267206
41,0.00246757
42,0.00232038
43,0.00240633
44,0.00225551
45,0.00220705
46,0.00219082
47,0.00218923
48,0.00218104
49,0.0021761
50,0.00216224
51,0.00216591
52,0.0021133
53,0.00195753
54,0.00189471
55,0.00166768
56,0.0016653
57,0.00145905
58,0.000963417
59,0.000959902
60,0.000946049
61,0.000954404
62,0.000933171
63,5.20911e-05
64,0.000840359
65,0.000969409
66,0.00104681
67,0.00115052
68,0.00130551
69,0.00147944
70,0.00163108
71,0.00178712
72,0.00193453
73,0.00200151
74,0.00203232
75,0.00201612
76,0.00183364
77,0.00208204
78,0.00220094
79,0.00213035
80,0.00201746
81,0.00185908
82,0.00171057
83,0.00159217
84,0.00149356
85,0.00140042
86,0.00131474
87,0.00126769
88,0.00126228
89,0.00125036
90,0.00124912
91,0.00121172
92,0.00117543
93,0.00115131
94,0.00113522
95,0.0011002
96,0.00105225
97,0.00100723
98,0.000983827
99,0.000950986
100,0.000933654
101,0.00092151
102,0.000927168
103,0.000923424
104,0.000926634
105,0.000920394
106,0.000314775
107,0.000747938
108,0.000931487
109,0.000940549
110,0.00094374
111,0.000940435
112,0.000938838
113,0.000941988
114,0.00094396
115,0.000939876
116,0.000933908
117,0.000913697
118,0.000892031
119,0.000875005
120,0.000868163
121,0.000857384
122,0.000867636
123,0.000879629
124,0.000852115
125,0.000873599
126,0.000877948
127,0.000863688
128,0.000857376
129,0.000849349
130,0.000854058
131,0.000850398
132,0.00085546
133,0.000853547
134,0.000854908
135,0.000844604
136,0.00015452
137,0.00054723
138,0.000839026
139,0.000834775
140,0.000843709
141,0.000843479
142,0.000853253
143,0.000845044
144,0.000237085
145,0.000765782
146,0.000873829
147,0.00083553
148,0.00083891
149,0.000850415
150,0.000847283
151,0.000859437
152,0.000878705
153,0.00087822
154,0.000865095
155,0.000892291
156,0.000913544
157,0.000921995
158,0.000922281
159,0.000908307
160,0.000877019
161,0.000868616
162,0.000844749
163,0.000830505
164,0.000825673
165,0.000842336
166,0.000862139
167,0.000873902
168,0.00086352
169,0.000866695
170,0.000850043
171,0.000233916
172,0.000569434
173,0.000824194
174,0.000819114
175,0.000832449
176,0.000852766
177,0.000867398
178,0.000851835
179,0.000248301
180,0.000586628
181,0.000809907
182,0.000836062
183,0.000842041
184,0.000821091
185,0.000820035
186,0.00083622
187,0.000891664
188,0.000891931
189,0.000871979
190,0.000870978
191,0.000853909
192,0.000817215
193,0.000821686
194,0.00084061
195,0.000885766
196,0.000930863
197,0.000962371
198,0.000917007
199,0.000376707
200,0.000658596
201,0.000860163
202,0.000830257
203,0.000837326
204,0.000839275
205,0.000845172
206,0.000847379
207,0.000306919
208,0.000592565
209,0.000835466
210,0.000823046
211,0.000819348
212,0.000806065
213,0.000201386
214,0.000644184
215,0.000838715
216,0.000811198
217,0.000799441
218,0.000793348
219,0.000791031
220,0.00078745
221,0.000795172
222,0.000806243
223,0.000787595
224,0.000831679
225,0.000800766
226,0.000782493
227,0.000782555
228,0.000785825
229,0.00080417
230,0.000848759
231,0.000897444
232,0.000906876
233,0.00091495
234,0.000924296
235,0.000917333
236,0.000890131
237,0.000856226
238,0.000823413
239,0.000797333
240,0.000784244
241,0.000786074
242,0.000784991
243,0.000789988
244,0.000790556
245,0.000801906
246,0.00080473
247,0.000802227
248,0.000784613
249,0.000781814
250,0.000780156
251,0.000782822
252,0.00077588
253,0.000777805
254,0.000769583
255,0.000775948
256,0.00077429
257,0.000788978
258,0.000789292
259,0.000235749
260,0.000572765
261,0.000800971
262,0.00080766
263,0.000836286
264,0.00082364
265,0.000784771
266,0.000762864
267,0.000767688
268,0.000767315
269,0.000779602
270,0.00078044
271,0.000208999
272,0.000562035
273,0.000781373
274,0.000780206
275,0.000783783
276,0.000783718
277,0.000793109
278,0.00080209
279,0.000814293
280,0.000800833
281,0.000799727
282,0.000791869
283,0.00079786
284,0.000793759
285,0.000804638
286,0.000798497
287,0.000799293
288,0.000778107
289,0.000219132
290,0.000678086
291,0.000780979
292,0.000782274
293,0.000780844
294,0.00077643
295,0.000783278
296,0.000788421
297,0.000782541
298,0.000795938
299,0.000816893
300,0.000836996
301,0.000812928
302,0.000786833
303,0.000771708
304,0.000772033
305,0.000765797
306,0.000764961
307,0.000760948
308,0.000763002
309,0.000758006
310,0.000766105
311,0.000767167
312,0.000780659
313,0.00077873
314,0.00077577
315,0.000765922
316,0.000807757
317,0.000851183
318,0.000447301
319,0.000743051
320,0.000820668
321,0.000808916
322,0.000793393
323,0.000785238
324,0.00076813
325,0.000763187
326,0.00075389
327,0.000747223
328,0.000739719
329,0.000741558
330,0.000739825
331,0.000747211
332,0.000757496
333,0.00077261
334,0.000783457
335,0.00079661
336,0.000806126
337,0.0008292
338,0.000833163
339,0.000846638
340,0.000864854
341,0.000853856
342,0.000846015
343,0.000938463
344,0.000978446
345,0.000519876
346,0.000681402
347,0.000735559
348,0.00073962
349,0.000740941
350,0.000739218
351,0.000735417
352,0.000745582
353,0.000748562
354,0.000755706
355,0.000756147
356,0.000762166
357,0.000763132
358,0.000780044
359,0.000781767
360,0.000779237
361,0.000769943
362,0.000270112
363,0.000598312
364,0.000769267
365,0.000770384
366,0.000773772
367,0.000765512
368,0.000759965
369,0.000755138
370,0.000753739
371,0.000748347
372,0.000745921
373,0.000740848
374,0.000744999
375,0.000743166
376,0.000754496
377,0.000762308
378,0.000757398
379,0.00075493
380,0.000759141
381,0.000761942
382,0.000965718
383,0.00132781
384,0.00161175
385,0.00145186
386,0.00129308
387,0.00126554
388,0.00125397
389,0.0012513
390,0.00125311
391,0.00125077
392,0.00125044
393,0.00126337
394,0.00126979
395,0.00126559
396,0.00125192
397,0.00124624
398,0.00124586
399,0.00127561
