2,0.933581
3,0.813681
4,0.707037
5,0.612347
6,0.529061
7,0.456637
8,0.39445
9,0.341211
10,0.295717
11,0.256828
12,0.22317
13,0.193767
14,0.167897
15,0.14498
16,0.124588
17,0.106449
18,0.0901246
19,0.0755871
20,0.0631823
21,0.052491
22,0.0430465
23,0.0349241
24,0.0281292
25,0.0224966
26,0.0177868
27,0.0137875
28,0.0103751
29,0.00751306
30,0.00516133
31,0.00328497
32,0.00185331
33,0.0010582
34,0.00135858
35,0.00218465
36,0.00276842
37,0.00272835
38,0.0027324
39,0.00270864
40,0.00255749
41,0.00235662
42,0.00224114
43,0.00238778
44,0.00225269
45,0.00220634
46,0.00219157
47,0.00218955
48,0.00218122
49,0.00217524
50,0.00216364
51,0.0021664
52,0.00210803
53,0.00191483
54,0.00186036
55,0.00166377
56,0.00166291
57,0.00146429
58,0.000966133
59,0.000960702
60,0.000949253
61,0.000952206
62,0.000935132
63,5.56482e-05
64,0.000843018
65,0.000969746
66,0.00104567
67,0.0011493
68,0.00130478
69,0.00147858
70,0.00163228
71,0.00178745
72,0.00193364
73,0.00200175
74,0.00203226
75,0.00201452
76,0.00183489
77,0.00208153
78,0.00220038
79,0.00213024
80,0.00201775
81,0.00185865
82,0.00171063
83,0.00159231
84,0.00149355
85,0.00140121
86,0.00131469
87,0.00126817
88,0.00126088
89,0.00125238
90,0.00125023
91,0.00121186
92,0.00117519
93,0.00115223
94,0.00113499
95,0.00110114
96,0.00105218
97,0.00100759
98,0.00098417
99,0.000951054
100,0.000933423
101,0.000921
102,0.000926678
103,0.000924049
104,0.000926548
105,0.00092135
106,0.00031424
107,0.0007485
108,0.000931594
109,0.000939496
110,0.000944002
111,0.000940583
112,0.000938345
113,0.00094223
114,0.000944616
115,0.000939449
116,0.000934041
117,0.00091408
118,0.000891437
119,0.000875233
120,0.000867781
121,0.000856372
122,0.000868476
123,0.000881154
124,0.000851145
125,0.000874112
126,0.00087939
127,0.00086397
128,0.000856667
129,0.000850075
130,0.00085298
131,0.000850424
132,0.00085561
133,0.000852606
134,0.000856097
135,0.000842829
136,0.000153254
137,0.000547857
138,0.000839694
139,0.000834182
140,0.000844122
141,0.000843163
142,0.000853665
143,0.000844833
144,0.000237942
145,0.000762824
146,0.000873509
147,0.000834766
148,0.000839044
149,0.000851591
150,0.000846342
151,0.000858724
152,0.000877197
153,0.000880735
154,0.000865378
155,0.000891672
156,0.000913007
157,0.000921206
158,0.000921617
159,0.000908345
160,0.000878545
161,0.000869289
162,0.000845423
163,0.000831793
164,0.000824775
165,0.000842708
166,0.000861935
167,0.000874125
168,0.000863614
169,0.000866046
170,0.000849278
171,0.000234811
172,0.000568196
173,0.00082523
174,0.000819018
175,0.000832606
176,0.000852869
177,0.000868334
178,0.000851966
179,0.000247779
180,0.000588038
181,0.000809285
182,0.000835674
183,0.000840608
184,0.000820844
185,0.000817889
186,0.000837214
187,0.000891133
188,0.000891323
189,0.000871719
190,0.000870855
191,0.000853651
192,0.000816957
193,0.000823085
194,0.000841434
195,0.000886023
196,0.000929691
197,0.000962277
198,0.000917952
199,0.000373893
200,0.00066066
201,0.000860233
202,0.000830376
203,0.000838778
204,0.000837564
205,0.00084387
206,0.000847492
207,0.000308222
208,0.000593714
209,0.000836364
210,0.000823948
211,0.000821086
212,0.000806856
213,0.000201612
214,0.000642598
215,0.000841268
216,0.000811584
217,0.000800698
218,0.000794651
219,0.000791442
220,0.000787671
221,0.000797594
222,0.000806199
223,0.000786422
224,0.000830309
225,0.000800095
226,0.000782501
227,0.000781926
228,0.000783454
229,0.000803707
230,0.000848654
231,0.000897911
232,0.000906152
233,0.000914351
234,0.000924275
235,0.000917573
236,0.000892797
237,0.000856527
238,0.000823537
239,0.000798351
240,0.000784758
241,0.000786305
242,0.000786358
243,0.000787921
244,0.000790649
245,0.000803743
246,0.000805033
247,0.000802285
248,0.000785224
249,0.000782473
250,0.000780884
251,0.000782399
252,0.000774416
253,0.000776848
254,0.000769949
255,0.000772582
256,0.000772781
257,0.000789958
258,0.000789866
259,0.000237725
260,0.000570459
261,0.000800997
262,0.000807419
263,0.000836832
264,0.000822809
265,0.000784812
266,0.000764741
267,0.000769054
268,0.000766146
269,0.00078079
270,0.000781025
271,0.000207833
272,0.000565537
273,0.000784615
274,0.000780979
275,0.000782994
276,0.000782256
277,0.000794656
278,0.000803937
279,0.000815016
280,0.000801757
281,0.000800002
282,0.000790427
283,0.000797866
284,0.000793141
285,0.000805418
286,0.000800858
287,0.000798488
288,0.000779399
289,0.000219279
290,0.000680048
291,0.00078384
292,0.000782038
293,0.000779127
294,0.000775662
295,0.000783258
296,0.000788517
297,0.000783824
298,0.000795709
299,0.000818645
300,0.000835602
301,0.000813686
302,0.000786499
303,0.000772236
304,0.000771493
305,0.000764341
306,0.000765283
307,0.000763058
308,0.000763447
309,0.000757901
310,0.000765017
311,0.000766752
312,0.000783234
313,0.000780956
314,0.000774762
315,0.000767189
316,0.000808705
317,0.000849379
318,0.000447528
319,0.000745827
320,0.000819607
321,0.000808971
322,0.000795507
323,0.000784594
324,0.000767682
325,0.000763301
326,0.000755782
327,0.000747751
328,0.000741076
329,0.000742822
330,0.000739311
331,0.00074686
332,0.000756885
333,0.000773625
334,0.000785689
335,0.000795668
336,0.000806214
337,0.000827949
338,0.000834554
339,0.000846928
340,0.000865184
341,0.000853872
342,0.000845356
343,0.000936721
344,0.000978742
345,0.00051945
346,0.000681005
347,0.000736412
348,0.000739387
349,0.000740443
350,0.000737275
351,0.000734557
352,0.000743611
353,0.000747655
354,0.000755758
355,0.000757281
356,0.000764788
357,0.000764371
358,0.000779532
359,0.000779892
360,0.000777507
361,0.000768234
362,0.000270236
363,0.000597944
364,0.000769167
365,0.00077218
366,0.000773655
367,0.000764887
368,0.000758363
369,0.00075491
370,0.000754757
371,0.000748505
372,0.000746228
373,0.000740814
374,0.00074407
375,0.000744759
376,0.000751359
377,0.00076037
378,0.000756345
379,0.000756404
380,0.000759885
381,0.000765014
382,0.000967138
383,0.00132727
384,0.00160996
385,0.00144974
386,0.00128915
387,0.0012643
388,0.001252
389,0.00125083
390,0.00125446
391,0.00124919
392,0.00125257
393,0.00126181
394,0.00127103
395,0.00126601
396,0.00125341
397,0.00124802
398,0.00124841
399,0.00127583
