2,0.936658
3,0.822066
4,0.719453
5,0.627354
6,0.545252
7,0.472833
8,0.409708
9,0.354981
10,0.307756
11,0.267077
12,0.23179
13,0.201018
14,0.174028
15,0.150256
16,0.129169
17,0.110458
18,0.0939311
19,0.0792547
20,0.0664494
21,0.0554869
22,0.0458934
23,0.0375241
24,0.0304197
25,0.0244706
26,0.0195295
27,0.0153336
28,0.0117082
29,0.00864311
30,0.00610658
31,0.00402878
32,0.00233029
33,0.00117882
34,0.00129438
35,0.00215171
36,0.00264836
37,0.00264791
38,0.00270228
39,0.00266283
40,0.00249799
41,0.00224151
42,0.00217387
43,0.00235929
44,0.002249
45,0.00220942
46,0.00218984
47,0.00219167
48,0.00217812
49,0.00217729
50,0.00215919
51,0.0021657
52,0.00208909
53,0.00186166
54,0.00181825
55,0.00166079
56,0.0016643
57,0.00145889
58,0.000968147
59,0.000962702
60,0.000944879
61,0.000955108
62,0.000933567
63,5.47198e-05
64,0.000839824
65,0.000969838
66,0.00104547
67,0.00115024
68,0.00130509
69,0.00147786
70,0.00162832
71,0.00178198
72,0.00193265
73,0.0020009
74,0.00203232
75,0.00201588
76,0.00183215
77,0.00208166
78,0.00220027
79,0.00213051
80,0.00201694
81,0.00185745
82,0.00171016
83,0.00159253
84,0.00149302
85,0.00139994
86,0.00131439
87,0.00126844
88,0.00126251
89,0.00125076
90,0.00125008
91,0.00121302
92,0.00117507
93,0.00115119
94,0.00113521
95,0.00110001
96,0.00105147
97,0.00100619
98,0.000985609
99,0.000952244
100,0.000932341
101,0.000920562
102,0.000927322
103,0.000923154
104,0.0009259
105,0.000920145
106,0.000314173
107,0.000748217
108,0.000931318
109,0.000939221
110,0.00094572
111,0.000938806
112,0.000938978
113,0.000941561
114,0.000944408
115,0.000938617
116,0.000934143
117,0.000912043
118,0.000891821
119,0.000874945
120,0.000867442
121,0.000855806
122,0.000867855
123,0.000881405
124,0.000852171
125,0.000872325
126,0.000878903
127,0.000863683
128,0.000857378
129,0.000847997
130,0.000853363
131,0.000850297
132,0.000854967
133,0.000851251
134,0.000856095
135,0.000841135
136,0.000152437
137,0.000549256
138,0.000839095
139,0.000832504
140,0.000843616
141,0.000843713
142,0.000852893
143,0.00084593
144,0.000237135
145,0.000764633
146,0.000874126
147,0.000832513
148,0.000840652
149,0.000849669
150,0.000847664
151,0.000858047
152,0.000877734
153,0.000879914
154,0.000865155
155,0.000891242
156,0.000913232
157,0.000920272
158,0.000922931
159,0.000909814
160,0.000878308
161,0.000867258
162,0.00084499
163,0.000829808
164,0.000823798
165,0.000840608
166,0.00086291
167,0.000874386
168,0.000862905
169,0.00086503
170,0.000848773
171,0.00023501
172,0.000569182
173,0.000824968
174,0.000818515
175,0.000833586
176,0.000852494
177,0.000866934
178,0.000850992
179,0.000248573
180,0.000588707
181,0.000810508
182,0.000836546
183,0.000841392
184,0.00082048
185,0.000818747
186,0.00083679
187,0.000891133
188,0.000889872
189,0.000870054
190,0.00087108
191,0.000852905
192,0.000815968
193,0.000821623
194,0.000842025
195,0.000883657
196,0.0009306
197,0.000961619
198,0.000918572
199,0.000375352
200,0.000659007
201,0.000861357
202,0.000829476
203,0.000839046
204,0.000837605
205,0.000845156
206,0.000847998
207,0.000307388
208,0.000593086
209,0.00083595
210,0.000821928
211,0.000819657
212,0.000807432
213,0.000201852
214,0.000640127
215,0.000840913
216,0.000812643
217,0.000799276
218,0.000794045
219,0.00079121
220,0.000785951
221,0.000797401
222,0.000806881
223,0.000786307
224,0.000827998
225,0.000799059
226,0.000780641
227,0.000781848
228,0.000784225
229,0.000807751
230,0.00085082
231,0.000894349
232,0.000904657
233,0.000915207
234,0.000923603
235,0.000918026
236,0.000890353
237,0.000856841
238,0.000822972
239,0.00079769
240,0.000784511
241,0.000786015
242,0.000785244
243,0.000788703
244,0.000789059
245,0.00080082
246,0.000801708
247,0.000802136
248,0.000783106
249,0.000780762
250,0.000780633
251,0.000784139
252,0.000776731
253,0.000777335
254,0.000769927
255,0.000775235
256,0.000771871
257,0.000788664
258,0.000789045
259,0.000237218
260,0.000571783
261,0.000798577
262,0.00080767
263,0.000835664
264,0.000825521
265,0.000784626
266,0.000762899
267,0.000766559
268,0.000765987
269,0.000779704
270,0.000781259
271,0.000207376
272,0.000563966
273,0.00078178
274,0.000780845
275,0.000783624
276,0.000779922
277,0.00079209
278,0.000802419
279,0.000815645
280,0.00080228
281,0.000799527
282,0.000791393
283,0.000796763
284,0.000793663
285,0.000804134
286,0.000798411
287,0.00080035
288,0.000779554
289,0.000218872
290,0.000679273
291,0.000781655
292,0.000781663
293,0.000777824
294,0.000776133
295,0.000782118
296,0.000789147
297,0.000781206
298,0.000796817
299,0.000819063
300,0.000835709
301,0.000813235
302,0.000786473
303,0.000770449
304,0.000770083
305,0.000763889
306,0.000765375
307,0.00076099
308,0.000764589
309,0.000756233
310,0.000764109
311,0.000765784
312,0.00078042
313,0.000779333
314,0.000776368
315,0.000765716
316,0.000807198
317,0.000850995
318,0.00044889
319,0.000743806
320,0.000817574
321,0.000808801
322,0.000794483
323,0.000785981
324,0.000767788
325,0.000761227
326,0.000752616
327,0.00074525
328,0.000738643
329,0.000742922
330,0.000741824
331,0.000747996
332,0.000755747
333,0.00077269
334,0.000783214
335,0.000796757
336,0.000804014
337,0.000827452
338,0.000832601
339,0.000847745
340,0.000865291
341,0.000854189
342,0.000844695
343,0.000939025
344,0.000978556
345,0.000519793
346,0.000682908
347,0.000734931
348,0.000738899
349,0.000740055
350,0.00073963
351,0.000734711
352,0.000746061
353,0.000746593
354,0.000756214
355,0.000757312
356,0.000765891
357,0.000764737
358,0.000776955
359,0.000778716
360,0.00077797
361,0.000768785
362,0.000269036
363,0.000600578
364,0.000768584
365,0.000772439
366,0.00077404
367,0.000765513
368,0.000757902
369,0.000754452
370,0.00075233
371,0.000749534
372,0.000744442
373,0.000741931
374,0.000742496
375,0.0007426
376,0.000750523
377,0.000760089
378,0.000757179
379,0.000755815
380,0.000759775
381,0.00076425
382,0.000968827
383,0.00132853
384,0.0016124
385,0.00145092
386,0.00129058
387,0.00126321
388,0.0012518
389,0.00125164
390,0.00125196
391,0.00124763
392,0.00125063
393,0.00126013
394,0.0012709
395,0.00126495
396,0.00125185
397,0.00124875
398,0.00125061
399,0.00127748
