2,0.0022865
3,0.00681261
4,0.0112084
5,0.0154044
6,0.0193543
7,0.023013
8,0.0263588
9,0.0293958
10,0.0321313
11,0.0345882
12,0.0368022
13,0.0387998
14,0.0406067
15,0.0422447
16,0.0437346
17,0.0450938
18,0.0463339
19,0.0474662
20,0.0484972
21,0.0494333
22,0.050286
23,0.0510635
24,0.0517695
25,0.0524075
26,0.0529833
27,0.0535092
28,0.0539956
29,0.0544474
30,0.0548672
31,0.0552559
32,0.0556173
33,0.0559532
34,0.0562627
35,0.0565466
36,0.0568073
37,0.0570465
38,0.0572685
39,0.0574756
40,0.0576694
41,0.057856
42,0.0580392
43,0.0582174
44,0.0583905
45,0.0585643
46,0.0587416
47,0.058918
48,0.0590907
49,0.0592603
50,0.0594314
51,0.0596053
52,0.0597761
53,0.0599421
54,0.0601041
55,0.0602626
56,0.0604175
57,0.0605692
58,0.0607196
59,0.060868
60,0.0610133
61,0.0611569
62,0.061298
63,0.0614338
64,0.0615642
65,0.0616909
66,0.0618153
67,0.0619362
68,0.0620519
69,0.0621651
70,0.0622812
71,0.0623973
72,0.0625115
73,0.0626289
74,0.0627499
75,0.0628716
76,0.0629889
77,0.0630993
78,0.0632119
79,0.0633306
80,0.0634528
81,0.063577
82,0.0636993
83,0.0638192
84,0.0639365
85,0.064052
86,0.0641666
87,0.0642761
88,0.0643821
89,0.0644871
90,0.0645904
91,0.0646957
92,0.0648013
93,0.0649034
94,0.0650045
95,0.0651066
96,0.0652108
97,0.0653135
98,0.0654142
99,0.0655164
100,0.065619
101,0.0657192
102,0.0658157
103,0.0659078
104,0.065997
105,0.066089
106,0.0661784
107,0.0662587
108,0.0663394
109,0.0664231
110,0.0665077
111,0.066594
112,0.0666787
113,0.0667616
114,0.0668446
115,0.0669277
116,0.0670111
117,0.0670963
118,0.0671829
119,0.0672675
120,0.0673505
121,0.0674347
122,0.0675274
123,0.0676119
124,0.0676741
125,0.0677387
126,0.0678151
127,0.0678952
128,0.0679762
129,0.0680548
130,0.0681296
131,0.0682025
132,0.0682754
133,0.0683471
134,0.0684208
135,0.0684974
136,0.0685739
137,0.0686477
138,0.0687179
139,0.0687884
140,0.0688634
141,0.0689382
142,0.0690084
143,0.0690793
144,0.0691519
145,0.0692247
146,0.0692916
147,0.0693451
148,0.0693978
149,0.0694611
150,0.0695275
151,0.0695909
152,0.0696512
153,0.0697167
154,0.0697838
155,0.0698434
156,0.0699031
157,0.0699662
158,0.070029
159,0.0700948
160,0.0701625
161,0.0702278
162,0.0702952
163,0.0703655
164,0.0704341
165,0.0705034
166,0.0705721
167,0.0706338
168,0.0706928
169,0.0707518
170,0.0708085
171,0.0708632
172,0.0709167
173,0.0709708
174,0.0710312
175,0.071099
176,0.0711654
177,0.0712255
178,0.0712812
179,0.0713345
180,0.0713828
181,0.0714258
182,0.0714715
183,0.071527
184,0.0715874
185,0.0716446
186,0.0716931
187,0.0717379
188,0.071792
189,0.0718503
190,0.0719041
191,0.0719621
192,0.0720239
193,0.072078
194,0.0721249
195,0.0721701
196,0.0722153
197,0.0722644
198,0.0723228
199,0.0723812
200,0.0724342
201,0.072492
202,0.0725563
203,0.0726194
204,0.0726732
205,0.0727245
206,0.0727789
207,0.0728303
208,0.0728788
209,0.072927
210,0.0729737
211,0.0730187
212,0.0730645
213,0.0731093
214,0.0731467
215,0.0731907
216,0.0732469
217,0.0732999
218,0.0733504
219,0.0734002
220,0.0734516
221,0.0735081
222,0.07356
223,0.0735897
224,0.0736206
225,0.0736751
226,0.0737316
227,0.0737818
228,0.0738337
229,0.0738888
230,0.0739448
231,0.0739974
232,0.0740449
233,0.0740916
234,0.0741386
235,0.0741828
236,0.0742238
237,0.0742625
238,0.0743006
239,0.0743368
240,0.0743745
241,0.0744185
242,0.0744632
243,0.0745078
244,0.074554
245,0.0746018
246,0.0746474
247,0.0746888
248,0.0747262
249,0.0747614
250,0.0747997
251,0.0748414
252,0.0748856
253,0.0749306
254,0.0749736
255,0.0750141
256,0.0750518
257,0.0750884
258,0.0751275
259,0.0751684
260,0.0752088
261,0.0752487
262,0.0752876
263,0.0753232
264,0.0753658
265,0.0754171
266,0.0754659
267,0.0755129
268,0.075558
269,0.0756013
270,0.0756436
271,0.075683
272,0.0757211
273,0.0757591
274,0.075796
275,0.0758324
276,0.075868
277,0.0759014
278,0.0759348
279,0.0759718
280,0.0760139
281,0.0760568
282,0.0760975
283,0.0761358
284,0.0761721
285,0.0762072
286,0.076244
287,0.0762849
288,0.07633
289,0.0763717
290,0.0764037
291,0.0764383
292,0.0764774
293,0.0765142
294,0.0765574
295,0.0766044
296,0.0766436
297,0.0766792
298,0.0767204
299,0.076764
300,0.0768041
301,0.0768364
302,0.0768641
303,0.0768953
304,0.07693
305,0.0769646
306,0.0769996
307,0.0770368
308,0.0770722
309,0.0771075
310,0.0771466
311,0.0771862
312,0.0772251
313,0.0772625
314,0.0772949
315,0.0773298
316,0.0773736
317,0.0774182
318,0.0774551
319,0.0774847
320,0.0775169
321,0.077549
322,0.077581
323,0.077613
324,0.0776435
325,0.0776752
326,0.0777071
327,0.0777373
328,0.0777652
329,0.0777961
330,0.0778298
331,0.0778699
332,0.0779104
333,0.0779477
334,0.0779847
335,0.0780196
336,0.0780554
337,0.0780918
338,0.0781265
339,0.0781609
340,0.0781976
341,0.0782275
342,0.0782604
343,0.078306
344,0.0783451
345,0.0783678
346,0.0783759
347,0.0783908
348,0.0784188
349,0.0784476
350,0.0784822
351,0.0785172
352,0.078547
353,0.0785778
354,0.0786099
355,0.0786419
356,0.078677
357,0.0787145
358,0.078751
359,0.0787849
360,0.0788104
361,0.0788331
362,0.0788624
363,0.0788905
364,0.0789258
365,0.0789677
366,0.0790013
367,0.0790291
368,0.079057
369,0.0790867
370,0.0791188
371,0.0791492
372,0.0791758
373,0.0792071
374,0.0792418
375,0.0792743
376,0.0793084
377,0.0793427
378,0.0793718
379,0.0794021
380,0.079433
381,0.0794644
382,0.0794905
383,0.0795409
384,0.0796153
385,0.0796226
386,0.0796187
387,0.0796375
388,0.0796571
389,0.0796793
390,0.0797056
391,0.0797388
392,0.0797755
393,0.0798122
394,0.0798463
395,0.0798728
396,0.079894
397,0.0799101
398,0.0799376
399,0.0799494
