2,0.939085
3,0.828699
4,0.729508
5,0.639906
6,0.559203
7,0.487289
8,0.423844
9,0.368181
10,0.319704
11,0.277589
12,0.240842
13,0.208735
14,0.180608
15,0.155917
16,0.134167
17,0.114959
18,0.0980151
19,0.0830833
20,0.0700083
21,0.0586423
22,0.0487501
23,0.0401607
24,0.0327958
25,0.0265767
26,0.0213896
27,0.0170005
28,0.0132116
29,0.00993461
30,0.00713647
31,0.00480675
32,0.00290998
33,0.00150945
34,0.00111111
35,0.00164929
36,0.0022151
37,0.00254177
38,0.00264296
39,0.00256972
40,0.00238514
41,0.00220669
42,0.00217599
43,0.00223272
44,0.00223518
45,0.00220519
46,0.00219307
47,0.00218118
48,0.00217749
49,0.00218088
50,0.00214639
51,0.00221087
52,0.00205678
53,0.00172657
54,0.00167568
55,0.00149515
56,0.0011564
57,0.000987134
58,0.000951642
59,0.00096252
60,0.000932593
61,0.000965041
62,0.000786649
63,0.000156229
64,0.000826813
65,0.000973913
66,0.00104962
67,0.00114268
68,0.00130761
69,0.00149787
70,0.00165545
71,0.00178844
72,0.00193869
73,0.0020163
74,0.00203262
75,0.00200614
76,0.00182135
77,0.00205777
78,0.00219247
79,0.00214068
80,0.00202373
81,0.00186206
82,0.00171821
83,0.00159103
84,0.00149048
85,0.00139917
86,0.0013131
87,0.00127291
88,0.00126335
89,0.00124965
90,0.00125053
91,0.00121279
92,0.00117115
93,0.00115123
94,0.00113667
95,0.00110093
96,0.00105184
97,0.00100818
98,0.000983943
99,0.000949145
100,0.000931444
101,0.000920508
102,0.000926581
103,0.000922651
104,0.000927101
105,0.000921922
106,0.000314919
107,0.000749181
108,0.000932044
109,0.000939126
110,0.000945072
111,0.000939539
112,0.00093985
113,0.000941852
114,0.000943545
115,0.000939936
116,0.000933597
117,0.000913008
118,0.000891923
119,0.000875052
120,0.000867054
121,0.000856502
122,0.000867386
123,0.000880516
124,0.000852169
125,0.000873037
126,0.000877535
127,0.000863797
128,0.000858012
129,0.000848792
130,0.000852892
131,0.000850061
132,0.000854869
133,0.000854136
134,0.00085535
135,0.000843397
136,0.000153314
137,0.000551159
138,0.000839338
139,0.000834693
140,0.000843817
141,0.000842677
142,0.000853847
143,0.000846785
144,0.000237191
145,0.000766006
146,0.000873379
147,0.000834688
148,0.000839464
149,0.000849731
150,0.000847074
151,0.000857948
152,0.000878216
153,0.000878473
154,0.00086586
155,0.000890929
156,0.000913837
157,0.000921597
158,0.000921491
159,0.000908171
160,0.000877643
161,0.000869609
162,0.000843102
163,0.000833099
164,0.000825331
165,0.000842411
166,0.000863513
167,0.000872612
168,0.000864206
169,0.000866649
170,0.000849563
171,0.000233192
172,0.000568582
173,0.000824983
174,0.000818778
175,0.000833864
176,0.000855474
177,0.000868813
178,0.00085106
179,0.000248843
180,0.000589095
181,0.000811971
182,0.00083767
183,0.000840994
184,0.000821643
185,0.000820162
186,0.000837919
187,0.000891963
188,0.000891712
189,0.000872471
190,0.000869514
191,0.000853854
192,0.000816966
193,0.000823334
194,0.000840073
195,0.000887523
196,0.000930102
197,0.000963218
198,0.000916999
199,0.000377024
200,0.000661664
201,0.000859142
202,0.000831649
203,0.000837692
204,0.000838376
205,0.000844709
206,0.000847213
207,0.000307495
208,0.000592552
209,0.000836823
210,0.000822297
211,0.0008201
212,0.000804416
213,0.000200826
214,0.000645215
215,0.000839735
216,0.000811085
217,0.000800218
218,0.000792572
219,0.00079092
220,0.000787794
221,0.000795886
222,0.000806866
223,0.000786347
224,0.000827601
225,0.000801271
226,0.000781475
227,0.000780464
228,0.000785883
229,0.000808569
230,0.00085207
231,0.000893474
232,0.000905464
233,0.00091476
234,0.000925261
235,0.000919686
236,0.000891655
237,0.000854489
238,0.000823276
239,0.000798116
240,0.000783028
241,0.000786594
242,0.000787645
243,0.000790489
244,0.000790067
245,0.000801028
246,0.000804962
247,0.000800634
248,0.000784878
249,0.00078344
250,0.000778976
251,0.000784096
252,0.000776535
253,0.000775501
254,0.000770847
255,0.000774849
256,0.000774512
257,0.000788204
258,0.000789187
259,0.000236793
260,0.000571029
261,0.000800535
262,0.000807373
263,0.000837787
264,0.000823809
265,0.000785743
266,0.000764562
267,0.000766788
268,0.00076682
269,0.000780923
270,0.000780947
271,0.000209447
272,0.000563247
273,0.000782766
274,0.000781835
275,0.000783181
276,0.000782798
277,0.000793525
278,0.000803717
279,0.000814546
280,0.000803023
281,0.00080002
282,0.000790584
283,0.000796451
284,0.000793274
285,0.000805529
286,0.000800071
287,0.000800146
288,0.000779455
289,0.000218675
290,0.00067729
291,0.000783
292,0.000783281
293,0.000780258
294,0.00077437
295,0.000782887
296,0.000788119
297,0.000781984
298,0.000796617
299,0.000818878
300,0.000837694
301,0.000813529
302,0.000786662
303,0.000772308
304,0.000772126
305,0.000763828
306,0.000765653
307,0.000761542
308,0.000762965
309,0.000756293
310,0.000764806
311,0.000767537
312,0.000780523
313,0.000779347
314,0.000775788
315,0.000767345
316,0.00080738
317,0.00085088
318,0.000447633
319,0.000742421
320,0.00081849
321,0.00081026
322,0.000794553
323,0.000785709
324,0.000769253
325,0.000761182
326,0.00075378
327,0.00074835
328,0.000738655
329,0.000744323
330,0.000740612
331,0.000745579
332,0.000756564
333,0.000773862
334,0.000785761
335,0.000797311
336,0.000805907
337,0.000826971
338,0.000832642
339,0.000846267
340,0.000863011
341,0.000852015
342,0.000845647
343,0.000939205
344,0.000978933
345,0.000520114
346,0.000681298
347,0.000735382
348,0.00073997
349,0.000739179
350,0.000738737
351,0.000734228
352,0.000744936
353,0.000748235
354,0.000756675
355,0.000756244
356,0.000763588
357,0.000764318
358,0.00077964
359,0.000780239
360,0.00077871
361,0.00076971
362,0.000269048
363,0.000599702
364,0.000769221
365,0.000770327
366,0.000773995
367,0.000765018
368,0.000759449
369,0.000754246
370,0.000754046
371,0.000749823
372,0.000745415
373,0.000740163
374,0.000744865
375,0.00074247
376,0.00075164
377,0.000759243
378,0.000758002
379,0.000756664
380,0.00076152
381,0.000762543
382,0.000967548
383,0.00132841
384,0.00161256
385,0.00145115
386,0.00128908
387,0.00126666
388,0.00125151
389,0.00125364
390,0.0012554
391,0.00125126
392,0.00125192
393,0.00126016
394,0.00126853
395,0.00126361
396,0.00125135
397,0.00124618
398,0.00124719
399,0.00127548
