2,0.93822
3,0.826929
4,0.734181
5,0.654111
6,0.574626
7,0.500682
8,0.437405
9,0.381599
10,0.332205
11,0.289103
12,0.251206
13,0.217783
14,0.188365
15,0.162564
16,0.139925
17,0.120012
18,0.102513
19,0.0871478
20,0.0736725
21,0.0619256
22,0.0517182
23,0.0428964
24,0.0353092
25,0.0288469
26,0.0233736
27,0.0187539
28,0.0148194
29,0.0114933
30,0.00868537
31,0.00642744
32,0.004637
33,0.0034796
34,0.00281523
35,0.00263324
36,0.00271614
37,0.00277898
38,0.00283163
39,0.0027568
40,0.00266536
41,0.00251144
42,0.00242654
43,0.00238977
44,0.00244902
45,0.00247098
46,0.00245033
47,0.00236997
48,0.00223872
49,0.0020324
50,0.00182122
51,0.00166139
52,0.00151891
53,0.00140353
54,0.00136124
55,0.00134553
56,0.00132078
57,0.00122656
58,0.00108749
59,0.000896725
60,0.000435498
61,0.000597742
62,0.000822713
63,0.000919974
64,0.00098665
65,0.00105753
66,0.0011434
67,0.00126107
68,0.00139856
69,0.00154795
70,0.00167243
71,0.00177674
72,0.00185424
73,0.00190361
74,0.00185023
75,0.00167623
76,0.00194884
77,0.00220303
78,0.00227465
79,0.00220605
80,0.00207575
81,0.00192156
82,0.00176481
83,0.0016169
84,0.00151479
85,0.00142606
86,0.00135339
87,0.0013081
88,0.00129117
89,0.00126182
90,0.00123377
91,0.00119514
92,0.00116743
93,0.00112987
94,0.00111666
95,0.00108482
96,0.00105197
97,0.00100882
98,0.000994159
99,0.000955751
100,0.000942101
101,0.000922012
102,0.000929905
103,0.00092241
104,0.00092799
105,0.000918031
106,0.000310528
107,0.000755098
108,0.000929213
109,0.000939597
110,0.000941371
111,0.000940446
112,0.000936802
113,0.000940836
114,0.000944591
115,0.000940236
116,0.000934972
117,0.000914528
118,0.000891217
119,0.000875741
120,0.000868359
121,0.000858488
122,0.00086699
123,0.000880148
124,0.000852252
125,0.000873668
126,0.000878155
127,0.000863154
128,0.00085648
129,0.000850162
130,0.000852755
131,0.000851218
132,0.000855423
133,0.000850629
134,0.000856682
135,0.000841973
136,0.000154438
137,0.000552458
138,0.000838119
139,0.000835178
140,0.000843462
141,0.000841236
142,0.000853164
143,0.000845486
144,0.000238839
145,0.000762598
146,0.00087247
147,0.000834844
148,0.000838393
149,0.000850459
150,0.000847514
151,0.000858256
152,0.000877643
153,0.000877797
154,0.000865259
155,0.000892329
156,0.000913582
157,0.000921007
158,0.000923473
159,0.000908096
160,0.00087664
161,0.00086919
162,0.000845215
163,0.00083023
164,0.00082588
165,0.000842197
166,0.000860658
167,0.000874921
168,0.000864019
169,0.000866426
170,0.000849979
171,0.000236124
172,0.000571522
173,0.000825819
174,0.000818773
175,0.000833824
176,0.000852969
177,0.000868862
178,0.000849383
179,0.000250005
180,0.000590987
181,0.000809742
182,0.000836928
183,0.000840732
184,0.000820701
185,0.000819494
186,0.000837487
187,0.0008906
188,0.000888618
189,0.000872348
190,0.000869167
191,0.000851211
192,0.000817948
193,0.000821517
194,0.000840926
195,0.000886633
196,0.000930704
197,0.000962919
198,0.000916894
199,0.000375551
200,0.000660015
201,0.00085923
202,0.00082881
203,0.000837352
204,0.000839219
205,0.000844346
206,0.000847675
207,0.000310013
208,0.000592858
209,0.00083691
210,0.00082246
211,0.000820157
212,0.000806177
213,0.000202016
214,0.000643411
215,0.000840331
216,0.000812398
217,0.000798612
218,0.000793225
219,0.000790869
220,0.000788272
221,0.00079568
222,0.000806612
223,0.000787477
224,0.000828785
225,0.000799926
226,0.000781618
227,0.000779843
228,0.000785577
229,0.000808559
230,0.000853928
231,0.000895589
232,0.000905377
233,0.000913464
234,0.000925337
235,0.000919134
236,0.000890837
237,0.000855444
238,0.00082377
239,0.00079727
240,0.000784122
241,0.000786684
242,0.000785634
243,0.000789302
244,0.000789989
245,0.000801505
246,0.000805279
247,0.00080138
248,0.000785389
249,0.000782307
250,0.000779331
251,0.00078388
252,0.000776184
253,0.00077637
254,0.000771119
255,0.000775015
256,0.000771572
257,0.000788208
258,0.000789798
259,0.000236832
260,0.00057216
261,0.000800095
262,0.000808377
263,0.000836902
264,0.00082194
265,0.000785351
266,0.000763047
267,0.000767902
268,0.000767624
269,0.000780101
270,0.000778841
271,0.000205904
272,0.000567078
273,0.000782711
274,0.000779559
275,0.000782024
276,0.000783127
277,0.000793542
278,0.000803621
279,0.000813531
280,0.000802475
281,0.000799751
282,0.000791546
283,0.000796494
284,0.000792479
285,0.000806443
286,0.000800859
287,0.00079956
288,0.000779219
289,0.00021919
290,0.000679187
291,0.000782669
292,0.000783039
293,0.000780158
294,0.000776425
295,0.000782249
296,0.000788193
297,0.000780929
298,0.000795414
299,0.000816988
300,0.000835295
301,0.000813611
302,0.000787363
303,0.000771044
304,0.000771312
305,0.000763391
306,0.000765797
307,0.000760024
308,0.000763878
309,0.00075827
310,0.000764365
311,0.000765573
312,0.000781162
313,0.00077988
314,0.000776671
315,0.000765552
316,0.000809237
317,0.000853552
318,0.000447931
319,0.000742336
320,0.000818494
321,0.000809745
322,0.000793714
323,0.000785769
324,0.000768678
325,0.000762318
326,0.000753484
327,0.000746169
328,0.000737411
329,0.000742797
330,0.000739957
331,0.000746705
332,0.00075583
333,0.000773018
334,0.000784257
335,0.000794826
336,0.000806371
337,0.000829119
338,0.000834518
339,0.000848209
340,0.000865373
341,0.000852736
342,0.000845008
343,0.00093907
344,0.000978528
345,0.00052029
346,0.000682677
347,0.000733338
348,0.000738949
349,0.000738255
350,0.000738786
351,0.000736
352,0.000746365
353,0.000747428
354,0.000755198
355,0.000757521
356,0.000765719
357,0.000766918
358,0.000779283
359,0.000780295
360,0.000779212
361,0.000770049
362,0.000270099
363,0.000600317
364,0.000769883
365,0.00077084
366,0.000772836
367,0.000764553
368,0.000759871
369,0.000754751
370,0.0007559
371,0.000750164
372,0.000745658
373,0.000741368
374,0.00074453
375,0.000742957
376,0.000752237
377,0.00076059
378,0.000757691
379,0.000756085
380,0.000760425
381,0.000764392
382,0.000968712
383,0.00133006
384,0.00161146
385,0.00145208
386,0.00128933
387,0.00126261
388,0.00125186
389,0.00124949
390,0.00125074
391,0.00125005
392,0.00125111
393,0.00126082
394,0.00126974
395,0.00126571
396,0.00125236
397,0.00124937
398,0.00124909
399,0.00127425
