2,0.859514
3,0.653079
4,0.581878
5,0.562294
6,0.532202
7,0.504503
8,0.470055
9,0.434168
10,0.396357
11,0.35823
12,0.320739
13,0.284743
14,0.251284
15,0.220634
16,0.193234
17,0.168986
18,0.148217
19,0.130187
20,0.114972
21,0.101699
22,0.0902415
23,0.0806773
24,0.072562
25,0.065808
26,0.0597377
27,0.054467
28,0.0498194
29,0.0456388
30,0.0419162
31,0.0386555
32,0.0358489
33,0.0335612
34,0.0313469
35,0.0295391
36,0.0275256
37,0.0258315
38,0.0239495
39,0.022392
40,0.0209931
41,0.0197398
42,0.0186133
43,0.0176966
44,0.0164817
45,0.0155901
46,0.0145127
47,0.0136042
48,0.0127236
49,0.0119529
50,0.0112846
51,0.01059
52,0.0100285
53,0.00936806
54,0.00884861
55,0.00820267
56,0.00770894
57,0.00709823
58,0.00667138
59,0.00618528
60,0.00582164
61,0.00539313
62,0.00510464
63,0.00472755
64,0.00452226
65,0.00422838
66,0.0040686
67,0.00382636
68,0.00366958
69,0.0034547
70,0.00328653
71,0.00308155
72,0.00291371
73,0.00273821
74,0.00262343
75,0.00256241
76,0.00254776
77,0.00269722
78,0.00278827
79,0.00292183
80,0.00287506
81,0.00280804
82,0.00264449
83,0.00254443
84,0.00238738
85,0.00228815
86,0.00217042
87,0.00210281
88,0.00200918
89,0.00195084
90,0.00186188
91,0.00177706
92,0.00169687
93,0.00165234
94,0.00159103
95,0.0015117
96,0.00141799
97,0.00134969
98,0.00131632
99,0.00128643
100,0.00126998
101,0.00121717
102,0.00108695
103,0.000820298
104,0.000382639
105,0.000651485
106,0.000830013
107,0.000916286
108,0.00094738
109,0.000961151
110,0.00095578
111,0.000953734
112,0.000946907
113,0.000945015
114,0.000940908
115,0.000940143
116,0.000925709
117,0.000918371
118,0.000894279
119,0.000883014
120,0.000866406
121,0.00086519
122,0.000865333
123,0.000883376
124,0.000857725
125,0.000868807
126,0.000872661
127,0.000866665
128,0.000857164
129,0.000852316
130,0.000853042
131,0.000843765
132,0.000857677
133,0.000841414
134,0.0008711
135,0.000823462
136,0.000123078
137,0.000601316
138,0.00084139
139,0.000829682
140,0.000851384
141,0.000834452
142,0.000872088
143,0.000832727
144,0.000249895
145,0.000725755
146,0.000863059
147,0.000840626
148,0.000841124
149,0.00085516
150,0.000846733
151,0.000857735
152,0.000857994
153,0.000869246
154,0.000862238
155,0.00087917
156,0.000892556
157,0.000925505
158,0.000922909
159,0.000909098
160,0.000876596
161,0.000873372
162,0.000842871
163,0.000835282
164,0.00082346
165,0.000847817
166,0.000860209
167,0.000877608
168,0.000861683
169,0.000872353
170,0.000847111
171,0.000231983
172,0.000581564
173,0.000823531
174,0.000819851
175,0.000836371
176,0.000855146
177,0.000872332
178,0.000849236
179,0.00024633
180,0.000604648
181,0.000812227
182,0.000838183
183,0.000842494
184,0.000821253
185,0.000823034
186,0.000836367
187,0.000893945
188,0.000888449
189,0.000874105
190,0.000868376
191,0.000856532
192,0.000817197
193,0.000827685
194,0.000839596
195,0.000885107
196,0.000927549
197,0.000966895
198,0.000913286
199,0.000367875
200,0.000671946
201,0.000860366
202,0.000830636
203,0.000839932
204,0.000840088
205,0.000845927
206,0.00084895
207,0.000304903
208,0.000595307
209,0.00084034
210,0.000819807
211,0.000824803
212,0.000804142
213,0.000197647
214,0.000669468
215,0.000843021
216,0.000816493
217,0.000803917
218,0.000797225
219,0.000791836
220,0.000789618
221,0.00079705
222,0.000808945
223,0.000785862
224,0.000840316
225,0.000802097
226,0.000784695
227,0.000783058
228,0.000786879
229,0.00080885
230,0.000854132
231,0.000894733
232,0.000906361
233,0.000915265
234,0.000926511
235,0.000917627
236,0.000897578
237,0.000855926
238,0.000824509
239,0.000797111
240,0.000787103
241,0.000784859
242,0.00078836
243,0.000790353
244,0.00078987
245,0.000803787
246,0.00080677
247,0.000800732
248,0.000787389
249,0.000781252
250,0.00078253
251,0.000783298
252,0.000778097
253,0.000778294
254,0.000771317
255,0.00077608
256,0.000773066
257,0.000787093
258,0.000788806
259,0.000237528
260,0.000579981
261,0.000801338
262,0.000808671
263,0.00083728
264,0.000823394
265,0.000787782
266,0.000762136
267,0.000771144
268,0.000765537
269,0.000786743
270,0.000778806
271,0.00020503
272,0.000578287
273,0.000782221
274,0.000784349
275,0.00078451
276,0.000783318
277,0.000791192
278,0.000803577
279,0.000814106
280,0.000802263
281,0.000798602
282,0.000793564
283,0.000798803
284,0.000794301
285,0.000805074
286,0.000801222
287,0.000802304
288,0.000781026
289,0.000220162
290,0.000663122
291,0.000783165
292,0.000781518
293,0.000780992
294,0.000776728
295,0.000783331
296,0.000788103
297,0.000781525
298,0.00079537
299,0.000821638
300,0.00083603
301,0.000815072
302,0.000786759
303,0.000772821
304,0.000771829
305,0.00076699
306,0.000766461
307,0.000762032
308,0.000765018
309,0.000757057
310,0.000763058
311,0.000768111
312,0.000781447
313,0.000780391
314,0.000778479
315,0.000767359
316,0.000807291
317,0.000851491
318,0.000448269
319,0.000727997
320,0.000820245
321,0.000809143
322,0.000794807
323,0.00078443
324,0.000771423
325,0.000763813
326,0.00075609
327,0.000747981
328,0.000740613
329,0.000742329
330,0.000740338
331,0.000745129
332,0.000756827
333,0.000774697
334,0.000785905
335,0.000797307
336,0.000807829
337,0.00082876
338,0.000834785
339,0.000847744
340,0.000864838
341,0.000853399
342,0.000848653
343,0.000936862
344,0.000977653
345,0.000522701
346,0.000672972
347,0.000736345
348,0.000739468
349,0.000740928
350,0.000741511
351,0.000735368
352,0.000744577
353,0.000746829
354,0.000757162
355,0.000758527
356,0.00076592
357,0.00076392
358,0.000780037
359,0.0007782
360,0.000779672
361,0.00076953
362,0.000267887
363,0.000609412
364,0.000769782
365,0.000771892
366,0.000776327
367,0.000765812
368,0.000759498
369,0.000754866
370,0.000755155
371,0.000749831
372,0.00074556
373,0.000740819
374,0.000745187
375,0.000742205
376,0.000752675
377,0.000762768
378,0.000757588
379,0.000756645
380,0.000761858
381,0.000761474
382,0.000967652
383,0.00132723
384,0.00161041
385,0.00145059
386,0.00129144
387,0.00126381
388,0.00125149
389,0.00125099
390,0.00125214
391,0.00125026
392,0.00125103
393,0.00126117
394,0.00126862
395,0.00126463
396,0.00125272
397,0.00124605
398,0.00124868
399,0.00127675
