2,0.880833
3,0.702731
4,0.622682
5,0.587295
6,0.547693
7,0.508448
8,0.466934
9,0.423772
10,0.38187
11,0.342365
12,0.306999
13,0.275619
14,0.24828
15,0.224024
16,0.202365
17,0.182461
18,0.163754
19,0.145633
20,0.128061
21,0.111364
22,0.0958383
23,0.081506
24,0.0687777
25,0.0581942
26,0.0494221
27,0.0420276
28,0.0355595
29,0.0299414
30,0.0247148
31,0.0200929
32,0.0160465
33,0.0131301
34,0.0113952
35,0.010003
36,0.00923129
37,0.00856018
38,0.00813707
39,0.0076334
40,0.00727591
41,0.00683586
42,0.00652915
43,0.00619478
44,0.0059072
45,0.00565847
46,0.00540475
47,0.00519636
48,0.00499566
49,0.00475141
50,0.00456399
51,0.00424575
52,0.00404612
53,0.00374814
54,0.00350729
55,0.00324732
56,0.00294736
57,0.00270771
58,0.00242472
59,0.00220973
60,0.0020641
61,0.0018605
62,0.00184445
63,0.00167209
64,0.00167467
65,0.00153177
66,0.00152865
67,0.00146097
68,0.0014491
69,0.00144886
70,0.0014551
71,0.00150807
72,0.00149653
73,0.00157799
74,0.00162247
75,0.00188136
76,0.00208235
77,0.00224778
78,0.00231701
79,0.00233066
80,0.00228587
81,0.00220196
82,0.00209311
83,0.00197742
84,0.00184855
85,0.00174867
86,0.00168979
87,0.00164338
88,0.00160839
89,0.00156108
90,0.00151182
91,0.00144412
92,0.00138076
93,0.00129483
94,0.00120977
95,0.00113735
96,0.00109141
97,0.00104321
98,0.00101079
99,0.000972741
100,0.000958408
101,0.000883397
102,0.00038399
103,0.000626458
104,0.000873091
105,0.000936781
106,0.000936866
107,0.00094541
108,0.000945795
109,0.000962358
110,0.000957918
111,0.000961141
112,0.000950983
113,0.000954653
114,0.000948578
115,0.000947819
116,0.000935373
117,0.00092014
118,0.000907057
119,0.000888318
120,0.000869239
121,0.000858725
122,0.00086708
123,0.000887343
124,0.000874123
125,0.000852923
126,0.000854916
127,0.000854178
128,0.000856802
129,0.000848427
130,0.000851211
131,0.000847993
132,0.000851175
133,0.000848597
134,0.000848704
135,0.000843105
136,0.000140153
137,0.000561751
138,0.000844978
139,0.000832742
140,0.000850557
141,0.000851038
142,0.000871322
143,0.000845066
144,0.000242851
145,0.000754661
146,0.00087353
147,0.00084197
148,0.000840271
149,0.000856453
150,0.000849047
151,0.000862351
152,0.0008622
153,0.000870985
154,0.000854443
155,0.000872096
156,0.000893241
157,0.00092162
158,0.000926952
159,0.000910667
160,0.000875351
161,0.0008766
162,0.000844218
163,0.000837757
164,0.000826193
165,0.000848187
166,0.00086318
167,0.000878359
168,0.000865617
169,0.00086979
170,0.000851271
171,0.000251527
172,0.000569796
173,0.000825014
174,0.000825347
175,0.00083263
176,0.000858657
177,0.000866459
178,0.000857072
179,0.000253196
180,0.000595047
181,0.000814921
182,0.000833141
183,0.000845222
184,0.000821943
185,0.000824824
186,0.000840845
187,0.000895969
188,0.000891303
189,0.000875128
190,0.000869712
191,0.000858599
192,0.000816444
193,0.000827709
194,0.000841955
195,0.000887471
196,0.000933382
197,0.000967156
198,0.000916251
199,0.000387154
200,0.000660349
201,0.000861588
202,0.000835441
203,0.000838008
204,0.000845611
205,0.000844288
206,0.000853953
207,0.000315247
208,0.000590394
209,0.00084163
210,0.000824336
211,0.000824115
212,0.000807757
213,0.000203377
214,0.000683501
215,0.000866105
216,0.000823093
217,0.00080099
218,0.000798028
219,0.000793126
220,0.000792424
221,0.000797077
222,0.000811078
223,0.000787562
224,0.000840434
225,0.000803967
226,0.000787259
227,0.000782101
228,0.000789296
229,0.000808811
230,0.000855301
231,0.000896056
232,0.000908563
233,0.000916615
234,0.000928873
235,0.000920184
236,0.000896761
237,0.000856726
238,0.000828168
239,0.000797711
240,0.000789907
241,0.000788265
242,0.000791908
243,0.00078931
244,0.000795214
245,0.000800198
246,0.000807198
247,0.000801745
248,0.000789434
249,0.000782305
250,0.0007837
251,0.000783389
252,0.000780346
253,0.000778614
254,0.000776131
255,0.00077509
256,0.000778315
257,0.000789104
258,0.000792932
259,0.000241987
260,0.000574245
261,0.000804426
262,0.000808253
263,0.000839741
264,0.000824485
265,0.000787921
266,0.000764759
267,0.000771109
268,0.000768748
269,0.000783653
270,0.000784394
271,0.00021948
272,0.00056161
273,0.00078404
274,0.000783654
275,0.000785133
276,0.000784998
277,0.000793651
278,0.000806391
279,0.000815165
280,0.000805539
281,0.000799154
282,0.000797229
283,0.000797692
284,0.000797637
285,0.000804726
286,0.000805289
287,0.000798707
288,0.00078663
289,0.000219845
290,0.000685059
291,0.000785355
292,0.000783232
293,0.000781136
294,0.000776477
295,0.000786184
296,0.000788409
297,0.000785284
298,0.000794678
299,0.000820537
300,0.000836628
301,0.000817521
302,0.000785833
303,0.000775997
304,0.000772791
305,0.000769169
306,0.000768726
307,0.000765196
308,0.000764737
309,0.000761289
310,0.000765758
311,0.000770702
312,0.000781086
313,0.000779936
314,0.000775303
315,0.000770803
316,0.000807308
317,0.000855701
318,0.000448859
319,0.000745492
320,0.000821559
321,0.00080976
322,0.000795994
323,0.000784361
324,0.000772169
325,0.000763372
326,0.000757854
327,0.000748728
328,0.000741824
329,0.000743861
330,0.000743483
331,0.000747843
332,0.000760419
333,0.000774413
334,0.000787482
335,0.000796972
336,0.00080711
337,0.000829192
338,0.000836786
339,0.000847994
340,0.000866744
341,0.000852847
342,0.000850974
343,0.000939089
344,0.000982103
345,0.00052045
346,0.000677007
347,0.000736508
348,0.000741072
349,0.000744622
350,0.000741344
351,0.000740392
352,0.000746642
353,0.00075034
354,0.000756396
355,0.000759472
356,0.000764142
357,0.000766504
358,0.000779005
359,0.000780526
360,0.00077941
361,0.000770602
362,0.000271722
363,0.000602188
364,0.000771338
365,0.000772394
366,0.000775346
367,0.000764715
368,0.000762013
369,0.000756717
370,0.000754953
371,0.000749656
372,0.000746515
373,0.000741976
374,0.000746501
375,0.000745938
376,0.000753223
377,0.000762829
378,0.000759974
379,0.000757602
380,0.000761034
381,0.000764193
382,0.000972768
383,0.00132829
384,0.00160894
385,0.00145009
386,0.00129057
387,0.00126412
388,0.00125029
389,0.00125051
390,0.00125247
391,0.00125114
392,0.00125226
393,0.00126132
394,0.00127199
395,0.00126451
396,0.0012519
397,0.00124906
398,0.00124778
399,0.00127498
