2,0.00447276
3,0.0118227
4,0.0156374
5,0.0176609
6,0.0198708
7,0.0220822
8,0.0244155
9,0.0268469
10,0.0292417
11,0.0315397
12,0.0336531
13,0.0355802
14,0.0373151
15,0.0388975
16,0.0403511
17,0.0417141
18,0.0430163
19,0.0442873
20,0.0455302
21,0.0467273
22,0.0478629
23,0.048934
24,0.0499197
25,0.0507854
26,0.0515517
27,0.0522381
28,0.0528685
29,0.0534562
30,0.0540112
31,0.0545488
32,0.0550649
33,0.0555358
34,0.0559351
35,0.0562753
36,0.056583
37,0.0568584
38,0.0571194
39,0.0573712
40,0.0576083
41,0.0578401
42,0.0580639
43,0.0582788
44,0.0584867
45,0.0586875
46,0.0588824
47,0.0590717
48,0.0592547
49,0.0594303
50,0.0595977
51,0.0597589
52,0.0599161
53,0.0600707
54,0.0602218
55,0.0603689
56,0.0605112
57,0.0606483
58,0.0607806
59,0.0609114
60,0.0610417
61,0.0611722
62,0.0613049
63,0.0614384
64,0.0615712
65,0.0617013
66,0.0618275
67,0.0619496
68,0.062068
69,0.062185
70,0.0623005
71,0.0624163
72,0.0625346
73,0.062652
74,0.062769
75,0.062884
76,0.0629975
77,0.0631121
78,0.0632265
79,0.063342
80,0.0634586
81,0.0635767
82,0.0636945
83,0.0638116
84,0.063929
85,0.0640439
86,0.0641558
87,0.0642654
88,0.0643733
89,0.0644803
90,0.0645869
91,0.0646935
92,0.0647987
93,0.0649028
94,0.0650064
95,0.0651086
96,0.06521
97,0.065311
98,0.0654115
99,0.0655125
100,0.0656134
101,0.0657131
102,0.0658082
103,0.0658978
104,0.0659854
105,0.0660723
106,0.06616
107,0.0662482
108,0.0663335
109,0.066418
110,0.0665036
111,0.0665888
112,0.0666745
113,0.066759
114,0.0668425
115,0.0669264
116,0.0670099
117,0.0670949
118,0.0671787
119,0.0672632
120,0.0673509
121,0.0674382
122,0.0675264
123,0.0676128
124,0.0676871
125,0.067754
126,0.0678258
127,0.0679017
128,0.0679784
129,0.0680579
130,0.0681354
131,0.0682106
132,0.0682872
133,0.068361
134,0.0684309
135,0.0684998
136,0.0685707
137,0.0686444
138,0.0687172
139,0.0687879
140,0.0688624
141,0.0689408
142,0.0690126
143,0.0690794
144,0.0691521
145,0.0692248
146,0.0692914
147,0.0693458
148,0.0693975
149,0.0694613
150,0.0695271
151,0.069591
152,0.0696549
153,0.0697198
154,0.0697867
155,0.0698486
156,0.0699071
157,0.0699669
158,0.0700283
159,0.0700955
160,0.0701628
161,0.0702275
162,0.0702956
163,0.0703657
164,0.070434
165,0.0705035
166,0.0705721
167,0.070634
168,0.0706927
169,0.0707515
170,0.0708087
171,0.0708629
172,0.0709166
173,0.0709709
174,0.071031
175,0.0710992
176,0.0711655
177,0.0712254
178,0.071281
179,0.0713345
180,0.0713828
181,0.0714257
182,0.0714726
183,0.0715273
184,0.0715873
185,0.0716447
186,0.071693
187,0.0717379
188,0.0717922
189,0.0718505
190,0.0719042
191,0.071962
192,0.0720239
193,0.072078
194,0.072125
195,0.0721707
196,0.0722151
197,0.0722643
198,0.0723233
199,0.0723812
200,0.0724343
201,0.0724919
202,0.0725565
203,0.0726192
204,0.072673
205,0.0727248
206,0.0727789
207,0.0728302
208,0.0728786
209,0.0729272
210,0.0729738
211,0.0730187
212,0.0730663
213,0.0731093
214,0.0731411
215,0.0731859
216,0.073245
217,0.0732991
218,0.0733503
219,0.0733999
220,0.0734515
221,0.0735081
222,0.0735601
223,0.0735892
224,0.0736189
225,0.073674
226,0.0737316
227,0.0737816
228,0.0738337
229,0.073889
230,0.0739449
231,0.0739976
232,0.0740448
233,0.0740917
234,0.0741385
235,0.0741827
236,0.0742239
237,0.0742625
238,0.0743006
239,0.0743367
240,0.0743745
241,0.0744184
242,0.0744633
243,0.0745078
244,0.0745544
245,0.0746018
246,0.074647
247,0.0746887
248,0.0747261
249,0.0747614
250,0.0747995
251,0.0748413
252,0.0748858
253,0.0749304
254,0.0749737
255,0.0750146
256,0.075052
257,0.0750889
258,0.0751276
259,0.0751683
260,0.0752086
261,0.0752486
262,0.0752877
263,0.0753231
264,0.075366
265,0.0754173
266,0.0754658
267,0.0755131
268,0.0755579
269,0.0756012
270,0.0756438
271,0.0756829
272,0.075721
273,0.0757592
274,0.075796
275,0.0758326
276,0.0758679
277,0.0759013
278,0.0759348
279,0.0759718
280,0.0760139
281,0.0760568
282,0.0760974
283,0.0761359
284,0.0761721
285,0.0762072
286,0.0762435
287,0.0762851
288,0.0763297
289,0.0763683
290,0.0764003
291,0.0764382
292,0.0764774
293,0.0765144
294,0.0765579
295,0.0766042
296,0.0766437
297,0.0766789
298,0.0767204
299,0.076764
300,0.076804
301,0.0768365
302,0.0768636
303,0.0768947
304,0.0769297
305,0.0769642
306,0.0769992
307,0.0770366
308,0.0770722
309,0.0771075
310,0.0771464
311,0.0771863
312,0.0772251
313,0.0772615
314,0.0772946
315,0.0773298
316,0.0773735
317,0.0774182
318,0.0774551
319,0.0774849
320,0.0775167
321,0.077549
322,0.077581
323,0.0776131
324,0.0776436
325,0.0776752
326,0.0777072
327,0.0777371
328,0.0777653
329,0.0777963
330,0.0778297
331,0.0778697
332,0.0779106
333,0.0779478
334,0.0779846
335,0.0780196
336,0.0780553
337,0.0780919
338,0.0781264
339,0.0781608
340,0.0781974
341,0.0782275
342,0.0782604
343,0.078306
344,0.0783451
345,0.0783677
346,0.078376
347,0.0783908
348,0.0784188
349,0.0784475
350,0.0784822
351,0.0785172
352,0.0785471
353,0.078578
354,0.0786098
355,0.0786418
356,0.078677
357,0.0787147
358,0.0787511
359,0.0787846
360,0.0788105
361,0.0788333
362,0.0788626
363,0.0788904
364,0.0789258
365,0.078968
366,0.0790011
367,0.0790292
368,0.0790572
369,0.0790867
370,0.0791187
371,0.0791493
372,0.079176
373,0.0792069
374,0.0792418
375,0.0792744
376,0.0793082
377,0.0793426
378,0.0793717
379,0.079402
380,0.079433
381,0.0794646
382,0.0794905
383,0.0795408
384,0.0796152
385,0.0796228
386,0.0796186
387,0.0796375
388,0.0796572
389,0.0796793
390,0.0797056
391,0.0797389
392,0.0797754
393,0.079812
394,0.0798461
395,0.0798728
396,0.0798941
397,0.0799101
398,0.0799374
399,0.0799494
