2,0.843847
3,0.573064
4,0.360702
5,0.20878
6,0.110967
7,0.0547149
8,0.0259089
9,0.0127224
10,0.00715109
11,0.00490913
12,0.00388682
13,0.00325967
14,0.00281005
15,0.0024643
16,0.00205947
17,0.00174189
18,0.00173597
19,0.00167133
20,0.00157352
21,0.00149673
22,0.001421
23,0.00136339
24,0.00132224
25,0.00130139
26,0.00130494
27,0.00131356
28,0.0013043
29,0.00127048
30,0.00122781
31,0.00119161
32,0.00115091
33,0.00110674
34,0.00107054
35,0.0010595
36,0.00103407
37,0.000669957
38,0.000703431
39,0.000974836
40,0.00110452
41,0.00114029
42,0.00114284
43,0.0011322
44,0.00110545
45,0.00108125
46,0.0010243
47,0.000684815
48,0.000603153
49,0.000746088
50,0.000929359
51,0.000965081
52,0.0009692
53,0.000974921
54,0.000978527
55,0.000981476
56,0.000977965
57,0.000971396
58,0.00096508
59,0.00095583
60,0.000950365
61,0.000949486
62,0.000940545
63,0.000938104
64,0.000935266
65,0.000934014
66,0.000932695
67,0.000940287
68,0.000946387
69,0.000952866
70,0.000955426
71,0.000642028
72,0.000734608
73,0.00105017
74,0.0011798
75,0.00109193
76,0.000990348
77,0.000982332
78,0.00102845
79,0.00105635
80,0.00104944
81,0.00101652
82,0.000959687
83,0.000916584
84,0.000900818
85,0.000899193
86,0.000900785
87,0.000896373
88,0.000894451
89,0.000895666
90,0.000901111
91,0.00091313
92,0.000742836
93,0.000721859
94,0.000734673
95,0.000727974
96,0.000757081
97,0.000859098
98,0.000969296
99,0.000960337
100,0.000897521
101,0.000818304
102,0.000775385
103,0.00076527
104,0.00075145
105,0.000757693
106,0.00075384
107,0.000743185
108,0.000752032
109,0.000749393
110,0.000744312
111,0.000749296
112,0.000747167
113,0.000728588
114,0.000721487
115,0.000726808
116,0.000737257
117,0.000739733
118,0.000747651
119,0.00070314
120,0.000772179
121,0.000845792
122,0.000867525
123,0.000880393
124,0.00087622
125,0.000922644
126,0.000881756
127,0.00088822
128,0.000863769
129,0.0008521
130,0.000836046
131,0.000767843
132,0.000749111
133,0.000766193
134,0.00077171
135,0.000739341
136,0.00071881
137,0.000689781
138,0.000663384
139,0.000648629
140,0.000652757
141,0.000672775
142,0.000667191
143,0.000690324
144,0.000728282
145,0.000767595
146,0.000771699
147,0.000714887
148,0.000705171
149,0.000700458
150,0.000698376
151,0.000661443
152,0.000636436
153,0.000718566
154,0.000800237
155,0.000875276
156,0.000929919
157,0.000942287
158,0.000926976
159,0.000893852
160,0.000876069
161,0.000865416
162,0.000840862
163,0.000826217
164,0.00082617
165,0.000834678
166,0.000849005
167,0.000870393
168,0.000868908
169,0.000865483
170,0.000813128
171,0.000742833
172,0.000724684
173,0.000708016
174,0.000675308
175,0.000629431
176,0.000650542
177,0.000685222
178,0.000696457
179,0.000684091
180,0.000662571
181,0.000655976
182,0.000672542
183,0.000660986
184,0.000652592
185,0.000653454
186,0.000701641
187,0.000678345
188,0.000755415
189,0.000768586
190,0.000772905
191,0.000795104
192,0.000781365
193,0.000795058
194,0.00080879
195,0.000872703
196,0.000942311
197,0.000961392
198,0.000916469
199,0.000776597
200,0.000716596
201,0.000740778
202,0.000750069
203,0.000735177
204,0.000737748
205,0.00070028
206,0.000663885
207,0.000640054
208,0.00061183
209,0.000632224
210,0.000623924
211,0.000677556
212,0.000696649
213,0.000719074
214,0.000713082
215,0.000698785
216,0.000713623
217,0.000727186
218,0.000728269
219,0.000719409
220,0.000692461
221,0.000695478
222,0.00073085
223,0.000689557
224,0.000689253
225,0.000649322
226,0.00058958
227,0.000621626
228,0.000640381
229,0.00072281
230,0.000828996
231,0.000895928
232,0.000910991
233,0.00090888
234,0.000918608
235,0.000910956
236,0.000900168
237,0.00073775
238,0.000635227
239,0.00067178
240,0.000674094
241,0.000672549
242,0.000666917
243,0.000672948
244,0.000680634
245,0.000688213
246,0.000697629
247,0.000687861
248,0.000659332
249,0.000636298
250,0.000664495
251,0.000722441
252,0.000763104
253,0.000774166
254,0.00077515
255,0.000769616
256,0.000777794
257,0.000788308
258,0.000799246
259,0.000804865
260,0.000677707
261,0.00070229
262,0.000725061
263,0.000650699
264,0.000618259
265,0.000637573
266,0.000694318
267,0.00071909
268,0.00075515
269,0.000748959
270,0.000710844
271,0.000666991
272,0.000629557
273,0.000526668
274,0.000533867
275,0.000556576
276,0.000584602
277,0.00057362
278,0.000630301
279,0.000644249
280,0.000631936
281,0.000645832
282,0.000670264
283,0.000681535
284,0.000703555
285,0.000703535
286,0.000717425
287,0.00072657
288,0.000712298
289,0.000688608
290,0.000681226
291,0.000687633
292,0.000690785
293,0.000703742
294,0.000709167
295,0.000737201
296,0.000752054
297,0.000771196
298,0.000796429
299,0.000831148
300,0.000872623
301,0.000879121
302,0.00084816
303,0.00082579
304,0.000779689
305,0.000705948
306,0.000680666
307,0.000711437
308,0.00071171
309,0.000713158
310,0.000715047
311,0.000718742
312,0.00070642
313,0.000687179
314,0.00070008
315,0.00071023
316,0.000709715
317,0.000713346
318,0.000783412
319,0.000795569
320,0.000783706
321,0.000729702
322,0.000706415
323,0.000707736
324,0.000694446
325,0.000663609
326,0.000671992
327,0.000667729
328,0.000621773
329,0.00063052
330,0.000636698
331,0.000570375
332,0.000598917
333,0.00062281
334,0.000649199
335,0.000683186
336,0.000694135
337,0.000712929
338,0.000710968
339,0.00072338
340,0.000752775
341,0.000727183
342,0.000730023
343,0.000843856
344,0.000883664
345,0.000746623
346,0.000610861
347,0.000574409
348,0.000552649
349,0.000549254
350,0.000562636
351,0.000565184
352,0.000611621
353,0.000652676
354,0.000680906
355,0.00071009
356,0.000715515
357,0.000679363
358,0.000681177
359,0.000682754
360,0.000694775
361,0.00073227
362,0.000731854
363,0.000726251
364,0.000681407
365,0.000650476
366,0.000659499
367,0.000645552
368,0.000682761
369,0.000687061
370,0.000692049
371,0.000659928
372,0.000578702
373,0.000609651
374,0.000632135
375,0.000631013
376,0.000623627
377,0.000622993
378,0.000651418
379,0.00066583
380,0.000665249
381,0.000670457
382,0.000733264
383,0.000775233
384,0.000868593
385,0.000916755
386,0.000826128
387,0.000781701
388,0.000800096
389,0.000811142
390,0.000810487
391,0.00084105
392,0.000879786
393,0.000937848
394,0.000986175
395,0.000994321
396,0.00100112
397,0.00106958
398,0.00119707
399,0.00125834
