2,0.924216
3,0.794791
4,0.6957
5,0.62155
6,0.561883
7,0.50852
8,0.458797
9,0.413667
10,0.374171
11,0.339748
12,0.309128
13,0.281422
14,0.25604
15,0.232438
16,0.210159
17,0.188889
18,0.168479
19,0.148955
20,0.130487
21,0.113319
22,0.0976241
23,0.0835344
24,0.0711408
25,0.0603807
26,0.0510663
27,0.0429716
28,0.0359057
29,0.0296763
30,0.0241027
31,0.0191222
32,0.0147171
33,0.010923
34,0.00785628
35,0.00554091
36,0.00392703
37,0.00289457
38,0.00237242
39,0.00225713
40,0.00234616
41,0.00252115
42,0.00269395
43,0.00289245
44,0.00295806
45,0.00292503
46,0.00300216
47,0.00306072
48,0.00310501
49,0.00312601
50,0.00304597
51,0.00278998
52,0.0025656
53,0.00240187
54,0.00222707
55,0.00204054
56,0.0018482
57,0.00158561
58,0.000983625
59,0.000985498
60,0.00108816
61,0.00100481
62,0.000958576
63,0.00093306
64,0.000946873
65,0.000961988
66,0.00100536
67,0.00104082
68,0.00115334
69,0.00125207
70,0.0010515
71,0.00151834
72,0.00173546
73,0.00178145
74,0.00183353
75,0.00187571
76,0.00193471
77,0.00200594
78,0.0020844
79,0.00210239
80,0.00203617
81,0.00194384
82,0.00183624
83,0.00175756
84,0.00172285
85,0.00171041
86,0.00165034
87,0.00153718
88,0.00145671
89,0.00140417
90,0.00133814
91,0.00128445
92,0.00123587
93,0.00120817
94,0.00116428
95,0.00110651
96,0.0010424
97,0.00101057
98,0.000972378
99,0.000954029
100,0.000923638
101,0.000266465
102,0.000835681
103,0.000970939
104,0.000972979
105,0.000967514
106,0.000946864
107,0.000939425
108,0.000950404
109,0.000952392
110,0.000949985
111,0.000939437
112,0.000928596
113,0.00093551
114,0.000938359
115,0.000931565
116,0.000932551
117,0.000914503
118,0.000898695
119,0.000879274
120,0.000859382
121,0.000853184
122,0.000862053
123,0.000884987
124,0.000870488
125,0.000847716
126,0.00085573
127,0.000851195
128,0.000851677
129,0.000843752
130,0.00084709
131,0.000842162
132,0.000848936
133,0.000843857
134,0.000844444
135,0.000837356
136,0.000177268
137,0.000541096
138,0.000837037
139,0.000830932
140,0.0008448
141,0.000847461
142,0.000868623
143,0.00083739
144,0.000234598
145,0.000762824
146,0.00087285
147,0.000834711
148,0.00083913
149,0.000848048
150,0.000849028
151,0.000855265
152,0.000862734
153,0.000863839
154,0.000853648
155,0.000865697
156,0.000890619
157,0.000917513
158,0.000925776
159,0.000903438
160,0.000876531
161,0.000867109
162,0.000845658
163,0.000829928
164,0.000823574
165,0.000840107
166,0.000862174
167,0.000871616
168,0.000863345
169,0.000865663
170,0.000847929
171,0.000248291
172,0.000566965
173,0.000823401
174,0.000818873
175,0.000833147
176,0.000852279
177,0.00086496
178,0.000848209
179,0.00026412
180,0.000576673
181,0.000808376
182,0.000832335
183,0.000838341
184,0.00082162
185,0.000817102
186,0.000837112
187,0.00088999
188,0.000891097
189,0.000870245
190,0.000869567
191,0.000852199
192,0.000815418
193,0.000821472
194,0.000839611
195,0.000886544
196,0.000931247
197,0.000962067
198,0.000916615
199,0.000390283
200,0.000647756
201,0.00086036
202,0.000827886
203,0.000838468
204,0.000838475
205,0.000843977
206,0.000846602
207,0.000323598
208,0.000588147
209,0.00083569
210,0.000821677
211,0.000820313
212,0.000799695
213,0.00020869
214,0.000663675
215,0.000863185
216,0.00081819
217,0.000801097
218,0.00079304
219,0.00079103
220,0.000787134
221,0.000796051
222,0.000807022
223,0.000785605
224,0.000833993
225,0.00080363
226,0.000781657
227,0.000779933
228,0.000783431
229,0.000806184
230,0.000852382
231,0.000894601
232,0.000904945
233,0.000915197
234,0.000925458
235,0.000919774
236,0.000890967
237,0.000855751
238,0.000822872
239,0.000796195
240,0.000783678
241,0.000786231
242,0.000784972
243,0.00078807
244,0.000788249
245,0.00080063
246,0.00080504
247,0.000801804
248,0.000784456
249,0.000780653
250,0.00077985
251,0.000782742
252,0.000775973
253,0.000777911
254,0.000769845
255,0.000773777
256,0.000774442
257,0.000786876
258,0.000788772
259,0.000254434
260,0.000564934
261,0.000800613
262,0.000806964
263,0.000836357
264,0.000823749
265,0.000784253
266,0.000763355
267,0.000767173
268,0.000766301
269,0.000780392
270,0.000778435
271,0.000224213
272,0.000553854
273,0.000780312
274,0.000778924
275,0.000784079
276,0.00078115
277,0.000794437
278,0.00080167
279,0.000813204
280,0.00080298
281,0.000799926
282,0.000791752
283,0.000795878
284,0.000792423
285,0.000805759
286,0.000799239
287,0.000801928
288,0.000776835
289,0.000218547
290,0.000680118
291,0.000783809
292,0.000781749
293,0.000779693
294,0.00077447
295,0.000781466
296,0.000789791
297,0.000781543
298,0.000794889
299,0.000818442
300,0.000836698
301,0.000812999
302,0.000782492
303,0.000770814
304,0.000773027
305,0.000765815
306,0.000766436
307,0.000762151
308,0.000763194
309,0.000756733
310,0.000765663
311,0.000766356
312,0.000780927
313,0.000776593
314,0.000776377
315,0.000763712
316,0.000807741
317,0.000845932
318,0.000447419
319,0.000739533
320,0.00081698
321,0.000808571
322,0.000794121
323,0.00078607
324,0.000768438
325,0.000764154
326,0.000754526
327,0.000746474
328,0.000740855
329,0.000742042
330,0.000738044
331,0.000747302
332,0.000756777
333,0.000773128
334,0.000784141
335,0.000795998
336,0.000804243
337,0.000827145
338,0.000832067
339,0.000848044
340,0.000862083
341,0.000856073
342,0.000845812
343,0.00093985
344,0.00097656
345,0.000519049
346,0.000677421
347,0.000735086
348,0.000739724
349,0.00074057
350,0.00073995
351,0.000735914
352,0.000745265
353,0.000746032
354,0.000755883
355,0.000757317
356,0.000764579
357,0.000762356
358,0.000779102
359,0.000777592
360,0.000779388
361,0.00076922
362,0.000279114
363,0.000588032
364,0.000767275
365,0.000772171
366,0.000773726
367,0.000763959
368,0.000758879
369,0.000754699
370,0.000751645
371,0.00074957
372,0.000744168
373,0.000740827
374,0.000745142
375,0.000743466
376,0.000751329
377,0.000761909
378,0.000756833
379,0.000759486
380,0.000759122
381,0.000765575
382,0.000963804
383,0.00132614
384,0.00160796
385,0.00145036
386,0.00128801
387,0.00126129
388,0.00124758
389,0.00124874
390,0.00125204
391,0.00124945
392,0.00125047
393,0.00125844
394,0.00126787
395,0.00126387
396,0.00124668
397,0.00124646
398,0.00124518
399,0.0012757
