2,0.936541
3,0.823559
4,0.726933
5,0.645381
6,0.576752
7,0.518341
8,0.467595
9,0.422681
10,0.382654
11,0.346932
12,0.314907
13,0.285981
14,0.25957
15,0.23518
16,0.212391
17,0.190864
18,0.170451
19,0.15115
20,0.133029
21,0.116185
22,0.10072
23,0.0867482
24,0.074301
25,0.0633169
26,0.0536401
27,0.0451399
28,0.0377117
29,0.031183
30,0.0255118
31,0.0206345
32,0.0162796
33,0.0123565
34,0.00902308
35,0.00640724
36,0.00451901
37,0.0032529
38,0.00256049
39,0.00225352
40,0.00228052
41,0.00239614
42,0.00263732
43,0.00268606
44,0.00254772
45,0.00268848
46,0.00280736
47,0.00291521
48,0.0030423
49,0.00312623
50,0.00295716
51,0.00263502
52,0.00252461
53,0.00238874
54,0.00221578
55,0.00199288
56,0.00174522
57,0.00144685
58,0.000822835
59,0.000936529
60,0.00107979
61,0.00100803
62,0.00095759
63,0.000938087
64,0.000944792
65,0.000965401
66,0.00100625
67,0.00104171
68,0.00113546
69,0.00122629
70,0.00103663
71,0.00152741
72,0.00173704
73,0.00178548
74,0.00183179
75,0.00187602
76,0.00193104
77,0.00200533
78,0.00208879
79,0.00210308
80,0.00203711
81,0.00194522
82,0.00183724
83,0.00175892
84,0.00172454
85,0.00171092
86,0.00165305
87,0.0015374
88,0.00146126
89,0.00141851
90,0.00133973
91,0.0012752
92,0.00123977
93,0.001211
94,0.00116918
95,0.00110553
96,0.00104729
97,0.00101029
98,0.000977186
99,0.000952625
100,0.000919443
101,0.000260438
102,0.00085666
103,0.000974538
104,0.00097297
105,0.000973046
106,0.000948013
107,0.00094259
108,0.000950374
109,0.000955274
110,0.000951303
111,0.000943725
112,0.000931515
113,0.000939153
114,0.000939246
115,0.000934501
116,0.00093204
117,0.000917633
118,0.00089991
119,0.000883354
120,0.000860818
121,0.000857634
122,0.000864391
123,0.000889056
124,0.0008715
125,0.000853424
126,0.000856294
127,0.000854392
128,0.000853357
129,0.000847718
130,0.000847315
131,0.000846346
132,0.000850458
133,0.000848603
134,0.000847067
135,0.000829101
136,0.000111964
137,0.000568903
138,0.000841825
139,0.000833319
140,0.000845337
141,0.000851557
142,0.000870095
143,0.000807577
144,0.000231314
145,0.000777117
146,0.000872786
147,0.000841992
148,0.000838184
149,0.00085487
150,0.000848573
151,0.000861459
152,0.000863845
153,0.000868565
154,0.00085238
155,0.000873187
156,0.000889797
157,0.000921555
158,0.000925215
159,0.000909836
160,0.000876401
161,0.00087468
162,0.000845571
163,0.000836819
164,0.000824054
165,0.000846929
166,0.000862112
167,0.000876756
168,0.000863949
169,0.000869531
170,0.000838559
171,0.000216525
172,0.000578601
173,0.00082316
174,0.000823485
175,0.000832502
176,0.000854355
177,0.000868408
178,0.000842203
179,0.000236521
180,0.00059314
181,0.000814028
182,0.000833166
183,0.000845345
184,0.000820088
185,0.000822564
186,0.000837971
187,0.000895596
188,0.000894086
189,0.000877149
190,0.000869653
191,0.000859709
192,0.000817837
193,0.000827314
194,0.000839821
195,0.000888945
196,0.000931077
197,0.000967393
198,0.000904565
199,0.000361497
200,0.000665317
201,0.0008613
202,0.000831872
203,0.000839577
204,0.000843555
205,0.000843326
206,0.00084055
207,0.000289673
208,0.000593123
209,0.000839862
210,0.000820795
211,0.000825126
212,0.000792711
213,0.000189271
214,0.00067651
215,0.000862333
216,0.000824433
217,0.000801686
218,0.000799488
219,0.00079074
220,0.000792681
221,0.0007958
222,0.000810573
223,0.000786858
224,0.000837193
225,0.000805226
226,0.000785844
227,0.000782613
228,0.000790016
229,0.000807704
230,0.00085615
231,0.000894347
232,0.00090699
233,0.000915202
234,0.000928198
235,0.000920232
236,0.000894777
237,0.000856288
238,0.000827891
239,0.000797047
240,0.000788515
241,0.000786273
242,0.000789004
243,0.000789384
244,0.000793862
245,0.000801642
246,0.000808329
247,0.000800639
248,0.000790346
249,0.000781206
250,0.000782508
251,0.00078495
252,0.000780363
253,0.000778476
254,0.000772861
255,0.000774561
256,0.000775441
257,0.000789364
258,0.000783119
259,0.000228426
260,0.000575193
261,0.000804118
262,0.000807861
263,0.000839589
264,0.000823508
265,0.000788162
266,0.000765583
267,0.000771989
268,0.000764907
269,0.000784706
270,0.000772504
271,0.000185079
272,0.000581877
273,0.000784914
274,0.000785831
275,0.00078539
276,0.000786146
277,0.000793134
278,0.000805163
279,0.000811835
280,0.000803065
281,0.00079788
282,0.000794832
283,0.000797231
284,0.000796617
285,0.000805539
286,0.000804977
287,0.000799559
288,0.000750228
289,0.000214633
290,0.000686381
291,0.000785416
292,0.00078229
293,0.000783156
294,0.000773644
295,0.000784155
296,0.000787778
297,0.000783047
298,0.000794093
299,0.000820932
300,0.000835898
301,0.000815263
302,0.00078458
303,0.000773659
304,0.000772045
305,0.000768009
306,0.000768244
307,0.000766319
308,0.000764528
309,0.000759804
310,0.000764062
311,0.000767893
312,0.000780078
313,0.000780188
314,0.00077421
315,0.000767984
316,0.000808726
317,0.000826513
318,0.000444653
319,0.000744643
320,0.000820556
321,0.000807398
322,0.000794727
323,0.000785355
324,0.000770111
325,0.000763096
326,0.000755715
327,0.000748364
328,0.000740547
329,0.000742354
330,0.000741587
331,0.000746079
332,0.000760083
333,0.000773989
334,0.000785784
335,0.000796004
336,0.000807264
337,0.000828794
338,0.000837272
339,0.000846677
340,0.000866747
341,0.000853585
342,0.000847532
343,0.000938103
344,0.000957857
345,0.000518054
346,0.000687407
347,0.000736912
348,0.000738953
349,0.000741218
350,0.00074017
351,0.000735964
352,0.000744902
353,0.000750249
354,0.000757305
355,0.000759102
356,0.000766018
357,0.000764303
358,0.000779802
359,0.000779996
360,0.000779468
361,0.000758723
362,0.000258454
363,0.000610696
364,0.000771344
365,0.000772009
366,0.000775197
367,0.000764217
368,0.000760842
369,0.000754803
370,0.000753972
371,0.000749489
372,0.000745676
373,0.000742181
374,0.000744868
375,0.000743311
376,0.000753574
377,0.000759312
378,0.000760802
379,0.00075474
380,0.000762564
381,0.000763197
382,0.000958513
383,0.00132573
384,0.00161278
385,0.00145172
386,0.00129141
387,0.00126595
388,0.00125344
389,0.00125152
390,0.00125219
391,0.00124879
392,0.00125356
393,0.00126287
394,0.00127252
395,0.001266
396,0.00125598
397,0.00124961
398,0.00124899
399,0.00127611
