2,0.00238256
3,0.00701771
4,0.011316
5,0.0151712
6,0.0185848
7,0.0216203
8,0.0243582
9,0.0268611
10,0.0291587
11,0.0312686
12,0.0332119
13,0.035012
14,0.0366933
15,0.0382773
16,0.0397829
17,0.0412258
18,0.0426124
19,0.0439419
20,0.0452101
21,0.0464109
22,0.0475378
23,0.0485842
24,0.0495473
25,0.0504287
26,0.0512362
27,0.0519761
28,0.052654
29,0.0532793
30,0.0538528
31,0.0543778
32,0.0548697
33,0.055334
34,0.0557626
35,0.0561486
36,0.0564932
37,0.0568035
38,0.0570859
39,0.0573475
40,0.0575949
41,0.0578317
42,0.0580576
43,0.0582701
44,0.0584738
45,0.0586734
46,0.0588672
47,0.0590563
48,0.0592439
49,0.0594243
50,0.0595928
51,0.0597542
52,0.0599131
53,0.0600679
54,0.0602167
55,0.0603602
56,0.0604978
57,0.0606297
58,0.0607629
59,0.0609022
60,0.0610406
61,0.0611744
62,0.0613052
63,0.0614363
64,0.0615667
65,0.0616942
66,0.061822
67,0.0619481
68,0.0620687
69,0.0621869
70,0.062302
71,0.0624117
72,0.0625259
73,0.0626456
74,0.0627642
75,0.0628813
76,0.0629963
77,0.0631088
78,0.0632192
79,0.0633333
80,0.0634519
81,0.0635711
82,0.0636904
83,0.0638066
84,0.0639183
85,0.0640275
86,0.0641389
87,0.064254
88,0.0643651
89,0.0644726
90,0.0645822
91,0.0646901
92,0.0647945
93,0.0648975
94,0.065001
95,0.0651065
96,0.0652111
97,0.0653135
98,0.0654146
99,0.0655151
100,0.0656161
101,0.0657126
102,0.0657966
103,0.0658813
104,0.0659719
105,0.0660625
106,0.0661559
107,0.0662457
108,0.0663312
109,0.0664173
110,0.0665038
111,0.0665911
112,0.0666778
113,0.0667606
114,0.0668435
115,0.0669275
116,0.06701
117,0.0670947
118,0.0671794
119,0.0672649
120,0.0673533
121,0.0674396
122,0.0675266
123,0.0676133
124,0.0676871
125,0.0677531
126,0.0678235
127,0.0678994
128,0.0679779
129,0.0680576
130,0.0681356
131,0.0682107
132,0.0682876
133,0.068362
134,0.0684327
135,0.0685012
136,0.0685703
137,0.0686447
138,0.0687178
139,0.0687881
140,0.0688625
141,0.0689409
142,0.0690127
143,0.0690794
144,0.069152
145,0.0692248
146,0.0692915
147,0.0693458
148,0.0693977
149,0.0694613
150,0.069527
151,0.069591
152,0.0696546
153,0.0697201
154,0.0697866
155,0.0698484
156,0.0699071
157,0.0699667
158,0.0700285
159,0.0700955
160,0.0701629
161,0.0702277
162,0.0702953
163,0.0703655
164,0.0704341
165,0.0705035
166,0.070572
167,0.0706338
168,0.0706927
169,0.0707518
170,0.0708086
171,0.0708632
172,0.0709165
173,0.0709705
174,0.0710312
175,0.071099
176,0.0711655
177,0.0712256
178,0.071281
179,0.0713345
180,0.0713829
181,0.0714258
182,0.0714725
183,0.0715272
184,0.0715873
185,0.0716447
186,0.071693
187,0.0717379
188,0.0717916
189,0.0718502
190,0.071904
191,0.0719618
192,0.0720239
193,0.0720781
194,0.0721251
195,0.0721705
196,0.0722151
197,0.0722642
198,0.0723233
199,0.0723814
200,0.0724342
201,0.0724921
202,0.0725563
203,0.0726193
204,0.0726732
205,0.0727244
206,0.0727789
207,0.0728306
208,0.0728788
209,0.0729272
210,0.0729737
211,0.0730188
212,0.0730662
213,0.0731092
214,0.0731418
215,0.0731863
216,0.0732448
217,0.073299
218,0.0733503
219,0.0734001
220,0.0734516
221,0.073508
222,0.0735601
223,0.0735893
224,0.0736192
225,0.0736742
226,0.0737313
227,0.0737817
228,0.0738336
229,0.0738889
230,0.0739449
231,0.0739974
232,0.0740449
233,0.0740916
234,0.0741385
235,0.0741828
236,0.0742239
237,0.0742625
238,0.0743007
239,0.0743367
240,0.0743745
241,0.0744184
242,0.0744633
243,0.0745078
244,0.0745541
245,0.0746017
246,0.0746472
247,0.0746885
248,0.0747262
249,0.0747614
250,0.0747996
251,0.0748413
252,0.0748857
253,0.0749306
254,0.0749737
255,0.0750146
256,0.0750522
257,0.075089
258,0.0751276
259,0.0751681
260,0.0752087
261,0.0752485
262,0.0752876
263,0.0753233
264,0.0753658
265,0.0754171
266,0.0754659
267,0.0755129
268,0.075558
269,0.0756013
270,0.0756436
271,0.075683
272,0.0757212
273,0.0757591
274,0.0757959
275,0.0758324
276,0.075868
277,0.0759014
278,0.0759348
279,0.0759717
280,0.0760139
281,0.0760568
282,0.0760974
283,0.0761358
284,0.0761721
285,0.0762072
286,0.0762435
287,0.076285
288,0.0763298
289,0.0763682
290,0.0764003
291,0.0764383
292,0.0764774
293,0.0765142
294,0.0765578
295,0.0766043
296,0.0766438
297,0.0766788
298,0.0767201
299,0.0767639
300,0.0768041
301,0.0768364
302,0.0768636
303,0.0768949
304,0.0769296
305,0.0769641
306,0.0769992
307,0.0770365
308,0.0770722
309,0.0771075
310,0.0771466
311,0.0771862
312,0.0772251
313,0.0772617
314,0.0772945
315,0.0773298
316,0.0773736
317,0.0774183
318,0.077455
319,0.0774847
320,0.0775168
321,0.077549
322,0.0775809
323,0.077613
324,0.0776435
325,0.0776753
326,0.0777071
327,0.0777372
328,0.0777652
329,0.0777962
330,0.0778297
331,0.0778698
332,0.0779104
333,0.0779477
334,0.0779848
335,0.0780197
336,0.0780553
337,0.0780918
338,0.0781265
339,0.0781608
340,0.0781975
341,0.0782275
342,0.0782604
343,0.078306
344,0.0783451
345,0.0783678
346,0.078376
347,0.0783908
348,0.0784187
349,0.0784475
350,0.0784822
351,0.0785172
352,0.078547
353,0.0785778
354,0.0786098
355,0.0786419
356,0.078677
357,0.0787145
358,0.078751
359,0.0787849
360,0.0788105
361,0.0788332
362,0.0788624
363,0.0788905
364,0.0789259
365,0.0789678
366,0.0790012
367,0.0790292
368,0.079057
369,0.0790867
370,0.0791188
371,0.0791491
372,0.0791759
373,0.0792071
374,0.0792418
375,0.0792743
376,0.0793084
377,0.0793427
378,0.0793718
379,0.079402
380,0.079433
381,0.0794645
382,0.0794905
383,0.079541
384,0.0796154
385,0.0796226
386,0.0796186
387,0.0796376
388,0.0796571
389,0.0796794
390,0.0797056
391,0.0797389
392,0.0797755
393,0.0798121
394,0.0798463
395,0.0798729
396,0.0798939
397,0.0799101
398,0.0799375
399,0.0799493
