2,0.00218896
3,0.00649102
4,0.010589
5,0.0143945
6,0.0178677
7,0.0210105
8,0.0238522
9,0.0264314
10,0.0287829
11,0.0309401
12,0.03293
13,0.0347759
14,0.0364987
15,0.0381147
16,0.0396456
17,0.0411033
18,0.0424924
19,0.0438169
20,0.045076
21,0.046268
22,0.0473906
23,0.0484355
24,0.049399
25,0.0502872
26,0.0511054
27,0.0518589
28,0.0525515
29,0.0531847
30,0.0537659
31,0.0543036
32,0.0548036
33,0.0552704
34,0.0557096
35,0.056118
36,0.0564795
37,0.0567899
38,0.0570677
39,0.0573293
40,0.0575803
41,0.0578211
42,0.0580472
43,0.058261
44,0.0584682
45,0.0586687
46,0.0588632
47,0.0590534
48,0.0592418
49,0.059424
50,0.0595926
51,0.0597528
52,0.0599124
53,0.0600679
54,0.0602166
55,0.0603603
56,0.0604984
57,0.0606302
58,0.0607618
59,0.0608992
60,0.0610387
61,0.061174
62,0.0613055
63,0.0614362
64,0.0615652
65,0.0616932
66,0.0618218
67,0.0619475
68,0.0620716
69,0.0621906
70,0.0622993
71,0.0624092
72,0.0625259
73,0.0626455
74,0.0627643
75,0.0628812
76,0.0629966
77,0.0631086
78,0.0632192
79,0.0633333
80,0.0634519
81,0.0635711
82,0.0636904
83,0.0638066
84,0.0639181
85,0.0640274
86,0.064139
87,0.0642541
88,0.0643651
89,0.0644725
90,0.0645821
91,0.0646901
92,0.0647948
93,0.0648979
94,0.0650013
95,0.0651064
96,0.0652111
97,0.0653138
98,0.0654149
99,0.0655164
100,0.0656173
101,0.0657108
102,0.0657954
103,0.0658814
104,0.0659718
105,0.0660625
106,0.0661559
107,0.0662458
108,0.0663312
109,0.0664172
110,0.0665039
111,0.0665912
112,0.0666779
113,0.0667607
114,0.0668435
115,0.0669275
116,0.0670099
117,0.0670948
118,0.0671794
119,0.0672649
120,0.0673534
121,0.0674397
122,0.0675266
123,0.0676132
124,0.0676871
125,0.0677531
126,0.0678235
127,0.0678995
128,0.0679779
129,0.0680576
130,0.0681357
131,0.0682104
132,0.0682869
133,0.0683618
134,0.0684328
135,0.0685011
136,0.0685704
137,0.0686438
138,0.0687171
139,0.0687882
140,0.0688624
141,0.068941
142,0.0690127
143,0.0690795
144,0.0691519
145,0.0692248
146,0.0692916
147,0.0693457
148,0.0693978
149,0.0694612
150,0.069527
151,0.069591
152,0.0696545
153,0.0697199
154,0.0697867
155,0.0698484
156,0.0699071
157,0.0699668
158,0.0700285
159,0.0700954
160,0.0701628
161,0.0702277
162,0.0702952
163,0.0703655
164,0.0704341
165,0.0705035
166,0.070572
167,0.0706337
168,0.0706927
169,0.0707517
170,0.0708086
171,0.0708631
172,0.0709165
173,0.0709708
174,0.0710313
175,0.071099
176,0.0711655
177,0.0712256
178,0.0712809
179,0.0713345
180,0.0713829
181,0.0714259
182,0.0714724
183,0.0715272
184,0.0715874
185,0.0716448
186,0.071693
187,0.0717378
188,0.0717918
189,0.0718503
190,0.071904
191,0.0719618
192,0.072024
193,0.072078
194,0.0721249
195,0.0721705
196,0.0722151
197,0.0722642
198,0.0723232
199,0.0723814
200,0.0724343
201,0.072492
202,0.0725563
203,0.0726193
204,0.0726733
205,0.0727244
206,0.0727789
207,0.0728306
208,0.0728788
209,0.0729274
210,0.0729737
211,0.0730187
212,0.0730662
213,0.0731093
214,0.0731418
215,0.0731862
216,0.0732448
217,0.073299
218,0.0733504
219,0.0734003
220,0.0734516
221,0.0735081
222,0.0735601
223,0.0735897
224,0.0736196
225,0.0736742
226,0.0737314
227,0.0737817
228,0.0738336
229,0.0738889
230,0.0739449
231,0.0739974
232,0.0740449
233,0.0740917
234,0.0741386
235,0.0741828
236,0.0742238
237,0.0742624
238,0.0743006
239,0.0743367
240,0.0743745
241,0.0744184
242,0.0744632
243,0.0745079
244,0.0745542
245,0.0746018
246,0.0746473
247,0.0746885
248,0.0747262
249,0.0747614
250,0.0747996
251,0.0748413
252,0.0748857
253,0.0749306
254,0.0749736
255,0.0750145
256,0.0750522
257,0.075089
258,0.0751274
259,0.0751684
260,0.0752095
261,0.0752488
262,0.0752876
263,0.0753233
264,0.0753658
265,0.0754171
266,0.0754659
267,0.0755129
268,0.075558
269,0.0756013
270,0.0756436
271,0.075683
272,0.0757203
273,0.0757583
274,0.0757959
275,0.0758324
276,0.075868
277,0.0759014
278,0.0759347
279,0.0759718
280,0.0760139
281,0.0760567
282,0.0760975
283,0.0761358
284,0.0761721
285,0.0762072
286,0.0762441
287,0.076287
288,0.0763299
289,0.0763629
290,0.0763969
291,0.0764383
292,0.0764774
293,0.0765141
294,0.0765573
295,0.0766047
296,0.0766438
297,0.0766788
298,0.0767202
299,0.076764
300,0.0768041
301,0.0768364
302,0.0768635
303,0.0768949
304,0.0769296
305,0.0769642
306,0.0769992
307,0.0770365
308,0.0770722
309,0.0771075
310,0.0771465
311,0.0771862
312,0.077225
313,0.0772617
314,0.0772949
315,0.07733
316,0.0773741
317,0.0774188
318,0.0774519
319,0.0774841
320,0.0775188
321,0.0775489
322,0.077581
323,0.0776129
324,0.0776437
325,0.0776752
326,0.0777072
327,0.0777373
328,0.0777652
329,0.0777961
330,0.0778298
331,0.0778699
332,0.0779104
333,0.0779477
334,0.0779847
335,0.0780196
336,0.0780554
337,0.0780919
338,0.0781265
339,0.0781609
340,0.0781975
341,0.0782275
342,0.0782605
343,0.078306
344,0.0783449
345,0.0783677
346,0.0783759
347,0.0783909
348,0.0784188
349,0.0784476
350,0.0784823
351,0.0785172
352,0.0785469
353,0.0785778
354,0.0786098
355,0.0786419
356,0.078677
357,0.0787145
358,0.078751
359,0.0787848
360,0.0788105
361,0.0788332
362,0.0788623
363,0.0788905
364,0.0789259
365,0.0789678
366,0.0790014
367,0.0790291
368,0.0790571
369,0.079087
370,0.0791188
371,0.0791491
372,0.0791759
373,0.0792072
374,0.0792418
375,0.0792743
376,0.0793084
377,0.0793427
378,0.0793718
379,0.0794021
380,0.0794328
381,0.0794644
382,0.0794905
383,0.079541
384,0.0796154
385,0.0796226
386,0.0796186
387,0.0796376
388,0.0796571
389,0.0796795
390,0.0797057
391,0.0797388
392,0.0797756
393,0.0798122
394,0.0798462
395,0.0798728
396,0.0798939
397,0.0799101
398,0.0799375
399,0.0799494
