2,0.9417
3,0.8368
4,0.744472
5,0.663532
6,0.593078
7,0.531921
8,0.478649
9,0.431908
10,0.390606
11,0.353788
12,0.32072
13,0.290793
14,0.263494
15,0.238427
16,0.21511
17,0.193267
18,0.172786
19,0.153565
20,0.135601
21,0.118904
22,0.103506
23,0.0895439
24,0.077072
25,0.0659445
26,0.0560553
27,0.0472928
28,0.0395882
29,0.032906
30,0.0270794
31,0.021962
32,0.0174552
33,0.0134741
34,0.0099374
35,0.00691721
36,0.00472961
37,0.00343364
38,0.00271719
39,0.00233165
40,0.00224096
41,0.00234165
42,0.00252625
43,0.00259268
44,0.00246901
45,0.00262391
46,0.00275138
47,0.00287331
48,0.00301268
49,0.00311744
50,0.00296139
51,0.00261237
52,0.00251266
53,0.00239033
54,0.00221113
55,0.00199502
56,0.00175031
57,0.00145472
58,0.000797261
59,0.00104698
60,0.00106346
61,0.00100788
62,0.000950962
63,0.000938536
64,0.0009414
65,0.000973213
66,0.000997782
67,0.00105136
68,0.00109873
69,0.000776358
70,0.00132275
71,0.00162732
72,0.00173753
73,0.00178539
74,0.001828
75,0.00187634
76,0.00192726
77,0.00200506
78,0.00208733
79,0.00210101
80,0.0020368
81,0.00194263
82,0.0018367
83,0.00175735
84,0.00172654
85,0.00171113
86,0.00165123
87,0.00153283
88,0.00145927
89,0.00141652
90,0.00134155
91,0.00127263
92,0.00123425
93,0.00120371
94,0.00116565
95,0.00110151
96,0.00104685
97,0.00100255
98,0.00097791
99,0.000944534
100,0.000294499
101,0.000748593
102,0.000947123
103,0.000970231
104,0.000973595
105,0.000966875
106,0.00094685
107,0.000940052
108,0.000948344
109,0.000951694
110,0.000949317
111,0.000938855
112,0.000929521
113,0.000933617
114,0.000936109
115,0.00093146
116,0.000930344
117,0.000912741
118,0.000899189
119,0.000876918
120,0.00085949
121,0.000853044
122,0.000863933
123,0.000884934
124,0.000869465
125,0.000848618
126,0.000853236
127,0.000852894
128,0.000848763
129,0.000843744
130,0.000845868
131,0.000842256
132,0.00084912
133,0.00084472
134,0.000845007
135,0.000619057
136,0.000218618
137,0.00080017
138,0.000830464
139,0.000838779
140,0.000833938
141,0.000856468
142,0.000855978
143,0.000206122
144,0.000647272
145,0.000879696
146,0.000872987
147,0.000835136
148,0.000837781
149,0.000849831
150,0.000847544
151,0.000856495
152,0.000861158
153,0.000864526
154,0.000852958
155,0.000868509
156,0.000890836
157,0.000917206
158,0.000923016
159,0.000904667
160,0.000875289
161,0.000868223
162,0.000844485
163,0.000831429
164,0.000823444
165,0.000842086
166,0.000861133
167,0.000871739
168,0.000862862
169,0.00086519
170,0.000848588
171,0.000229967
172,0.000567202
173,0.000823317
174,0.000819627
175,0.000832502
176,0.000853484
177,0.000867746
178,0.000849122
179,0.000249961
180,0.00058128
181,0.000807688
182,0.000832474
183,0.000839513
184,0.000820288
185,0.000819771
186,0.000837114
187,0.000892138
188,0.000890895
189,0.000870557
190,0.000869391
191,0.000852669
192,0.000817414
193,0.000820593
194,0.000841267
195,0.000883096
196,0.000930617
197,0.000962679
198,0.000913307
199,0.000370091
200,0.000656122
201,0.000858625
202,0.000830398
203,0.000838682
204,0.000838825
205,0.000843167
206,0.000845898
207,0.000301629
208,0.000594687
209,0.000837571
210,0.000822425
211,0.000818735
212,0.000804824
213,0.000202204
214,0.000663736
215,0.000861692
216,0.000818675
217,0.000802532
218,0.000792533
219,0.000790216
220,0.000786096
221,0.000795137
222,0.000806274
223,0.000785617
224,0.000830912
225,0.00080132
226,0.000782271
227,0.000780574
228,0.000784118
229,0.000807954
230,0.000851741
231,0.000893724
232,0.000903725
233,0.000913892
234,0.000924233
235,0.000919497
236,0.000890704
237,0.000855621
238,0.000822616
239,0.000795368
240,0.000783573
241,0.000785557
242,0.000784639
243,0.000788794
244,0.000790614
245,0.000800648
246,0.00080269
247,0.000801798
248,0.000783959
249,0.000780805
250,0.000779161
251,0.000781783
252,0.000776273
253,0.000777149
254,0.000769429
255,0.00077432
256,0.000773083
257,0.000788177
258,0.000789339
259,0.000233718
260,0.000561539
261,0.000798642
262,0.000805363
263,0.000835564
264,0.000822708
265,0.000786559
266,0.000763925
267,0.000768248
268,0.000765441
269,0.000783139
270,0.000775438
271,0.000166156
272,0.000689719
273,0.000777744
274,0.000784181
275,0.000779003
276,0.000785546
277,0.000788959
278,0.000807414
279,0.000806862
280,0.000807039
281,0.000793452
282,0.000796805
283,0.000791081
284,0.000800004
285,0.000797805
286,0.00080641
287,0.000787495
288,0.000226554
289,0.00067724
290,0.00079095
291,0.000784486
292,0.000780487
293,0.000781221
294,0.000772739
295,0.000782849
296,0.000785245
297,0.000784062
298,0.000791911
299,0.000820094
300,0.000832892
301,0.000815353
302,0.0007807
303,0.000772705
304,0.000768402
305,0.000766854
306,0.000763784
307,0.000765685
308,0.000759503
309,0.000762478
310,0.000758036
311,0.000771445
312,0.000773513
313,0.000781794
314,0.000769029
315,0.000776202
316,0.000801476
317,0.000430089
318,0.000747487
319,0.000830402
320,0.000832515
321,0.000806573
322,0.000795642
323,0.000781225
324,0.000770087
325,0.000758546
326,0.00075475
327,0.000743867
328,0.000741526
329,0.000739505
330,0.000743197
331,0.000743639
332,0.000759018
333,0.000768954
334,0.000787885
335,0.000792408
336,0.000809139
337,0.000824535
338,0.00083771
339,0.000843021
340,0.000868266
341,0.00084626
342,0.000852669
343,0.000931073
344,0.000650428
345,0.00073549
346,0.000769284
347,0.000736827
348,0.000738594
349,0.000739849
350,0.000741928
351,0.000736045
352,0.000744938
353,0.000746773
354,0.000756985
355,0.00075768
356,0.000765343
357,0.000762872
358,0.000778414
359,0.000779226
360,0.000779179
361,0.000768739
362,0.000268149
363,0.000597028
364,0.000768912
365,0.000770982
366,0.000773967
367,0.000764119
368,0.000759658
369,0.000753051
370,0.00075215
371,0.000748067
372,0.000747365
373,0.000742267
374,0.000746543
375,0.000743806
376,0.00075257
377,0.000761234
378,0.000756766
379,0.000752554
380,0.000759523
381,0.000761949
382,0.000963413
383,0.00132819
384,0.00161131
385,0.00144979
386,0.00128898
387,0.0012636
388,0.0012528
389,0.00125004
390,0.00125194
391,0.00124937
392,0.00125234
393,0.00125939
394,0.00126942
395,0.001265
396,0.00125298
397,0.00124786
398,0.00124624
399,0.00127441
