2,0.944923
3,0.845393
4,0.756682
5,0.67746
6,0.607064
7,0.544847
8,0.49003
9,0.441695
10,0.398915
11,0.360853
12,0.326709
13,0.295843
14,0.267721
15,0.241959
16,0.218187
17,0.196056
18,0.175377
19,0.156083
20,0.138109
21,0.121414
22,0.106049
23,0.0920894
24,0.0795462
25,0.0683734
26,0.0583737
27,0.0494218
28,0.041553
29,0.0346288
30,0.0284798
31,0.023118
32,0.0184922
33,0.0143312
34,0.0105561
35,0.00735333
36,0.00499761
37,0.00354035
38,0.00279369
39,0.00237361
40,0.00224971
41,0.00230205
42,0.00250728
43,0.00255929
44,0.00241806
45,0.0025818
46,0.00271945
47,0.00286015
48,0.00301437
49,0.00312169
50,0.00295541
51,0.00262292
52,0.00252317
53,0.00239312
54,0.00221458
55,0.00199345
56,0.00174625
57,0.00144607
58,0.000777019
59,0.0010415
60,0.00105958
61,0.00100822
62,0.000951934
63,0.000940522
64,0.000940653
65,0.000973108
66,0.000996238
67,0.00105241
68,0.00110294
69,0.000779419
70,0.00133336
71,0.00162915
72,0.00173694
73,0.00178339
74,0.00182784
75,0.00187695
76,0.00192832
77,0.00200108
78,0.00208763
79,0.00210203
80,0.00203613
81,0.00194396
82,0.00183604
83,0.00175671
84,0.00172391
85,0.00170941
86,0.00165208
87,0.00153257
88,0.00146181
89,0.00141662
90,0.00134253
91,0.00127257
92,0.00123778
93,0.00120365
94,0.00116647
95,0.00110152
96,0.00104998
97,0.00100236
98,0.000980026
99,0.000941619
100,0.000276286
101,0.000839847
102,0.000945839
103,0.00094688
104,0.000971727
105,0.000969978
106,0.00094581
107,0.000941386
108,0.000946853
109,0.000953512
110,0.000946913
111,0.000941477
112,0.000927897
113,0.000936833
114,0.000936491
115,0.000933038
116,0.00092994
117,0.000917821
118,0.000895313
119,0.000882002
120,0.000857228
121,0.000857357
122,0.000859453
123,0.000888851
124,0.000866067
125,0.000852136
126,0.000852478
127,0.000855853
128,0.000847329
129,0.000849326
130,0.000842097
131,0.000847274
132,0.000844004
133,0.000849431
134,0.00084078
135,0.000136266
136,0.000562431
137,0.000838254
138,0.000834965
139,0.000840414
140,0.000834666
141,0.000858205
142,0.000858499
143,0.000207771
144,0.000651786
145,0.00088174
146,0.000874689
147,0.000835691
148,0.000837752
149,0.000850459
150,0.000847247
151,0.00085732
152,0.000862361
153,0.000863242
154,0.000850897
155,0.000866804
156,0.000890138
157,0.000917968
158,0.00092393
159,0.000904028
160,0.00087672
161,0.000868662
162,0.000845219
163,0.000831071
164,0.000824994
165,0.00084082
166,0.000861615
167,0.000873041
168,0.000862712
169,0.000866985
170,0.000850506
171,0.000234572
172,0.000565166
173,0.000824319
174,0.000817622
175,0.000833094
176,0.000853939
177,0.000868665
178,0.000851419
179,0.00024924
180,0.000588459
181,0.000810455
182,0.000833508
183,0.000840063
184,0.000821306
185,0.000817686
186,0.000835782
187,0.00089155
188,0.000888695
189,0.00087172
190,0.000869085
191,0.000852671
192,0.000817259
193,0.000823305
194,0.000840475
195,0.000885459
196,0.000930542
197,0.000962396
198,0.000915518
199,0.000372034
200,0.000659697
201,0.000860488
202,0.000828803
203,0.000838376
204,0.000839225
205,0.000844212
206,0.000846695
207,0.000308203
208,0.000592845
209,0.000835601
210,0.000822371
211,0.000819093
212,0.000807085
213,0.000202402
214,0.000666717
215,0.000862835
216,0.000818527
217,0.000800396
218,0.000793476
219,0.000790254
220,0.00078553
221,0.000796406
222,0.000807666
223,0.000786366
224,0.000831262
225,0.000803167
226,0.000782951
227,0.000782083
228,0.0007836
229,0.000808876
230,0.000852018
231,0.000894624
232,0.000904426
233,0.000912768
234,0.000923921
235,0.000919093
236,0.000891278
237,0.000856311
238,0.000824007
239,0.000797697
240,0.000784722
241,0.000785558
242,0.0007856
243,0.000789178
244,0.000792021
245,0.000801593
246,0.000805762
247,0.000802336
248,0.000785549
249,0.000782829
250,0.000780136
251,0.000783866
252,0.000775517
253,0.000775681
254,0.000770439
255,0.000774054
256,0.000773771
257,0.000786403
258,0.000789797
259,0.000239422
260,0.000556394
261,0.000799535
262,0.000805574
263,0.000837887
264,0.000823337
265,0.000785783
266,0.000764074
267,0.000769469
268,0.000766121
269,0.000782782
270,0.000777559
271,0.000161704
272,0.000697908
273,0.000780638
274,0.000783906
275,0.000779933
276,0.000785615
277,0.000790207
278,0.000808039
279,0.000810169
280,0.000807376
281,0.000795007
282,0.000798307
283,0.000790797
284,0.000801128
285,0.000797051
286,0.00080876
287,0.000785343
288,0.00022386
289,0.000686706
290,0.00079173
291,0.000787139
292,0.000782324
293,0.000781174
294,0.000773959
295,0.000784244
296,0.000785901
297,0.00078318
298,0.000791713
299,0.000818272
300,0.000833773
301,0.000815941
302,0.000781247
303,0.000773593
304,0.000769494
305,0.000769229
306,0.000763307
307,0.000766257
308,0.000759175
309,0.000762574
310,0.000760264
311,0.000772344
312,0.000773589
313,0.000783987
314,0.000768669
315,0.000776771
316,0.00079897
317,0.000429623
318,0.000753889
319,0.000830573
320,0.000833741
321,0.000806475
322,0.000796049
323,0.000782588
324,0.000771512
325,0.000760038
326,0.000756046
327,0.000743673
328,0.000741303
329,0.000739864
330,0.000742185
331,0.000742632
332,0.000761106
333,0.000768874
334,0.000787566
335,0.000793192
336,0.000809427
337,0.000822069
338,0.000837221
339,0.000842374
340,0.000871346
341,0.000850514
342,0.00085446
343,0.000931028
344,0.000649833
345,0.000740605
346,0.000770234
347,0.000737219
348,0.00074063
349,0.000739502
350,0.000737467
351,0.000734344
352,0.000744944
353,0.000748104
354,0.000758142
355,0.000755398
356,0.00076388
357,0.000763487
358,0.000778835
359,0.000778737
360,0.00077884
361,0.000770905
362,0.000270426
363,0.00059686
364,0.000768191
365,0.000771264
366,0.000774119
367,0.000764201
368,0.000758184
369,0.000753844
370,0.000751932
371,0.000746544
372,0.000745943
373,0.000744044
374,0.000745246
375,0.000744473
376,0.000752671
377,0.000758925
378,0.000758348
379,0.000756237
380,0.000760414
381,0.000762678
382,0.000967324
383,0.00133043
384,0.0016121
385,0.00145184
386,0.00128828
387,0.00126403
388,0.00125189
389,0.00125057
390,0.00125152
391,0.00124994
392,0.00125345
393,0.00126262
394,0.00127221
395,0.00126669
396,0.00125206
397,0.00124671
398,0.00124994
399,0.00127651
