2,0.947268
3,0.851724
4,0.765991
5,0.688616
6,0.618918
7,0.556502
8,0.500873
9,0.451445
10,0.407493
11,0.368245
12,0.332981
13,0.301116
14,0.272198
15,0.245822
16,0.221569
17,0.199074
18,0.178149
19,0.158738
20,0.140763
21,0.124121
22,0.10879
23,0.0948096
24,0.0821686
25,0.0707795
26,0.0605317
27,0.0513784
28,0.0432752
29,0.036061
30,0.0298228
31,0.0245908
32,0.0199523
33,0.0156099
34,0.0117226
35,0.0085088
36,0.00601647
37,0.00424673
38,0.00315135
39,0.00250835
40,0.00226823
41,0.00224364
42,0.00241989
43,0.0024551
44,0.00233241
45,0.00251708
46,0.00268624
47,0.00285271
48,0.00301454
49,0.00312232
50,0.00295551
51,0.0026338
52,0.00252625
53,0.0023902
54,0.00221581
55,0.00198952
56,0.00174965
57,0.00144502
58,0.000770685
59,0.00103047
60,0.00105659
61,0.00100997
62,0.000950853
63,0.000940916
64,0.000938721
65,0.000969245
66,0.00099558
67,0.00105245
68,0.00110187
69,0.000779491
70,0.00133438
71,0.00163318
72,0.00173679
73,0.00178464
74,0.0018308
75,0.00187671
76,0.0019295
77,0.00200266
78,0.00208836
79,0.00210193
80,0.00203695
81,0.00194416
82,0.0018368
83,0.00175736
84,0.00172488
85,0.00170884
86,0.00165229
87,0.00153495
88,0.00146195
89,0.00141648
90,0.00134346
91,0.00127095
92,0.0012365
93,0.00120204
94,0.00116697
95,0.00110159
96,0.0010507
97,0.00100268
98,0.00097969
99,0.000940537
100,0.000276107
101,0.00083968
102,0.000946856
103,0.000947552
104,0.000972817
105,0.000969269
106,0.000947246
107,0.000941605
108,0.000946203
109,0.000954828
110,0.000948689
111,0.000940449
112,0.000928592
113,0.000937554
114,0.000936155
115,0.000933605
116,0.000929659
117,0.000916384
118,0.000896464
119,0.000881433
120,0.00085746
121,0.000855675
122,0.000859462
123,0.00088878
124,0.000868133
125,0.000852062
126,0.000851739
127,0.000855895
128,0.000846608
129,0.000847074
130,0.00084526
131,0.000848286
132,0.00084277
133,0.000848987
134,0.000840802
135,0.000138877
136,0.000561913
137,0.000841068
138,0.000836265
139,0.000838828
140,0.000834393
141,0.000858459
142,0.000856602
143,0.000206541
144,0.000655016
145,0.000881565
146,0.000873469
147,0.000834511
148,0.000840024
149,0.000850637
150,0.000848949
151,0.000857882
152,0.000862946
153,0.00086309
154,0.000851038
155,0.000868806
156,0.000890982
157,0.00091811
158,0.000924413
159,0.000905068
160,0.000876619
161,0.000870081
162,0.000845829
163,0.000831305
164,0.000825015
165,0.00084315
166,0.000862694
167,0.000873708
168,0.000863175
169,0.000866066
170,0.000849097
171,0.000234459
172,0.000571468
173,0.000825761
174,0.000818031
175,0.000833226
176,0.000852222
177,0.000868066
178,0.000849232
179,0.000248533
180,0.000588936
181,0.000809731
182,0.000832275
183,0.000841099
184,0.000821843
185,0.000817959
186,0.000836789
187,0.00089219
188,0.000891697
189,0.000872151
190,0.000868226
191,0.000852979
192,0.000816951
193,0.000822878
194,0.00084011
195,0.000883919
196,0.00093095
197,0.000963043
198,0.000915655
199,0.000372348
200,0.000661601
201,0.000861639
202,0.000830378
203,0.000839026
204,0.000839061
205,0.000843157
206,0.000846586
207,0.000307659
208,0.000592635
209,0.000837899
210,0.000821184
211,0.000820609
212,0.000806918
213,0.000202071
214,0.000669006
215,0.000862115
216,0.000819307
217,0.000803992
218,0.000793186
219,0.000789748
220,0.000787548
221,0.000797352
222,0.000807354
223,0.00078615
224,0.000833979
225,0.000804579
226,0.000780148
227,0.000780995
228,0.000784114
229,0.000807794
230,0.000851838
231,0.000895279
232,0.000903512
233,0.000914968
234,0.000924203
235,0.000919516
236,0.000890743
237,0.000856157
238,0.000822602
239,0.000797152
240,0.000785972
241,0.000785634
242,0.000784181
243,0.000788212
244,0.000790474
245,0.000800692
246,0.000803938
247,0.000800785
248,0.00078448
249,0.000783005
250,0.000780417
251,0.000784489
252,0.000776269
253,0.000777826
254,0.000769305
255,0.000775224
256,0.000772209
257,0.000787641
258,0.000789397
259,0.000239005
260,0.000561869
261,0.000798702
262,0.000806652
263,0.000837392
264,0.000823041
265,0.000786092
266,0.000764369
267,0.000769205
268,0.000766734
269,0.000784377
270,0.000778382
271,0.000164547
272,0.000692352
273,0.00077835
274,0.00078271
275,0.00078022
276,0.000785951
277,0.000789782
278,0.000808097
279,0.000810047
280,0.000805974
281,0.000794046
282,0.000796787
283,0.00079201
284,0.000799239
285,0.000798414
286,0.000808972
287,0.000785035
288,0.000224853
289,0.000680066
290,0.000790642
291,0.000785963
292,0.000780699
293,0.000779865
294,0.00077502
295,0.000785883
296,0.000785862
297,0.000782406
298,0.000791905
299,0.000820605
300,0.000832504
301,0.000817368
302,0.000782945
303,0.000775047
304,0.00076818
305,0.00076751
306,0.000762897
307,0.000767468
308,0.000759273
309,0.000763378
310,0.000759156
311,0.000771349
312,0.000775144
313,0.000785576
314,0.000766297
315,0.000774894
316,0.000801286
317,0.000430335
318,0.00074994
319,0.000830088
320,0.00083151
321,0.000806471
322,0.000797225
323,0.000783013
324,0.00077204
325,0.000760204
326,0.000756077
327,0.000744731
328,0.000743007
329,0.000740073
330,0.000742852
331,0.000745491
332,0.000761736
333,0.000769509
334,0.000787454
335,0.000791996
336,0.000809496
337,0.000823241
338,0.000838417
339,0.000841165
340,0.000868533
341,0.000846211
342,0.000853598
343,0.000931549
344,0.000650765
345,0.000742687
346,0.000768882
347,0.000736524
348,0.000740282
349,0.000740604
350,0.000739465
351,0.000734531
352,0.000745187
353,0.000746959
354,0.000759255
355,0.000757426
356,0.000764202
357,0.000764529
358,0.000779029
359,0.000778917
360,0.000778138
361,0.000767569
362,0.000269939
363,0.000601687
364,0.000769045
365,0.000769335
366,0.000773667
367,0.000765158
368,0.000759396
369,0.000754303
370,0.000753601
371,0.000750679
372,0.00074591
373,0.000741134
374,0.000743423
375,0.000742809
376,0.000752441
377,0.000759398
378,0.000759321
379,0.000756147
380,0.0007608
381,0.000762631
382,0.000968211
383,0.00133064
384,0.001619
385,0.00145031
386,0.00129002
387,0.00126347
388,0.00125401
389,0.00125153
390,0.00125172
391,0.00124982
392,0.00125032
393,0.0012586
394,0.00126914
395,0.00126626
396,0.00125334
397,0.00124958
398,0.0012471
399,0.00127448
