2,0.949132
3,0.856788
4,0.773551
5,0.697874
6,0.629094
7,0.566931
8,0.510958
9,0.460766
10,0.415803
11,0.375535
12,0.339325
13,0.306595
14,0.276996
15,0.250008
16,0.225215
17,0.202337
18,0.181183
19,0.161607
20,0.143494
21,0.126736
22,0.111198
23,0.0970361
24,0.0844415
25,0.0730939
26,0.062697
27,0.0533246
28,0.0450931
29,0.037881
30,0.0315307
31,0.0259417
32,0.0210164
33,0.0166596
34,0.0127717
35,0.00933081
36,0.00643829
37,0.00439374
38,0.00329527
39,0.00266559
40,0.00231501
41,0.00222647
42,0.00233932
43,0.00240075
44,0.00226021
45,0.00246833
46,0.00267995
47,0.00287076
48,0.003017
49,0.0031154
50,0.00296301
51,0.00261354
52,0.00251335
53,0.00239033
54,0.00221268
55,0.00199572
56,0.00175141
57,0.00145344
58,0.000783931
59,0.0010393
60,0.00105341
61,0.00100836
62,0.000952389
63,0.00094096
64,0.00093745
65,0.000971511
66,0.000996708
67,0.00105209
68,0.0011017
69,0.000778015
70,0.0013363
71,0.00162789
72,0.00173592
73,0.00178529
74,0.00182883
75,0.00187554
76,0.00192747
77,0.00200228
78,0.00208846
79,0.00210229
80,0.00203696
81,0.00194307
82,0.00183715
83,0.00175639
84,0.00172291
85,0.00170876
86,0.0016525
87,0.00153296
88,0.00146047
89,0.00141632
90,0.00134206
91,0.00127303
92,0.00123697
93,0.00120294
94,0.00116877
95,0.00110079
96,0.00104928
97,0.00100259
98,0.000979587
99,0.000941351
100,0.000276707
101,0.000838661
102,0.00094547
103,0.000948305
104,0.000971949
105,0.000969248
106,0.00094568
107,0.000940782
108,0.000947078
109,0.000953374
110,0.000949471
111,0.000942286
112,0.000927863
113,0.000936874
114,0.00093641
115,0.000933978
116,0.000929778
117,0.000917957
118,0.00089779
119,0.000880064
120,0.000857632
121,0.000855588
122,0.000859918
123,0.000888656
124,0.000867705
125,0.000850284
126,0.000851059
127,0.000857611
128,0.000846769
129,0.000848901
130,0.000843122
131,0.000847692
132,0.000842707
133,0.000850436
134,0.000840821
135,0.000138157
136,0.000562809
137,0.000838804
138,0.000834904
139,0.000841097
140,0.000834063
141,0.000859092
142,0.000858231
143,0.00020642
144,0.00065361
145,0.000881534
146,0.000876339
147,0.000834946
148,0.000837926
149,0.000851409
150,0.000846733
151,0.000858097
152,0.000862714
153,0.00086545
154,0.000853316
155,0.000867972
156,0.000889192
157,0.000917331
158,0.000924351
159,0.000905723
160,0.000877492
161,0.000870215
162,0.000844581
163,0.0008314
164,0.000823479
165,0.000842907
166,0.000861334
167,0.000873033
168,0.000863576
169,0.000865672
170,0.000849872
171,0.000234223
172,0.000568775
173,0.000824049
174,0.000818719
175,0.000834011
176,0.000854216
177,0.000867559
178,0.000850308
179,0.000248634
180,0.000591696
181,0.00080941
182,0.000832546
183,0.000841424
184,0.000821811
185,0.000817807
186,0.000836903
187,0.000891122
188,0.000892561
189,0.000873621
190,0.000869529
191,0.00085469
192,0.000817983
193,0.000822002
194,0.000840442
195,0.000885649
196,0.000930219
197,0.00096101
198,0.000917498
199,0.000375068
200,0.000660176
201,0.000859839
202,0.000829281
203,0.000838149
204,0.000837143
205,0.000844975
206,0.000847499
207,0.000308569
208,0.000593863
209,0.000836734
210,0.000824551
211,0.00082068
212,0.000806991
213,0.000200994
214,0.000671317
215,0.000863154
216,0.000819787
217,0.000801409
218,0.000792853
219,0.000791048
220,0.000788324
221,0.000797656
222,0.000806729
223,0.000788088
224,0.000834556
225,0.000803363
226,0.000781212
227,0.000782379
228,0.000783564
229,0.00080829
230,0.000852369
231,0.000893546
232,0.000904234
233,0.000914256
234,0.000925374
235,0.000919001
236,0.000892574
237,0.000856678
238,0.000822746
239,0.000796997
240,0.000784284
241,0.00078794
242,0.000785783
243,0.000789719
244,0.000791085
245,0.000802236
246,0.00080457
247,0.000800007
248,0.000783928
249,0.00078136
250,0.000779018
251,0.000783501
252,0.000776504
253,0.000776543
254,0.000771015
255,0.000776468
256,0.000773342
257,0.000788251
258,0.000789057
259,0.000239341
260,0.000560525
261,0.000799874
262,0.000807314
263,0.000839183
264,0.000823025
265,0.00078562
266,0.00076085
267,0.000768797
268,0.000764506
269,0.000781885
270,0.000776619
271,0.000162364
272,0.000692055
273,0.00077893
274,0.000782523
275,0.000780518
276,0.00078584
277,0.000788155
278,0.000807471
279,0.000808182
280,0.000806413
281,0.00079402
282,0.000796496
283,0.000790404
284,0.000800993
285,0.000797011
286,0.000806103
287,0.000787891
288,0.000225137
289,0.0006815
290,0.000791749
291,0.000787582
292,0.000781601
293,0.000781575
294,0.000772131
295,0.000782536
296,0.000783688
297,0.000782203
298,0.00079178
299,0.000820416
300,0.000832378
301,0.000815351
302,0.000782838
303,0.000776664
304,0.000768708
305,0.000769313
306,0.000762161
307,0.000766492
308,0.000759509
309,0.000762612
310,0.000758329
311,0.000772183
312,0.000773556
313,0.000783492
314,0.000769524
315,0.000777486
316,0.000801252
317,0.000429198
318,0.000753632
319,0.000831006
320,0.000833564
321,0.000806574
322,0.00079686
323,0.00078252
324,0.000770708
325,0.000759714
326,0.000755237
327,0.000745408
328,0.000741639
329,0.000740668
330,0.000743307
331,0.000744821
332,0.000758794
333,0.000769459
334,0.000788218
335,0.000791947
336,0.00080845
337,0.000823965
338,0.000837963
339,0.000841936
340,0.000870155
341,0.000846707
342,0.000853948
343,0.000931289
344,0.000649926
345,0.000742095
346,0.000770286
347,0.000736234
348,0.000740399
349,0.000739673
350,0.000739316
351,0.000735482
352,0.000742519
353,0.000746919
354,0.000757007
355,0.000757166
356,0.000765799
357,0.000766629
358,0.000781384
359,0.00078015
360,0.000778922
361,0.00076829
362,0.000269199
363,0.000600159
364,0.00076927
365,0.000771422
366,0.000774443
367,0.000764504
368,0.000761202
369,0.000756045
370,0.000753852
371,0.000751115
372,0.000748674
373,0.000742737
374,0.000744662
375,0.000745725
376,0.000753026
377,0.000761169
378,0.000757685
379,0.000754069
380,0.000756179
381,0.000762348
382,0.0009662
383,0.00133107
384,0.00163442
385,0.00145305
386,0.00129336
387,0.00126443
388,0.00125372
389,0.00125319
390,0.00125225
391,0.00124912
392,0.00124964
393,0.00125973
394,0.00127005
395,0.00126284
396,0.00125205
397,0.00125005
398,0.00124812
399,0.00127834
