2,0.951976
3,0.864478
4,0.785291
5,0.712837
6,0.64588
7,0.584535
8,0.528577
9,0.477693
10,0.431594
11,0.389888
12,0.352157
13,0.317927
14,0.286924
15,0.258682
16,0.232867
17,0.209201
18,0.187431
19,0.167357
20,0.148762
21,0.131456
22,0.115323
23,0.10069
24,0.0879201
25,0.0766479
26,0.0663401
27,0.056968
28,0.0486349
29,0.0411885
30,0.0344911
31,0.0284636
32,0.022998
33,0.0180199
34,0.0135512
35,0.00966709
36,0.00652199
37,0.00439574
38,0.00329458
39,0.00268534
40,0.00233439
41,0.00222276
42,0.00231261
43,0.00237354
44,0.00226259
45,0.00247015
46,0.00267874
47,0.00287064
48,0.00301705
49,0.00311661
50,0.00296208
51,0.00261193
52,0.00251391
53,0.00238923
54,0.00221305
55,0.00199606
56,0.00174945
57,0.00145681
58,0.000784573
59,0.00103838
60,0.00105463
61,0.00100757
62,0.000952631
63,0.000941359
64,0.000937622
65,0.000972109
66,0.000998662
67,0.00105411
68,0.00110094
69,0.000778251
70,0.001337
71,0.0016356
72,0.00173666
73,0.00178412
74,0.00183154
75,0.00187522
76,0.0019276
77,0.00200192
78,0.00208867
79,0.00210232
80,0.00203757
81,0.00194301
82,0.00183707
83,0.00175672
84,0.00172532
85,0.00170877
86,0.00165299
87,0.00153375
88,0.00146254
89,0.00141588
90,0.00134315
91,0.00127236
92,0.00123755
93,0.00120274
94,0.00116661
95,0.0011023
96,0.0010506
97,0.00100405
98,0.000980443
99,0.000939238
100,0.000275013
101,0.000841094
102,0.00094538
103,0.000948332
104,0.000971764
105,0.00097006
106,0.000946451
107,0.000942059
108,0.000948609
109,0.000955714
110,0.000948146
111,0.000941666
112,0.000927665
113,0.000936835
114,0.000937212
115,0.00093483
116,0.000930311
117,0.000918023
118,0.000897468
119,0.000882927
120,0.000855801
121,0.000855038
122,0.00086123
123,0.000890216
124,0.000867848
125,0.000852288
126,0.000851169
127,0.000856776
128,0.000845795
129,0.000847768
130,0.000844278
131,0.00084937
132,0.000843314
133,0.000852551
134,0.000838217
135,0.000139278
136,0.000562189
137,0.000838793
138,0.000835153
139,0.000840212
140,0.000835718
141,0.000858007
142,0.000857193
143,0.000204956
144,0.000653699
145,0.000882049
146,0.000874799
147,0.000836728
148,0.000839333
149,0.000851311
150,0.000848863
151,0.000858439
152,0.000862116
153,0.000863222
154,0.000853899
155,0.000867851
156,0.000890921
157,0.000919186
158,0.000924984
159,0.000906492
160,0.000876913
161,0.000869296
162,0.000845219
163,0.000831617
164,0.000822972
165,0.000842029
166,0.000863284
167,0.000873205
168,0.000862566
169,0.000865285
170,0.000848658
171,0.000234508
172,0.0005704
173,0.00082443
174,0.000817958
175,0.000832112
176,0.00085336
177,0.00086818
178,0.000850738
179,0.000248796
180,0.000589777
181,0.000809173
182,0.000834335
183,0.00084101
184,0.000821193
185,0.000818492
186,0.000837347
187,0.0008922
188,0.00089132
189,0.00087203
190,0.000870061
191,0.000854519
192,0.000818883
193,0.000822034
194,0.000841795
195,0.000886127
196,0.00092898
197,0.000961814
198,0.000917945
199,0.000374149
200,0.00066147
201,0.000859882
202,0.000830479
203,0.000838035
204,0.000837808
205,0.000842729
206,0.00084654
207,0.000307595
208,0.000592576
209,0.00083701
210,0.000822429
211,0.000819315
212,0.000806688
213,0.000202747
214,0.000669879
215,0.000862616
216,0.000819838
217,0.000801306
218,0.000794469
219,0.000789667
220,0.000787539
221,0.00079484
222,0.000808197
223,0.000788311
224,0.000835894
225,0.00080234
226,0.000781703
227,0.000781885
228,0.000784236
229,0.000807185
230,0.0008525
231,0.000894654
232,0.000907743
233,0.000913927
234,0.000925267
235,0.00092054
236,0.000893023
237,0.000855717
238,0.000824036
239,0.000797155
240,0.000785045
241,0.000785245
242,0.000784792
243,0.000789717
244,0.000791639
245,0.00080387
246,0.000804079
247,0.000799567
248,0.000784974
249,0.00078197
250,0.000778137
251,0.000785033
252,0.000777286
253,0.000778428
254,0.000770478
255,0.000774645
256,0.000771551
257,0.000787853
258,0.00078735
259,0.000238905
260,0.000560218
261,0.000799584
262,0.000807546
263,0.000838189
264,0.000822655
265,0.000785126
266,0.000763882
267,0.000769039
268,0.000766171
269,0.000780891
270,0.000777833
271,0.000161835
272,0.000693969
273,0.000779827
274,0.000783968
275,0.000779397
276,0.000788035
277,0.000790204
278,0.000806049
279,0.000808113
280,0.000805199
281,0.000794703
282,0.000796133
283,0.000789421
284,0.000800351
285,0.000797049
286,0.000808276
287,0.000784696
288,0.000224817
289,0.000680914
290,0.000791906
291,0.000785505
292,0.000780514
293,0.000781974
294,0.00077276
295,0.000782875
296,0.000785837
297,0.000783588
298,0.000789872
299,0.000819329
300,0.000834182
301,0.000816537
302,0.000782036
303,0.000775195
304,0.000768428
305,0.000769412
306,0.000763486
307,0.000767428
308,0.000758695
309,0.000762772
310,0.000759797
311,0.000772353
312,0.000773986
313,0.000782312
314,0.000768912
315,0.000775704
316,0.000801287
317,0.000429188
318,0.000749858
319,0.000830038
320,0.000831867
321,0.000806781
322,0.000796823
323,0.000785151
324,0.00077092
325,0.000759352
326,0.000755075
327,0.00074594
328,0.000741564
329,0.000740513
330,0.000742228
331,0.000742757
332,0.000759734
333,0.000770567
334,0.000788567
335,0.000792902
336,0.000811371
337,0.000825046
338,0.000838177
339,0.000841119
340,0.000867815
341,0.000845701
342,0.000853487
343,0.000930908
344,0.00064955
345,0.000743212
346,0.000769331
347,0.000734916
348,0.000739253
349,0.000742129
350,0.000741084
351,0.000736836
352,0.000745002
353,0.000746839
354,0.000755748
355,0.000756385
356,0.000763153
357,0.000763774
358,0.000778714
359,0.000778071
360,0.000777521
361,0.000767091
362,0.000269393
363,0.000600902
364,0.000767728
365,0.000770001
366,0.000771787
367,0.000764302
368,0.000759698
369,0.000754142
370,0.000749578
371,0.000745611
372,0.000745277
373,0.000741305
374,0.000744627
375,0.000743995
376,0.000752248
377,0.000761507
378,0.000758838
379,0.000757885
380,0.000761156
381,0.000763475
382,0.000966325
383,0.00132661
384,0.00162999
385,0.00145202
386,0.00129248
387,0.00126562
388,0.00125358
389,0.0012514
390,0.00125296
391,0.00124887
392,0.0012523
393,0.00126041
394,0.00126983
395,0.00126619
396,0.00125406
397,0.00124882
398,0.00124716
399,0.00127528
