2,0.00180329
3,0.00539028
4,0.00889751
5,0.0122851
6,0.0155491
7,0.0186487
8,0.0215678
9,0.0243011
10,0.0268468
11,0.0292115
12,0.0314058
13,0.0334453
14,0.0353376
15,0.0371011
16,0.0387486
17,0.0402915
18,0.0417401
19,0.043103
20,0.0443896
21,0.0456089
22,0.046766
23,0.0478429
24,0.0488183
25,0.0497108
26,0.0505483
27,0.0513321
28,0.0520568
29,0.0527284
30,0.0533551
31,0.0539411
32,0.0544924
33,0.055013
34,0.0555022
35,0.0559562
36,0.056368
37,0.0567223
38,0.0570172
39,0.0572821
40,0.0575369
41,0.0577813
42,0.0580137
43,0.058236
44,0.0584506
45,0.0586566
46,0.0588577
47,0.0590532
48,0.0592421
49,0.0594239
50,0.0595925
51,0.0597528
52,0.0599124
53,0.0600679
54,0.0602166
55,0.0603604
56,0.0604983
57,0.0606301
58,0.0607611
59,0.0608976
60,0.0610375
61,0.061174
62,0.0613054
63,0.0614363
64,0.0615663
65,0.0616939
66,0.0618218
67,0.0619474
68,0.0620715
69,0.0621904
70,0.0622989
71,0.0624087
72,0.062526
73,0.0626456
74,0.0627641
75,0.0628812
76,0.0629966
77,0.0631089
78,0.0632193
79,0.0633333
80,0.0634519
81,0.0635711
82,0.0636905
83,0.0638066
84,0.0639183
85,0.0640275
86,0.064139
87,0.064254
88,0.064365
89,0.0644725
90,0.064582
91,0.0646901
92,0.0647948
93,0.064898
94,0.0650013
95,0.0651064
96,0.0652111
97,0.0653138
98,0.0654149
99,0.0655175
100,0.0656173
101,0.0657056
102,0.0657955
103,0.0658868
104,0.0659719
105,0.0660625
106,0.066156
107,0.0662457
108,0.0663313
109,0.0664171
110,0.0665039
111,0.0665911
112,0.0666778
113,0.0667606
114,0.0668435
115,0.0669274
116,0.0670098
117,0.0670947
118,0.0671793
119,0.0672649
120,0.0673536
121,0.0674398
122,0.0675266
123,0.0676133
124,0.0676872
125,0.0677531
126,0.0678235
127,0.0678994
128,0.0679779
129,0.0680576
130,0.0681357
131,0.0682104
132,0.0682867
133,0.0683619
134,0.0684328
135,0.068501
136,0.0685706
137,0.0686439
138,0.0687161
139,0.0687874
140,0.0688623
141,0.068941
142,0.0690127
143,0.0690794
144,0.0691519
145,0.0692248
146,0.0692916
147,0.0693457
148,0.0693978
149,0.0694612
150,0.069527
151,0.0695909
152,0.0696545
153,0.0697201
154,0.0697866
155,0.0698484
156,0.0699072
157,0.0699667
158,0.0700285
159,0.0700954
160,0.0701629
161,0.0702277
162,0.0702952
163,0.0703655
164,0.0704341
165,0.0705034
166,0.0705721
167,0.0706337
168,0.0706927
169,0.0707518
170,0.0708085
171,0.0708631
172,0.0709167
173,0.0709709
174,0.0710312
175,0.071099
176,0.0711655
177,0.0712256
178,0.0712809
179,0.0713345
180,0.0713828
181,0.0714258
182,0.0714725
183,0.0715272
184,0.0715874
185,0.0716446
186,0.0716929
187,0.0717379
188,0.0717919
189,0.0718503
190,0.0719041
191,0.0719621
192,0.0720239
193,0.0720781
194,0.0721249
195,0.0721701
196,0.0722153
197,0.0722644
198,0.0723228
199,0.0723813
200,0.0724343
201,0.072492
202,0.0725563
203,0.0726194
204,0.0726732
205,0.0727244
206,0.0727789
207,0.0728307
208,0.0728789
209,0.0729272
210,0.0729737
211,0.0730187
212,0.0730662
213,0.0731093
214,0.0731418
215,0.0731862
216,0.0732449
217,0.073299
218,0.0733504
219,0.0734001
220,0.0734515
221,0.0735079
222,0.0735601
223,0.0735894
224,0.0736191
225,0.0736741
226,0.0737314
227,0.0737817
228,0.0738337
229,0.0738889
230,0.0739449
231,0.0739975
232,0.0740449
233,0.0740917
234,0.0741386
235,0.0741829
236,0.0742238
237,0.0742624
238,0.0743006
239,0.0743367
240,0.0743745
241,0.0744184
242,0.0744632
243,0.0745078
244,0.0745542
245,0.0746017
246,0.0746472
247,0.0746885
248,0.0747262
249,0.0747614
250,0.0747996
251,0.0748414
252,0.0748857
253,0.0749306
254,0.0749737
255,0.0750146
256,0.0750522
257,0.075089
258,0.0751275
259,0.0751684
260,0.0752094
261,0.0752488
262,0.0752876
263,0.0753232
264,0.0753657
265,0.0754171
266,0.0754659
267,0.0755129
268,0.075558
269,0.0756012
270,0.0756436
271,0.075683
272,0.0757204
273,0.0757583
274,0.0757959
275,0.0758324
276,0.075868
277,0.0759014
278,0.0759348
279,0.0759718
280,0.0760139
281,0.0760567
282,0.0760975
283,0.0761359
284,0.076172
285,0.0762072
286,0.076244
287,0.076287
288,0.0763299
289,0.076363
290,0.076397
291,0.0764383
292,0.0764774
293,0.0765142
294,0.0765571
295,0.0766043
296,0.0766439
297,0.0766788
298,0.0767201
299,0.0767639
300,0.0768041
301,0.0768364
302,0.0768636
303,0.0768949
304,0.0769296
305,0.0769641
306,0.0769993
307,0.0770364
308,0.0770721
309,0.0771075
310,0.0771465
311,0.0771862
312,0.077225
313,0.0772617
314,0.0772949
315,0.0773299
316,0.0773741
317,0.0774187
318,0.0774519
319,0.0774842
320,0.0775188
321,0.0775489
322,0.077581
323,0.077613
324,0.0776436
325,0.0776752
326,0.0777072
327,0.0777372
328,0.0777652
329,0.0777962
330,0.0778298
331,0.0778699
332,0.0779104
333,0.0779477
334,0.0779847
335,0.0780195
336,0.0780554
337,0.0780919
338,0.0781265
339,0.0781608
340,0.0781975
341,0.0782275
342,0.0782604
343,0.0783059
344,0.0783449
345,0.0783677
346,0.0783759
347,0.0783907
348,0.0784187
349,0.0784476
350,0.0784824
351,0.0785171
352,0.078547
353,0.0785779
354,0.0786098
355,0.0786419
356,0.078677
357,0.0787145
358,0.078751
359,0.0787848
360,0.0788104
361,0.0788332
362,0.0788624
363,0.0788905
364,0.0789259
365,0.0789677
366,0.0789998
367,0.0790276
368,0.079057
369,0.0790861
370,0.0791174
371,0.0791482
372,0.0791759
373,0.0792071
374,0.0792418
375,0.0792744
376,0.0793083
377,0.0793427
378,0.0793715
379,0.079402
380,0.079433
381,0.0794645
382,0.0794905
383,0.0795412
384,0.0796178
385,0.0796227
386,0.0796195
387,0.0796384
388,0.0796578
389,0.0796794
390,0.0797056
391,0.0797387
392,0.0797756
393,0.0798122
394,0.0798461
395,0.0798728
396,0.079894
397,0.0799104
398,0.0799374
399,0.0799494
