2,0.95312
3,0.867634
4,0.790147
5,0.718995
6,0.652957
7,0.592148
8,0.536394
9,0.485424
10,0.43899
11,0.396788
12,0.358479
13,0.323613
14,0.291944
15,0.263037
16,0.236619
17,0.212545
18,0.190524
19,0.170193
20,0.151352
21,0.133891
22,0.117706
23,0.102998
24,0.0900298
25,0.0785267
26,0.0680548
27,0.0585921
28,0.0502093
29,0.0426707
30,0.0358196
31,0.0295747
32,0.0238871
33,0.0187236
34,0.0139957
35,0.00980969
36,0.00651685
37,0.00439372
38,0.00329489
39,0.00268657
40,0.00233588
41,0.00222347
42,0.00231043
43,0.00237923
44,0.0022625
45,0.00247045
46,0.00267979
47,0.00286923
48,0.00301566
49,0.00311606
50,0.00296321
51,0.00261245
52,0.00251246
53,0.00238957
54,0.00221306
55,0.00199544
56,0.00175123
57,0.0014562
58,0.000786787
59,0.00104024
60,0.00105424
61,0.00100776
62,0.0009528
63,0.000939855
64,0.000937896
65,0.000972833
66,0.000997099
67,0.00105317
68,0.0011
69,0.000777091
70,0.00133421
71,0.00163484
72,0.00173812
73,0.00178445
74,0.00183031
75,0.00187519
76,0.00192818
77,0.00200256
78,0.00208795
79,0.00210214
80,0.00203724
81,0.00194301
82,0.00183678
83,0.00175639
84,0.00172314
85,0.00170888
86,0.00165266
87,0.00153235
88,0.00146234
89,0.00141662
90,0.00134192
91,0.00127273
92,0.00123725
93,0.00120297
94,0.00116803
95,0.00110138
96,0.00105031
97,0.00100197
98,0.000980716
99,0.000941488
100,0.000276218
101,0.000843636
102,0.000946863
103,0.000947373
104,0.000972703
105,0.000968698
106,0.000946157
107,0.000942202
108,0.000947123
109,0.000954229
110,0.000947665
111,0.000940578
112,0.000928692
113,0.000936878
114,0.000938144
115,0.000933207
116,0.000930419
117,0.000916518
118,0.00089774
119,0.000880801
120,0.000857359
121,0.000855911
122,0.00086031
123,0.000887916
124,0.000866111
125,0.000852788
126,0.000851743
127,0.000855768
128,0.000847572
129,0.000849773
130,0.000843503
131,0.000847509
132,0.000842858
133,0.000851708
134,0.000838865
135,0.000139911
136,0.000561436
137,0.000839223
138,0.000835636
139,0.000840209
140,0.0008361
141,0.000857554
142,0.000857636
143,0.000206348
144,0.000654697
145,0.000881169
146,0.000874345
147,0.000836089
148,0.000839419
149,0.000851295
150,0.000848978
151,0.000857718
152,0.000862322
153,0.000865895
154,0.000853581
155,0.000867182
156,0.000889269
157,0.000918895
158,0.000925553
159,0.000906476
160,0.000875754
161,0.000869568
162,0.000845694
163,0.000831615
164,0.000824389
165,0.000842
166,0.000862518
167,0.000874223
168,0.000862114
169,0.000865731
170,0.000847832
171,0.000235783
172,0.000567653
173,0.0008244
174,0.000820774
175,0.000833549
176,0.000850837
177,0.000867562
178,0.000850043
179,0.000249615
180,0.000588807
181,0.000810212
182,0.000833733
183,0.000839837
184,0.000821003
185,0.000819091
186,0.000837154
187,0.000891463
188,0.000891414
189,0.000873694
190,0.000870654
191,0.000853924
192,0.000818434
193,0.000822555
194,0.000841384
195,0.000886031
196,0.000929581
197,0.000962705
198,0.000917633
199,0.00037492
200,0.000659548
201,0.000859198
202,0.000828688
203,0.000839286
204,0.000840108
205,0.000844576
206,0.000849289
207,0.000306279
208,0.00059412
209,0.000837955
210,0.000821017
211,0.000819619
212,0.000807101
213,0.000202846
214,0.000671416
215,0.00086294
216,0.000821275
217,0.000801997
218,0.000793632
219,0.000789753
220,0.000787334
221,0.000795716
222,0.000807104
223,0.000785367
224,0.000832429
225,0.000802716
226,0.000780009
227,0.000781845
228,0.000785109
229,0.000807164
230,0.00085313
231,0.000895622
232,0.000904948
233,0.000914646
234,0.000924355
235,0.000919688
236,0.000891793
237,0.000856098
238,0.000822699
239,0.000797725
240,0.00078452
241,0.000787264
242,0.000784154
243,0.000790492
244,0.000789885
245,0.000801796
246,0.000803024
247,0.000799564
248,0.000784034
249,0.000781296
250,0.000778368
251,0.00078472
252,0.000777005
253,0.000776731
254,0.000770701
255,0.000775222
256,0.000771671
257,0.000787095
258,0.000789141
259,0.000239082
260,0.000560382
261,0.000799479
262,0.000806394
263,0.000837711
264,0.000823442
265,0.000786853
266,0.000762207
267,0.000767476
268,0.000764344
269,0.000781643
270,0.000778984
271,0.000163288
272,0.00069267
273,0.000778898
274,0.000783922
275,0.00078017
276,0.000785407
277,0.000791103
278,0.0008068
279,0.000809694
280,0.000804994
281,0.000795019
282,0.000795753
283,0.000790976
284,0.000800637
285,0.000795741
286,0.000807237
287,0.000786451
288,0.000224499
289,0.000680933
290,0.000791092
291,0.00078591
292,0.000779661
293,0.000779765
294,0.000774254
295,0.000784219
296,0.000786252
297,0.0007851
298,0.000793202
299,0.000820542
300,0.000832233
301,0.000816551
302,0.000780911
303,0.000775065
304,0.000767959
305,0.000769145
306,0.000763327
307,0.00076609
308,0.000758059
309,0.000763773
310,0.000758789
311,0.000770134
312,0.000774877
313,0.000784533
314,0.000768575
315,0.00077614
316,0.000801331
317,0.000429298
318,0.000750283
319,0.000829725
320,0.000831753
321,0.000806462
322,0.000795955
323,0.000785145
324,0.00076982
325,0.000759594
326,0.000755634
327,0.000745509
328,0.000742687
329,0.000741103
330,0.000743201
331,0.000744042
332,0.000759221
333,0.000769296
334,0.000786735
335,0.000792506
336,0.000810314
337,0.00082289
338,0.00083942
339,0.000840761
340,0.000869479
341,0.000848387
342,0.000853824
343,0.000930223
344,0.000649144
345,0.000741893
346,0.000769423
347,0.000736049
348,0.000739301
349,0.000740654
350,0.000739929
351,0.000735634
352,0.000746544
353,0.000748189
354,0.000758747
355,0.000758374
356,0.000767387
357,0.000763669
358,0.000781019
359,0.000777904
360,0.000779216
361,0.00076944
362,0.000268611
363,0.000603708
364,0.000769449
365,0.000772124
366,0.000771987
367,0.000765427
368,0.000760593
369,0.00075406
370,0.00075327
371,0.000749367
372,0.000745826
373,0.000740433
374,0.000744163
375,0.000744377
376,0.000751754
377,0.000761124
378,0.000760186
379,0.000753648
380,0.000759203
381,0.000762336
382,0.000966259
383,0.00132764
384,0.00163521
385,0.0014551
386,0.00129426
387,0.00126782
388,0.00125413
389,0.00125229
390,0.0012568
391,0.00124907
392,0.00125291
393,0.00126188
394,0.00127061
395,0.00126344
396,0.00124955
397,0.00124665
398,0.0012494
399,0.00127787
