2,0.954153
3,0.870482
4,0.794451
5,0.724499
6,0.659335
7,0.5991
8,0.543609
9,0.492637
10,0.446017
11,0.403443
12,0.364639
13,0.329244
14,0.29708
15,0.267747
16,0.240938
17,0.216399
18,0.193874
19,0.173137
20,0.154011
21,0.13632
22,0.119942
23,0.105047
24,0.091876
25,0.080242
26,0.0697409
27,0.0602456
28,0.0517499
29,0.0440748
30,0.0370785
31,0.0306818
32,0.0248071
33,0.0193863
34,0.0144094
35,0.0100343
36,0.00659632
37,0.00439596
38,0.00329652
39,0.00268494
40,0.00233461
41,0.00222311
42,0.00231254
43,0.00237612
44,0.00226223
45,0.00247083
46,0.00268037
47,0.00287213
48,0.00301685
49,0.00311587
50,0.00296288
51,0.00261297
52,0.00251255
53,0.00238963
54,0.00221151
55,0.00199504
56,0.00175308
57,0.00145497
58,0.000780944
59,0.00103864
60,0.00105406
61,0.00100947
62,0.0009529
63,0.000940995
64,0.00093756
65,0.000971902
66,0.000997808
67,0.00105269
68,0.0010998
69,0.000777293
70,0.00133369
71,0.00162938
72,0.00173722
73,0.00178531
74,0.00182842
75,0.00187682
76,0.00192728
77,0.00200268
78,0.00208904
79,0.00210275
80,0.00203709
81,0.00194394
82,0.00183743
83,0.00175709
84,0.00172338
85,0.00170995
86,0.00165316
87,0.00153387
88,0.00146092
89,0.00141594
90,0.00134188
91,0.00127296
92,0.00123675
93,0.00120389
94,0.00116788
95,0.00110059
96,0.00104971
97,0.00100309
98,0.000978692
99,0.0009408
100,0.000276237
101,0.000840953
102,0.000945673
103,0.000948559
104,0.000971574
105,0.000968427
106,0.000945296
107,0.000940791
108,0.000948112
109,0.000952542
110,0.000948132
111,0.000940111
112,0.000929039
113,0.000937242
114,0.000937344
115,0.000933729
116,0.000930533
117,0.000916682
118,0.000896474
119,0.000881217
120,0.000856401
121,0.000855305
122,0.000861036
123,0.000887887
124,0.000869068
125,0.00085153
126,0.000851389
127,0.000855918
128,0.000847636
129,0.000848092
130,0.000842166
131,0.000846654
132,0.000842697
133,0.000849312
134,0.000839613
135,0.000140149
136,0.000560947
137,0.000839412
138,0.000835159
139,0.000840434
140,0.000833902
141,0.000857474
142,0.000856254
143,0.000208432
144,0.000653158
145,0.000881193
146,0.000875302
147,0.000836389
148,0.000839756
149,0.000849757
150,0.000849193
151,0.000856554
152,0.000861982
153,0.000863071
154,0.000853676
155,0.000866109
156,0.000888739
157,0.000917765
158,0.000925896
159,0.000905907
160,0.000875506
161,0.00086962
162,0.000845153
163,0.000830735
164,0.000827476
165,0.000841785
166,0.000861644
167,0.000871038
168,0.000864296
169,0.000866677
170,0.000849487
171,0.000236385
172,0.000567899
173,0.000825273
174,0.000819236
175,0.000833692
176,0.000852404
177,0.000868042
178,0.000850352
179,0.000248158
180,0.000590013
181,0.000808897
182,0.00083473
183,0.000841205
184,0.000820051
185,0.000818903
186,0.000837101
187,0.000891225
188,0.000890707
189,0.000870575
190,0.000869214
191,0.000854475
192,0.000818437
193,0.000822877
194,0.000840871
195,0.000886862
196,0.000930196
197,0.000963306
198,0.000917013
199,0.000374969
200,0.000661684
201,0.000860457
202,0.000829817
203,0.000838777
204,0.000840262
205,0.000843306
206,0.000846187
207,0.000309751
208,0.000593245
209,0.000837886
210,0.000822632
211,0.000820511
212,0.000806635
213,0.000202034
214,0.000669676
215,0.000863708
216,0.000818341
217,0.00080353
218,0.000793516
219,0.00079174
220,0.000786946
221,0.000795751
222,0.000805909
223,0.000785341
224,0.000833061
225,0.000801508
226,0.000781101
227,0.000782767
228,0.000785486
229,0.000805793
230,0.000850922
231,0.000894547
232,0.000903745
233,0.00091508
234,0.000924982
235,0.000920296
236,0.000890264
237,0.000856468
238,0.000823956
239,0.000798219
240,0.000783956
241,0.000786628
242,0.000783935
243,0.000790265
244,0.000790627
245,0.00080266
246,0.000803333
247,0.000801113
248,0.000785894
249,0.000780829
250,0.000780514
251,0.00078577
252,0.000775824
253,0.000776193
254,0.000770316
255,0.000777012
256,0.000770951
257,0.000787821
258,0.000789189
259,0.000238369
260,0.000560108
261,0.00079959
262,0.000807262
263,0.000837651
264,0.000823021
265,0.000785903
266,0.000763192
267,0.000770233
268,0.000767175
269,0.000781033
270,0.000777343
271,0.00016421
272,0.000692459
273,0.000779436
274,0.000783196
275,0.000780753
276,0.000788237
277,0.000789698
278,0.000805473
279,0.000808875
280,0.000807065
281,0.000794529
282,0.000796848
283,0.000791473
284,0.000799647
285,0.000797678
286,0.000807161
287,0.000786858
288,0.000225265
289,0.000677848
290,0.000791879
291,0.000785567
292,0.000778403
293,0.00078027
294,0.000774994
295,0.00078416
296,0.000786703
297,0.000783305
298,0.000793977
299,0.000819772
300,0.000832913
301,0.000818473
302,0.000784373
303,0.000778892
304,0.000769814
305,0.000768822
306,0.000764354
307,0.000765978
308,0.000759308
309,0.000761309
310,0.000758897
311,0.000770748
312,0.000771812
313,0.000782735
314,0.000767866
315,0.000775371
316,0.000800234
317,0.000429301
318,0.000750978
319,0.000829949
320,0.000833561
321,0.000807038
322,0.000795855
323,0.000781709
324,0.000770085
325,0.000757881
326,0.000755979
327,0.000744923
328,0.000742245
329,0.000740235
330,0.000743584
331,0.000743168
332,0.000759271
333,0.000770323
334,0.000790474
335,0.000793355
336,0.00081171
337,0.000824845
338,0.000837727
339,0.000841767
340,0.000870258
341,0.000848329
342,0.00085308
343,0.000929723
344,0.000650669
345,0.000742733
346,0.000768839
347,0.000738923
348,0.000740167
349,0.000738942
350,0.000740808
351,0.000736277
352,0.000745378
353,0.000746712
354,0.000757421
355,0.000757539
356,0.000765083
357,0.000764336
358,0.000778894
359,0.000779374
360,0.000778265
361,0.000767763
362,0.00026909
363,0.000599064
364,0.00076905
365,0.000771129
366,0.000771112
367,0.000761512
368,0.000758847
369,0.000756729
370,0.000753055
371,0.00074747
372,0.000745955
373,0.000742516
374,0.00074369
375,0.000747751
376,0.000751633
377,0.000759308
378,0.000759539
379,0.000756409
380,0.000760792
381,0.000763364
382,0.000967647
383,0.00132875
384,0.00164095
385,0.00145686
386,0.00129306
387,0.00126835
388,0.00125406
389,0.00125145
390,0.00125169
391,0.00124863
392,0.00125101
393,0.00125827
394,0.00127022
395,0.00126353
396,0.00125465
397,0.0012494
398,0.00124979
399,0.00127948
