2,0.86892
3,0.637697
4,0.446428
5,0.296438
6,0.186259
7,0.110917
8,0.0630763
9,0.0348991
10,0.0194252
11,0.0114215
12,0.00743466
13,0.00543443
14,0.00425632
15,0.00352895
16,0.00315936
17,0.0028072
18,0.00247411
19,0.00221818
20,0.00202658
21,0.00186817
22,0.00174127
23,0.00163656
24,0.00157089
25,0.00152973
26,0.00149591
27,0.00144224
28,0.00140988
29,0.00137128
30,0.00131887
31,0.00125305
32,0.00119482
33,0.00112487
34,0.0010802
35,0.00105281
36,0.000466073
37,0.000740392
38,0.00105537
39,0.00113613
40,0.00118245
41,0.0011951
42,0.00118973
43,0.00117382
44,0.00114635
45,0.00110337
46,0.000651645
47,0.000642329
48,0.000904648
49,0.000983981
50,0.000972706
51,0.000967881
52,0.000967719
53,0.00097082
54,0.000971085
55,0.000970452
56,0.000963633
57,0.000967298
58,0.000963499
59,0.000959697
60,0.000951879
61,0.000950859
62,0.000939061
63,0.000938951
64,0.000935124
65,0.000936771
66,0.000929441
67,0.000940725
68,0.000944306
69,0.000954333
70,0.000951158
71,8.88432e-05
72,0.0010396
73,0.00152864
74,0.00157189
75,0.00147675
76,0.00137416
77,0.00136846
78,0.00141241
79,0.00139344
80,0.00128503
81,0.00115246
82,0.00106424
83,0.000997055
84,0.000929162
85,0.000899461
86,0.000898659
87,0.000896336
88,0.000895226
89,0.000894354
90,0.000899662
91,0.00090636
92,0.000439563
93,0.000581687
94,0.000829875
95,0.000922982
96,0.00094542
97,0.000960808
98,0.000989474
99,0.00100849
100,0.00100268
101,0.000852838
102,0.000747975
103,0.000728
104,0.000755764
105,0.000876187
106,0.00082466
107,0.000712968
108,0.000727867
109,0.000737522
110,0.000755919
111,0.000773765
112,0.000704605
113,0.000710559
114,0.000707839
115,0.000852317
116,0.000941583
117,0.000945524
118,0.000915979
119,0.000886092
120,0.000869387
121,0.000858388
122,0.000869456
123,0.000877947
124,0.000876423
125,0.000923318
126,0.000882333
127,0.000888825
128,0.000863968
129,0.00085152
130,0.00085133
131,0.000852947
132,0.000855149
133,0.000854784
134,0.000849196
135,0.000846828
136,0.000841618
137,0.000724365
138,0.000630088
139,0.000606976
140,0.000632132
141,0.000683051
142,0.000790674
143,0.000842374
144,0.000785868
145,0.000770404
146,0.00074028
147,0.000685645
148,0.000673105
149,0.000664314
150,0.000757487
151,0.000844375
152,0.000878115
153,0.000875159
154,0.000872526
155,0.000907882
156,0.00093806
157,0.000941812
158,0.000925313
159,0.000892474
160,0.000875133
161,0.000863325
162,0.000841234
163,0.000823707
164,0.000824993
165,0.000833427
166,0.000851895
167,0.000867039
168,0.000870255
169,0.000860132
170,0.000858634
171,0.000748715
172,0.000677393
173,0.0006943
174,0.000489977
175,0.000658297
176,0.000821166
177,0.00085879
178,0.000788707
179,0.000724655
180,0.000660526
181,0.000587049
182,0.000608773
183,0.000660064
184,0.00064196
185,0.000608964
186,0.000776087
187,0.000884622
188,0.00089303
189,0.000863427
190,0.000869944
191,0.000861428
192,0.000812514
193,0.000804001
194,0.000806868
195,0.000871308
196,0.000940895
197,0.000958582
198,0.000904105
199,0.000663372
200,0.000677619
201,0.000696186
202,0.00071889
203,0.000717335
204,0.000726394
205,0.000820236
206,0.00085056
207,0.000738046
208,0.000654608
209,0.000679451
210,0.000660751
211,0.000644237
212,0.000646446
213,0.000683567
214,0.000684615
215,0.000661955
216,0.000656633
217,0.000637677
218,0.00060908
219,0.00061779
220,0.000615636
221,0.000664588
222,0.000704501
223,0.00061985
224,0.000714424
225,0.00078053
226,0.00077953
227,0.000780303
228,0.000786384
229,0.000804055
230,0.000849331
231,0.000897615
232,0.000909835
233,0.000914873
234,0.000916206
235,0.000916265
236,0.000897852
237,0.00073517
238,0.000712754
239,0.000677359
240,0.000625328
241,0.000612394
242,0.00064208
243,0.000630638
244,0.000665665
245,0.000761191
246,0.000803593
247,0.000800259
248,0.000786507
249,0.000778434
250,0.000783671
251,0.000780298
252,0.000785088
253,0.000775724
254,0.000775745
255,0.000769449
256,0.000780351
257,0.000784994
258,0.000798986
259,0.000795071
260,0.000491121
261,0.000613858
262,0.000631603
263,0.000767046
264,0.00081742
265,0.0007825
266,0.000764156
267,0.00076605
268,0.000768488
269,0.000782103
270,0.000784856
271,0.000737835
272,0.000697426
273,0.000638053
274,0.000651965
275,0.00061134
276,0.000659362
277,0.000660218
278,0.000670747
279,0.000646368
280,0.000598089
281,0.000614754
282,0.000645372
283,0.000656167
284,0.000641817
285,0.000645162
286,0.000688288
287,0.000689154
288,0.000687756
289,0.000675608
290,0.000662382
291,0.000659664
292,0.000662117
293,0.000663955
294,0.000664705
295,0.000687832
296,0.000705702
297,0.000698075
298,0.000705516
299,0.000726068
300,0.000753441
301,0.000738841
302,0.000711888
303,0.000699259
304,0.000690999
305,0.000679231
306,0.000675686
307,0.000668651
308,0.000667954
309,0.000661502
310,0.000661615
311,0.000664292
312,0.000675567
313,0.00068489
314,0.000687403
315,0.000691808
316,0.000715633
317,0.000763005
318,0.000803154
319,0.000810534
320,0.000760482
321,0.000705197
322,0.000670097
323,0.000660354
324,0.000652164
325,0.000648135
326,0.00066264
327,0.000656564
328,0.000657205
329,0.000651091
330,0.00063785
331,0.000636223
332,0.000649903
333,0.000655053
334,0.000656623
335,0.000676077
336,0.000697001
337,0.000720702
338,0.000717695
339,0.000744255
340,0.000817879
341,0.000819524
342,0.000828476
343,0.000939699
344,0.00096969
345,0.000865091
346,0.000721745
347,0.000675506
348,0.000634189
349,0.000635849
350,0.000638772
351,0.000635758
352,0.000644153
353,0.000652637
354,0.000665698
355,0.000669739
356,0.000686847
357,0.000687834
358,0.000694247
359,0.000696933
360,0.00067238
361,0.000664315
362,0.000666914
363,0.000623397
364,0.000604494
365,0.000685505
366,0.000709822
367,0.000708462
368,0.000703492
369,0.000698524
370,0.000695739
371,0.00068464
372,0.00067413
373,0.000670905
374,0.000677102
375,0.000669957
376,0.000674123
377,0.000678234
378,0.000676021
379,0.000681516
380,0.000685615
381,0.000690306
382,0.000782787
383,0.000882901
384,0.000981758
385,0.00101477
386,0.000886811
387,0.000793895
388,0.000790542
389,0.000854009
390,0.000896097
391,0.000953421
392,0.0010013
393,0.00105506
394,0.00109532
395,0.001117
396,0.00115421
397,0.00121731
398,0.00124598
399,0.00127624
