2,0.955033
3,0.872957
4,0.798321
5,0.729499
6,0.665182
7,0.605502
8,0.55031
9,0.499415
10,0.452691
11,0.409858
12,0.370666
13,0.334866
14,0.302306
15,0.272529
16,0.245258
17,0.220269
18,0.197351
19,0.176279
20,0.156845
21,0.138895
22,0.122323
23,0.107239
24,0.0938762
25,0.0821159
26,0.0715225
27,0.0619108
28,0.0532611
29,0.0454052
30,0.0382432
31,0.0316971
32,0.0256746
33,0.0201257
34,0.0150323
35,0.0105157
36,0.00682667
37,0.0044192
38,0.00329164
39,0.00268611
40,0.00233544
41,0.00222213
42,0.00231388
43,0.00237755
44,0.00226227
45,0.00247148
46,0.00267929
47,0.00287063
48,0.00301691
49,0.0031162
50,0.00296492
51,0.00261196
52,0.00251248
53,0.00239129
54,0.00221269
55,0.00199611
56,0.00175155
57,0.00145774
58,0.000782944
59,0.00103862
60,0.00105439
61,0.00100903
62,0.000954143
63,0.000940496
64,0.000937167
65,0.000974301
66,0.000997278
67,0.00105374
68,0.00109999
69,0.000776081
70,0.00133566
71,0.0016287
72,0.00173791
73,0.00178438
74,0.00182969
75,0.00187687
76,0.00192811
77,0.00200245
78,0.00208846
79,0.00210195
80,0.0020377
81,0.00194478
82,0.00183674
83,0.00175634
84,0.00172688
85,0.00170992
86,0.00165406
87,0.00153177
88,0.0014612
89,0.00141694
90,0.00134321
91,0.00127191
92,0.0012389
93,0.0012039
94,0.00116739
95,0.00110141
96,0.00104957
97,0.00100182
98,0.000980432
99,0.000941193
100,0.000274829
101,0.000840348
102,0.000946023
103,0.000948499
104,0.000971205
105,0.000970256
106,0.000947398
107,0.000940725
108,0.000946972
109,0.000954118
110,0.000948555
111,0.00094212
112,0.000928162
113,0.000938272
114,0.000936644
115,0.000933447
116,0.000931122
117,0.000917775
118,0.000896502
119,0.000881808
120,0.000856118
121,0.000857032
122,0.000860459
123,0.000890772
124,0.000867351
125,0.000853395
126,0.000851384
127,0.000857399
128,0.000846683
129,0.000849946
130,0.000841928
131,0.000849945
132,0.000841539
133,0.000851523
134,0.000839568
135,0.000138555
136,0.000563756
137,0.000839586
138,0.000835733
139,0.000839343
140,0.000836073
141,0.000858413
142,0.000857095
143,0.00020765
144,0.000654457
145,0.000882597
146,0.000874544
147,0.000836404
148,0.000839173
149,0.000849523
150,0.000850155
151,0.000859416
152,0.000862245
153,0.000866002
154,0.000853576
155,0.000867514
156,0.000889395
157,0.000920675
158,0.000924331
159,0.000905179
160,0.000875854
161,0.000870552
162,0.000846017
163,0.000832536
164,0.00082571
165,0.000843049
166,0.000861771
167,0.000874175
168,0.000862547
169,0.000867199
170,0.000849349
171,0.000236557
172,0.000568696
173,0.000823401
174,0.000819703
175,0.000833346
176,0.000853589
177,0.000868935
178,0.000850247
179,0.000248501
180,0.000588745
181,0.000808588
182,0.000833797
183,0.000840837
184,0.000821207
185,0.00081942
186,0.000837826
187,0.000892667
188,0.000893228
189,0.000870963
190,0.000869932
191,0.000852516
192,0.000817566
193,0.000822123
194,0.000839757
195,0.000885798
196,0.000930887
197,0.000962979
198,0.00091849
199,0.000376347
200,0.00066009
201,0.000859314
202,0.000829547
203,0.000838982
204,0.000837543
205,0.00084449
206,0.000847339
207,0.000306539
208,0.000594424
209,0.000834148
210,0.000821697
211,0.000821371
212,0.000808209
213,0.000201204
214,0.000671107
215,0.000863518
216,0.00081793
217,0.000802342
218,0.00079313
219,0.000792221
220,0.000789166
221,0.000796396
222,0.000809114
223,0.000786961
224,0.000834877
225,0.00080296
226,0.000783497
227,0.000781866
228,0.000784077
229,0.00080934
230,0.000852674
231,0.000893771
232,0.000904497
233,0.000913445
234,0.00092434
235,0.000919658
236,0.000890844
237,0.000858443
238,0.000824236
239,0.000798035
240,0.000784251
241,0.000786661
242,0.000785678
243,0.000786653
244,0.000790778
245,0.000801839
246,0.00080634
247,0.0008018
248,0.000785275
249,0.000782166
250,0.000779749
251,0.000783095
252,0.000776726
253,0.000778236
254,0.000771564
255,0.00077573
256,0.000773871
257,0.000786882
258,0.000789918
259,0.000238408
260,0.000559845
261,0.000799842
262,0.000806597
263,0.000837341
264,0.000822987
265,0.0007859
266,0.000761567
267,0.00076987
268,0.000765138
269,0.000783687
270,0.000776887
271,0.000163862
272,0.000693909
273,0.000778821
274,0.00078425
275,0.000778722
276,0.000786929
277,0.000789269
278,0.000808553
279,0.000807943
280,0.000807097
281,0.000793129
282,0.000797526
283,0.000791838
284,0.000801022
285,0.000797697
286,0.000809695
287,0.000788497
288,0.000224716
289,0.000681546
290,0.000791044
291,0.000786021
292,0.000780076
293,0.000782252
294,0.000775427
295,0.000784558
296,0.000786218
297,0.000784554
298,0.000793852
299,0.000819834
300,0.000833751
301,0.00081582
302,0.000782857
303,0.000776576
304,0.000768506
305,0.0007692
306,0.000763269
307,0.000767524
308,0.000758709
309,0.000763152
310,0.000759347
311,0.000772575
312,0.000774464
313,0.000784261
314,0.000768364
315,0.000776537
316,0.000799092
317,0.000429192
318,0.000751668
319,0.000831407
320,0.000833239
321,0.000806803
322,0.000797544
323,0.000782563
324,0.000771025
325,0.000760325
326,0.000758136
327,0.000744912
328,0.000741777
329,0.000738174
330,0.000742864
331,0.000743954
332,0.000759727
333,0.00077013
334,0.000788475
335,0.000791359
336,0.000807709
337,0.000824029
338,0.000837069
339,0.000841198
340,0.000869769
341,0.000845372
342,0.000853847
343,0.000930644
344,0.000650399
345,0.000742729
346,0.000771568
347,0.000738024
348,0.000738881
349,0.000741575
350,0.000741215
351,0.000736141
352,0.000743671
353,0.000747395
354,0.000757969
355,0.000756429
356,0.000764794
357,0.000764004
358,0.000777917
359,0.00077694
360,0.000776276
361,0.000768425
362,0.000269526
363,0.000600812
364,0.000767452
365,0.000771332
366,0.000770228
367,0.000762991
368,0.00075969
369,0.000755541
370,0.000753527
371,0.00074901
372,0.000746624
373,0.000741284
374,0.000743905
375,0.00074915
376,0.00075835
377,0.000762653
378,0.000763868
379,0.000762143
380,0.000761113
381,0.0007611
382,0.000964254
383,0.00132755
384,0.0016412
385,0.00145671
386,0.0012949
387,0.00126977
388,0.001254
389,0.00125137
390,0.00125169
391,0.0012501
392,0.00125214
393,0.00126092
394,0.0012709
395,0.00126431
396,0.00125206
397,0.00124959
398,0.00124937
399,0.00127694
