2,0.955855
3,0.875237
4,0.80184
5,0.733957
6,0.670372
7,0.611254
8,0.556452
9,0.505727
10,0.458983
11,0.416024
12,0.376596
13,0.340437
14,0.30744
15,0.277234
16,0.249545
17,0.22416
18,0.200883
19,0.179507
20,0.159814
21,0.141654
22,0.124924
23,0.109687
24,0.0960968
25,0.084096
26,0.0733231
27,0.0635416
28,0.0547232
29,0.0467149
30,0.0393819
31,0.0326339
32,0.0264089
33,0.0206987
34,0.0154503
35,0.0106937
36,0.00682771
37,0.00440777
38,0.0032942
39,0.00268494
40,0.00233393
41,0.00222434
42,0.00230671
43,0.00237725
44,0.00226162
45,0.00247197
46,0.00267993
47,0.0028714
48,0.00301763
49,0.00311674
50,0.00296318
51,0.00261241
52,0.00251361
53,0.00239005
54,0.00221395
55,0.00199605
56,0.00175022
57,0.00145326
58,0.00078446
59,0.00104174
60,0.00105587
61,0.00100763
62,0.000951972
63,0.000941695
64,0.000936804
65,0.000971535
66,0.00099835
67,0.00105297
68,0.00110028
69,0.000777457
70,0.00133595
71,0.00163019
72,0.00173622
73,0.00178404
74,0.00182961
75,0.00187696
76,0.0019288
77,0.00200208
78,0.0020888
79,0.00210229
80,0.00203736
81,0.00194283
82,0.00183582
83,0.00175647
84,0.00172452
85,0.00170927
86,0.00165295
87,0.00153366
88,0.00146176
89,0.00141684
90,0.00134306
91,0.00127144
92,0.00123747
93,0.00120456
94,0.00116725
95,0.00110083
96,0.00104828
97,0.00100286
98,0.00097956
99,0.000940582
100,0.000275974
101,0.000838614
102,0.000946292
103,0.00094883
104,0.000971833
105,0.000970657
106,0.000944776
107,0.000941308
108,0.000946552
109,0.000953815
110,0.000948519
111,0.000941318
112,0.000928293
113,0.000936665
114,0.000936823
115,0.000933547
116,0.000930389
117,0.000916732
118,0.000896784
119,0.000880092
120,0.000854883
121,0.000856977
122,0.000860308
123,0.0008891
124,0.000868113
125,0.000852608
126,0.000851614
127,0.000856155
128,0.000847646
129,0.000847543
130,0.000842619
131,0.000848444
132,0.00084188
133,0.000850313
134,0.000839964
135,0.000137494
136,0.000563218
137,0.000838304
138,0.000835199
139,0.000840733
140,0.000834113
141,0.000858845
142,0.000856556
143,0.00020574
144,0.000654095
145,0.000880831
146,0.00087608
147,0.000836305
148,0.000840421
149,0.000849491
150,0.000847927
151,0.000857785
152,0.000862554
153,0.00086489
154,0.000852348
155,0.000867349
156,0.000890039
157,0.000918705
158,0.00092604
159,0.000904863
160,0.000877737
161,0.000867921
162,0.000845591
163,0.000830734
164,0.000823753
165,0.000841596
166,0.00086245
167,0.000872707
168,0.000862453
169,0.000865211
170,0.000848881
171,0.000233764
172,0.000569726
173,0.000823366
174,0.000818087
175,0.000832372
176,0.000853657
177,0.000869042
178,0.000849628
179,0.000247737
180,0.000592795
181,0.000810086
182,0.000832114
183,0.000840457
184,0.000821661
185,0.00081769
186,0.000837144
187,0.000891533
188,0.000891085
189,0.000872399
190,0.000870349
191,0.000853344
192,0.000817453
193,0.000822067
194,0.000840875
195,0.000886118
196,0.0009315
197,0.000962932
198,0.000917071
199,0.000373345
200,0.000660593
201,0.000859586
202,0.000830837
203,0.000839317
204,0.000838262
205,0.000844569
206,0.000848164
207,0.000307322
208,0.000592274
209,0.000837761
210,0.000822592
211,0.000820556
212,0.000807111
213,0.000202401
214,0.000669153
215,0.000861162
216,0.000819886
217,0.000801189
218,0.00079351
219,0.000791824
220,0.00078858
221,0.00079743
222,0.00080638
223,0.00078538
224,0.000833724
225,0.000802994
226,0.000783041
227,0.000781652
228,0.000785379
229,0.000809989
230,0.000852932
231,0.000894082
232,0.000906301
233,0.000912264
234,0.000925388
235,0.00091912
236,0.000892412
237,0.000856863
238,0.000823168
239,0.000797728
240,0.000782394
241,0.00078536
242,0.000786875
243,0.00078909
244,0.000791346
245,0.000803037
246,0.00080578
247,0.000802428
248,0.000785627
249,0.000782437
250,0.000779343
251,0.00078348
252,0.000775192
253,0.000777161
254,0.000769892
255,0.000775749
256,0.000773396
257,0.000789935
258,0.000790188
259,0.00023827
260,0.000564243
261,0.000799834
262,0.000806691
263,0.00083694
264,0.000823009
265,0.000785331
266,0.000762668
267,0.0007686
268,0.000767182
269,0.000781941
270,0.000777285
271,0.000164015
272,0.000692919
273,0.000778935
274,0.000782957
275,0.00077938
276,0.000785225
277,0.00078896
278,0.000806328
279,0.00080692
280,0.000806708
281,0.000794435
282,0.000798295
283,0.000791367
284,0.000801768
285,0.000797954
286,0.000806847
287,0.000786416
288,0.000224744
289,0.000682066
290,0.000788904
291,0.000787284
292,0.00077971
293,0.000782417
294,0.000775427
295,0.000785605
296,0.000785794
297,0.000783529
298,0.000791347
299,0.000818807
300,0.000832798
301,0.000816626
302,0.000782584
303,0.000776442
304,0.000769562
305,0.000770744
306,0.000762675
307,0.000768087
308,0.000758543
309,0.000761907
310,0.000758776
311,0.000771438
312,0.000773526
313,0.000783719
314,0.000767524
315,0.000774686
316,0.000802035
317,0.000430124
318,0.000751604
319,0.000831482
320,0.000833593
321,0.000807012
322,0.000797327
323,0.000781717
324,0.000770589
325,0.000759013
326,0.000755078
327,0.000745198
328,0.000742695
329,0.000739907
330,0.000743029
331,0.000742254
332,0.000762366
333,0.000771255
334,0.000789123
335,0.000792643
336,0.000810133
337,0.000825933
338,0.000839523
339,0.000842166
340,0.000867357
341,0.000847264
342,0.00085201
343,0.000923929
344,0.000649042
345,0.000742554
346,0.000769126
347,0.000737072
348,0.000740699
349,0.000741058
350,0.000739393
351,0.00073358
352,0.000744078
353,0.000748434
354,0.000756683
355,0.000757444
356,0.000764577
357,0.000765051
358,0.000779848
359,0.000778922
360,0.000781319
361,0.000769168
362,0.000270483
363,0.000600178
364,0.00076869
365,0.000772646
366,0.000772853
367,0.000764012
368,0.000758661
369,0.00075449
370,0.000754402
371,0.000751537
372,0.000748548
373,0.000744922
374,0.000751537
375,0.000757571
376,0.000756841
377,0.000760103
378,0.000765908
379,0.000760769
380,0.00075837
381,0.000761579
382,0.000966797
383,0.00132886
384,0.00164038
385,0.00145209
386,0.00129322
387,0.00126763
388,0.00125312
389,0.00125146
390,0.00125172
391,0.00125113
392,0.00125266
393,0.00125971
394,0.00127025
395,0.00126333
396,0.00125218
397,0.00124958
398,0.00125004
399,0.00127772
