2,0.00165772
3,0.00496241
4,0.00821179
5,0.0113817
6,0.0144737
7,0.0174494
8,0.0202925
9,0.0229967
10,0.0255531
11,0.0279601
12,0.030221
13,0.0323415
14,0.0343209
15,0.0361726
16,0.0379062
17,0.0395293
18,0.0410491
19,0.042474
20,0.0438133
21,0.0450734
22,0.0462584
23,0.0473642
24,0.0483805
25,0.0493097
26,0.0501701
27,0.0509741
28,0.0517233
29,0.0524241
30,0.0530843
31,0.0537089
32,0.0543013
33,0.0548619
34,0.055394
35,0.0558967
36,0.0563496
37,0.0567216
38,0.0570173
39,0.057282
40,0.0575367
41,0.0577794
42,0.0580129
43,0.0582365
44,0.0584506
45,0.0586566
46,0.0588578
47,0.0590533
48,0.0592421
49,0.0594239
50,0.0595926
51,0.0597529
52,0.0599124
53,0.0600679
54,0.0602167
55,0.0603604
56,0.0604983
57,0.06063
58,0.0607611
59,0.0608977
60,0.0610376
61,0.0611739
62,0.0613054
63,0.0614362
64,0.0615663
65,0.0616939
66,0.0618218
67,0.0619475
68,0.0620716
69,0.0621904
70,0.062299
71,0.062409
72,0.062526
73,0.0626457
74,0.0627642
75,0.0628811
76,0.0629966
77,0.0631089
78,0.0632192
79,0.0633333
80,0.0634518
81,0.0635711
82,0.0636905
83,0.0638066
84,0.0639184
85,0.0640275
86,0.064139
87,0.0642541
88,0.064365
89,0.0644725
90,0.064582
91,0.0646901
92,0.0647948
93,0.0648979
94,0.0650012
95,0.0651065
96,0.0652111
97,0.0653138
98,0.0654149
99,0.0655171
100,0.0656174
101,0.0657056
102,0.0657955
103,0.0658868
104,0.0659719
105,0.0660624
106,0.0661559
107,0.0662457
108,0.0663313
109,0.0664171
110,0.0665039
111,0.0665911
112,0.0666779
113,0.0667606
114,0.0668435
115,0.0669274
116,0.0670099
117,0.0670948
118,0.0671794
119,0.067265
120,0.0673536
121,0.0674396
122,0.0675266
123,0.0676133
124,0.0676871
125,0.0677531
126,0.0678235
127,0.0678994
128,0.0679779
129,0.0680576
130,0.0681357
131,0.0682104
132,0.0682867
133,0.0683619
134,0.0684327
135,0.068501
136,0.0685705
137,0.0686439
138,0.0687161
139,0.0687874
140,0.0688623
141,0.068941
142,0.0690127
143,0.0690794
144,0.0691519
145,0.0692248
146,0.0692916
147,0.0693458
148,0.0693978
149,0.0694612
150,0.069527
151,0.069591
152,0.0696546
153,0.0697201
154,0.0697866
155,0.0698484
156,0.0699071
157,0.0699667
158,0.0700285
159,0.0700954
160,0.0701629
161,0.0702277
162,0.0702952
163,0.0703655
164,0.070434
165,0.0705035
166,0.070572
167,0.0706337
168,0.0706928
169,0.0707516
170,0.0708086
171,0.0708632
172,0.0709166
173,0.0709709
174,0.0710312
175,0.071099
176,0.0711654
177,0.0712256
178,0.0712809
179,0.0713345
180,0.0713828
181,0.0714259
182,0.0714725
183,0.0715272
184,0.0715872
185,0.0716446
186,0.0716931
187,0.0717379
188,0.0717918
189,0.0718503
190,0.0719041
191,0.0719621
192,0.0720239
193,0.072078
194,0.072125
195,0.0721702
196,0.0722152
197,0.0722642
198,0.0723228
199,0.0723813
200,0.0724343
201,0.072492
202,0.0725562
203,0.0726194
204,0.0726733
205,0.0727244
206,0.0727789
207,0.0728306
208,0.0728788
209,0.0729273
210,0.0729737
211,0.0730187
212,0.0730662
213,0.0731093
214,0.0731418
215,0.0731862
216,0.0732448
217,0.0732989
218,0.0733504
219,0.0734
220,0.0734516
221,0.073508
222,0.07356
223,0.0735897
224,0.0736195
225,0.0736741
226,0.0737315
227,0.0737817
228,0.0738337
229,0.0738889
230,0.073945
231,0.0739976
232,0.0740449
233,0.0740915
234,0.0741386
235,0.0741827
236,0.0742238
237,0.0742625
238,0.0743007
239,0.0743367
240,0.0743745
241,0.0744184
242,0.0744632
243,0.0745078
244,0.0745542
245,0.0746018
246,0.0746474
247,0.0746888
248,0.0747262
249,0.0747614
250,0.0747996
251,0.0748414
252,0.0748856
253,0.0749306
254,0.0749735
255,0.0750139
256,0.0750517
257,0.0750883
258,0.0751273
259,0.0751684
260,0.0752089
261,0.0752489
262,0.0752876
263,0.0753233
264,0.0753657
265,0.0754171
266,0.075466
267,0.0755129
268,0.075558
269,0.0756013
270,0.0756435
271,0.075683
272,0.0757203
273,0.0757583
274,0.075796
275,0.0758325
276,0.075868
277,0.0759014
278,0.0759347
279,0.0759718
280,0.0760139
281,0.0760568
282,0.0760974
283,0.0761358
284,0.0761721
285,0.0762072
286,0.076244
287,0.0762869
288,0.0763298
289,0.0763629
290,0.076397
291,0.0764383
292,0.0764774
293,0.0765141
294,0.0765573
295,0.0766044
296,0.0766437
297,0.0766788
298,0.0767201
299,0.076764
300,0.0768042
301,0.0768364
302,0.0768636
303,0.0768949
304,0.0769296
305,0.0769641
306,0.0769992
307,0.0770364
308,0.0770722
309,0.0771075
310,0.0771466
311,0.0771862
312,0.077225
313,0.0772617
314,0.0772948
315,0.0773299
316,0.0773741
317,0.0774188
318,0.077452
319,0.0774842
320,0.0775188
321,0.0775489
322,0.0775811
323,0.077613
324,0.0776436
325,0.0776751
326,0.077707
327,0.0777371
328,0.0777652
329,0.0777961
330,0.0778298
331,0.0778699
332,0.0779105
333,0.0779478
334,0.0779847
335,0.0780196
336,0.0780554
337,0.078092
338,0.0781266
339,0.0781609
340,0.0781972
341,0.0782275
342,0.0782602
343,0.0783052
344,0.0783449
345,0.0783677
346,0.0783759
347,0.0783908
348,0.0784187
349,0.0784476
350,0.0784823
351,0.0785172
352,0.078547
353,0.078578
354,0.0786098
355,0.0786419
356,0.078677
357,0.0787145
358,0.078751
359,0.0787849
360,0.0788106
361,0.0788332
362,0.0788624
363,0.0788905
364,0.0789259
365,0.0789679
366,0.0789999
367,0.0790262
368,0.0790554
369,0.0790855
370,0.0791168
371,0.0791486
372,0.0791765
373,0.0792078
374,0.0792446
375,0.0792788
376,0.0793101
377,0.0793428
378,0.0793737
379,0.0794038
380,0.0794329
381,0.0794644
382,0.0794906
383,0.0795413
384,0.0796193
385,0.0796234
386,0.0796195
387,0.0796391
388,0.0796578
389,0.0796798
390,0.0797057
391,0.0797388
392,0.0797764
393,0.0798123
394,0.0798462
395,0.079873
396,0.0798941
397,0.0799103
398,0.0799373
399,0.0799494
