2,0.956597
3,0.877281
4,0.804999
5,0.738123
6,0.675332
7,0.616775
8,0.562317
9,0.511754
10,0.465021
11,0.421921
12,0.382266
13,0.34583
14,0.312516
15,0.281953
16,0.253875
17,0.228105
18,0.204455
19,0.182759
20,0.162819
21,0.144462
22,0.127542
23,0.112056
24,0.098214
25,0.0860303
26,0.0751022
27,0.0651577
28,0.0561359
29,0.0479047
30,0.0403906
31,0.0334992
32,0.02716
33,0.0213257
34,0.0159243
35,0.0110447
36,0.00700569
37,0.00442643
38,0.00329262
39,0.00268404
40,0.0023337
41,0.00222075
42,0.00230605
43,0.00237399
44,0.00225838
45,0.00246867
46,0.00267921
47,0.00287191
48,0.00301703
49,0.00311476
50,0.00296252
51,0.00261304
52,0.00251386
53,0.0023888
54,0.00221226
55,0.00199677
56,0.00175151
57,0.0014539
58,0.000785213
59,0.00103893
60,0.00105546
61,0.0010084
62,0.000952818
63,0.000941761
64,0.00093885
65,0.000973103
66,0.00099572
67,0.0010535
68,0.00110082
69,0.000777024
70,0.0013327
71,0.00163191
72,0.00173799
73,0.00178408
74,0.00183061
75,0.00187772
76,0.00192858
77,0.00200272
78,0.00208892
79,0.00210291
80,0.00203594
81,0.00194337
82,0.00183824
83,0.0017568
84,0.00172514
85,0.00171022
86,0.00165419
87,0.00153438
88,0.00146145
89,0.00141577
90,0.00134313
91,0.00127219
92,0.00123711
93,0.00120244
94,0.00116795
95,0.00110064
96,0.0010489
97,0.00100371
98,0.00097914
99,0.000940436
100,0.000276816
101,0.000837526
102,0.000946188
103,0.000949081
104,0.000970691
105,0.000969118
106,0.000947023
107,0.000940242
108,0.000948003
109,0.000955454
110,0.000949653
111,0.000941353
112,0.000927301
113,0.000937923
114,0.000935306
115,0.000934405
116,0.000929736
117,0.00091745
118,0.000895724
119,0.000880541
120,0.000855983
121,0.000855651
122,0.000860467
123,0.000890302
124,0.000867479
125,0.000851795
126,0.000849553
127,0.000857017
128,0.000846222
129,0.000848235
130,0.000842725
131,0.000848463
132,0.000843321
133,0.000850418
134,0.000840229
135,0.000138526
136,0.000562567
137,0.00083982
138,0.000834729
139,0.000838613
140,0.000833447
141,0.000858018
142,0.000857484
143,0.000207276
144,0.000654829
145,0.000881932
146,0.000873685
147,0.000834957
148,0.000839962
149,0.000849657
150,0.000848537
151,0.000859303
152,0.000861699
153,0.000863663
154,0.000854135
155,0.000867242
156,0.000890377
157,0.000918314
158,0.000925017
159,0.000904981
160,0.00087656
161,0.000869711
162,0.000843698
163,0.000831899
164,0.000825473
165,0.000841939
166,0.000862216
167,0.000873395
168,0.000863489
169,0.000867019
170,0.000848618
171,0.000232502
172,0.000570039
173,0.000824872
174,0.0008187
175,0.000834217
176,0.000853062
177,0.000868324
178,0.000851313
179,0.000248458
180,0.000591037
181,0.000809285
182,0.000832982
183,0.000840515
184,0.000822621
185,0.000818988
186,0.000838896
187,0.000892757
188,0.000891788
189,0.000872305
190,0.0008697
191,0.000853478
192,0.000815673
193,0.000822526
194,0.000840697
195,0.000885021
196,0.000929384
197,0.000961948
198,0.000916673
199,0.000376757
200,0.00065955
201,0.000859815
202,0.00082874
203,0.000836987
204,0.000838988
205,0.000844185
206,0.000848293
207,0.000307431
208,0.000592954
209,0.000838201
210,0.000822933
211,0.000821024
212,0.000806151
213,0.000201714
214,0.00067125
215,0.000862549
216,0.000820326
217,0.000802604
218,0.000794766
219,0.000791797
220,0.000788392
221,0.000797637
222,0.000808547
223,0.000786506
224,0.000833355
225,0.000801
226,0.000782288
227,0.000780864
228,0.000784481
229,0.000807704
230,0.00085207
231,0.000895474
232,0.000906371
233,0.000914564
234,0.000925015
235,0.00091949
236,0.000891185
237,0.000857203
238,0.000823695
239,0.00079938
240,0.000784444
241,0.000787334
242,0.000785743
243,0.000788217
244,0.000789906
245,0.000802018
246,0.000803886
247,0.000801506
248,0.000784205
249,0.000781272
250,0.000779443
251,0.000783148
252,0.000773528
253,0.000775001
254,0.000768971
255,0.000776606
256,0.000773551
257,0.000791878
258,0.000790852
259,0.000240305
260,0.000561095
261,0.000798581
262,0.000807716
263,0.000836337
264,0.000823148
265,0.000785944
266,0.000763815
267,0.000769447
268,0.000765701
269,0.000781615
270,0.000778861
271,0.000165498
272,0.0006916
273,0.000778782
274,0.000783243
275,0.000782847
276,0.000787896
277,0.000788829
278,0.000807088
279,0.000809064
280,0.000806596
281,0.000793786
282,0.000796913
283,0.000789921
284,0.000801209
285,0.00079771
286,0.000807545
287,0.00078536
288,0.000225816
289,0.000680999
290,0.000792441
291,0.00078677
292,0.000779765
293,0.000781398
294,0.000773693
295,0.000783313
296,0.000788333
297,0.00078405
298,0.000791355
299,0.000818087
300,0.000832525
301,0.000816307
302,0.000781969
303,0.000774429
304,0.000767629
305,0.000768731
306,0.00076411
307,0.000766926
308,0.000756782
309,0.000761982
310,0.000759921
311,0.000772249
312,0.000773779
313,0.000783449
314,0.000768037
315,0.000776427
316,0.000799285
317,0.000429406
318,0.000750612
319,0.000829128
320,0.000832764
321,0.000807775
322,0.000797752
323,0.000785411
324,0.000772044
325,0.000759836
326,0.00075537
327,0.000744056
328,0.000741287
329,0.000738993
330,0.000741552
331,0.000742703
332,0.000760028
333,0.000769011
334,0.000787015
335,0.000790786
336,0.00080972
337,0.000824224
338,0.00083796
339,0.000842169
340,0.000870434
341,0.00084882
342,0.000851126
343,0.000924283
344,0.000650009
345,0.000743142
346,0.000769387
347,0.000736245
348,0.000738112
349,0.000739874
350,0.000738411
351,0.000736527
352,0.000745321
353,0.000746374
354,0.00075765
355,0.000756637
356,0.000766361
357,0.000765145
358,0.000780444
359,0.000780209
360,0.000777755
361,0.00076832
362,0.000269014
363,0.00059967
364,0.000768963
365,0.000771077
366,0.000768017
367,0.000762599
368,0.000760156
369,0.000754072
370,0.000753915
371,0.000750276
372,0.000749043
373,0.000745926
374,0.000750117
375,0.000754633
376,0.000757668
377,0.000761188
378,0.000763218
379,0.000761362
380,0.000758507
381,0.000762271
382,0.000968666
383,0.00132984
384,0.00164371
385,0.00145116
386,0.00129386
387,0.00126875
388,0.00125227
389,0.0012518
390,0.00125422
391,0.00125034
392,0.00125352
393,0.00126112
394,0.00126992
395,0.00126576
396,0.0012509
397,0.00124686
398,0.00124861
399,0.00127345
