2,0.957283
3,0.879171
4,0.807954
5,0.742009
6,0.679959
7,0.621939
8,0.567847
9,0.51749
10,0.47081
11,0.427635
12,0.387803
13,0.351125
14,0.317519
15,0.28663
16,0.258214
17,0.232112
18,0.208155
19,0.186163
20,0.165925
21,0.14732
22,0.130236
23,0.114611
24,0.100557
25,0.0880929
26,0.0769396
27,0.0668379
28,0.0576519
29,0.0492495
30,0.0415474
31,0.0343716
32,0.0277792
33,0.0218882
34,0.0165072
35,0.0116011
36,0.00746209
37,0.00464043
38,0.00329606
39,0.00266664
40,0.0023323
41,0.00222383
42,0.00231004
43,0.00235102
44,0.00221313
45,0.00243701
46,0.00267673
47,0.00287011
48,0.00301688
49,0.00311545
50,0.00293448
51,0.00261592
52,0.00251227
53,0.00238125
54,0.00220497
55,0.00199514
56,0.00174836
57,0.001247
58,0.000880384
59,0.00109234
60,0.0010531
61,0.0010088
62,0.000951293
63,0.000941059
64,0.000935999
65,0.000972155
66,0.000998254
67,0.00105409
68,0.00110109
69,0.000777187
70,0.00133763
71,0.00163007
72,0.00173825
73,0.00178438
74,0.00182873
75,0.00187547
76,0.00192736
77,0.00200264
78,0.00208838
79,0.00210238
80,0.00203631
81,0.00194241
82,0.00183816
83,0.00175769
84,0.00172616
85,0.00171032
86,0.00165342
87,0.00153337
88,0.00146239
89,0.00141567
90,0.0013427
91,0.00127272
92,0.00123851
93,0.0012029
94,0.00116797
95,0.00110096
96,0.00105019
97,0.00100126
98,0.0009809
99,0.000940161
100,0.000273764
101,0.000844657
102,0.000945565
103,0.000948827
104,0.000972147
105,0.000971085
106,0.000945123
107,0.000941749
108,0.000948253
109,0.000955322
110,0.00094834
111,0.000941958
112,0.000927588
113,0.000937496
114,0.000937202
115,0.000933638
116,0.000930091
117,0.000916225
118,0.000897964
119,0.00088171
120,0.000857732
121,0.000855444
122,0.000861596
123,0.000889917
124,0.000866743
125,0.000853018
126,0.000851834
127,0.000857475
128,0.000845405
129,0.000850744
130,0.000842221
131,0.000847677
132,0.00084353
133,0.000852294
134,0.000839686
135,0.00013978
136,0.000563065
137,0.000838687
138,0.000836196
139,0.000840426
140,0.000834868
141,0.000858094
142,0.000857175
143,0.000205304
144,0.000655265
145,0.000881058
146,0.000875239
147,0.000835035
148,0.000838153
149,0.000850602
150,0.000848468
151,0.000857913
152,0.000861241
153,0.000864434
154,0.000853517
155,0.000868564
156,0.000889798
157,0.000919907
158,0.000925148
159,0.000905981
160,0.000876119
161,0.00086996
162,0.000844643
163,0.00083227
164,0.000823997
165,0.000842475
166,0.00086155
167,0.000874083
168,0.000864002
169,0.000866967
170,0.000850115
171,0.000233795
172,0.000569501
173,0.000824778
174,0.000818509
175,0.000832705
176,0.000852938
177,0.000868294
178,0.000850546
179,0.000248181
180,0.000588561
181,0.000809381
182,0.000833319
183,0.000840222
184,0.000821265
185,0.000819989
186,0.000836971
187,0.000890731
188,0.000890195
189,0.000870631
190,0.000871271
191,0.000852682
192,0.00081807
193,0.000821841
194,0.000839637
195,0.00088726
196,0.000930957
197,0.00096306
198,0.000916551
199,0.000375004
200,0.000663237
201,0.000861267
202,0.000829755
203,0.00083715
204,0.000838982
205,0.000843201
206,0.000846875
207,0.000308576
208,0.000591231
209,0.000838788
210,0.000821077
211,0.000818865
212,0.000806082
213,0.00019977
214,0.000672821
215,0.000863412
216,0.000818851
217,0.000801485
218,0.000793352
219,0.00079001
220,0.000787772
221,0.000793674
222,0.000806897
223,0.00078684
224,0.000834958
225,0.000803309
226,0.000782532
227,0.000780547
228,0.000783681
229,0.000810039
230,0.000852434
231,0.000893939
232,0.000903806
233,0.000914135
234,0.000925671
235,0.000919316
236,0.0008934
237,0.000856573
238,0.000822359
239,0.000797608
240,0.00078449
241,0.000787241
242,0.000786343
243,0.000788204
244,0.000789604
245,0.000800217
246,0.000803636
247,0.000801653
248,0.000785912
249,0.000779998
250,0.000780804
251,0.00078386
252,0.000774856
253,0.000776441
254,0.000772064
255,0.00077505
256,0.000773646
257,0.000789421
258,0.00078956
259,0.000239072
260,0.000561864
261,0.000800048
262,0.000806186
263,0.000836902
264,0.000821757
265,0.000786319
266,0.000761066
267,0.000767691
268,0.000765742
269,0.000783354
270,0.000776842
271,0.000159671
272,0.000697252
273,0.000779241
274,0.00078383
275,0.00077928
276,0.000786049
277,0.000790248
278,0.000808344
279,0.000809318
280,0.000806869
281,0.000793369
282,0.000798568
283,0.000789918
284,0.000800142
285,0.000797278
286,0.000806552
287,0.000786094
288,0.000223685
289,0.000683057
290,0.00079205
291,0.000785124
292,0.00078031
293,0.000781183
294,0.000774446
295,0.000784337
296,0.00078629
297,0.00078284
298,0.000792321
299,0.000820003
300,0.000833581
301,0.000816325
302,0.000781063
303,0.000775317
304,0.000769655
305,0.000769212
306,0.00076259
307,0.00076586
308,0.000759827
309,0.000761305
310,0.000759901
311,0.000771068
312,0.000773906
313,0.000782717
314,0.000767442
315,0.000774773
316,0.000800701
317,0.00042919
318,0.00075165
319,0.000830531
320,0.000831697
321,0.000805737
322,0.000794573
323,0.000782999
324,0.00076881
325,0.000759382
326,0.000756497
327,0.000745983
328,0.000741815
329,0.000740694
330,0.000742536
331,0.000743636
332,0.000759882
333,0.000770291
334,0.000788527
335,0.000794036
336,0.000808634
337,0.00082393
338,0.000839271
339,0.000843543
340,0.00086919
341,0.00084798
342,0.000850237
343,0.000923549
344,0.000649204
345,0.000744184
346,0.00076969
347,0.000738794
348,0.000739669
349,0.000739273
350,0.000738154
351,0.000735408
352,0.000745885
353,0.000746919
354,0.000756065
355,0.00075613
356,0.000764082
357,0.000763905
358,0.000779202
359,0.0007789
360,0.000779297
361,0.000768529
362,0.000268168
363,0.000601604
364,0.000766951
365,0.000766855
366,0.000766881
367,0.000761072
368,0.000758961
369,0.000755261
370,0.000755593
371,0.000748438
372,0.00074824
373,0.000744201
374,0.000747178
375,0.000754605
376,0.000764158
377,0.000760785
378,0.000762901
379,0.00076124
380,0.000760237
381,0.000763598
382,0.000964803
383,0.00132637
384,0.00162956
385,0.00145148
386,0.00129356
387,0.00126768
388,0.00125092
389,0.00124873
390,0.00125133
391,0.00124963
392,0.00125163
393,0.00125988
394,0.00127109
395,0.00126697
396,0.00125295
397,0.00124721
398,0.00124909
399,0.00127602
