2,0.958509
3,0.882587
4,0.813287
5,0.74899
6,0.688306
7,0.631328
8,0.577955
9,0.52802
10,0.481493
11,0.438247
12,0.398146
13,0.361109
14,0.327128
15,0.295792
16,0.266823
17,0.24012
18,0.215561
19,0.19299
20,0.172232
21,0.15312
22,0.135584
23,0.119583
24,0.105134
25,0.0922585
26,0.0807149
27,0.0702859
28,0.0607949
29,0.0520787
30,0.044065
31,0.0367248
32,0.0300429
33,0.0239638
34,0.0184226
35,0.0133359
36,0.00890386
37,0.00563975
38,0.00372174
39,0.0027943
40,0.00235738
41,0.00223556
42,0.00215736
43,0.00194769
44,0.0021887
45,0.00243769
46,0.0026895
47,0.00286851
48,0.00301904
49,0.00300221
50,0.00274736
51,0.00261371
52,0.00251017
53,0.00237397
54,0.00219717
55,0.00200254
56,0.00174538
57,0.00111842
58,0.00101295
59,0.00111328
60,0.00105599
61,0.00100867
62,0.000952072
63,0.000941806
64,0.000937156
65,0.000971464
66,0.000997536
67,0.00105331
68,0.00109996
69,0.000776269
70,0.00133705
71,0.00163709
72,0.00173911
73,0.001782
74,0.00182958
75,0.00187703
76,0.00192852
77,0.00200276
78,0.00208944
79,0.00210194
80,0.002038
81,0.00194242
82,0.00183726
83,0.00175625
84,0.00172489
85,0.00171019
86,0.00165455
87,0.00153314
88,0.00146208
89,0.0014166
90,0.00134436
91,0.00127234
92,0.00123808
93,0.00120197
94,0.00116899
95,0.00110125
96,0.00105056
97,0.00100198
98,0.000980439
99,0.00094257
100,0.000275845
101,0.00084019
102,0.000946282
103,0.000948553
104,0.000971415
105,0.000972012
106,0.000946922
107,0.000941524
108,0.00094636
109,0.000955274
110,0.000948634
111,0.000943448
112,0.000929464
113,0.000936126
114,0.000936343
115,0.000934391
116,0.000930517
117,0.000918002
118,0.000895067
119,0.000880746
120,0.000857906
121,0.000856571
122,0.000860865
123,0.00088958
124,0.00086907
125,0.000852717
126,0.000850482
127,0.000857626
128,0.000845682
129,0.000849734
130,0.000843802
131,0.000848081
132,0.000841904
133,0.000851606
134,0.000840418
135,0.000137403
136,0.000564707
137,0.000839122
138,0.000836486
139,0.000838705
140,0.000835767
141,0.000858911
142,0.000856673
143,0.000206366
144,0.000653526
145,0.000882339
146,0.000874493
147,0.000835378
148,0.000840251
149,0.000850495
150,0.00084882
151,0.000857066
152,0.000861162
153,0.000864244
154,0.000852975
155,0.000867757
156,0.000891183
157,0.00091762
158,0.000925445
159,0.000906122
160,0.000876966
161,0.000868512
162,0.00084491
163,0.000832579
164,0.000824673
165,0.000842965
166,0.000861879
167,0.000874675
168,0.000863362
169,0.000865433
170,0.000850827
171,0.000234407
172,0.000570849
173,0.000824316
174,0.000818575
175,0.000833219
176,0.000852307
177,0.000868597
178,0.00085147
179,0.000249379
180,0.000588282
181,0.000809301
182,0.000832979
183,0.000841408
184,0.000820033
185,0.00082135
186,0.000837295
187,0.000892546
188,0.00089307
189,0.00087201
190,0.000869365
191,0.000853617
192,0.000817895
193,0.000821671
194,0.000841337
195,0.000886301
196,0.000930488
197,0.00096304
198,0.000918048
199,0.000377204
200,0.000659689
201,0.00085994
202,0.000830738
203,0.000838958
204,0.000837678
205,0.000844396
206,0.000847522
207,0.000307845
208,0.00059132
209,0.000837289
210,0.000822422
211,0.000819553
212,0.000807602
213,0.000202486
214,0.000669625
215,0.00086275
216,0.000819414
217,0.000800572
218,0.00079508
219,0.00079094
220,0.000785851
221,0.000796238
222,0.00080709
223,0.00078706
224,0.000834853
225,0.000803172
226,0.000782375
227,0.000780321
228,0.00078373
229,0.000810191
230,0.000852002
231,0.000893949
232,0.000905086
233,0.0009147
234,0.000924362
235,0.000919965
236,0.000891296
237,0.00085558
238,0.000822822
239,0.000797573
240,0.000784565
241,0.000787771
242,0.00078596
243,0.000790202
244,0.000792536
245,0.000803561
246,0.000805673
247,0.000800116
248,0.000784463
249,0.000781868
250,0.000779962
251,0.000783509
252,0.000775224
253,0.000776371
254,0.000771799
255,0.000775731
256,0.00077404
257,0.000789229
258,0.000789365
259,0.000240007
260,0.000561801
261,0.000801039
262,0.00080616
263,0.000838451
264,0.000823363
265,0.000786299
266,0.000761906
267,0.000768401
268,0.000765784
269,0.000780599
270,0.000778001
271,0.000164249
272,0.000692214
273,0.000777723
274,0.000783911
275,0.000780991
276,0.000786567
277,0.000790806
278,0.000807672
279,0.000811216
280,0.000806076
281,0.000792982
282,0.000796011
283,0.000790335
284,0.000799468
285,0.000797206
286,0.000807029
287,0.00078626
288,0.000224973
289,0.000679413
290,0.000790552
291,0.00078582
292,0.000780176
293,0.000782455
294,0.000775717
295,0.00078353
296,0.000786858
297,0.000784712
298,0.000793379
299,0.000818778
300,0.000834283
301,0.000818195
302,0.000783393
303,0.00077585
304,0.000769414
305,0.00076849
306,0.000762083
307,0.000765657
308,0.000758795
309,0.000764178
310,0.000759247
311,0.000773277
312,0.000773638
313,0.000784669
314,0.000767699
315,0.000775756
316,0.000800922
317,0.000429565
318,0.00075224
319,0.00083117
320,0.000832787
321,0.000806782
322,0.000796482
323,0.000784314
324,0.000771178
325,0.000761114
326,0.000756134
327,0.000745478
328,0.000741621
329,0.000737797
330,0.000743561
331,0.000743171
332,0.000758257
333,0.000770902
334,0.000790145
335,0.000793802
336,0.000809449
337,0.000823134
338,0.000838696
339,0.000843956
340,0.000870308
341,0.000849038
342,0.000854042
343,0.000925208
344,0.00064854
345,0.000743116
346,0.000769553
347,0.000737497
348,0.000740455
349,0.000740788
350,0.00073912
351,0.000736173
352,0.000746769
353,0.00074705
354,0.000756227
355,0.000757184
356,0.000764382
357,0.000764107
358,0.00078099
359,0.000780528
360,0.000780234
361,0.000767331
362,0.000267039
363,0.000600548
364,0.000768258
365,0.000764395
366,0.000769675
367,0.000763909
368,0.000759747
369,0.000754129
370,0.000755197
371,0.000750037
372,0.000748542
373,0.0007522
374,0.000753952
375,0.000755755
376,0.000767853
377,0.000767698
378,0.000762425
379,0.000760912
380,0.000757486
381,0.000762122
382,0.000969552
383,0.00132831
384,0.00162989
385,0.00145113
386,0.00129168
387,0.00126554
388,0.00125284
389,0.00125129
390,0.00125167
391,0.00124942
392,0.0012505
393,0.00126028
394,0.00126928
395,0.00126408
396,0.00125285
397,0.00124762
398,0.00124721
399,0.00128075
