2,0.95904
3,0.884098
4,0.815687
5,0.752104
6,0.692015
7,0.635519
8,0.582504
9,0.532917
10,0.486583
11,0.443371
12,0.403214
13,0.36597
14,0.331752
15,0.300159
16,0.270861
17,0.243822
18,0.219029
19,0.196284
20,0.175343
21,0.156031
22,0.138207
23,0.121864
24,0.107161
25,0.0941476
26,0.0825418
27,0.0720128
28,0.0623856
29,0.0535494
30,0.0454514
31,0.0380545
32,0.0312568
33,0.0250306
34,0.0193844
35,0.0143212
36,0.00996872
37,0.00652478
38,0.00420983
39,0.0029979
40,0.00242677
41,0.00223824
42,0.00215536
43,0.00195394
44,0.00219468
45,0.00244397
46,0.00268334
47,0.00286721
48,0.00302005
49,0.00300041
50,0.00274769
51,0.00261358
52,0.00251065
53,0.002375
54,0.00219582
55,0.00199957
56,0.00174528
57,0.00112191
58,0.00101813
59,0.00111386
60,0.00105692
61,0.00100835
62,0.000952109
63,0.000941279
64,0.00093808
65,0.000973117
66,0.000997905
67,0.0010538
68,0.0011029
69,0.000776864
70,0.0013428
71,0.00164673
72,0.00173927
73,0.00178131
74,0.00183078
75,0.00187543
76,0.0019273
77,0.00200155
78,0.00209022
79,0.00210233
80,0.00203724
81,0.00194382
82,0.00183772
83,0.00175647
84,0.00172526
85,0.00170982
86,0.00165285
87,0.00153447
88,0.00146125
89,0.00141704
90,0.00134222
91,0.00127144
92,0.00123808
93,0.00120266
94,0.00116683
95,0.00110371
96,0.00104844
97,0.00100273
98,0.000980817
99,0.000939982
100,0.000277647
101,0.00083706
102,0.000945004
103,0.000949312
104,0.000971179
105,0.000969561
106,0.000944942
107,0.000940359
108,0.00094721
109,0.000955114
110,0.000948585
111,0.000941404
112,0.000928391
113,0.000936874
114,0.000936717
115,0.000931851
116,0.000930639
117,0.000918133
118,0.000897471
119,0.000883279
120,0.000858465
121,0.000858021
122,0.000860621
123,0.000889354
124,0.000866722
125,0.000853549
126,0.000850966
127,0.000857305
128,0.000846998
129,0.000849454
130,0.000843975
131,0.000848826
132,0.000842314
133,0.000851807
134,0.000840028
135,0.000142993
136,0.0005603
137,0.000839708
138,0.000835075
139,0.000839739
140,0.000837687
141,0.000858555
142,0.000858503
143,0.000204375
144,0.000655194
145,0.000884209
146,0.000874207
147,0.000836592
148,0.000839795
149,0.000850809
150,0.000847309
151,0.000858855
152,0.00086333
153,0.000863882
154,0.000851987
155,0.00086711
156,0.000891537
157,0.00091935
158,0.000926099
159,0.000906319
160,0.000877267
161,0.000870222
162,0.000845684
163,0.000830642
164,0.000824639
165,0.0008431
166,0.00086286
167,0.000873027
168,0.000862088
169,0.000865231
170,0.000850977
171,0.000235905
172,0.000567831
173,0.000825269
174,0.000819806
175,0.000833821
176,0.000854248
177,0.000868019
178,0.000850756
179,0.000248401
180,0.000590887
181,0.000808556
182,0.000833062
183,0.000840521
184,0.000823053
185,0.000817106
186,0.000837008
187,0.000892109
188,0.000897343
189,0.000874807
190,0.000870059
191,0.000851219
192,0.000818432
193,0.000822264
194,0.000842586
195,0.00088661
196,0.000930435
197,0.000962361
198,0.000917345
199,0.000374262
200,0.000659796
201,0.000859263
202,0.000829463
203,0.000837859
204,0.000838261
205,0.000844563
206,0.000848638
207,0.000309487
208,0.000588749
209,0.000835376
210,0.000823738
211,0.000822242
212,0.000806907
213,0.000198993
214,0.00067328
215,0.000861143
216,0.000817974
217,0.000800556
218,0.000795047
219,0.000789987
220,0.000788321
221,0.00079681
222,0.000806736
223,0.000786685
224,0.000835076
225,0.000804579
226,0.00078364
227,0.000779988
228,0.000783921
229,0.000808735
230,0.000854162
231,0.000894843
232,0.000904429
233,0.000914304
234,0.000925262
235,0.00091992
236,0.000890697
237,0.000856419
238,0.000823895
239,0.000796973
240,0.000785532
241,0.000788053
242,0.000785881
243,0.000789649
244,0.000789716
245,0.000801806
246,0.00080254
247,0.000801122
248,0.000785081
249,0.000781848
250,0.000780696
251,0.000781487
252,0.000776572
253,0.000777423
254,0.00077129
255,0.000775421
256,0.000773016
257,0.000789604
258,0.0007896
259,0.000240364
260,0.000562139
261,0.000800866
262,0.000807635
263,0.000838195
264,0.000823253
265,0.000787447
266,0.000763503
267,0.000769101
268,0.000766644
269,0.000782633
270,0.000777224
271,0.000165007
272,0.000689893
273,0.000780197
274,0.000782626
275,0.000780521
276,0.000785217
277,0.000789063
278,0.000807186
279,0.000808685
280,0.000805252
281,0.000794583
282,0.000794824
283,0.00079019
284,0.000800757
285,0.000796773
286,0.00080754
287,0.000785449
288,0.000225562
289,0.000677839
290,0.000790917
291,0.000785746
292,0.000781429
293,0.000781851
294,0.000773439
295,0.000783444
296,0.000786239
297,0.000783535
298,0.000791013
299,0.000821372
300,0.000833527
301,0.000817169
302,0.000781898
303,0.000775882
304,0.000769374
305,0.000769744
306,0.000762807
307,0.000767295
308,0.000758574
309,0.000762031
310,0.000758023
311,0.000771868
312,0.000775056
313,0.000783158
314,0.000768869
315,0.000774795
316,0.000798941
317,0.000429164
318,0.000748969
319,0.00083067
320,0.000831351
321,0.000807794
322,0.000796541
323,0.000782458
324,0.000769752
325,0.000758572
326,0.000755459
327,0.000745147
328,0.000741401
329,0.000740229
330,0.000743681
331,0.000744374
332,0.000760924
333,0.000770955
334,0.00078895
335,0.000792206
336,0.00080905
337,0.000824313
338,0.000838638
339,0.000841356
340,0.000870605
341,0.000847932
342,0.000852026
343,0.000927019
344,0.000648769
345,0.000742892
346,0.000768125
347,0.000735718
348,0.000738906
349,0.000739355
350,0.000738791
351,0.000735688
352,0.000744861
353,0.000746889
354,0.000757963
355,0.000756898
356,0.000765287
357,0.000764884
358,0.000779407
359,0.000778567
360,0.000778343
361,0.000768399
362,0.000267649
363,0.000603394
364,0.000768981
365,0.000766684
366,0.00077039
367,0.00076675
368,0.00075903
369,0.000757656
370,0.000763015
371,0.000753417
372,0.000747457
373,0.000744576
374,0.000747406
375,0.000754799
376,0.00076684
377,0.000764246
378,0.000764923
379,0.00075962
380,0.000760777
381,0.000762979
382,0.000967764
383,0.00132659
384,0.00162878
385,0.00145062
386,0.00129044
387,0.00126322
388,0.00125068
389,0.00125212
390,0.00125162
391,0.00124989
392,0.00125178
393,0.00125971
394,0.00126804
395,0.00126577
396,0.00125129
397,0.00124874
398,0.00124842
399,0.00127609
