2,0.959586
3,0.88563
4,0.818022
5,0.755096
6,0.695591
7,0.639587
8,0.586953
9,0.537642
10,0.491456
11,0.448266
12,0.408085
13,0.370819
14,0.336404
15,0.304523
16,0.275059
17,0.247867
18,0.222803
19,0.199709
20,0.178463
21,0.158919
22,0.140947
23,0.12446
24,0.109522
25,0.096235
26,0.0843984
27,0.0736878
28,0.0639149
29,0.0549798
30,0.0467779
31,0.0392497
32,0.0323476
33,0.0260134
34,0.0201526
35,0.0147656
36,0.0101061
37,0.00652565
38,0.00420884
39,0.00299729
40,0.00242658
41,0.0022393
42,0.00215634
43,0.00195431
44,0.00219436
45,0.00244031
46,0.00268069
47,0.00286966
48,0.00301754
49,0.00299888
50,0.00274589
51,0.00261417
52,0.00250981
53,0.00237339
54,0.00219628
55,0.00199901
56,0.00174492
57,0.00112198
58,0.00101053
59,0.0011111
60,0.00105719
61,0.00100706
62,0.000952282
63,0.000940374
64,0.000937853
65,0.000972242
66,0.000997918
67,0.0010529
68,0.00110221
69,0.000775154
70,0.00133981
71,0.00164732
72,0.00173694
73,0.00178142
74,0.00183172
75,0.0018747
76,0.00192797
77,0.00200243
78,0.00208911
79,0.00210158
80,0.00203817
81,0.0019433
82,0.00183712
83,0.00175567
84,0.0017228
85,0.00170974
86,0.00165248
87,0.0015342
88,0.00146102
89,0.00141674
90,0.00134314
91,0.00127232
92,0.00123856
93,0.00120383
94,0.00116932
95,0.00110229
96,0.0010498
97,0.00100261
98,0.00097943
99,0.000942725
100,0.000275386
101,0.000840979
102,0.000945363
103,0.000948149
104,0.000972238
105,0.000970571
106,0.000944081
107,0.000942503
108,0.000947182
109,0.000954986
110,0.000948389
111,0.000942703
112,0.000927214
113,0.000936165
114,0.000935585
115,0.000934545
116,0.000930033
117,0.000918716
118,0.000897695
119,0.000881368
120,0.000858134
121,0.000854743
122,0.00086009
123,0.000887791
124,0.000867041
125,0.000851794
126,0.000850284
127,0.000855674
128,0.000847008
129,0.000846781
130,0.000842929
131,0.000848228
132,0.000841758
133,0.000850355
134,0.000840645
135,0.000141957
136,0.000559939
137,0.000837975
138,0.000834048
139,0.000840815
140,0.000836691
141,0.000857519
142,0.000856518
143,0.000207827
144,0.000654194
145,0.000880964
146,0.000873306
147,0.000835267
148,0.000839972
149,0.000848809
150,0.000848731
151,0.000856696
152,0.000862434
153,0.00086366
154,0.000852706
155,0.000866319
156,0.000890167
157,0.000918457
158,0.000925231
159,0.000904814
160,0.000877529
161,0.000869154
162,0.000843942
163,0.000829855
164,0.000825794
165,0.000842538
166,0.000862205
167,0.000873667
168,0.000862855
169,0.000865644
170,0.000849388
171,0.000234526
172,0.000568199
173,0.000825543
174,0.000819205
175,0.000831811
176,0.000852294
177,0.000868508
178,0.0008483
179,0.000249122
180,0.000587415
181,0.000809229
182,0.00083244
183,0.000840614
184,0.000821005
185,0.00081856
186,0.000837149
187,0.00089274
188,0.000897168
189,0.000872932
190,0.000868543
191,0.000853003
192,0.000818093
193,0.000822717
194,0.000840762
195,0.000888335
196,0.000930421
197,0.000963337
198,0.000917034
199,0.000374532
200,0.000660998
201,0.000860795
202,0.000830681
203,0.000838519
204,0.000838394
205,0.000844373
206,0.000847122
207,0.000308026
208,0.000592815
209,0.000838077
210,0.000823631
211,0.000819108
212,0.000807835
213,0.00020159
214,0.00066886
215,0.000862772
216,0.000818415
217,0.000802492
218,0.000792571
219,0.000790862
220,0.000788302
221,0.000796616
222,0.000807903
223,0.00078615
224,0.000833409
225,0.000802999
226,0.000781624
227,0.000782101
228,0.000785605
229,0.000810172
230,0.00085213
231,0.00089539
232,0.000903438
233,0.000915682
234,0.000924835
235,0.000919378
236,0.000889289
237,0.00085498
238,0.000822525
239,0.000796809
240,0.000784193
241,0.000785797
242,0.000786505
243,0.000788469
244,0.000789507
245,0.000804177
246,0.000803815
247,0.000801582
248,0.000784997
249,0.000782348
250,0.000780766
251,0.000784052
252,0.000778501
253,0.000775464
254,0.000770438
255,0.00077502
256,0.00077288
257,0.000787522
258,0.000787418
259,0.000240307
260,0.00056015
261,0.000799329
262,0.000807979
263,0.000838023
264,0.000823706
265,0.00078562
266,0.000762278
267,0.000766495
268,0.000765339
269,0.000780749
270,0.000777427
271,0.000163406
272,0.000692403
273,0.000778574
274,0.00078366
275,0.000779982
276,0.00078761
277,0.000789561
278,0.000806527
279,0.000810854
280,0.000807215
281,0.000793984
282,0.000797822
283,0.000789446
284,0.000799555
285,0.00079624
286,0.000808018
287,0.000786363
288,0.000224181
289,0.000682095
290,0.000790792
291,0.000785553
292,0.000779274
293,0.000780514
294,0.000773144
295,0.000784346
296,0.000787683
297,0.000783675
298,0.000791211
299,0.000820502
300,0.000834115
301,0.000817694
302,0.000782376
303,0.000775414
304,0.000769019
305,0.000770007
306,0.000763879
307,0.000764702
308,0.00075995
309,0.000762104
310,0.000759805
311,0.000771649
312,0.000772903
313,0.000784636
314,0.00077019
315,0.000774921
316,0.00079945
317,0.000429503
318,0.000749017
319,0.000832206
320,0.000833185
321,0.00080724
322,0.000795084
323,0.000784353
324,0.000770405
325,0.000760917
326,0.000756213
327,0.000745336
328,0.000741202
329,0.000737568
330,0.000743401
331,0.000743159
332,0.000761524
333,0.00076852
334,0.000788545
335,0.000792343
336,0.000810227
337,0.000824668
338,0.000837811
339,0.000843139
340,0.000871013
341,0.000846071
342,0.000854915
343,0.000933752
344,0.00065085
345,0.000741714
346,0.000769475
347,0.000737634
348,0.00074087
349,0.000741647
350,0.00074122
351,0.000735832
352,0.000744771
353,0.000747384
354,0.000754916
355,0.000757049
356,0.000765121
357,0.000765616
358,0.000779463
359,0.000781533
360,0.000777858
361,0.000766912
362,0.000268957
363,0.000601099
364,0.000771612
365,0.000767717
366,0.000769447
367,0.000766119
368,0.000757699
369,0.000756336
370,0.00076387
371,0.000749672
372,0.00074734
373,0.000747726
374,0.000743806
375,0.000741045
376,0.000756714
377,0.00075931
378,0.000762842
379,0.000759436
380,0.000758551
381,0.000764467
382,0.000969749
383,0.00132887
384,0.00162698
385,0.00144465
386,0.00129006
387,0.00126541
388,0.00125137
389,0.00125114
390,0.00125268
391,0.00125005
392,0.00125163
393,0.0012628
394,0.00126919
395,0.00126447
396,0.00125109
397,0.00124789
398,0.00124718
399,0.00127576
