2,0.960098
3,0.887029
4,0.820201
5,0.757951
6,0.698997
7,0.643427
8,0.591125
9,0.542065
10,0.496085
11,0.453009
12,0.412816
13,0.375452
14,0.34096
15,0.308995
16,0.279325
17,0.251879
18,0.226556
19,0.203217
20,0.181726
21,0.161915
22,0.143707
23,0.127048
24,0.111947
25,0.0984461
26,0.0863951
27,0.0755114
28,0.0655743
29,0.0564743
30,0.0481292
31,0.0404694
32,0.0334227
33,0.0269321
34,0.0209406
35,0.0153384
36,0.0103345
37,0.00652556
38,0.00421084
39,0.00306678
40,0.00248716
41,0.00225065
42,0.00214463
43,0.0019554
44,0.00219461
45,0.00244343
46,0.00268336
47,0.00286688
48,0.00302119
49,0.00299861
50,0.0027477
51,0.00261326
52,0.00251057
53,0.00237369
54,0.00219636
55,0.00199902
56,0.0017459
57,0.00112188
58,0.00101742
59,0.00111353
60,0.00105655
61,0.00100794
62,0.000952691
63,0.000941302
64,0.000937736
65,0.00097252
66,0.000998087
67,0.00105333
68,0.00110162
69,0.000779805
70,0.00133663
71,0.00163444
72,0.00173937
73,0.00178499
74,0.00182927
75,0.00187563
76,0.00192885
77,0.00200092
78,0.00208911
79,0.00210161
80,0.00203858
81,0.00194291
82,0.00183545
83,0.00175521
84,0.0017265
85,0.00171111
86,0.00165362
87,0.00153325
88,0.00146179
89,0.00141752
90,0.00134346
91,0.00127247
92,0.00123796
93,0.00120272
94,0.00116914
95,0.00110095
96,0.00104989
97,0.00100368
98,0.000979704
99,0.000941162
100,0.000277288
101,0.000838993
102,0.000945828
103,0.000948529
104,0.000971645
105,0.000970522
106,0.000945851
107,0.000941083
108,0.000948044
109,0.000954094
110,0.000949807
111,0.000940662
112,0.000929589
113,0.000936978
114,0.000935865
115,0.000935997
116,0.000930705
117,0.000916045
118,0.000898327
119,0.000880992
120,0.000856697
121,0.000856144
122,0.000860111
123,0.000890272
124,0.00086753
125,0.00085266
126,0.00085174
127,0.000855495
128,0.00084832
129,0.000848072
130,0.000842437
131,0.000848614
132,0.000843017
133,0.000851425
134,0.000838724
135,0.000140831
136,0.000562444
137,0.000840459
138,0.000834753
139,0.000840057
140,0.000834605
141,0.000858475
142,0.000856911
143,0.000207656
144,0.000653586
145,0.000881736
146,0.000875811
147,0.000834463
148,0.000840033
149,0.000851438
150,0.00085041
151,0.000859414
152,0.000862753
153,0.000863433
154,0.000852969
155,0.000869055
156,0.000890478
157,0.000919349
158,0.000923483
159,0.000905267
160,0.000877145
161,0.00087176
162,0.000843964
163,0.000831485
164,0.000823206
165,0.000842751
166,0.000864206
167,0.00087529
168,0.00086271
169,0.000865365
170,0.000848503
171,0.000234339
172,0.000568572
173,0.000824868
174,0.000819838
175,0.000833422
176,0.000852585
177,0.000867175
178,0.000851179
179,0.000248735
180,0.00059048
181,0.000809323
182,0.000832854
183,0.000841322
184,0.00082207
185,0.000819637
186,0.000838155
187,0.00089295
188,0.000891167
189,0.000870923
190,0.000870334
191,0.000853931
192,0.00081742
193,0.000823074
194,0.000840101
195,0.000887419
196,0.000930255
197,0.000962405
198,0.000917714
199,0.000376548
200,0.000658304
201,0.000860449
202,0.000830991
203,0.000838584
204,0.000838135
205,0.000843595
206,0.000846736
207,0.000309556
208,0.000590528
209,0.000837803
210,0.000822627
211,0.000821209
212,0.00080836
213,0.000201598
214,0.000669415
215,0.00086464
216,0.000820036
217,0.000802903
218,0.000793652
219,0.000790481
220,0.000789157
221,0.000795539
222,0.000805769
223,0.000786763
224,0.000834955
225,0.000803288
226,0.00078204
227,0.000781058
228,0.00078404
229,0.000809614
230,0.000854533
231,0.00089602
232,0.000904758
233,0.000915584
234,0.000925483
235,0.000919916
236,0.000892089
237,0.000855036
238,0.000823383
239,0.000798543
240,0.000784462
241,0.000785833
242,0.000784396
243,0.000788724
244,0.000790615
245,0.000801166
246,0.000805558
247,0.000800493
248,0.000785316
249,0.000781773
250,0.000780689
251,0.000783902
252,0.000775552
253,0.000777961
254,0.000771399
255,0.000776105
256,0.000772828
257,0.000787915
258,0.000789148
259,0.000237539
260,0.000563817
261,0.000799899
262,0.000805897
263,0.000836618
264,0.000823314
265,0.000785856
266,0.000762184
267,0.000769096
268,0.00076584
269,0.000782164
270,0.000776684
271,0.00016431
272,0.000692997
273,0.000779668
274,0.000784663
275,0.000780293
276,0.000786001
277,0.000789971
278,0.000807564
279,0.000809536
280,0.000806724
281,0.000794365
282,0.000796562
283,0.00078882
284,0.00079946
285,0.00079799
286,0.000809184
287,0.000787594
288,0.000225756
289,0.000677673
290,0.000791605
291,0.000785706
292,0.00078197
293,0.000780429
294,0.000773969
295,0.000787318
296,0.000786062
297,0.000784226
298,0.00079151
299,0.000819441
300,0.000831596
301,0.000816454
302,0.000784089
303,0.000775314
304,0.000769239
305,0.000769189
306,0.000763844
307,0.000767429
308,0.000759941
309,0.000762274
310,0.000757597
311,0.000769959
312,0.000775352
313,0.000784344
314,0.000770176
315,0.000775712
316,0.000801541
317,0.000430238
318,0.000751244
319,0.000831195
320,0.000834278
321,0.000807187
322,0.000798933
323,0.000784645
324,0.000772226
325,0.000758919
326,0.000756639
327,0.000745506
328,0.000742069
329,0.000738328
330,0.000743634
331,0.000743316
332,0.000759906
333,0.000770051
334,0.000787823
335,0.00079399
336,0.000809846
337,0.00082188
338,0.000838871
339,0.000844859
340,0.000870383
341,0.000847199
342,0.000855085
343,0.000931811
344,0.000652133
345,0.000742753
346,0.000769014
347,0.000736473
348,0.00074018
349,0.000741396
350,0.000740254
351,0.000733846
352,0.000745447
353,0.000747922
354,0.000756238
355,0.000755686
356,0.000764849
357,0.000763443
358,0.0007795
359,0.000779389
360,0.000778894
361,0.000768884
362,0.000269387
363,0.000601828
364,0.000771238
365,0.000767709
366,0.000769096
367,0.000763575
368,0.000758149
369,0.000758378
370,0.000768397
371,0.000752383
372,0.000750523
373,0.000750382
374,0.00074596
375,0.000742303
376,0.000747718
377,0.000751891
378,0.000762145
379,0.000759867
380,0.000759827
381,0.000762349
382,0.000968743
383,0.00132794
384,0.00162733
385,0.00144688
386,0.00128874
387,0.00126413
388,0.00125129
389,0.00124964
390,0.00125238
391,0.00124933
392,0.00125011
393,0.00125966
394,0.00126864
395,0.00126512
396,0.00125448
397,0.00124652
398,0.00124849
399,0.00127648
