2,0.00149845
3,0.00449347
4,0.00745096
5,0.0103552
6,0.0132169
7,0.0160053
8,0.0187062
9,0.0213061
10,0.0238008
11,0.0261893
12,0.0284651
13,0.0306245
14,0.0326598
15,0.034583
16,0.036402
17,0.038117
18,0.0397304
19,0.0412466
20,0.0426706
21,0.0440095
22,0.0452658
23,0.0464405
24,0.0475321
25,0.048537
26,0.0494624
27,0.050323
28,0.0511291
29,0.0518868
30,0.0526003
31,0.0532731
32,0.053909
33,0.0545111
34,0.0550826
35,0.0556302
36,0.0561429
37,0.0565887
38,0.0569511
39,0.0572472
40,0.0575118
41,0.0577605
42,0.0579985
43,0.0582274
44,0.0584444
45,0.0586545
46,0.0588579
47,0.0590531
48,0.0592421
49,0.0594239
50,0.0595926
51,0.0597529
52,0.0599124
53,0.0600666
54,0.0602157
55,0.0603604
56,0.0604984
57,0.0606302
58,0.0607613
59,0.0608977
60,0.0610375
61,0.061174
62,0.0613053
63,0.0614362
64,0.0615663
65,0.0616939
66,0.0618217
67,0.0619474
68,0.0620714
69,0.0621903
70,0.0622989
71,0.0624087
72,0.0625258
73,0.0626456
74,0.0627642
75,0.0628812
76,0.0629965
77,0.0631089
78,0.0632192
79,0.0633333
80,0.0634518
81,0.0635712
82,0.0636906
83,0.0638066
84,0.0639183
85,0.0640274
86,0.0641388
87,0.0642541
88,0.064365
89,0.0644724
90,0.064582
91,0.06469
92,0.0647948
93,0.0648979
94,0.0650012
95,0.0651065
96,0.0652111
97,0.0653138
98,0.065415
99,0.0655172
100,0.0656173
101,0.0657056
102,0.0657955
103,0.0658868
104,0.0659719
105,0.0660624
106,0.066156
107,0.0662457
108,0.0663312
109,0.0664171
110,0.0665039
111,0.0665911
112,0.0666778
113,0.0667605
114,0.0668435
115,0.0669273
116,0.0670098
117,0.0670948
118,0.0671795
119,0.0672649
120,0.0673535
121,0.0674398
122,0.0675266
123,0.0676133
124,0.0676871
125,0.0677531
126,0.0678235
127,0.0678994
128,0.067978
129,0.0680576
130,0.0681356
131,0.0682104
132,0.0682866
133,0.0683618
134,0.0684328
135,0.068501
136,0.0685705
137,0.0686439
138,0.0687161
139,0.0687873
140,0.0688623
141,0.068941
142,0.0690127
143,0.0690794
144,0.0691519
145,0.0692248
146,0.0692915
147,0.0693458
148,0.0693978
149,0.0694612
150,0.0695271
151,0.069591
152,0.0696546
153,0.0697201
154,0.0697866
155,0.0698484
156,0.0699072
157,0.0699668
158,0.0700285
159,0.0700954
160,0.0701629
161,0.0702277
162,0.0702953
163,0.0703655
164,0.0704341
165,0.0705035
166,0.070572
167,0.0706337
168,0.0706927
169,0.0707518
170,0.0708086
171,0.0708632
172,0.0709166
173,0.0709708
174,0.0710313
175,0.071099
176,0.0711654
177,0.0712255
178,0.0712809
179,0.0713345
180,0.0713829
181,0.0714259
182,0.0714725
183,0.0715272
184,0.0715873
185,0.0716446
186,0.071693
187,0.0717379
188,0.0717918
189,0.0718502
190,0.071904
191,0.071962
192,0.0720239
193,0.072078
194,0.0721249
195,0.0721702
196,0.0722154
197,0.0722643
198,0.0723229
199,0.0723812
200,0.0724342
201,0.072492
202,0.0725563
203,0.0726193
204,0.0726733
205,0.0727244
206,0.0727789
207,0.0728306
208,0.0728789
209,0.0729273
210,0.0729737
211,0.0730188
212,0.0730662
213,0.0731093
214,0.0731419
215,0.0731862
216,0.0732448
217,0.073299
218,0.0733504
219,0.0734
220,0.0734516
221,0.073508
222,0.0735601
223,0.0735893
224,0.0736192
225,0.0736741
226,0.0737314
227,0.0737816
228,0.0738337
229,0.0738888
230,0.0739449
231,0.0739976
232,0.074045
233,0.0740916
234,0.0741386
235,0.0741828
236,0.0742238
237,0.0742625
238,0.0743007
239,0.0743367
240,0.0743745
241,0.0744184
242,0.0744632
243,0.0745078
244,0.0745541
245,0.0746018
246,0.0746474
247,0.0746888
248,0.0747262
249,0.0747614
250,0.0747996
251,0.0748414
252,0.0748856
253,0.0749307
254,0.0749737
255,0.0750141
256,0.0750517
257,0.0750885
258,0.0751274
259,0.0751684
260,0.075209
261,0.0752488
262,0.0752876
263,0.0753233
264,0.0753657
265,0.0754171
266,0.0754659
267,0.075513
268,0.075558
269,0.0756013
270,0.0756435
271,0.0756832
272,0.075721
273,0.0757585
274,0.0757959
275,0.0758326
276,0.0758679
277,0.0759015
278,0.0759347
279,0.0759718
280,0.0760138
281,0.0760567
282,0.0760975
283,0.0761359
284,0.0761721
285,0.0762072
286,0.076244
287,0.0762869
288,0.0763298
289,0.0763629
290,0.0763969
291,0.0764383
292,0.0764774
293,0.0765142
294,0.0765572
295,0.0766044
296,0.0766437
297,0.0766788
298,0.0767201
299,0.076764
300,0.076804
301,0.0768364
302,0.0768637
303,0.0768948
304,0.0769296
305,0.0769641
306,0.0769992
307,0.0770365
308,0.0770722
309,0.0771075
310,0.0771464
311,0.0771862
312,0.0772251
313,0.0772618
314,0.0772949
315,0.0773299
316,0.0773741
317,0.0774188
318,0.077452
319,0.0774842
320,0.0775189
321,0.0775489
322,0.0775811
323,0.0776129
324,0.0776436
325,0.0776753
326,0.0777073
327,0.0777372
328,0.0777654
329,0.0777962
330,0.0778299
331,0.0778698
332,0.0779104
333,0.0779478
334,0.0779849
335,0.0780198
336,0.0780554
337,0.0780918
338,0.0781267
339,0.0781612
340,0.0781976
341,0.0782276
342,0.0782607
343,0.078306
344,0.0783451
345,0.0783678
346,0.0783759
347,0.0783908
348,0.0784189
349,0.0784477
350,0.0784826
351,0.0785173
352,0.078547
353,0.0785779
354,0.0786098
355,0.0786418
356,0.0786771
357,0.0787145
358,0.0787512
359,0.0787852
360,0.0788106
361,0.0788332
362,0.0788625
363,0.0788905
364,0.0789242
365,0.0789629
366,0.0789984
367,0.0790292
368,0.0790556
369,0.079091
370,0.0791261
371,0.0791494
372,0.0791701
373,0.0791987
374,0.079233
375,0.0792678
376,0.0793035
377,0.0793391
378,0.0793725
379,0.079403
380,0.0794321
381,0.079464
382,0.0794903
383,0.0795408
384,0.0796171
385,0.0796217
386,0.0796185
387,0.0796376
388,0.0796572
389,0.0796795
390,0.079705
391,0.0797381
392,0.0797754
393,0.0798122
394,0.0798461
395,0.0798728
396,0.079894
397,0.0799102
398,0.0799374
399,0.0799495
