2,0.960568
3,0.888327
4,0.822215
5,0.760619
6,0.702225
7,0.647107
8,0.595162
9,0.546375
10,0.500568
11,0.457581
12,0.417467
13,0.380095
14,0.345405
15,0.313243
16,0.283437
17,0.255808
18,0.230285
19,0.20674
20,0.185034
21,0.165044
22,0.146692
23,0.12991
24,0.114663
25,0.100928
26,0.0885852
27,0.0774387
28,0.0672842
29,0.058001
30,0.0494939
31,0.0416686
32,0.0344552
33,0.0277455
34,0.021457
35,0.0155659
36,0.0103797
37,0.00652561
38,0.00420947
39,0.00306751
40,0.00248583
41,0.00225044
42,0.00214368
43,0.00195606
44,0.00219597
45,0.00243077
46,0.00268303
47,0.00286775
48,0.00301703
49,0.0030007
50,0.00274876
51,0.00261331
52,0.00250894
53,0.0023742
54,0.00219508
55,0.00200023
56,0.00174661
57,0.00112307
58,0.00101672
59,0.00111617
60,0.00105551
61,0.00100867
62,0.000950598
63,0.000941746
64,0.000937562
65,0.000972487
66,0.000997512
67,0.00105501
68,0.00110075
69,0.000778681
70,0.00133892
71,0.00163814
72,0.00173832
73,0.00178183
74,0.0018291
75,0.00187626
76,0.00192806
77,0.00200147
78,0.00208864
79,0.00210357
80,0.0020369
81,0.00194224
82,0.00183891
83,0.00175686
84,0.00172554
85,0.00171141
86,0.00165279
87,0.00153377
88,0.00146123
89,0.00141763
90,0.0013428
91,0.00127183
92,0.00123844
93,0.00120216
94,0.00116629
95,0.00110101
96,0.00104881
97,0.00100327
98,0.000978558
99,0.000942012
100,0.000274989
101,0.000838178
102,0.000945568
103,0.000948141
104,0.000972969
105,0.000969773
106,0.000945329
107,0.000941888
108,0.000945895
109,0.000955178
110,0.00094924
111,0.000941365
112,0.000928036
113,0.000937814
114,0.000937757
115,0.000933514
116,0.000929798
117,0.00091746
118,0.000898659
119,0.000881326
120,0.000856685
121,0.000854781
122,0.00086157
123,0.000889213
124,0.000868208
125,0.000851598
126,0.000850707
127,0.000855661
128,0.00084596
129,0.000847816
130,0.000842587
131,0.000848553
132,0.000843039
133,0.000853012
134,0.000838866
135,0.000137628
136,0.000562494
137,0.000837125
138,0.000834542
139,0.000839033
140,0.000834827
141,0.000858895
142,0.000858277
143,0.000206378
144,0.000654052
145,0.000881166
146,0.00087356
147,0.0008354
148,0.000838511
149,0.000849232
150,0.000848535
151,0.000857301
152,0.000865528
153,0.000863355
154,0.000853092
155,0.000866425
156,0.000890931
157,0.000918787
158,0.000924338
159,0.000904761
160,0.000876859
161,0.00087059
162,0.000844498
163,0.000831709
164,0.000824102
165,0.000841212
166,0.000863612
167,0.000873528
168,0.000863224
169,0.000866385
170,0.000851478
171,0.00023416
172,0.000569675
173,0.000824948
174,0.000820126
175,0.000834472
176,0.000852771
177,0.000869206
178,0.000851065
179,0.000248947
180,0.000590143
181,0.000811871
182,0.000834183
183,0.000838581
184,0.000821817
185,0.000818883
186,0.000836604
187,0.000889152
188,0.000889257
189,0.000871107
190,0.000870403
191,0.000853157
192,0.000817697
193,0.000821808
194,0.000841392
195,0.000886112
196,0.000930875
197,0.000962986
198,0.000916805
199,0.000375335
200,0.000658552
201,0.000859521
202,0.000829388
203,0.000837631
204,0.000837742
205,0.000845459
206,0.000847966
207,0.000306933
208,0.000593392
209,0.000835618
210,0.000822661
211,0.000819649
212,0.00080779
213,0.000201752
214,0.000671121
215,0.000862708
216,0.000818448
217,0.000800964
218,0.000793571
219,0.000789009
220,0.000787174
221,0.000797082
222,0.000807081
223,0.000787251
224,0.000834835
225,0.000804611
226,0.000781258
227,0.000781697
228,0.00078349
229,0.000809288
230,0.000854429
231,0.000895483
232,0.000905384
233,0.000914174
234,0.000924134
235,0.000918119
236,0.000890759
237,0.000856505
238,0.000823328
239,0.000798389
240,0.000784246
241,0.000787274
242,0.000785076
243,0.000788178
244,0.000790099
245,0.000801239
246,0.000804686
247,0.000801523
248,0.000783818
249,0.000781001
250,0.000780074
251,0.000781734
252,0.000774581
253,0.000776851
254,0.000771523
255,0.000775775
256,0.000773235
257,0.000789629
258,0.000787443
259,0.000240048
260,0.00055995
261,0.000800448
262,0.000805412
263,0.000836723
264,0.000822844
265,0.000785409
266,0.000762742
267,0.000768387
268,0.000765774
269,0.000782828
270,0.000779277
271,0.000165
272,0.00069351
273,0.000779683
274,0.00078507
275,0.000780403
276,0.000785702
277,0.000788894
278,0.000807595
279,0.000808671
280,0.000808496
281,0.000794387
282,0.000795749
283,0.000789997
284,0.00079974
285,0.000796572
286,0.000806847
287,0.00078658
288,0.00022495
289,0.000678385
290,0.000789757
291,0.000786137
292,0.000781174
293,0.000781536
294,0.000775969
295,0.000785247
296,0.000787185
297,0.000783917
298,0.000791637
299,0.000819182
300,0.000832469
301,0.000815719
302,0.000781653
303,0.00077481
304,0.000769793
305,0.00076851
306,0.000764221
307,0.000767259
308,0.000760599
309,0.000762691
310,0.000758126
311,0.000771102
312,0.000772831
313,0.000782499
314,0.000768033
315,0.000775591
316,0.000800327
317,0.000429554
318,0.000750781
319,0.000831008
320,0.000832293
321,0.000808212
322,0.000795988
323,0.000785664
324,0.000769559
325,0.000760128
326,0.000753435
327,0.000743988
328,0.000738552
329,0.000739408
330,0.00074465
331,0.000743635
332,0.000759804
333,0.000770165
334,0.000788455
335,0.000791263
336,0.000810404
337,0.000825298
338,0.000837525
339,0.000841156
340,0.000870424
341,0.000847214
342,0.00085427
343,0.000931159
344,0.000652253
345,0.0007436
346,0.000771213
347,0.000734802
348,0.000740016
349,0.000738871
350,0.000740507
351,0.000734541
352,0.000745133
353,0.000746525
354,0.000754527
355,0.000756246
356,0.000763968
357,0.000763656
358,0.000780105
359,0.000778879
360,0.000778597
361,0.000769725
362,0.000269204
363,0.000599783
364,0.000770765
365,0.000768914
366,0.000774155
367,0.000768767
368,0.000761833
369,0.000763964
370,0.000774237
371,0.000754684
372,0.000752256
373,0.000751011
374,0.00074404
375,0.00073972
376,0.000741729
377,0.000750991
378,0.000763156
379,0.000759225
380,0.000758928
381,0.000762213
382,0.00096527
383,0.00132542
384,0.00162436
385,0.00144474
386,0.00128852
387,0.00126339
388,0.00125146
389,0.00125018
390,0.00125203
391,0.00125168
392,0.00125286
393,0.00126242
394,0.00127112
395,0.001264
396,0.00125315
397,0.00124731
398,0.00124919
399,0.00127577
