2,0.960996
3,0.889509
4,0.824074
5,0.763092
6,0.705232
7,0.650575
8,0.599007
9,0.550518
10,0.504914
11,0.462041
12,0.42192
13,0.384471
14,0.349781
15,0.317545
16,0.287557
17,0.259732
18,0.233987
19,0.210234
20,0.188353
21,0.168206
22,0.149705
23,0.13275
24,0.117303
25,0.103336
26,0.090723
27,0.0793355
28,0.0689874
29,0.0595217
30,0.0508115
31,0.0427705
32,0.0353589
33,0.0284593
34,0.0219887
35,0.0159076
36,0.0105078
37,0.00652664
38,0.004208
39,0.00306711
40,0.00248656
41,0.00224897
42,0.00214475
43,0.00195501
44,0.00219568
45,0.0024321
46,0.00268083
47,0.00286967
48,0.00301803
49,0.00299916
50,0.002749
51,0.00261375
52,0.00251031
53,0.00237467
54,0.00219612
55,0.00200018
56,0.00174611
57,0.00112299
58,0.00101507
59,0.00111449
60,0.00105632
61,0.00100839
62,0.000950149
63,0.00094151
64,0.000940289
65,0.000972463
66,0.00099762
67,0.00105252
68,0.00110504
69,0.000803711
70,0.00133781
71,0.00162978
72,0.00173763
73,0.00178159
74,0.00183089
75,0.00187528
76,0.00192895
77,0.0020016
78,0.00208825
79,0.0021026
80,0.00203762
81,0.00194365
82,0.00183804
83,0.00175667
84,0.00172509
85,0.00170963
86,0.00165324
87,0.00153472
88,0.0014628
89,0.00141645
90,0.00134376
91,0.00127137
92,0.00123805
93,0.0012017
94,0.00116687
95,0.00110111
96,0.00105097
97,0.00100309
98,0.000980922
99,0.000938783
100,0.000276397
101,0.000836451
102,0.0009448
103,0.000950217
104,0.000971353
105,0.000970475
106,0.000946678
107,0.000942589
108,0.000948612
109,0.000954285
110,0.000948155
111,0.000942692
112,0.000927955
113,0.000936434
114,0.000936537
115,0.000934079
116,0.000930292
117,0.000918475
118,0.000896557
119,0.00088202
120,0.000855824
121,0.000856215
122,0.000859863
123,0.000890504
124,0.000867418
125,0.000851506
126,0.000852205
127,0.000857683
128,0.000846502
129,0.000850825
130,0.000842218
131,0.000850456
132,0.000843199
133,0.000850433
134,0.000838454
135,0.000140117
136,0.000561392
137,0.000838523
138,0.000836307
139,0.000839325
140,0.000836871
141,0.000858083
142,0.00085844
143,0.000205825
144,0.000656108
145,0.000881814
146,0.000874993
147,0.000837411
148,0.000838483
149,0.000851561
150,0.00084782
151,0.000857462
152,0.000863062
153,0.00086488
154,0.000853619
155,0.000865252
156,0.000890118
157,0.000919186
158,0.000924126
159,0.000906186
160,0.000876162
161,0.000870598
162,0.000844931
163,0.000831891
164,0.000825648
165,0.0008441
166,0.000862418
167,0.000875304
168,0.000862316
169,0.000863956
170,0.000847397
171,0.000234407
172,0.000569862
173,0.000825447
174,0.000819764
175,0.000832813
176,0.00085153
177,0.000869508
178,0.00084982
179,0.000248323
180,0.000593455
181,0.000811125
182,0.000833593
183,0.000840495
184,0.000820422
185,0.000818486
186,0.000836935
187,0.000891696
188,0.000891278
189,0.000871166
190,0.000869121
191,0.000852814
192,0.000816683
193,0.000822192
194,0.000840344
195,0.000888155
196,0.000932423
197,0.000962641
198,0.000917604
199,0.000374508
200,0.000660319
201,0.000860279
202,0.00083227
203,0.000839203
204,0.00083886
205,0.000842568
206,0.000846296
207,0.000306715
208,0.000592239
209,0.0008378
210,0.000821834
211,0.000822378
212,0.000806505
213,0.000199495
214,0.000673721
215,0.000862022
216,0.000817786
217,0.000800067
218,0.000791666
219,0.000793251
220,0.000788299
221,0.0007967
222,0.000808079
223,0.000789138
224,0.000836986
225,0.000803961
226,0.000782079
227,0.000782513
228,0.000785263
229,0.000806153
230,0.000851713
231,0.000894534
232,0.000904823
233,0.000916989
234,0.000925918
235,0.000919748
236,0.000892484
237,0.000856876
238,0.000824546
239,0.000798138
240,0.000783039
241,0.000785743
242,0.000784842
243,0.000786851
244,0.000792192
245,0.00080276
246,0.000805675
247,0.000801631
248,0.000785506
249,0.000781958
250,0.000780785
251,0.00078469
252,0.000776625
253,0.000776616
254,0.000769596
255,0.000774919
256,0.000773591
257,0.000789582
258,0.000789025
259,0.000238502
260,0.000563816
261,0.000800956
262,0.000808679
263,0.000835408
264,0.000823541
265,0.000786935
266,0.000762664
267,0.000768414
268,0.00076669
269,0.000780909
270,0.000776263
271,0.000165094
272,0.000691886
273,0.000779328
274,0.000783788
275,0.000779768
276,0.000785845
277,0.000788074
278,0.000808525
279,0.000807336
280,0.000806882
281,0.000792928
282,0.000798869
283,0.000791702
284,0.000800796
285,0.000797518
286,0.000808827
287,0.000787242
288,0.000224713
289,0.000679534
290,0.000793758
291,0.000788084
292,0.000780842
293,0.000782413
294,0.000775197
295,0.000784717
296,0.000785915
297,0.000784889
298,0.000791785
299,0.000820098
300,0.000832889
301,0.000816368
302,0.000781044
303,0.000775525
304,0.00076688
305,0.000767621
306,0.000761945
307,0.000765907
308,0.0007604
309,0.000763968
310,0.000758795
311,0.00077317
312,0.00077401
313,0.000784397
314,0.000767529
315,0.000778213
316,0.000800112
317,0.000430399
318,0.000750939
319,0.000830386
320,0.000834466
321,0.000805652
322,0.000795334
323,0.000782291
324,0.000769553
325,0.000758863
326,0.000757458
327,0.00074573
328,0.000743682
329,0.000739125
330,0.000744738
331,0.00074391
332,0.000761398
333,0.00076878
334,0.000789275
335,0.000794185
336,0.000811786
337,0.000826464
338,0.00083835
339,0.000839802
340,0.000867569
341,0.000846549
342,0.00085406
343,0.000930539
344,0.000649989
345,0.000744966
346,0.0007674
347,0.000738478
348,0.000739839
349,0.000739796
350,0.000739952
351,0.000735032
352,0.000746045
353,0.000746719
354,0.000754386
355,0.0007588
356,0.00076529
357,0.000764736
358,0.000779338
359,0.000779413
360,0.000779226
361,0.000768734
362,0.000268753
363,0.000604318
364,0.000769708
365,0.000769001
366,0.000775456
367,0.000768187
368,0.000761777
369,0.000763294
370,0.00077479
371,0.000752758
372,0.000753459
373,0.000750856
374,0.000745355
375,0.000740942
376,0.000740573
377,0.000754623
378,0.000762176
379,0.000758261
380,0.00075981
381,0.000762414
382,0.000969413
383,0.00132598
384,0.00162279
385,0.00144674
386,0.00128838
387,0.00126593
388,0.00125223
389,0.00125259
390,0.00125295
391,0.00125184
392,0.00125198
393,0.00126088
394,0.00126848
395,0.00126477
396,0.00125091
397,0.00124571
398,0.00124872
399,0.00127722
