2,0.961418
3,0.890698
4,0.825939
5,0.765528
6,0.708173
7,0.653923
8,0.602676
9,0.554411
10,0.508969
11,0.466201
12,0.426128
13,0.388707
14,0.354006
15,0.321693
16,0.291576
17,0.263597
18,0.237688
19,0.213764
20,0.191705
21,0.171381
22,0.152709
23,0.135586
24,0.119897
25,0.105643
26,0.0928323
27,0.0812589
28,0.0706719
29,0.0609569
30,0.0520412
31,0.0438412
32,0.0362288
33,0.0291255
34,0.0224444
35,0.0160765
36,0.0105093
37,0.00652523
38,0.00420773
39,0.00306611
40,0.00248541
41,0.00224948
42,0.00214108
43,0.00195747
44,0.0021938
45,0.00243189
46,0.00268146
47,0.00286854
48,0.0030163
49,0.0029994
50,0.00274755
51,0.00261247
52,0.00251003
53,0.00237378
54,0.00219504
55,0.00200037
56,0.00174526
57,0.00112312
58,0.00101213
59,0.00111273
60,0.0010554
61,0.00100646
62,0.00095053
63,0.000941221
64,0.000938673
65,0.000970964
66,0.000996966
67,0.00105005
68,0.00110379
69,0.000806473
70,0.00133447
71,0.00162399
72,0.00173746
73,0.00178279
74,0.00182913
75,0.00187589
76,0.00192754
77,0.00200169
78,0.002088
79,0.00210163
80,0.00203767
81,0.00194336
82,0.00183551
83,0.00175558
84,0.001723
85,0.00170972
86,0.00165147
87,0.00153381
88,0.00145992
89,0.00141615
90,0.00134271
91,0.0012722
92,0.00123423
93,0.00120211
94,0.00116436
95,0.00110106
96,0.001048
97,0.00100245
98,0.000978961
99,0.000940841
100,0.000275583
101,0.000832105
102,0.000947216
103,0.000945808
104,0.000971126
105,0.000968252
106,0.000946015
107,0.000939472
108,0.000947103
109,0.000951965
110,0.000947636
111,0.000939127
112,0.000928774
113,0.000936552
114,0.00093703
115,0.000931154
116,0.000930336
117,0.000914317
118,0.000897217
119,0.000878148
120,0.000857973
121,0.00085203
122,0.000861664
123,0.000886475
124,0.000867525
125,0.000850027
126,0.000851351
127,0.000853797
128,0.000847323
129,0.000845653
130,0.000844838
131,0.000844086
132,0.000843505
133,0.000846836
134,0.00083903
135,0.000146171
136,0.000557553
137,0.000839439
138,0.000831199
139,0.000840209
140,0.000831235
141,0.000859992
142,0.00085347
143,0.000206765
144,0.000657979
145,0.000878042
146,0.000873787
147,0.000832087
148,0.000840175
149,0.000846711
150,0.000849337
151,0.000854225
152,0.000862199
153,0.000860983
154,0.000853425
155,0.000863617
156,0.000889711
157,0.000913722
158,0.000925995
159,0.000900879
160,0.000876416
161,0.000866619
162,0.000845188
163,0.000827573
164,0.000824064
165,0.00083952
166,0.00086171
167,0.000870297
168,0.000864172
169,0.000861698
170,0.000850419
171,0.000235959
172,0.000564244
173,0.000823983
174,0.000815145
175,0.000833486
176,0.000848357
177,0.00086801
178,0.000847484
179,0.000251116
180,0.000592002
181,0.000806783
182,0.000834176
183,0.000835901
184,0.000820922
185,0.000814287
186,0.000837882
187,0.000888717
188,0.000891469
189,0.000868246
190,0.000869358
191,0.000851218
192,0.000816616
193,0.00081928
194,0.000840617
195,0.000883278
196,0.000933001
197,0.000960429
198,0.000918691
199,0.000376762
200,0.000656717
201,0.000860806
202,0.000826068
203,0.000837876
204,0.000834839
205,0.000842144
206,0.000844841
207,0.000310724
208,0.000593174
209,0.000833622
210,0.000822771
211,0.000817048
212,0.000806123
213,0.000199854
214,0.000670475
215,0.000864266
216,0.000815312
217,0.0008011
218,0.000789379
219,0.000789956
220,0.000781666
221,0.000796877
222,0.00080057
223,0.000786367
224,0.000831381
225,0.000801004
226,0.000777202
227,0.000781084
228,0.00077941
229,0.000809822
230,0.000850332
231,0.000895521
232,0.000900854
233,0.000914465
234,0.000922085
235,0.000919682
236,0.000886055
237,0.000857618
238,0.000820018
239,0.000798307
240,0.000780047
241,0.000785881
242,0.000780933
243,0.000789007
244,0.000785982
245,0.000801503
246,0.000801005
247,0.000801726
248,0.000779626
249,0.000779735
250,0.000775363
251,0.000785392
252,0.000771032
253,0.000775378
254,0.000767262
255,0.000776122
256,0.000769883
257,0.000790631
258,0.000784856
259,0.000244267
260,0.00055954
261,0.000794996
262,0.000807
263,0.000833611
264,0.000824156
265,0.000783286
266,0.000762479
267,0.000764291
268,0.000764557
269,0.000779262
270,0.000780563
271,0.000164677
272,0.000688884
273,0.000781051
274,0.00077944
275,0.000781752
276,0.000781979
277,0.00079046
278,0.00080365
279,0.000808328
280,0.000801683
281,0.000793674
282,0.000793274
283,0.000790806
284,0.000796487
285,0.000797214
286,0.000803505
287,0.000787534
288,0.000225775
289,0.000670425
290,0.000792631
291,0.000781589
292,0.000781334
293,0.000776602
294,0.000774504
295,0.000781177
296,0.000786579
297,0.000782503
298,0.000792902
299,0.000816077
300,0.000833359
301,0.000813811
302,0.000783603
303,0.000770319
304,0.00076844
305,0.000764961
306,0.000762805
307,0.000761738
308,0.000760573
309,0.000759574
310,0.000758965
311,0.000768479
312,0.000775102
313,0.000781611
314,0.000767192
315,0.00077326
316,0.000800878
317,0.000428897
318,0.000745036
319,0.000831199
320,0.000829969
321,0.000806135
322,0.000793818
323,0.000782172
324,0.000765927
325,0.000760354
326,0.000752281
327,0.000744255
328,0.000739035
329,0.000739378
330,0.000739759
331,0.000743063
332,0.000758329
333,0.00076939
334,0.000786277
335,0.000793208
336,0.000807392
337,0.000823999
338,0.000834427
339,0.000842355
340,0.0008698
341,0.000847473
342,0.000849984
343,0.000930978
344,0.000652838
345,0.000740207
346,0.000770062
347,0.000734401
348,0.000738993
349,0.000737851
350,0.000739047
351,0.000734655
352,0.000746095
353,0.000744998
354,0.000757037
355,0.000755731
356,0.000764821
357,0.000761147
358,0.000779073
359,0.000778832
360,0.000779887
361,0.000766429
362,0.000268562
363,0.000603213
364,0.000770265
365,0.000768423
366,0.000774006
367,0.000768306
368,0.000758652
369,0.000762237
370,0.000774305
371,0.000754624
372,0.000751528
373,0.000751102
374,0.000742163
375,0.000737897
376,0.00074359
377,0.000752347
378,0.000761914
379,0.0007584
380,0.000756412
381,0.000762964
382,0.000969232
383,0.0013271
384,0.00162199
385,0.00144482
386,0.00129029
387,0.00126554
388,0.00125149
389,0.00125142
390,0.00125373
391,0.00125088
392,0.00125018
393,0.0012581
394,0.0012697
395,0.00126562
396,0.00125263
397,0.00124747
398,0.00124891
399,0.00127662
