2,0.886992
3,0.68855
4,0.533646
5,0.409072
6,0.299269
7,0.211634
8,0.146928
9,0.101415
10,0.0686827
11,0.0444506
12,0.0290082
13,0.0214173
14,0.0181996
15,0.0162646
16,0.0146502
17,0.013611
18,0.0124147
19,0.011683
20,0.0106598
21,0.0100819
22,0.0091715
23,0.00869553
24,0.00794684
25,0.00758886
26,0.00696638
27,0.00666159
28,0.00605762
29,0.00578162
30,0.00532074
31,0.00507799
32,0.00468679
33,0.00445109
34,0.0040739
35,0.00387229
36,0.00361696
37,0.003415
38,0.00326468
39,0.00305861
40,0.0029752
41,0.00274193
42,0.00262705
43,0.00235894
44,0.0022172
45,0.00202053
46,0.00192752
47,0.00191219
48,0.00191769
49,0.00203016
50,0.0020318
51,0.00202672
52,0.00196638
53,0.00191437
54,0.00184436
55,0.00179176
56,0.00172931
57,0.00166589
58,0.00161045
59,0.00157745
60,0.00153827
61,0.00146861
62,0.00139277
63,0.00133559
64,0.00131334
65,0.00130596
66,0.00129984
67,0.00127662
68,0.0011542
69,0.000607612
70,0.000481884
71,0.0010443
72,0.00157966
73,0.00210513
74,0.002556
75,0.00284054
76,0.0029477
77,0.0028998
78,0.0027345
79,0.00249699
80,0.00219823
81,0.00185895
82,0.00150368
83,0.00119488
84,0.000985544
85,0.000915218
86,0.000907157
87,0.000910039
88,0.000900439
89,0.000921758
90,0.000855971
91,0.000246017
92,0.000670234
93,0.000883497
94,0.000941918
95,0.000951446
96,0.000956718
97,0.000964293
98,0.000994619
99,0.000976572
100,0.000717562
101,0.000787579
102,0.000830441
103,0.000792415
104,0.000710637
105,0.000863537
106,0.000938464
107,0.000929272
108,0.00094482
109,0.000919796
110,0.000340201
111,0.0007682
112,0.000929737
113,0.000927081
114,0.00093576
115,0.000959773
116,0.000968116
117,0.000942996
118,0.000915257
119,0.000883738
120,0.000871022
121,0.000855188
122,0.000872435
123,0.000872512
124,0.000879125
125,0.000918191
126,0.000887161
127,0.000883716
128,0.000867775
129,0.000848384
130,0.000854552
131,0.000851632
132,0.000860204
133,0.000851353
134,0.000856522
135,0.000839886
136,0.000151207
137,0.000555384
138,0.000838632
139,0.000833708
140,0.000844126
141,0.00084143
142,0.00085486
143,0.000842761
144,0.000238555
145,0.000758111
146,0.000871941
147,0.00083558
148,0.000839146
149,0.00085093
150,0.000847097
151,0.000857687
152,0.000877177
153,0.000878193
154,0.000870736
155,0.000908395
156,0.00093022
157,0.000934779
158,0.000922121
159,0.00089547
160,0.000875362
161,0.000867774
162,0.000839903
163,0.000828436
164,0.000823867
165,0.000841833
166,0.000859494
167,0.00087454
168,0.000863337
169,0.000865188
170,0.000847455
171,0.000230691
172,0.000575923
173,0.000825702
174,0.000818859
175,0.000833599
176,0.000852094
177,0.000868572
178,0.000850689
179,0.000254344
180,0.000582321
181,0.000811222
182,0.000837387
183,0.000841411
184,0.000820871
185,0.000820071
186,0.000836747
187,0.000893121
188,0.00089696
189,0.000872038
190,0.000870239
191,0.000852791
192,0.000806215
193,0.000806921
194,0.000805924
195,0.00086789
196,0.000931416
197,0.000962149
198,0.000904591
199,0.000320444
200,0.000747567
201,0.000851747
202,0.000836647
203,0.000842641
204,0.000845052
205,0.00084698
206,0.000854301
207,0.000854633
208,0.000730546
209,0.000655681
210,0.000649327
211,0.000639393
212,0.000665447
213,0.00057696
214,0.000593953
215,0.000597628
216,0.000649911
217,0.000752148
218,0.00079185
219,0.000791111
220,0.000787909
221,0.000795635
222,0.00080829
223,0.000784866
224,0.000832247
225,0.000798572
226,0.000784737
227,0.000780336
228,0.000787184
229,0.000803006
230,0.000850445
231,0.000897011
232,0.000910578
233,0.00091675
234,0.000922116
235,0.000919709
236,0.000898232
237,0.000854465
238,0.000826169
239,0.000796593
240,0.000787372
241,0.00078337
242,0.000789161
243,0.000785238
244,0.000794727
245,0.000798575
246,0.000808048
247,0.000797197
248,0.00079058
249,0.000778066
250,0.000784503
251,0.000779014
252,0.000783104
253,0.000770852
254,0.000777462
255,0.000767466
256,0.000780472
257,0.000779529
258,0.000796191
259,0.000788704
260,0.000212888
261,0.000701889
262,0.000805826
263,0.000837796
264,0.000823929
265,0.000784621
266,0.000764015
267,0.00076663
268,0.000767881
269,0.000781359
270,0.000783
271,0.000261962
272,0.00056306
273,0.000757325
274,0.000782404
275,0.000782966
276,0.000784898
277,0.000790779
278,0.000805967
279,0.000810663
280,0.000803958
281,0.000802578
282,0.000795477
283,0.000793782
284,0.000796308
285,0.000802598
286,0.000808687
287,0.00080591
288,0.000794732
289,0.000710119
290,0.000664312
291,0.000660918
292,0.000577987
293,0.000561607
294,0.000571034
295,0.00060315
296,0.00064149
297,0.000654071
298,0.000683111
299,0.000778486
300,0.000830389
301,0.000815599
302,0.000783099
303,0.000773489
304,0.000770057
305,0.000769022
306,0.000739417
307,0.000665923
308,0.000578841
309,0.000540412
310,0.000567226
311,0.000583177
312,0.000538119
313,0.000485654
314,0.000518466
315,0.000542536
316,0.000580109
317,0.000617158
318,0.000687944
319,0.000736807
320,0.000663939
321,0.000650262
322,0.000654499
323,0.000625137
324,0.00061105
325,0.000619022
326,0.000628281
327,0.000608717
328,0.000699482
329,0.000740361
330,0.000740005
331,0.000745261
332,0.000757332
333,0.000769841
334,0.00078548
335,0.000794501
336,0.000807865
337,0.000824668
338,0.000839799
339,0.000842429
340,0.00087099
341,0.000850784
342,0.000842159
343,0.000956164
344,0.000986227
345,0.000861189
346,0.000641175
347,0.000538357
348,0.000560068
349,0.000587316
350,0.000559952
351,0.00055597
352,0.000566687
353,0.000582323
354,0.00062178
355,0.00064434
356,0.000652774
357,0.000712442
358,0.000766056
359,0.000780284
360,0.000754259
361,0.000695252
362,0.000674403
363,0.000655095
364,0.00064718
365,0.000632062
366,0.000626671
367,0.000630983
368,0.000615188
369,0.000607989
370,0.00062683
371,0.000590156
372,0.000641384
373,0.000699251
374,0.000729481
375,0.000742115
376,0.000749785
377,0.000761074
378,0.000755404
379,0.000756092
380,0.000761492
381,0.000764055
382,0.000769617
383,0.000919993
384,0.00126546
385,0.0011617
386,0.000990121
387,0.00101342
388,0.00106124
389,0.00112758
390,0.00119994
391,0.00124575
392,0.00125296
393,0.0012601
394,0.00127117
395,0.00126525
396,0.00125335
397,0.00124759
398,0.00124913
399,0.0012748
