2,0.884692
3,0.690777
4,0.551122
5,0.440593
6,0.340324
7,0.258578
8,0.194051
9,0.144154
10,0.10604
11,0.0756748
12,0.0517604
13,0.0347229
14,0.0239801
15,0.0182893
16,0.0157442
17,0.0142622
18,0.0128901
19,0.011894
20,0.0107589
21,0.0100655
22,0.00901709
23,0.00841155
24,0.00744688
25,0.00693537
26,0.00610148
27,0.00575182
28,0.00521575
29,0.00503556
30,0.00461139
31,0.00443142
32,0.00404515
33,0.00388267
34,0.00358274
35,0.003413
36,0.00319591
37,0.00301005
38,0.00282946
39,0.00263513
40,0.00250533
41,0.00231078
42,0.00220301
43,0.00202148
44,0.00190968
45,0.0018051
46,0.0017126
47,0.00182055
48,0.00193215
49,0.00210173
50,0.00216334
51,0.00217597
52,0.00213448
53,0.00208368
54,0.00202115
55,0.00193278
56,0.00185948
57,0.00181351
58,0.00173367
59,0.00164806
60,0.0016061
61,0.00158711
62,0.00155449
63,0.00145663
64,0.00136368
65,0.00131728
66,0.00131319
67,0.00120527
68,0.000607312
69,0.000488037
70,0.000988031
71,0.00138718
72,0.00175977
73,0.00210847
74,0.00241659
75,0.00265603
76,0.0027784
77,0.00277283
78,0.00265134
79,0.00244955
80,0.00218981
81,0.00189346
82,0.00158456
83,0.00128747
84,0.00103561
85,0.0009295
86,0.000902499
87,0.000890791
88,0.00047165
89,0.000436224
90,0.000807906
91,0.000906145
92,0.000948027
93,0.00096407
94,0.000982527
95,0.000979978
96,0.000980704
97,0.000981374
98,0.000989492
99,0.000975949
100,0.000957756
101,0.000932143
102,0.000943609
103,0.00092866
104,0.000942876
105,0.000932556
106,0.000944243
107,0.000931461
108,0.000943861
109,0.000922169
110,0.000340883
111,0.000768326
112,0.000927227
113,0.000928212
114,0.000937463
115,0.00095741
116,0.000966347
117,0.000948823
118,0.000917193
119,0.00088656
120,0.000869635
121,0.000857881
122,0.000871317
123,0.0008772
124,0.000879437
125,0.000922038
126,0.000886378
127,0.000886255
128,0.000865371
129,0.000851119
130,0.00085338
131,0.000853528
132,0.000857289
133,0.00085385
134,0.00085631
135,0.000842953
136,0.000152801
137,0.000551118
138,0.000840251
139,0.000833015
140,0.000845496
141,0.000842953
142,0.000854467
143,0.000845803
144,0.000237633
145,0.000761674
146,0.000872592
147,0.000835018
148,0.00083891
149,0.000853009
150,0.000847815
151,0.000859556
152,0.000875651
153,0.000879276
154,0.000870559
155,0.000909817
156,0.000929212
157,0.000935722
158,0.000924093
159,0.000898021
160,0.000874892
161,0.000869249
162,0.000840159
163,0.000832004
164,0.000823753
165,0.000842951
166,0.000859309
167,0.000876759
168,0.000865033
169,0.000867866
170,0.000849188
171,0.000235531
172,0.000572936
173,0.000825736
174,0.000820404
175,0.000833824
176,0.000854424
177,0.000867829
178,0.000853122
179,0.000249256
180,0.000586244
181,0.00081082
182,0.000838346
183,0.000842624
184,0.000821
185,0.000821198
186,0.000835826
187,0.000894516
188,0.000893771
189,0.000872808
190,0.000870575
191,0.000854864
192,0.000815502
193,0.000824498
194,0.00083759
195,0.000882814
196,0.000933861
197,0.000963288
198,0.000915402
199,0.000360819
200,0.000697772
201,0.00085801
202,0.000831914
203,0.00084868
204,0.000843187
205,0.000845267
206,0.000853064
207,0.000628667
208,0.00066509
209,0.000558714
210,0.000693522
211,0.000819181
212,0.000802682
213,0.000223439
214,0.000627388
215,0.000827883
216,0.00081258
217,0.000800184
218,0.000794513
219,0.000787846
220,0.000789261
221,0.000797027
222,0.000810504
223,0.000785621
224,0.000838219
225,0.00079954
226,0.000783444
227,0.000781254
228,0.000784055
229,0.000804886
230,0.000851195
231,0.000897645
232,0.000908473
233,0.000915514
234,0.000923595
235,0.00092062
236,0.000899864
237,0.000855479
238,0.000823891
239,0.000796177
240,0.000785953
241,0.000784901
242,0.000786262
243,0.000789207
244,0.000793364
245,0.000803101
246,0.000805736
247,0.000799731
248,0.000786401
249,0.000781999
250,0.000781381
251,0.000784115
252,0.000777507
253,0.000775481
254,0.000772038
255,0.000774684
256,0.000774327
257,0.000789635
258,0.000787051
259,0.000288903
260,0.000517982
261,0.000797967
262,0.000807326
263,0.000837499
264,0.000822598
265,0.000787603
266,0.000764472
267,0.00076909
268,0.000765925
269,0.000781923
270,0.000779302
271,0.000189173
272,0.00062355
273,0.000781107
274,0.000783836
275,0.000781483
276,0.00078381
277,0.00079094
278,0.000805035
279,0.000811304
280,0.00080495
281,0.000801932
282,0.000795221
283,0.000792484
284,0.000796858
285,0.000801088
286,0.000810967
287,0.000805075
288,0.000787987
289,0.00070749
290,0.000633977
291,0.000608619
292,0.000620151
293,0.000624591
294,0.000689385
295,0.000768353
296,0.000785339
297,0.000781876
298,0.00079366
299,0.000819985
300,0.000834625
301,0.000815565
302,0.000782039
303,0.000772646
304,0.00077033
305,0.000766949
306,0.000764939
307,0.000765606
308,0.000760846
309,0.000759277
310,0.000761809
311,0.000769366
312,0.00077577
313,0.000780222
314,0.000771658
315,0.000768804
316,0.000792829
317,0.000855409
318,0.000833025
319,0.000765444
320,0.000724395
321,0.000692507
322,0.000680292
323,0.000683676
324,0.000734478
325,0.000755008
326,0.000753158
327,0.000746083
328,0.000740934
329,0.000741995
330,0.000740613
331,0.000744742
332,0.000757481
333,0.000769552
334,0.000788352
335,0.000793066
336,0.000808277
337,0.000825176
338,0.000841537
339,0.000840314
340,0.000871227
341,0.000850732
342,0.00084149
343,0.000954691
344,0.00098792
345,0.000865672
346,0.000660104
347,0.000554882
348,0.000566804
349,0.000586379
350,0.000605154
351,0.000581514
352,0.000688413
353,0.000740581
354,0.000755311
355,0.000760728
356,0.00076385
357,0.000766524
358,0.000776341
359,0.000782595
360,0.000776417
361,0.0007748
362,0.000672584
363,0.000635406
364,0.000650661
365,0.000658915
366,0.000655499
367,0.000644108
368,0.000700542
369,0.0007433
370,0.000755317
371,0.000749293
372,0.000745268
373,0.000742981
374,0.000744291
375,0.000745025
376,0.000751103
377,0.000763732
378,0.000758107
379,0.000755353
380,0.000759553
381,0.000763546
382,0.00081257
383,0.00101603
384,0.00133876
385,0.00127519
386,0.00114474
387,0.00120501
388,0.00124582
389,0.00125183
390,0.00125376
391,0.00125087
392,0.00125051
393,0.00126102
394,0.00126967
395,0.00126318
396,0.00125308
397,0.00124834
398,0.00124715
399,0.00127698
