2,0.00414577
3,0.0117846
4,0.0177224
5,0.0226552
6,0.027449
7,0.0316528
8,0.0352233
9,0.0382416
10,0.040761
11,0.0429434
12,0.0448347
13,0.0464384
14,0.0477512
15,0.0487924
16,0.0496064
17,0.0502564
18,0.0507911
19,0.0512562
20,0.0516816
21,0.0520887
22,0.0524888
23,0.0528809
24,0.0532714
25,0.0536582
26,0.0540372
27,0.0543985
28,0.0547277
29,0.0550242
30,0.0552965
31,0.0555504
32,0.0557921
33,0.0560243
34,0.0562513
35,0.0564754
36,0.0566978
37,0.0569184
38,0.0571346
39,0.0573464
40,0.0575527
41,0.0577547
42,0.0579542
43,0.05815
44,0.0583427
45,0.0585304
46,0.0587139
47,0.0588951
48,0.0590745
49,0.0592504
50,0.059423
51,0.0595945
52,0.0597636
53,0.0599296
54,0.0600908
55,0.0602479
56,0.0604034
57,0.0605566
58,0.0607081
59,0.0608572
60,0.0610039
61,0.0611485
62,0.0612908
63,0.0614311
64,0.0615693
65,0.0617063
66,0.0618401
67,0.0619677
68,0.0620881
69,0.0622007
70,0.062307
71,0.0624103
72,0.0625142
73,0.0626197
74,0.0627256
75,0.0628336
76,0.0629458
77,0.0630629
78,0.0631853
79,0.0633116
80,0.0634406
81,0.0635717
82,0.0637047
83,0.0638409
84,0.0639803
85,0.0641125
86,0.0642276
87,0.0643298
88,0.0644273
89,0.0645259
90,0.0646266
91,0.064726
92,0.0648242
93,0.0649233
94,0.0650227
95,0.0651213
96,0.0652183
97,0.0653153
98,0.0654155
99,0.0655194
100,0.0656258
101,0.0657309
102,0.0658282
103,0.0659157
104,0.0659999
105,0.0660889
106,0.06618
107,0.0662696
108,0.0663577
109,0.0664453
110,0.0665295
111,0.0666072
112,0.0666868
113,0.0667696
114,0.0668493
115,0.0669266
116,0.0670065
117,0.0670908
118,0.0671777
119,0.0672651
120,0.0673505
121,0.0674347
122,0.0675289
123,0.0676102
124,0.0676605
125,0.0677283
126,0.0678131
127,0.0678889
128,0.067971
129,0.0680534
130,0.0681282
131,0.0682008
132,0.0682736
133,0.068347
134,0.0684209
135,0.0684974
136,0.0685737
137,0.0686464
138,0.0687155
139,0.0687862
140,0.0688635
141,0.0689384
142,0.0690084
143,0.0690794
144,0.069152
145,0.0692247
146,0.0692916
147,0.0693451
148,0.0693978
149,0.0694612
150,0.0695273
151,0.0695911
152,0.0696512
153,0.0697168
154,0.0697826
155,0.0698403
156,0.0699009
157,0.0699641
158,0.0700287
159,0.070097
160,0.070163
161,0.0702278
162,0.0702965
163,0.0703667
164,0.0704348
165,0.0705038
166,0.0705717
167,0.0706338
168,0.0706929
169,0.0707516
170,0.0708087
171,0.0708631
172,0.0709165
173,0.0709707
174,0.0710313
175,0.0710991
176,0.0711656
177,0.0712254
178,0.0712808
179,0.0713344
180,0.071383
181,0.0714259
182,0.0714715
183,0.0715271
184,0.0715874
185,0.0716444
186,0.0716934
187,0.0717378
188,0.0717918
189,0.0718503
190,0.0719039
191,0.071962
192,0.072024
193,0.072078
194,0.072125
195,0.0721705
196,0.0722153
197,0.0722645
198,0.0723231
199,0.0723815
200,0.0724337
201,0.072491
202,0.0725565
203,0.0726193
204,0.0726733
205,0.0727249
206,0.072779
207,0.0728304
208,0.0728788
209,0.0729271
210,0.0729738
211,0.0730186
212,0.0730647
213,0.0731098
214,0.0731473
215,0.0731913
216,0.0732471
217,0.0732997
218,0.0733503
219,0.0734002
220,0.0734514
221,0.0735079
222,0.0735601
223,0.0735894
224,0.07362
225,0.0736753
226,0.0737317
227,0.0737817
228,0.0738336
229,0.0738875
230,0.0739442
231,0.073998
232,0.0740455
233,0.0740921
234,0.074138
235,0.074183
236,0.0742247
237,0.0742625
238,0.0743007
239,0.0743368
240,0.0743745
241,0.0744185
242,0.0744632
243,0.0745079
244,0.0745542
245,0.0746018
246,0.0746472
247,0.0746885
248,0.0747261
249,0.0747614
250,0.0747996
251,0.0748415
252,0.0748856
253,0.07493
254,0.0749735
255,0.0750151
256,0.075052
257,0.075088
258,0.0751274
259,0.0751683
260,0.0752088
261,0.0752488
262,0.0752875
263,0.0753232
264,0.0753658
265,0.0754171
266,0.0754659
267,0.0755129
268,0.075558
269,0.0756013
270,0.0756435
271,0.0756832
272,0.0757195
273,0.0757582
274,0.0757966
275,0.0758324
276,0.075868
277,0.0759015
278,0.0759346
279,0.0759719
280,0.0760137
281,0.0760554
282,0.0760973
283,0.0761366
284,0.0761721
285,0.0762071
286,0.0762438
287,0.0762844
288,0.0763299
289,0.0763735
290,0.0764058
291,0.0764406
292,0.0764777
293,0.0765115
294,0.0765552
295,0.0766045
296,0.0766439
297,0.0766783
298,0.0767204
299,0.076764
300,0.0768041
301,0.0768364
302,0.0768637
303,0.0768952
304,0.0769296
305,0.0769628
306,0.0769995
307,0.0770378
308,0.0770729
309,0.0771077
310,0.0771468
311,0.0771865
312,0.0772246
313,0.0772619
314,0.0772953
315,0.07733
316,0.0773729
317,0.0774185
318,0.0774576
319,0.0774874
320,0.077518
321,0.0775489
322,0.077581
323,0.0776131
324,0.0776434
325,0.0776753
326,0.0777071
327,0.0777374
328,0.0777651
329,0.0777962
330,0.0778297
331,0.0778699
332,0.0779104
333,0.0779477
334,0.0779848
335,0.0780196
336,0.0780552
337,0.0780919
338,0.0781268
339,0.0781606
340,0.0781978
341,0.0782281
342,0.0782604
343,0.0783065
344,0.0783454
345,0.0783674
346,0.0783759
347,0.0783911
348,0.0784182
349,0.0784474
350,0.0784825
351,0.0785172
352,0.0785471
353,0.0785779
354,0.0786098
355,0.078642
356,0.0786771
357,0.0787145
358,0.078751
359,0.0787848
360,0.0788106
361,0.0788331
362,0.0788624
363,0.0788928
364,0.0789272
365,0.0789672
366,0.0790014
367,0.0790291
368,0.0790571
369,0.0790869
370,0.0791188
371,0.0791492
372,0.0791759
373,0.079207
374,0.0792418
375,0.0792743
376,0.0793084
377,0.0793426
378,0.0793717
379,0.0794014
380,0.0794331
381,0.0794641
382,0.0794907
383,0.0795417
384,0.0796064
385,0.0796222
386,0.0796195
387,0.0796372
388,0.0796578
389,0.0796787
390,0.0797056
391,0.0797381
392,0.0797762
393,0.0798121
394,0.0798463
395,0.0798729
396,0.079894
397,0.0799101
398,0.0799376
399,0.0799493
