2,0.889534
3,0.703675
4,0.57236
5,0.470561
6,0.37507
7,0.295108
8,0.230483
9,0.178554
10,0.137596
11,0.103817
12,0.0760656
13,0.0541412
14,0.0379899
15,0.027145
16,0.0205425
17,0.0169464
18,0.0148969
19,0.0136214
20,0.0124415
21,0.0113736
22,0.0102447
23,0.0092403
24,0.00815178
25,0.00732204
26,0.00640591
27,0.00588537
28,0.00540104
29,0.00517404
30,0.00484265
31,0.00459305
32,0.00427226
33,0.00403422
34,0.00376876
35,0.00355597
36,0.003335
37,0.00314555
38,0.00295548
39,0.00277878
40,0.00261469
41,0.00245867
42,0.00229353
43,0.00218551
44,0.0020493
45,0.0020273
46,0.00200239
47,0.0021511
48,0.00225212
49,0.00232624
50,0.00232015
51,0.00228331
52,0.00221058
53,0.0021374
54,0.00205502
55,0.00198344
56,0.00189966
57,0.00184731
58,0.00178391
59,0.00168257
60,0.00161492
61,0.00159324
62,0.00157161
63,0.00149276
64,0.00138906
65,0.0013411
66,0.0012088
67,0.000626838
68,0.000568444
69,0.000961379
70,0.00129747
71,0.00161376
72,0.00190226
73,0.00215709
74,0.00238526
75,0.002567
76,0.00266611
77,0.00267402
78,0.00258145
79,0.00241886
80,0.00219543
81,0.00193887
82,0.00164664
83,0.00132993
84,0.00106078
85,0.000824328
86,0.000193629
87,0.000661475
88,0.000882133
89,0.000938545
90,0.00095769
91,0.000971889
92,0.000990435
93,0.000996203
94,0.000999033
95,0.000996751
96,0.00100374
97,0.00100017
98,0.000980324
99,0.000940594
100,0.000931863
101,0.000935519
102,0.000965111
103,0.000938585
104,0.000943737
105,0.000928034
106,0.000945306
107,0.000927928
108,0.000943561
109,0.000921033
110,0.000338612
111,0.000764623
112,0.000926337
113,0.000928617
114,0.000937557
115,0.000955033
116,0.000968253
117,0.00094851
118,0.00091809
119,0.000886137
120,0.000870051
121,0.000858837
122,0.000871572
123,0.000874948
124,0.000881405
125,0.000922065
126,0.000885984
127,0.000887058
128,0.000867342
129,0.000849086
130,0.000853194
131,0.000852949
132,0.000859339
133,0.00085351
134,0.000856626
135,0.000843005
136,0.000153063
137,0.000554802
138,0.000839762
139,0.000836072
140,0.000844319
141,0.000844956
142,0.000855944
143,0.000845473
144,0.000238976
145,0.000760158
146,0.000872179
147,0.000835052
148,0.000838614
149,0.000852477
150,0.000848514
151,0.000858512
152,0.000877662
153,0.00087933
154,0.000871226
155,0.000911034
156,0.00092813
157,0.000937626
158,0.000924344
159,0.000896644
160,0.000873115
161,0.000869748
162,0.000839988
163,0.000830131
164,0.000822903
165,0.000844621
166,0.00086231
167,0.000874649
168,0.000861933
169,0.000867863
170,0.00085007
171,0.000234084
172,0.000571971
173,0.000823232
174,0.000820557
175,0.000833575
176,0.000854162
177,0.000869925
178,0.000850982
179,0.000247326
180,0.000589975
181,0.000810229
182,0.000837541
183,0.000841961
184,0.000822127
185,0.000821642
186,0.00083602
187,0.000892575
188,0.000891114
189,0.000873624
190,0.000870486
191,0.000854233
192,0.000816814
193,0.000821853
194,0.000840107
195,0.000886383
196,0.00092973
197,0.0009612
198,0.000914477
199,0.000367324
200,0.000683693
201,0.00086174
202,0.000828873
203,0.000837906
204,0.000839967
205,0.000846567
206,0.000852353
207,0.000358457
208,0.000550915
209,0.000823933
210,0.000818895
211,0.000821496
212,0.000803702
213,0.000195755
214,0.00064424
215,0.000837328
216,0.000812319
217,0.000798523
218,0.000794034
219,0.000789929
220,0.000789466
221,0.000796027
222,0.000808612
223,0.000786645
224,0.000833455
225,0.000800464
226,0.00078312
227,0.000782731
228,0.000784106
229,0.000805187
230,0.00084882
231,0.000897988
232,0.000910816
233,0.00091969
234,0.000922171
235,0.00092036
236,0.000897527
237,0.000857465
238,0.00082399
239,0.00079627
240,0.000785076
241,0.000787528
242,0.000787947
243,0.000789529
244,0.000791508
245,0.000801825
246,0.00080482
247,0.000800939
248,0.000785497
249,0.000781884
250,0.000781783
251,0.000783088
252,0.000776764
253,0.000777663
254,0.000771963
255,0.000772999
256,0.000774023
257,0.000790615
258,0.000789391
259,0.000237581
260,0.000570339
261,0.000798637
262,0.000807211
263,0.000837217
264,0.000822729
265,0.000787302
266,0.000763501
267,0.000768882
268,0.000766518
269,0.000779647
270,0.000780477
271,0.000195309
272,0.000596374
273,0.000780429
274,0.000782067
275,0.000784214
276,0.00078409
277,0.000791466
278,0.000805155
279,0.00081299
280,0.000804255
281,0.000801569
282,0.000793653
283,0.000793102
284,0.000796049
285,0.000802083
286,0.000802851
287,0.000798509
288,0.000781958
289,0.000410349
290,0.000521972
291,0.000694157
292,0.000772421
293,0.000784082
294,0.000775044
295,0.000783097
296,0.000787008
297,0.0007808
298,0.000795111
299,0.000818912
300,0.000835485
301,0.00081504
302,0.000783785
303,0.000773711
304,0.000769916
305,0.000766777
306,0.000766132
307,0.000765564
308,0.000760456
309,0.000762305
310,0.000763616
311,0.00076875
312,0.000778796
313,0.000779962
314,0.000774751
315,0.000769894
316,0.000801645
317,0.000857139
318,0.000602784
319,0.000650205
320,0.000750745
321,0.000799424
322,0.000795036
323,0.000784103
324,0.00076898
325,0.000761029
326,0.000756038
327,0.000747179
328,0.000740747
329,0.000741204
330,0.000742059
331,0.000746
332,0.000758474
333,0.000772436
334,0.000786214
335,0.000794762
336,0.000807355
337,0.000828059
338,0.000837651
339,0.000844193
340,0.000868166
341,0.000854528
342,0.000849199
343,0.000940705
344,0.000985808
345,0.000722185
346,0.000559201
347,0.000561871
348,0.000636274
349,0.000720974
350,0.000739135
351,0.000736224
352,0.00074511
353,0.000747919
354,0.000756663
355,0.000758906
356,0.000764375
357,0.000765562
358,0.000777714
359,0.000781818
360,0.000778999
361,0.000772055
362,0.00043527
363,0.00054427
364,0.000666701
365,0.000740919
366,0.00077326
367,0.000764833
368,0.000759213
369,0.000756735
370,0.000753907
371,0.000747483
372,0.000744978
373,0.00074205
374,0.00074417
375,0.000743848
376,0.000751935
377,0.000761359
378,0.00075853
379,0.000755099
380,0.000761292
381,0.000762552
382,0.000867022
383,0.00113565
384,0.00145109
385,0.00143754
386,0.00129336
387,0.00126363
388,0.00125357
389,0.00125131
390,0.00125328
391,0.00124912
392,0.00125168
393,0.00126074
394,0.00127163
395,0.00126608
396,0.00125053
397,0.00124755
398,0.0012487
399,0.00127879
