2,0.901886
3,0.735487
4,0.615398
5,0.521023
6,0.429949
7,0.35112
8,0.286947
9,0.233506
10,0.189474
11,0.151849
12,0.119528
13,0.0921064
14,0.0694945
15,0.0518392
16,0.0386221
17,0.0292708
18,0.0229879
19,0.018845
20,0.0159649
21,0.0138086
22,0.0118909
23,0.01026
24,0.00873652
25,0.00752825
26,0.0064526
27,0.00580756
28,0.0052696
29,0.00501079
30,0.00469694
31,0.00446213
32,0.00417934
33,0.00395189
34,0.00368583
35,0.00348098
36,0.00324884
37,0.00307787
38,0.00286554
39,0.00274302
40,0.00254687
41,0.00249177
42,0.00233879
43,0.00242667
44,0.00245229
45,0.00258345
46,0.00260039
47,0.00260039
48,0.00253559
49,0.00247615
50,0.00237963
51,0.00229772
52,0.00220544
53,0.00212124
54,0.00203612
55,0.00194344
56,0.00186795
57,0.0018174
58,0.00171923
59,0.00163726
60,0.00160242
61,0.00159073
62,0.00154811
63,0.00143768
64,0.00126147
65,0.000871326
66,0.000505421
67,0.000800253
68,0.00108568
69,0.00131358
70,0.00152062
71,0.00172178
72,0.00193593
73,0.00213504
74,0.00230066
75,0.00242669
76,0.0024884
77,0.00248515
78,0.00241
79,0.00224489
80,0.00186442
81,0.00158039
82,0.00146707
83,0.0012971
84,0.00114943
85,0.0010595
86,0.00103085
87,0.00102973
88,0.00105646
89,0.0010799
90,0.0010967
91,0.00110624
92,0.00111465
93,0.00110136
94,0.00108297
95,0.00105583
96,0.00102366
97,0.000976686
98,0.000942612
99,0.000926322
100,0.000959893
101,0.000978439
102,0.00098973
103,0.000946801
104,0.000943826
105,0.000929358
106,0.000942708
107,0.000928611
108,0.000943985
109,0.000922208
110,0.000339865
111,0.000763556
112,0.00092779
113,0.00092857
114,0.000937466
115,0.000956196
116,0.000964348
117,0.000948915
118,0.000917354
119,0.000886106
120,0.0008718
121,0.000858585
122,0.000870524
123,0.000875605
124,0.000880283
125,0.000921923
126,0.000885102
127,0.00088532
128,0.000864718
129,0.000852821
130,0.000852666
131,0.000853709
132,0.000858688
133,0.000851698
134,0.000855831
135,0.000841262
136,0.000150788
137,0.000554811
138,0.000838329
139,0.000832957
140,0.000844535
141,0.000842743
142,0.000854545
143,0.000845686
144,0.000237845
145,0.0007613
146,0.000874177
147,0.000835046
148,0.000839151
149,0.000850683
150,0.000847454
151,0.000858121
152,0.000878431
153,0.000878748
154,0.000871321
155,0.000909651
156,0.000928556
157,0.00093606
158,0.000923709
159,0.000895301
160,0.000875446
161,0.000869591
162,0.000840233
163,0.000829637
164,0.000822747
165,0.000843527
166,0.000860603
167,0.000875226
168,0.00086357
169,0.000867146
170,0.000849238
171,0.000235273
172,0.000570316
173,0.000825852
174,0.000820475
175,0.000834141
176,0.000852302
177,0.000868796
178,0.000850998
179,0.000248053
180,0.000591935
181,0.000811522
182,0.000836432
183,0.000843549
184,0.000820599
185,0.000821175
186,0.000837395
187,0.00089332
188,0.000889915
189,0.000874365
190,0.000870958
191,0.000855165
192,0.000817313
193,0.000823071
194,0.000841325
195,0.000884863
196,0.000930653
197,0.000964626
198,0.000913884
199,0.00037201
200,0.00066256
201,0.000863098
202,0.000832521
203,0.000837062
204,0.000840483
205,0.000846084
206,0.000848041
207,0.000308583
208,0.000592917
209,0.000836265
210,0.000823094
211,0.000819364
212,0.000804932
213,0.000197894
214,0.000639782
215,0.000837756
216,0.000810522
217,0.000798099
218,0.000792719
219,0.000790694
220,0.000789053
221,0.00079642
222,0.000808904
223,0.000785478
224,0.000833516
225,0.000800465
226,0.00078252
227,0.000781378
228,0.000785198
229,0.000804213
230,0.000850366
231,0.000896726
232,0.000910683
233,0.000918355
234,0.000921254
235,0.000920996
236,0.000898074
237,0.000857477
238,0.000822601
239,0.000797572
240,0.000784094
241,0.000786595
242,0.000786903
243,0.000787928
244,0.000791081
245,0.00080297
246,0.000805282
247,0.0008024
248,0.000785248
249,0.000781729
250,0.000778802
251,0.0007845
252,0.000777575
253,0.000776482
254,0.000772294
255,0.000775164
256,0.000773664
257,0.000789175
258,0.000789565
259,0.000236163
260,0.000572977
261,0.000800527
262,0.000808096
263,0.000837435
264,0.000824661
265,0.000786722
266,0.000763376
267,0.00076842
268,0.000767738
269,0.000781306
270,0.000780168
271,0.00020604
272,0.00056422
273,0.0007808
274,0.000782157
275,0.000783655
276,0.000782648
277,0.00079231
278,0.000802158
279,0.000815665
280,0.000802172
281,0.000798416
282,0.000793555
283,0.000797273
284,0.000793837
285,0.000804831
286,0.000802122
287,0.00080052
288,0.000778591
289,0.000218874
290,0.000674538
291,0.000779884
292,0.000782293
293,0.000783052
294,0.000774981
295,0.000782827
296,0.000788214
297,0.000781658
298,0.000795323
299,0.000817755
300,0.000835509
301,0.00081427
302,0.000784651
303,0.000772642
304,0.000771878
305,0.000764737
306,0.000765539
307,0.000762145
308,0.000763537
309,0.000759546
310,0.000764062
311,0.000767972
312,0.00078008
313,0.000779267
314,0.000775268
315,0.000766509
316,0.000808673
317,0.000852338
318,0.000448695
319,0.000739897
320,0.000817345
321,0.000810459
322,0.000795744
323,0.000785301
324,0.00076941
325,0.000762783
326,0.000752569
327,0.000749039
328,0.000740601
329,0.000742129
330,0.00074041
331,0.000747736
332,0.000757392
333,0.000772531
334,0.000783357
335,0.000796751
336,0.0008068
337,0.000828024
338,0.000833666
339,0.000847972
340,0.000865819
341,0.000853302
342,0.000847159
343,0.000939542
344,0.00098015
345,0.000519755
346,0.000681315
347,0.000735435
348,0.000741246
349,0.000739615
350,0.00073851
351,0.000734584
352,0.000744939
353,0.000749989
354,0.000757016
355,0.00075714
356,0.000764584
357,0.00076563
358,0.000779568
359,0.000779539
360,0.000777799
361,0.000768457
362,0.000269245
363,0.000599164
364,0.000769076
365,0.000769467
366,0.000772989
367,0.000763377
368,0.000761225
369,0.000754601
370,0.000754365
371,0.000749932
372,0.000746534
373,0.000740182
374,0.000743466
375,0.000744132
376,0.000752897
377,0.00076094
378,0.000760429
379,0.000755618
380,0.000760649
381,0.000761777
382,0.000965756
383,0.00132871
384,0.00159219
385,0.00145001
386,0.00129179
387,0.00126325
388,0.00125172
389,0.00125043
390,0.00125184
391,0.00125049
392,0.00125306
393,0.00126158
394,0.0012701
395,0.00126593
396,0.00125256
397,0.00124611
398,0.00124908
399,0.00127662
