2,0.812257
3,0.574402
4,0.452631
5,0.333355
6,0.243205
7,0.180954
8,0.128543
9,0.0925607
10,0.0682502
11,0.0470387
12,0.0330479
13,0.0252198
14,0.0201518
15,0.017535
16,0.0150478
17,0.0138062
18,0.0125332
19,0.0105616
20,0.0110537
21,0.0114557
22,0.0100255
23,0.00991858
24,0.00960422
25,0.00848805
26,0.00897521
27,0.00909575
28,0.00841339
29,0.00826486
30,0.00816641
31,0.00822853
32,0.00803349
33,0.00797419
34,0.00825977
35,0.00815988
36,0.00800779
37,0.00796833
38,0.0081773
39,0.00774311
40,0.0076597
41,0.008632
42,0.00732715
43,0.00781205
44,0.00874408
45,0.00787524
46,0.00758425
47,0.00855079
48,0.00805859
49,0.00752392
50,0.00802253
51,0.00829838
52,0.00740834
53,0.00802394
54,0.00801229
55,0.0072356
56,0.00802182
57,0.00768738
58,0.00753078
59,0.00798673
60,0.00749238
61,0.00748168
62,0.0076919
63,0.00710809
64,0.00733767
65,0.00721133
66,0.00750543
67,0.00756422
68,0.00729564
69,0.00723034
70,0.00760735
71,0.00701638
72,0.00731586
73,0.00715955
74,0.00704859
75,0.00712577
76,0.00666472
77,0.00673769
78,0.00691798
79,0.00647037
80,0.00699525
81,0.00682477
82,0.00613113
83,0.00657384
84,0.00647574
85,0.006252
86,0.00678933
87,0.00629104
88,0.00669641
89,0.00651351
90,0.00636567
91,0.00646382
92,0.00638774
93,0.00620287
94,0.00631518
95,0.0062359
96,0.00619267
97,0.00623923
98,0.00620645
99,0.00643291
100,0.00634958
101,0.00593626
102,0.0062454
103,0.00614322
104,0.00599248
105,0.00643483
106,0.00607613
107,0.00616696
108,0.0064429
109,0.00593046
110,0.00586405
111,0.00612594
112,0.00565692
113,0.00575165
114,0.00613216
115,0.00546786
116,0.00570735
117,0.0061074
118,0.00573287
119,0.00567437
120,0.00569877
121,0.00561489
122,0.00566505
123,0.00609164
124,0.00531954
125,0.00608691
126,0.00577997
127,0.00568013
128,0.00561478
129,0.00543552
130,0.00542791
131,0.00540432
132,0.00537184
133,0.00550728
134,0.00557005
135,0.00529861
136,0.00550239
137,0.00547046
138,0.00523158
139,0.00547163
140,0.00540158
141,0.0051081
142,0.00533973
143,0.00554746
144,0.00561828
145,0.00534219
146,0.00530969
147,0.00544397
148,0.00555084
149,0.00565306
150,0.00540005
151,0.00557765
152,0.00582103
153,0.00565434
154,0.00562554
155,0.00549031
156,0.00550019
157,0.0057004
158,0.00562515
159,0.00571052
160,0.00584612
161,0.00545468
162,0.00571686
163,0.00572545
164,0.00534517
165,0.00547221
166,0.00573541
167,0.0054658
168,0.00545313
169,0.00573037
170,0.00538219
171,0.00550446
172,0.00568622
173,0.00546518
174,0.00545732
175,0.00559856
176,0.00515458
177,0.00537818
178,0.00558251
179,0.00534575
180,0.00567044
181,0.00557402
182,0.0055059
183,0.00557406
184,0.00567904
185,0.00530419
186,0.00535171
187,0.00546283
188,0.00551807
189,0.00572911
190,0.00561398
191,0.00532269
192,0.0056389
193,0.00538204
194,0.00528556
195,0.00605551
196,0.00517204
197,0.00549524
198,0.00536021
199,0.00511259
