2,0.945593
3,0.855787
4,0.791362
5,0.737597
6,0.680989
7,0.625589
8,0.57561
9,0.528139
10,0.484024
11,0.445814
12,0.412933
13,0.383033
14,0.356699
15,0.333667
16,0.311805
17,0.29278
18,0.276086
19,0.259949
20,0.24427
21,0.229851
22,0.216039
23,0.202557
24,0.189727
25,0.177358
26,0.164626
27,0.151735
28,0.13895
29,0.126677
30,0.115132
31,0.104929
32,0.0963536
33,0.0889023
34,0.0818601
35,0.075195
36,0.0694569
37,0.0651896
38,0.0620549
39,0.0590528
40,0.0555996
41,0.0518768
42,0.0480371
43,0.044636
44,0.0414738
45,0.0386636
46,0.0358328
47,0.0333075
48,0.0307643
49,0.0277598
50,0.0253481
51,0.0229085
52,0.0208405
53,0.0192242
54,0.0178236
55,0.0163065
56,0.0149638
57,0.0135565
58,0.0117673
59,0.0109149
60,0.0104037
61,0.00926276
62,0.00860045
63,0.00811678
64,0.00700787
65,0.00643219
66,0.00605035
67,0.00552567
68,0.00521966
69,0.00511576
70,0.00495538
71,0.00459091
72,0.00466267
73,0.00419546
74,0.00407127
75,0.00398379
76,0.00369006
77,0.00372509
78,0.00331962
79,0.00321279
80,0.00282466
81,0.00243944
82,0.00255538
83,0.00236922
84,0.00234728
85,0.00299475
86,0.0031639
87,0.00353502
88,0.00414329
89,0.00435383
90,0.00472072
91,0.00494099
92,0.00490761
93,0.00499948
94,0.00498228
95,0.00476809
96,0.00474197
97,0.00448981
98,0.00437999
99,0.00416562
100,0.00399378
101,0.00409315
102,0.00396784
103,0.00380621
104,0.00423051
105,0.00396053
106,0.00393898
107,0.00435497
108,0.00397626
109,0.00424665
110,0.00459437
111,0.00448363
112,0.00470538
113,0.00511152
114,0.00484349
115,0.00515201
116,0.00521102
117,0.00508828
118,0.00499694
119,0.00497841
120,0.0046235
121,0.00419687
122,0.00398027
123,0.00356813
124,0.00297766
125,0.00280758
126,0.00243627
127,0.00246028
128,0.00257993
129,0.00266463
130,0.00328692
131,0.00360089
132,0.00429374
133,0.00473324
134,0.00521723
135,0.00559062
136,0.00577437
137,0.00597884
138,0.00620739
139,0.00584585
140,0.00595719
141,0.00567883
142,0.00524402
143,0.00485719
144,0.00463492
145,0.00394274
146,0.00376039
147,0.0038045
148,0.00330811
149,0.00360717
150,0.00373735
151,0.00368431
152,0.0040042
153,0.00412171
154,0.0040994
155,0.00427414
156,0.00425095
157,0.00398132
158,0.00385374
159,0.00357165
160,0.00318433
161,0.00307905
162,0.00272161
163,0.00244509
164,0.00224186
165,0.00205668
166,0.00194677
167,0.0020147
168,0.00226968
169,0.00260407
170,0.00260384
171,0.00290624
172,0.00316679
173,0.00308862
174,0.00335354
175,0.0034229
176,0.0034384
177,0.00369897
178,0.0038587
179,0.00377106
180,0.00392107
181,0.00396971
182,0.00387417
183,0.00399658
184,0.004021
185,0.00390155
186,0.00415295
187,0.00444175
188,0.00454167
189,0.0048053
190,0.00513323
191,0.00547863
192,0.00570915
193,0.00624405
194,0.0064979
195,0.00683375
196,0.00717849
197,0.007402
198,0.00739834
199,0.00760496
