2,0.00779158
3,0.0186928
4,0.0250459
5,0.0314891
6,0.0366931
7,0.0405995
8,0.0440275
9,0.0466235
10,0.0486083
11,0.0504037
12,0.0517837
13,0.0528276
14,0.0536787
15,0.0543601
16,0.0550315
17,0.055592
18,0.0561384
19,0.0567486
20,0.0571144
21,0.0574788
22,0.0580154
23,0.0584003
24,0.0587754
25,0.0593163
26,0.0596216
27,0.0598447
28,0.060252
29,0.0606375
30,0.0609744
31,0.0612461
32,0.0615396
33,0.0618609
34,0.0619478
35,0.0622219
36,0.0627583
37,0.0628124
38,0.0629064
39,0.0634772
40,0.063562
41,0.0634552
42,0.0639879
43,0.0642813
44,0.0640864
45,0.0645073
46,0.0648999
47,0.0647291
48,0.0650153
49,0.0655303
50,0.0654403
51,0.0655515
52,0.0659772
53,0.0659904
54,0.0661438
55,0.0665179
56,0.0665923
57,0.0667316
58,0.0669458
59,0.0670587
60,0.0673196
61,0.0675136
62,0.0676479
63,0.0678729
64,0.0680373
65,0.0681387
66,0.0683826
67,0.0686242
68,0.0687088
69,0.0688385
70,0.0690653
71,0.0691363
72,0.0692033
73,0.0694464
74,0.0695667
75,0.0695979
76,0.069762
77,0.0698704
78,0.0699207
79,0.0701093
80,0.070369
81,0.0704145
82,0.0704359
83,0.0706242
84,0.0707326
85,0.0708056
86,0.0709959
87,0.0711367
88,0.0711754
89,0.0712863
90,0.0714702
91,0.0715827
92,0.0716134
93,0.0717921
94,0.0719328
95,0.0719882
96,0.0721347
97,0.0722603
98,0.07237
99,0.0725119
100,0.0725736
101,0.0726995
102,0.072782
103,0.0728638
104,0.0730746
105,0.0731242
106,0.0731826
107,0.0733537
108,0.0734
109,0.0734089
110,0.0735848
111,0.0736845
112,0.0736538
113,0.0737876
114,0.0739416
115,0.0738565
116,0.0740037
117,0.0742196
118,0.0741199
119,0.0741427
120,0.0743575
121,0.0743972
122,0.0744891
123,0.0747617
124,0.0747611
125,0.074603
126,0.0747985
127,0.0750627
128,0.0750565
129,0.0751295
130,0.0752948
131,0.0752652
132,0.0753149
133,0.0755506
134,0.0756409
135,0.0756087
136,0.0757325
137,0.0758628
138,0.0759227
139,0.0760413
140,0.0761472
141,0.0761164
142,0.0761772
143,0.0763816
144,0.0764662
145,0.0764465
146,0.0764792
147,0.076573
148,0.076629
149,0.0766921
150,0.0767528
151,0.0767509
152,0.0767758
153,0.076892
154,0.0770261
155,0.0771031
156,0.0771029
157,0.0771332
158,0.0772371
159,0.0772828
160,0.0774193
161,0.0775559
162,0.077476
163,0.0775681
164,0.0777408
165,0.0777355
166,0.0778766
167,0.0780343
168,0.077998
169,0.078061
170,0.0782277
171,0.0782688
172,0.0782964
173,0.0784618
174,0.0784873
175,0.0784227
176,0.0786062
177,0.0787074
178,0.0786668
179,0.078783
180,0.0789001
181,0.0788354
182,0.0788182
183,0.0789176
184,0.0789603
185,0.078972
186,0.0791698
187,0.0792543
188,0.0791269
189,0.0791889
190,0.0793234
191,0.0794063
192,0.0794908
193,0.0795647
194,0.0795366
195,0.0795104
196,0.0797261
197,0.0799038
198,0.0798484
199,0.079885
