2,0.00222041
3,0.00619619
4,0.00932982
5,0.0120861
6,0.0150929
7,0.018106
8,0.0209208
9,0.0236616
10,0.026276
11,0.0285987
12,0.0306583
13,0.0325642
14,0.034314
15,0.0358977
16,0.0374111
17,0.0387893
18,0.040042
19,0.0412092
20,0.0423715
21,0.0434977
22,0.0445983
23,0.0456819
24,0.0467323
25,0.047721
26,0.0487438
27,0.0498142
28,0.0508907
29,0.0519244
30,0.0529516
31,0.0538928
32,0.0547811
33,0.0556234
34,0.0564195
35,0.0572011
36,0.0579138
37,0.0585152
38,0.0590094
39,0.0594854
40,0.0599483
41,0.0604204
42,0.060907
43,0.0614141
44,0.0618452
45,0.0622434
46,0.0626144
47,0.0629667
48,0.0633198
49,0.0636962
50,0.0640557
51,0.0643949
52,0.0646973
53,0.0649684
54,0.0652041
55,0.0654369
56,0.0656683
57,0.0659153
58,0.0661675
59,0.0663841
60,0.0665732
61,0.0667701
62,0.0669389
63,0.0671113
64,0.0673076
65,0.0675061
66,0.0676822
67,0.0678596
68,0.0680241
69,0.0681628
70,0.0683171
71,0.0684655
72,0.0686225
73,0.0687876
74,0.0689574
75,0.0691295
76,0.0692977
77,0.0694793
78,0.0696498
79,0.06984
80,0.0700232
81,0.0702171
82,0.0704155
83,0.0706132
84,0.0708044
85,0.0709915
86,0.0711825
87,0.0713518
88,0.071517
89,0.0716792
90,0.0718194
91,0.0719547
92,0.072082
93,0.072191
94,0.0722834
95,0.0723839
96,0.0724477
97,0.0725248
98,0.0725885
99,0.0726473
100,0.0727056
101,0.0727694
102,0.072832
103,0.0728859
104,0.0729491
105,0.0729888
106,0.0730299
107,0.0730688
108,0.073102
109,0.0731352
110,0.0731802
111,0.0732232
112,0.0732695
113,0.0733251
114,0.0733874
115,0.0734619
116,0.0735473
117,0.0736447
118,0.0737562
119,0.0738687
120,0.0739968
121,0.0741207
122,0.0742567
123,0.0743921
124,0.0745309
125,0.0746812
126,0.0748239
127,0.0749736
128,0.0751174
129,0.0752715
130,0.0754084
131,0.0755559
132,0.0756868
133,0.0758202
134,0.0759348
135,0.0760557
136,0.0761573
137,0.0762571
138,0.076345
139,0.07642
140,0.0764885
141,0.0765468
142,0.0765921
143,0.0766268
144,0.0766475
145,0.0766641
146,0.076659
147,0.0766623
148,0.0766405
149,0.0766224
150,0.0766098
151,0.0766039
152,0.0766005
153,0.076613
154,0.0766372
155,0.0766755
156,0.0767346
157,0.0768029
158,0.0768903
159,0.0769923
160,0.0770979
161,0.0772184
162,0.0773459
163,0.0774719
164,0.0776046
165,0.0777347
166,0.0778574
167,0.0779814
168,0.0781125
169,0.0782304
170,0.0783527
171,0.0784681
172,0.0785766
173,0.0786734
174,0.0787664
175,0.0788487
176,0.0789113
177,0.0789656
178,0.0790051
179,0.0790238
180,0.079033
181,0.0790232
182,0.0789931
183,0.0789517
184,0.0789143
185,0.0788511
186,0.0788137
187,0.0787659
188,0.0787262
189,0.0787115
190,0.0787208
191,0.0787147
192,0.0787516
193,0.078812
194,0.078866
195,0.0789538
196,0.079021
197,0.079101
198,0.0791986
199,0.079275
