2,0.946435
3,0.858918
4,0.796107
5,0.744145
6,0.688725
7,0.634736
8,0.585942
9,0.539529
10,0.496282
11,0.459168
12,0.427392
13,0.398679
14,0.373057
15,0.350538
16,0.329336
17,0.31064
18,0.294138
19,0.279146
20,0.264216
21,0.249898
22,0.236015
23,0.222397
24,0.209352
25,0.197326
26,0.184688
27,0.171295
28,0.157766
29,0.144943
30,0.132273
31,0.120944
32,0.110513
33,0.100789
34,0.0917935
35,0.0830375
36,0.0753303
37,0.0694191
38,0.0651195
39,0.0610924
40,0.0572061
41,0.0531452
42,0.0488039
43,0.0440839
44,0.0405911
45,0.0375169
46,0.0347989
47,0.0324225
48,0.0299579
49,0.0270335
50,0.0244847
51,0.0221937
52,0.0203532
53,0.0189242
54,0.0181067
55,0.0170195
56,0.0161291
57,0.0151766
58,0.0136084
59,0.0129067
60,0.0126515
61,0.0118627
62,0.0116335
63,0.0115963
64,0.0107446
65,0.00996059
66,0.00987983
67,0.00919873
68,0.00877174
69,0.00907892
70,0.00862385
71,0.00838707
72,0.00829537
73,0.00774595
74,0.00713114
75,0.00682206
76,0.00620304
77,0.00546488
78,0.00514555
79,0.00439388
80,0.00376015
81,0.00328929
82,0.0028793
83,0.0035252
84,0.00366429
85,0.0041333
86,0.00529622
87,0.00552458
88,0.00618363
89,0.00701308
90,0.00701964
91,0.00748908
92,0.00777195
93,0.00763551
94,0.00779185
95,0.00751361
96,0.00710153
97,0.00703048
98,0.00647093
99,0.00613728
100,0.00588098
101,0.00554752
102,0.00534724
103,0.00525967
104,0.0051001
105,0.00508081
106,0.00523845
107,0.0055616
108,0.00574487
109,0.00626336
110,0.00670232
111,0.00701885
112,0.00753208
113,0.00796299
114,0.00807301
115,0.00836349
116,0.00841256
117,0.00832306
118,0.00811326
119,0.00786457
120,0.00751138
121,0.00729808
122,0.00674986
123,0.00647448
124,0.0060909
125,0.00560656
126,0.00573402
127,0.00546294
128,0.00542941
129,0.00570882
130,0.00575312
131,0.0060823
132,0.00648526
133,0.00677263
134,0.00707981
135,0.00744931
136,0.00748966
137,0.00773265
138,0.00785956
139,0.00766391
140,0.00772594
141,0.00761367
142,0.00733133
143,0.00717858
144,0.00710647
145,0.00651876
146,0.00650349
147,0.00648483
148,0.0060446
149,0.00612877
150,0.00625178
151,0.00600091
152,0.00635632
153,0.00678928
154,0.00672516
155,0.0073036
156,0.00727719
157,0.00711369
158,0.00705681
159,0.00660629
160,0.00604602
161,0.00572143
162,0.0047954
163,0.00434555
164,0.00390136
165,0.00350857
166,0.00332191
167,0.00330417
168,0.00334804
169,0.00346069
170,0.00376393
171,0.00419547
172,0.00473364
173,0.00494297
174,0.00532845
175,0.00558863
176,0.00561873
177,0.00556306
178,0.00558187
179,0.00506819
180,0.00472722
181,0.00459892
182,0.00388562
183,0.00408077
184,0.00442732
185,0.00491774
186,0.00568689
187,0.00698043
188,0.00759771
189,0.00864497
190,0.00920023
191,0.00987572
192,0.0100873
193,0.0101497
194,0.0100573
195,0.00971621
196,0.00961115
197,0.00928611
198,0.00877431
199,0.00863951
