2,0.947921
3,0.862472
4,0.801998
5,0.751223
6,0.696892
7,0.643502
8,0.596439
9,0.551087
10,0.507922
11,0.471543
12,0.440989
13,0.413082
14,0.388351
15,0.366394
16,0.34561
17,0.326831
18,0.31087
19,0.29652
20,0.282264
21,0.268798
22,0.254843
23,0.241
24,0.227457
25,0.214996
26,0.202034
27,0.188693
28,0.174897
29,0.16129
30,0.147647
31,0.135171
32,0.12352
33,0.112586
34,0.102138
35,0.0919298
36,0.0821525
37,0.0738897
38,0.0677393
39,0.0628395
40,0.0585218
41,0.0543902
42,0.0498197
43,0.0448577
44,0.0409271
45,0.0373275
46,0.0343576
47,0.031678
48,0.0295928
49,0.0271087
50,0.0249549
51,0.0226654
52,0.0211362
53,0.0201477
54,0.0196352
55,0.0196224
56,0.0189677
57,0.0185865
58,0.0174928
59,0.016807
60,0.0166687
61,0.016048
62,0.0160899
63,0.015955
64,0.0155144
65,0.0146625
66,0.0141774
67,0.0134437
68,0.012671
69,0.0125407
70,0.0118455
71,0.0111688
72,0.0105446
73,0.00957189
74,0.00836658
75,0.00750066
76,0.0064951
77,0.00549878
78,0.00481136
79,0.00412944
80,0.00352251
81,0.00390259
82,0.0040738
83,0.00468348
84,0.00576725
85,0.00605814
86,0.00729165
87,0.00774987
88,0.00782141
89,0.00817942
90,0.00848037
91,0.00875729
92,0.00858168
93,0.00797758
94,0.00738843
95,0.0071374
96,0.00659827
97,0.00592624
98,0.00526775
99,0.00514001
100,0.00452943
101,0.00465698
102,0.00421345
103,0.00451484
104,0.00454907
105,0.00439851
106,0.00488577
107,0.00507691
108,0.00520626
109,0.0056141
110,0.00601963
111,0.00618127
112,0.00682731
113,0.00706938
114,0.00752881
115,0.00790076
116,0.0080882
117,0.00789999
118,0.00808336
119,0.00792728
120,0.00779164
121,0.00773931
122,0.00750508
123,0.00699809
124,0.00758277
125,0.00653416
126,0.00692005
127,0.00657969
128,0.00628807
129,0.00670509
130,0.0067461
131,0.00678276
132,0.00713718
133,0.00731945
134,0.0074591
135,0.00784392
136,0.00802951
137,0.00842782
138,0.00883007
139,0.00922956
140,0.0096816
141,0.0100456
142,0.0103016
143,0.010578
144,0.0107318
145,0.0108203
146,0.0107913
147,0.0108911
148,0.0107477
149,0.0108054
150,0.0107849
151,0.0105918
152,0.010278
153,0.0103013
154,0.0100353
155,0.0099865
156,0.0100405
157,0.00951307
158,0.00972248
159,0.00939151
160,0.0092251
161,0.00936523
162,0.00929988
163,0.00940081
164,0.00942175
165,0.00946482
166,0.00936118
167,0.0091847
168,0.00905219
169,0.00877773
170,0.00860175
171,0.00844649
172,0.00825555
173,0.00809784
174,0.00810166
175,0.00776579
176,0.00770918
177,0.00752156
178,0.00727103
179,0.00724562
180,0.00695043
181,0.00710948
182,0.00709331
183,0.00696706
184,0.00753264
185,0.00796881
186,0.00834163
187,0.00959053
188,0.0100446
189,0.010988
190,0.0117993
191,0.0123992
192,0.0132874
193,0.0132171
194,0.013069
195,0.0124176
196,0.0120185
197,0.0111433
198,0.0100888
199,0.00950447
