2,0.00215938
3,0.00604069
4,0.00906132
5,0.011752
6,0.0146967
7,0.017672
8,0.0203902
9,0.0230668
10,0.0256685
11,0.0279433
12,0.0299291
13,0.0317834
14,0.0334746
15,0.0350199
16,0.0365017
17,0.0378762
18,0.0390919
19,0.0402131
20,0.0413304
21,0.0423993
22,0.043496
23,0.044586
24,0.0456577
25,0.0466666
26,0.0477026
27,0.0487634
28,0.0498519
29,0.0509272
30,0.0520097
31,0.053017
32,0.0539753
33,0.0548915
34,0.055773
35,0.0566422
36,0.0574832
37,0.0582294
38,0.0588416
39,0.0593726
40,0.0598639
41,0.0603415
42,0.0608427
43,0.0613678
44,0.0618268
45,0.0622595
46,0.0626483
47,0.0630165
48,0.0633436
49,0.0636954
50,0.0640325
51,0.0643554
52,0.0646478
53,0.0648826
54,0.0650953
55,0.0652754
56,0.0654696
57,0.0656766
58,0.0659016
59,0.066103
60,0.0662803
61,0.0664671
62,0.0666192
63,0.0667826
64,0.0669576
65,0.0671579
66,0.0673467
67,0.0675385
68,0.067726
69,0.0678896
70,0.0680721
71,0.0682504
72,0.0684429
73,0.0686404
74,0.0688545
75,0.0690608
76,0.069271
77,0.0694879
78,0.0696977
79,0.069922
80,0.0701396
81,0.0703541
82,0.0705717
83,0.0707748
84,0.0709814
85,0.0711608
86,0.0713515
87,0.071505
88,0.0716647
89,0.0718066
90,0.0719253
91,0.0720449
92,0.0721349
93,0.0722278
94,0.0722892
95,0.0723586
96,0.0724043
97,0.072456
98,0.0724964
99,0.0725425
100,0.0725857
101,0.0726341
102,0.072693
103,0.0727462
104,0.0728241
105,0.0728825
106,0.0729605
107,0.0730226
108,0.073093
109,0.0731554
110,0.0732106
111,0.0732679
112,0.0733125
113,0.0733698
114,0.0734248
115,0.0734955
116,0.0735676
117,0.073671
118,0.073769
119,0.0738819
120,0.0739991
121,0.0741226
122,0.0742483
123,0.0743833
124,0.074525
125,0.0746653
126,0.0748106
127,0.0749584
128,0.0750949
129,0.0752415
130,0.0753725
131,0.0755065
132,0.0756329
133,0.0757507
134,0.075858
135,0.0759571
136,0.0760449
137,0.0761185
138,0.0761945
139,0.0762546
140,0.0763198
141,0.0763842
142,0.0764391
143,0.0765071
144,0.0765682
145,0.0766357
146,0.0766972
147,0.0767616
148,0.0768211
149,0.0768761
150,0.0769346
151,0.0769868
152,0.0770409
153,0.0770938
154,0.0771455
155,0.0771995
156,0.0772507
157,0.0773096
158,0.0773641
159,0.0774298
160,0.0774875
161,0.0775487
162,0.0776089
163,0.0776705
164,0.0777421
165,0.0778139
166,0.0778974
167,0.077974
168,0.0780708
169,0.0781497
170,0.0782389
171,0.0783106
172,0.078386
173,0.078438
174,0.0784892
175,0.0785248
176,0.0785556
177,0.0785829
178,0.0786042
179,0.0786237
180,0.0786376
181,0.0786573
182,0.078663
183,0.0786639
184,0.0786499
185,0.0786183
186,0.0785881
187,0.078551
188,0.078539
189,0.0785159
190,0.0785108
191,0.0785096
192,0.0784974
193,0.0785612
194,0.0786247
195,0.0787321
196,0.078831
197,0.0789559
198,0.0790968
199,0.0792065
