2,0.947854
3,0.863392
4,0.804483
5,0.755836
6,0.703011
7,0.650583
8,0.604649
9,0.561038
10,0.519215
11,0.483337
12,0.452722
13,0.425871
14,0.402214
15,0.381355
16,0.361401
17,0.342816
18,0.326647
19,0.312429
20,0.298583
21,0.285747
22,0.272746
23,0.258489
24,0.244308
25,0.231042
26,0.217865
27,0.204307
28,0.190741
29,0.1764
30,0.162023
31,0.148406
32,0.135395
33,0.12302
34,0.111304
35,0.100291
36,0.0892379
37,0.0789906
38,0.0704934
39,0.0637862
40,0.058036
41,0.0533117
42,0.0487917
43,0.0441858
44,0.0399181
45,0.0363369
46,0.0333541
47,0.03095
48,0.0293546
49,0.0277318
50,0.026216
51,0.0250296
52,0.0236213
53,0.0231219
54,0.0229702
55,0.0234784
56,0.0236479
57,0.0239022
58,0.0236556
59,0.0233113
60,0.0231448
61,0.0227975
62,0.0228614
63,0.022505
64,0.0221786
65,0.0211071
66,0.0199941
67,0.0186309
68,0.0172263
69,0.0159399
70,0.0143459
71,0.0129594
72,0.0112408
73,0.00964827
74,0.00765468
75,0.00623428
76,0.00455351
77,0.00389008
78,0.00398606
79,0.00453643
80,0.00620587
81,0.00694461
82,0.00810737
83,0.00902207
84,0.0100352
85,0.0105311
86,0.0108787
87,0.0109183
88,0.0105013
89,0.00985018
90,0.00904477
91,0.00826372
92,0.00791648
93,0.00649539
94,0.00565586
95,0.00520764
96,0.00460901
97,0.00469083
98,0.00410176
99,0.00473792
100,0.00477236
101,0.00474386
102,0.00496736
103,0.0047486
104,0.00433679
105,0.00423711
106,0.00370769
107,0.00354949
108,0.00321279
109,0.00342965
110,0.00324898
111,0.00330714
112,0.00392064
113,0.00374331
114,0.00409721
115,0.00458649
116,0.00486616
117,0.00562156
118,0.00594366
119,0.00607383
120,0.00649992
121,0.00706403
122,0.00678331
123,0.00704603
124,0.00685807
125,0.0064139
126,0.00651406
127,0.00558883
128,0.00584219
129,0.00568221
130,0.00514832
131,0.00538199
132,0.00487392
133,0.00480223
134,0.00473279
135,0.0048545
136,0.00508454
137,0.00516014
138,0.00555438
139,0.00558486
140,0.00586037
141,0.00608845
142,0.00620134
143,0.00652483
144,0.00680518
145,0.00696404
146,0.00742973
147,0.0077178
148,0.00773987
149,0.00803119
150,0.00783883
151,0.00838768
152,0.00831953
153,0.0082488
154,0.00849983
155,0.00841738
156,0.00836478
157,0.00823529
158,0.00837763
159,0.00805568
160,0.00823811
161,0.00814933
162,0.00802868
163,0.00820595
164,0.00792004
165,0.00810705
166,0.00802654
167,0.00791536
168,0.00802588
169,0.00793422
170,0.00791568
171,0.00790556
172,0.00794024
173,0.00767393
174,0.00775311
175,0.00742677
176,0.00744292
177,0.00730821
178,0.00739103
179,0.00716948
180,0.00709984
181,0.00749296
182,0.00735369
183,0.00807214
184,0.00861097
185,0.00912038
186,0.010609
187,0.0120635
188,0.0133453
189,0.0150892
190,0.0162951
191,0.0170335
192,0.0174686
193,0.0166597
194,0.0158077
195,0.0149598
196,0.0145052
197,0.013109
198,0.0113365
199,0.0102685
