2,0.00216192
3,0.00600057
4,0.00894755
5,0.0115339
6,0.0144003
7,0.0173208
8,0.0199752
9,0.0225554
10,0.025079
11,0.0273198
12,0.0293017
13,0.0310907
14,0.0327168
15,0.0341941
16,0.0356213
17,0.0369778
18,0.0381975
19,0.0393052
20,0.040392
21,0.041418
22,0.0424535
23,0.0435609
24,0.0446649
25,0.0457163
26,0.0467599
27,0.0478295
28,0.0488984
29,0.0500142
30,0.0511363
31,0.0522097
32,0.0532492
33,0.0542501
34,0.0552101
35,0.0561254
36,0.0570451
37,0.057915
38,0.058672
39,0.0593166
40,0.0598961
41,0.0604095
42,0.0609052
43,0.0614112
44,0.0618847
45,0.0623164
46,0.0627168
47,0.063057
48,0.0633596
49,0.0636501
50,0.0639325
51,0.0641986
52,0.0644687
53,0.0646696
54,0.0648567
55,0.0649933
56,0.0651419
57,0.0652973
58,0.06547
59,0.0656571
60,0.0658251
61,0.0660038
62,0.0661513
63,0.0663294
64,0.0664992
65,0.0667128
66,0.0669383
67,0.0671735
68,0.0674102
69,0.0676447
70,0.0678949
71,0.0681307
72,0.0683934
73,0.0686486
74,0.068924
75,0.0691928
76,0.0694661
77,0.0697399
78,0.0699989
79,0.070254
80,0.0704941
81,0.0707242
82,0.07094
83,0.0711442
84,0.0713258
85,0.0714903
86,0.0716322
87,0.0717444
88,0.071831
89,0.0719051
90,0.0719538
91,0.071994
92,0.0720214
93,0.0720298
94,0.072043
95,0.0720598
96,0.0720539
97,0.0720825
98,0.0721036
99,0.0721501
100,0.072196
101,0.0722798
102,0.0723744
103,0.0724688
104,0.0726093
105,0.0727239
106,0.0728633
107,0.0729862
108,0.0731251
109,0.0732481
110,0.0733566
111,0.0734809
112,0.0735606
113,0.0736598
114,0.0737259
115,0.0737982
116,0.0738606
117,0.0739131
118,0.0739727
119,0.0740229
120,0.0740827
121,0.0741369
122,0.0742216
123,0.0742982
124,0.0744069
125,0.0745131
126,0.0746282
127,0.074757
128,0.0748651
129,0.0750084
130,0.0751179
131,0.075264
132,0.0753779
133,0.0755155
134,0.0756408
135,0.0757562
136,0.0758826
137,0.0759782
138,0.0760939
139,0.0761727
140,0.0762685
141,0.0763409
142,0.0764173
143,0.0764745
144,0.0765308
145,0.0765765
146,0.0766137
147,0.0766508
148,0.0766844
149,0.0767405
150,0.0768005
151,0.0768744
152,0.0769481
153,0.0770237
154,0.0771019
155,0.0771813
156,0.0772772
157,0.0773666
158,0.0774596
159,0.077548
160,0.0776299
161,0.0777173
162,0.0777963
163,0.0778823
164,0.0779723
165,0.0780542
166,0.0781445
167,0.0782169
168,0.0782991
169,0.0783667
170,0.0784372
171,0.0785024
172,0.0785506
173,0.0785994
174,0.0786358
175,0.0786799
176,0.0786988
177,0.0787231
178,0.0787286
179,0.0787233
180,0.078715
181,0.0786977
182,0.078664
183,0.078613
184,0.078561
185,0.0784847
186,0.078418
187,0.0783161
188,0.0782572
189,0.0781839
190,0.0781365
191,0.0781358
192,0.0781572
193,0.0782799
194,0.0784044
195,0.0785301
196,0.0786274
197,0.0787964
198,0.0789956
199,0.0791461
