2,0.946634
3,0.860772
4,0.80214
5,0.754252
6,0.702621
7,0.650559
8,0.605773
9,0.564719
10,0.526047
11,0.491826
12,0.463176
13,0.437712
14,0.415351
15,0.395993
16,0.377853
17,0.360452
18,0.344828
19,0.330416
20,0.317122
21,0.304569
22,0.292217
23,0.278379
24,0.263707
25,0.249541
26,0.235322
27,0.220773
28,0.205718
29,0.190518
30,0.175108
31,0.160031
32,0.145655
33,0.132317
34,0.119497
35,0.107456
36,0.0956861
37,0.0843604
38,0.0739731
39,0.0651934
40,0.0586444
41,0.053742
42,0.0491224
43,0.0444749
44,0.0402407
45,0.0364965
46,0.0331679
47,0.0309767
48,0.0297135
49,0.0284937
50,0.0278276
51,0.0270738
52,0.0264279
53,0.0260835
54,0.0262385
55,0.0268214
56,0.0275238
57,0.0286238
58,0.0287017
59,0.0286092
60,0.028537
61,0.0281829
62,0.0278748
63,0.0273738
64,0.0266872
65,0.0255399
66,0.0241458
67,0.0227564
68,0.0208029
69,0.019127
70,0.0170171
71,0.0149474
72,0.0131829
73,0.0110238
74,0.00984787
75,0.00840398
76,0.00785367
77,0.00783462
78,0.0072444
79,0.0085463
80,0.00891244
81,0.0101068
82,0.0110649
83,0.0118173
84,0.0126377
85,0.012734
86,0.0129446
87,0.0125636
88,0.0117971
89,0.0109148
90,0.00962702
91,0.00855422
92,0.00719021
93,0.00599661
94,0.00547467
95,0.00468489
96,0.00556631
97,0.00560379
98,0.00658662
99,0.00745915
100,0.0075717
101,0.00792617
102,0.00740329
103,0.00710813
104,0.00643116
105,0.00562228
106,0.00528098
107,0.00403549
108,0.00408713
109,0.00328192
110,0.00302542
111,0.00323329
112,0.00267429
113,0.00332573
114,0.0032114
115,0.00358915
116,0.00401093
117,0.00399028
118,0.0044689
119,0.00466936
120,0.00519725
121,0.00550577
122,0.00584025
123,0.0062224
124,0.00644355
125,0.00670899
126,0.0068173
127,0.00681057
128,0.00666042
129,0.00636366
130,0.0060883
131,0.0055573
132,0.0052053
133,0.0048976
134,0.00451927
135,0.00451824
136,0.0045217
137,0.00476273
138,0.00516011
139,0.00567557
140,0.00619411
141,0.0066758
142,0.00714277
143,0.00749561
144,0.0076573
145,0.00787216
146,0.00800133
147,0.00816452
148,0.00816442
149,0.00845435
150,0.00835993
151,0.00861821
152,0.00855159
153,0.00857631
154,0.00864983
155,0.00862146
156,0.00866262
157,0.00872758
158,0.00878999
159,0.00888867
160,0.00890551
161,0.00888446
162,0.00896649
163,0.00898632
164,0.0089354
165,0.00889269
166,0.0088369
167,0.00867752
168,0.0085418
169,0.0084143
170,0.00830976
171,0.00821955
172,0.0082204
173,0.0081453
174,0.00806767
175,0.0079713
176,0.00795867
177,0.00805395
178,0.00803242
179,0.0081945
180,0.00809381
181,0.0082015
182,0.0083802
183,0.00869756
184,0.00951167
185,0.01044
186,0.0120524
187,0.0133581
188,0.0145528
189,0.0151893
190,0.0158198
191,0.0160283
192,0.0162689
193,0.0161173
194,0.0157929
195,0.0153354
196,0.0147443
197,0.0139912
198,0.0128732
199,0.0117347
