2,0.00221291
3,0.00611481
4,0.00905339
5,0.0116086
6,0.0144185
7,0.0173203
8,0.019918
9,0.0223652
10,0.0247201
11,0.0268697
12,0.0287387
13,0.0304467
14,0.0319956
15,0.0333807
16,0.0347009
17,0.0359821
18,0.0371625
19,0.0382747
20,0.0393214
21,0.040324
22,0.0413147
23,0.0423896
24,0.0435165
25,0.0446135
26,0.0457133
27,0.046837
28,0.0479905
29,0.0491543
30,0.0503354
31,0.0514952
32,0.0526151
33,0.0536731
34,0.0546989
35,0.0556787
36,0.0566398
37,0.0575777
38,0.0584547
39,0.0592293
40,0.0598666
41,0.0603886
42,0.0608986
43,0.0614051
44,0.0618764
45,0.0623279
46,0.0627354
47,0.0630749
48,0.0633486
49,0.0636092
50,0.0638413
51,0.0640676
52,0.0643015
53,0.0644947
54,0.0646584
55,0.0647967
56,0.0649035
57,0.0650023
58,0.0651542
59,0.0653163
60,0.0654797
61,0.0656553
62,0.0658348
63,0.0660193
64,0.0662204
65,0.0664479
66,0.0666937
67,0.0669469
68,0.0672193
69,0.0674907
70,0.0677828
71,0.0680751
72,0.0683722
73,0.0686708
74,0.0689662
75,0.0692678
76,0.0695511
77,0.0698421
78,0.0701139
79,0.0703742
80,0.0706252
81,0.070857
82,0.0710736
83,0.0712724
84,0.0714512
85,0.071597
86,0.0717261
87,0.0718163
88,0.0718785
89,0.071919
90,0.0719278
91,0.071922
92,0.0719083
93,0.071885
94,0.0718643
95,0.0718446
96,0.0718333
97,0.0718218
98,0.0718431
99,0.071878
100,0.0719471
101,0.0720371
102,0.0721611
103,0.0722892
104,0.0724459
105,0.0726042
106,0.0727705
107,0.0729351
108,0.0731039
109,0.0732635
110,0.0734196
111,0.0735615
112,0.0736921
113,0.073805
114,0.0738989
115,0.0739826
116,0.0740504
117,0.0741004
118,0.0741436
119,0.0741747
120,0.0742061
121,0.0742275
122,0.0742643
123,0.0743014
124,0.0743474
125,0.0744089
126,0.0744841
127,0.0745714
128,0.0746686
129,0.0747849
130,0.0749048
131,0.0750391
132,0.0751787
133,0.0753214
134,0.0754582
135,0.0755938
136,0.075724
137,0.0758425
138,0.0759561
139,0.0760644
140,0.076155
141,0.0762586
142,0.0763432
143,0.0764419
144,0.0765302
145,0.0766304
146,0.0767207
147,0.0768121
148,0.0768998
149,0.0769787
150,0.0770538
151,0.0771251
152,0.0771906
153,0.0772644
154,0.0773269
155,0.0774037
156,0.0774769
157,0.07756
158,0.0776364
159,0.077718
160,0.0777974
161,0.0778768
162,0.0779568
163,0.0780292
164,0.0781072
165,0.0781705
166,0.078231
167,0.0782775
168,0.0783172
169,0.078347
170,0.0783722
171,0.0783964
172,0.0784203
173,0.0784467
174,0.0784638
175,0.0784774
176,0.0784682
177,0.078451
178,0.0784171
179,0.0784073
180,0.0783954
181,0.0783979
182,0.0783838
183,0.0783749
184,0.0783425
185,0.0783029
186,0.0782394
187,0.0781928
188,0.07816
189,0.0781641
190,0.0781777
191,0.0782155
192,0.0782534
193,0.0783255
194,0.0784043
195,0.078499
196,0.0786057
197,0.0787236
198,0.0788735
199,0.0790259
