2,0.946633
3,0.865046
4,0.809506
5,0.758002
6,0.70159
7,0.650431
8,0.607785
9,0.567476
10,0.530507
11,0.499387
12,0.472243
13,0.447948
14,0.427498
15,0.409329
16,0.392427
17,0.377118
18,0.362502
19,0.348355
20,0.336123
21,0.324579
22,0.312313
23,0.299341
24,0.285862
25,0.271211
26,0.255622
27,0.239608
28,0.223386
29,0.206113
30,0.189371
31,0.172691
32,0.156584
33,0.141182
34,0.126748
35,0.11266
36,0.0998784
37,0.0879451
38,0.0771424
39,0.0677526
40,0.0600839
41,0.0542994
42,0.0494329
43,0.0451808
44,0.0411542
45,0.037303
46,0.0341165
47,0.0314261
48,0.0298055
49,0.0287242
50,0.0281588
51,0.027798
52,0.0275035
53,0.0273799
54,0.0273646
55,0.0279495
56,0.0284795
57,0.0291135
58,0.0296083
59,0.0298379
60,0.0300841
61,0.0300553
62,0.0298157
63,0.029348
64,0.0285417
65,0.0274595
66,0.0261199
67,0.0246559
68,0.0229016
69,0.0208985
70,0.0189584
71,0.0166967
72,0.0148648
73,0.0126736
74,0.0108627
75,0.00968209
76,0.00781409
77,0.0081565
78,0.0068261
79,0.00725307
80,0.00757971
81,0.00774414
82,0.00879736
83,0.00921376
84,0.00996783
85,0.0103364
86,0.0102109
87,0.0105165
88,0.0099289
89,0.00977274
90,0.00870329
91,0.00818484
92,0.00768105
93,0.00733408
94,0.00763571
95,0.00729612
96,0.00754381
97,0.00750147
98,0.00735513
99,0.00785156
100,0.00737299
101,0.00798551
102,0.00786834
103,0.00826927
104,0.00841249
105,0.00819366
106,0.00845299
107,0.00789849
108,0.00805565
109,0.00773596
110,0.0074562
111,0.00752599
112,0.00727616
113,0.00740007
114,0.00722156
115,0.00708446
116,0.00693479
117,0.00660131
118,0.00645117
119,0.00614539
120,0.00596607
121,0.00570904
122,0.00564845
123,0.0056922
124,0.00548218
125,0.00562435
126,0.00551981
127,0.00545395
128,0.00538119
129,0.00514443
130,0.00473541
131,0.00426226
132,0.00389051
133,0.00351973
134,0.00309899
135,0.00310558
136,0.00291655
137,0.00330846
138,0.00343074
139,0.00375084
140,0.00408943
141,0.00441672
142,0.00471412
143,0.00501214
144,0.00516723
145,0.00540904
146,0.00544253
147,0.00565552
148,0.00578512
149,0.00591426
150,0.00596793
151,0.00597842
152,0.00588398
153,0.00573972
154,0.00565872
155,0.00558812
156,0.00557737
157,0.00561964
158,0.00578761
159,0.00590519
160,0.00622329
161,0.00636131
162,0.00656169
163,0.00668616
164,0.0068783
165,0.00697451
166,0.00716703
167,0.00714944
168,0.00717628
169,0.00706917
170,0.00703431
171,0.00689882
172,0.00684916
173,0.00656034
174,0.00634948
175,0.00612664
176,0.00598179
177,0.00581556
178,0.00577958
179,0.00589575
180,0.00604219
181,0.00641461
182,0.00696122
183,0.00768118
184,0.00880259
185,0.0101047
186,0.0117206
187,0.013221
188,0.0145342
189,0.0151951
190,0.0155977
191,0.0158129
192,0.0161288
193,0.0161176
194,0.0160496
195,0.0156275
196,0.0152204
197,0.0148473
198,0.0142147
199,0.0135281
