2,0.00221305
3,0.00592699
4,0.00871599
5,0.0114309
6,0.014468
7,0.0173263
8,0.0198149
9,0.0222218
10,0.0244868
11,0.026468
12,0.0282512
13,0.0298914
14,0.0313287
15,0.0326427
16,0.033887
17,0.0350429
18,0.0361593
19,0.037248
20,0.0382266
21,0.0391633
22,0.0401415
23,0.0411594
24,0.0422077
25,0.0433269
26,0.0445029
27,0.0457073
28,0.0469271
29,0.0482132
30,0.0494706
31,0.0507277
32,0.0519504
33,0.0531351
34,0.0542602
35,0.0553661
36,0.0563924
37,0.0573649
38,0.0582686
39,0.0590821
40,0.0597853
41,0.0603697
42,0.0608866
43,0.0613708
44,0.0618292
45,0.0622813
46,0.0626852
47,0.0630458
48,0.0633495
49,0.0635958
50,0.0638151
51,0.0640164
52,0.0642048
53,0.0643956
54,0.0645584
55,0.0646948
56,0.0648208
57,0.0649429
58,0.065077
59,0.0652138
60,0.0653613
61,0.0655146
62,0.0656873
63,0.0658746
64,0.066074
65,0.0663051
66,0.0665416
67,0.0667948
68,0.0670614
69,0.0673434
70,0.067634
71,0.0679308
72,0.0682188
73,0.0685203
74,0.0688066
75,0.0691002
76,0.0693749
77,0.0696526
78,0.0699134
79,0.070167
80,0.0704124
81,0.0706492
82,0.0708692
83,0.0710513
84,0.0712289
85,0.0713799
86,0.0715103
87,0.0716276
88,0.0717187
89,0.0717899
90,0.07182
91,0.0718372
92,0.0718389
93,0.0718506
94,0.0718742
95,0.0719109
96,0.0719516
97,0.0720028
98,0.0720661
99,0.072141
100,0.0722266
101,0.0723069
102,0.0723874
103,0.0724628
104,0.072551
105,0.0726459
106,0.0727471
107,0.0728631
108,0.0729745
109,0.0730964
110,0.0732056
111,0.0733231
112,0.0734315
113,0.0735319
114,0.0736208
115,0.0737011
116,0.0737838
117,0.0738605
118,0.0739392
119,0.0740091
120,0.074073
121,0.0741437
122,0.0742131
123,0.0742895
124,0.0743644
125,0.0744444
126,0.0745225
127,0.0746022
128,0.0746935
129,0.074791
130,0.0749074
131,0.0750304
132,0.0751523
133,0.0752703
134,0.0754071
135,0.0755205
136,0.0756588
137,0.0757764
138,0.0759006
139,0.0760135
140,0.0761261
141,0.0762255
142,0.0763278
143,0.076414
144,0.0764895
145,0.0765616
146,0.0766236
147,0.0766835
148,0.0767413
149,0.0768101
150,0.076874
151,0.0769472
152,0.0770237
153,0.0771023
154,0.0771822
155,0.0772591
156,0.0773346
157,0.0774178
158,0.077511
159,0.0776047
160,0.0777097
161,0.0778009
162,0.0778914
163,0.0779798
164,0.078075
165,0.0781505
166,0.0782393
167,0.0783056
168,0.0783791
169,0.0784398
170,0.0785038
171,0.0785631
172,0.0786171
173,0.078652
174,0.0786755
175,0.0786885
176,0.0786971
177,0.0787055
178,0.0787095
179,0.0786981
180,0.078671
181,0.0786298
182,0.0785675
183,0.0784977
184,0.0784113
185,0.0783347
186,0.0782546
187,0.078196
188,0.0781526
189,0.0781589
190,0.0781855
191,0.078227
192,0.0782589
193,0.0783188
194,0.0783804
195,0.0784726
196,0.0785646
197,0.0786523
198,0.0787615
199,0.0788776
