2,0.955991
3,0.881301
4,0.822869
5,0.77259
6,0.722157
7,0.672963
8,0.627631
9,0.584939
10,0.546434
11,0.513685
12,0.485604
13,0.461529
14,0.440953
15,0.422899
16,0.406656
17,0.391914
18,0.377879
19,0.364728
20,0.352563
21,0.340381
22,0.328018
23,0.315084
24,0.301274
25,0.286416
26,0.270997
27,0.25511
28,0.238442
29,0.221081
30,0.203734
31,0.18619
32,0.16899
33,0.152514
34,0.136784
35,0.121823
36,0.108033
37,0.0953605
38,0.0838306
39,0.0736305
40,0.0651733
41,0.0579776
42,0.0520394
43,0.0469176
44,0.0427435
45,0.0389806
46,0.0358874
47,0.0333457
48,0.0315906
49,0.030368
50,0.0295526
51,0.0289275
52,0.0285803
53,0.0284528
54,0.0285197
55,0.02892
56,0.029648
57,0.0302915
58,0.0309829
59,0.0314095
60,0.0317218
61,0.0317297
62,0.0314739
63,0.0310153
64,0.0302004
65,0.0292179
66,0.0277683
67,0.026328
68,0.0245641
69,0.0227628
70,0.0206424
71,0.0185529
72,0.0164
73,0.0142019
74,0.012027
75,0.010097
76,0.0081809
77,0.00675597
78,0.00578549
79,0.0054961
80,0.00509967
81,0.00547631
82,0.00560889
83,0.00600297
84,0.00641558
85,0.00645892
86,0.00673013
87,0.00679765
88,0.00715606
89,0.00707699
90,0.00708017
91,0.0072426
92,0.00721428
93,0.0073589
94,0.00709478
95,0.00710329
96,0.00690521
97,0.00674064
98,0.00662559
99,0.00649001
100,0.00633868
101,0.00641035
102,0.00638177
103,0.00651228
104,0.00636373
105,0.00628631
106,0.00603646
107,0.00590804
108,0.00575195
109,0.00552748
110,0.0054135
111,0.00513932
112,0.00498941
113,0.0048568
114,0.00454026
115,0.00464062
116,0.00438212
117,0.00452523
118,0.00429948
119,0.00464864
120,0.0049809
121,0.0053677
122,0.00573618
123,0.00609353
124,0.00624635
125,0.00626873
126,0.00634727
127,0.00628492
128,0.00625076
129,0.00596857
130,0.00558659
131,0.00523568
132,0.00489948
133,0.00467578
134,0.00462949
135,0.00456998
136,0.00464774
137,0.00481882
138,0.00490281
139,0.00511845
140,0.00525392
141,0.00556442
142,0.00574488
143,0.00599018
144,0.00616059
145,0.00623569
146,0.00638005
147,0.00649423
148,0.0065797
149,0.00669404
150,0.00687817
151,0.00694803
152,0.00722328
153,0.00744675
154,0.00773369
155,0.00791145
156,0.00820117
157,0.0083879
158,0.00855639
159,0.00861456
160,0.0087541
161,0.00880833
162,0.00881862
163,0.00876457
164,0.00866678
165,0.00850827
166,0.00824872
167,0.00807053
168,0.00775624
169,0.00761551
170,0.00759861
171,0.00767392
172,0.00763563
173,0.00776119
174,0.00778426
175,0.00795942
176,0.00794152
177,0.00807189
178,0.0080271
179,0.00807092
180,0.00821345
181,0.00827588
182,0.00844047
183,0.00868846
184,0.00930409
185,0.00991155
186,0.0107524
187,0.011487
188,0.0122374
189,0.0128959
190,0.0134808
191,0.0139797
192,0.0144076
193,0.0147592
194,0.0151322
195,0.0155926
196,0.0157817
197,0.0160163
198,0.0155772
199,0.0150465
