2,0.00182378
3,0.00521198
4,0.0081042
5,0.0107416
6,0.01347
7,0.0162084
8,0.0188107
9,0.0213228
10,0.0236545
11,0.0257097
12,0.0275341
13,0.0291542
14,0.0305899
15,0.0318905
16,0.0330919
17,0.0342089
18,0.0352862
19,0.036312
20,0.0372804
21,0.0382487
22,0.0392268
23,0.0402389
24,0.041302
25,0.0424297
26,0.0435931
27,0.0447862
28,0.046031
29,0.0473208
30,0.048614
31,0.0499224
32,0.051214
33,0.0524637
34,0.0536718
35,0.0548348
36,0.0559262
37,0.0569506
38,0.0579046
39,0.0587723
40,0.059529
41,0.0602025
42,0.0607927
43,0.0613259
44,0.0617966
45,0.0622378
46,0.0626308
47,0.0629835
48,0.0632856
49,0.0635442
50,0.0637717
51,0.0639725
52,0.0641626
53,0.0643396
54,0.0644941
55,0.0646301
56,0.0647404
57,0.0648586
58,0.0649691
59,0.0650961
60,0.0652307
61,0.0653819
62,0.0655525
63,0.0657328
64,0.0659373
65,0.0661526
66,0.0663953
67,0.0666399
68,0.0669029
69,0.0671691
70,0.0674562
71,0.0677416
72,0.0680317
73,0.068324
74,0.0686169
75,0.0688938
76,0.0691768
77,0.0694392
78,0.0696981
79,0.0699394
80,0.0701802
81,0.0703935
82,0.0706045
83,0.0707892
84,0.0709706
85,0.0711264
86,0.0712732
87,0.0713948
88,0.0714985
89,0.0715856
90,0.0716562
91,0.0717132
92,0.0717578
93,0.0717957
94,0.0718271
95,0.0718643
96,0.0719049
97,0.0719527
98,0.0720183
99,0.0720846
100,0.0721706
101,0.0722474
102,0.07234
103,0.0724327
104,0.0725415
105,0.0726562
106,0.0727768
107,0.0728949
108,0.0730149
109,0.0731316
110,0.0732592
111,0.0733822
112,0.073493
113,0.0736112
114,0.0737174
115,0.0738111
116,0.0738843
117,0.0739608
118,0.0740322
119,0.0740866
120,0.0741292
121,0.0741729
122,0.0742222
123,0.0742776
124,0.0743515
125,0.0744329
126,0.0745119
127,0.0746103
128,0.0746976
129,0.0748139
130,0.074936
131,0.0750617
132,0.0751905
133,0.0753156
134,0.0754374
135,0.0755526
136,0.0756671
137,0.0757838
138,0.0758865
139,0.0759824
140,0.0760712
141,0.076163
142,0.0762447
143,0.0763374
144,0.0764227
145,0.0765137
146,0.0766
147,0.0766939
148,0.0767841
149,0.0768803
150,0.0769813
151,0.0770773
152,0.0771796
153,0.077283
154,0.0773811
155,0.0774793
156,0.0775735
157,0.0776665
158,0.0777494
159,0.077829
160,0.0779064
161,0.0779784
162,0.0780476
163,0.0781064
164,0.0781601
165,0.0782108
166,0.0782505
167,0.0782884
168,0.078314
169,0.0783416
170,0.0783561
171,0.0783753
172,0.078375
173,0.0783878
174,0.0783797
175,0.07838
176,0.0783793
177,0.0783841
178,0.0783897
179,0.0783871
180,0.0783747
181,0.0783618
182,0.0783574
183,0.0783489
184,0.0783489
185,0.0783412
186,0.0783396
187,0.0783363
188,0.0783402
189,0.0783459
190,0.0783598
191,0.0783787
192,0.0784028
193,0.0784331
194,0.0784617
195,0.0784835
196,0.0785258
197,0.0785638
198,0.0786542
199,0.0787528
