2,0.959492
3,0.884903
4,0.825936
5,0.779403
6,0.734203
7,0.691475
8,0.649026
9,0.607438
10,0.56927
11,0.534642
12,0.504788
13,0.479665
14,0.458074
15,0.439148
16,0.422464
17,0.407614
18,0.393509
19,0.380465
20,0.367895
21,0.355778
22,0.343419
23,0.330328
24,0.316162
25,0.301415
26,0.285665
27,0.269563
28,0.2528
29,0.235637
30,0.2179
31,0.200175
32,0.182675
33,0.165682
34,0.149376
35,0.134071
36,0.119674
37,0.106501
38,0.0944914
39,0.0836923
40,0.074243
41,0.065762
42,0.0587887
43,0.0528003
44,0.0479664
45,0.0440325
46,0.0409517
47,0.0384798
48,0.0363888
49,0.0348336
50,0.033694
51,0.0327442
52,0.0321197
53,0.0313662
54,0.0315744
55,0.0315354
56,0.031857
57,0.0324109
58,0.0327525
59,0.033416
60,0.0336279
61,0.0338062
62,0.0335366
63,0.0330269
64,0.0323706
65,0.0313075
66,0.0300326
67,0.0285704
68,0.0267498
69,0.0250243
70,0.0229311
71,0.0210026
72,0.0187452
73,0.0166639
74,0.0145117
75,0.012413
76,0.0104422
77,0.00862589
78,0.00708583
79,0.00606376
80,0.00516199
81,0.00506099
82,0.00456615
83,0.0049277
84,0.00460125
85,0.004965
86,0.00503225
87,0.00509182
88,0.00525182
89,0.00525024
90,0.0053298
91,0.00512813
92,0.00527192
93,0.00530236
94,0.00539203
95,0.00570387
96,0.0056364
97,0.00582686
98,0.00611973
99,0.00634437
100,0.00658229
101,0.0066985
102,0.00672238
103,0.00660634
104,0.00639722
105,0.00621165
106,0.00602353
107,0.00582516
108,0.0055383
109,0.00552265
110,0.00531123
111,0.005222
112,0.00516164
113,0.00500416
114,0.00507442
115,0.00494091
116,0.00512306
117,0.00505072
118,0.00513777
119,0.00520117
120,0.00537819
121,0.00538584
122,0.00544591
123,0.00540725
124,0.00544414
125,0.00528534
126,0.00540508
127,0.00510885
128,0.00496805
129,0.0047024
130,0.00440137
131,0.00415287
132,0.00395281
133,0.00369102
134,0.00367964
135,0.0036551
136,0.00362412
137,0.00379102
138,0.00385633
139,0.00392391
140,0.00392382
141,0.00403583
142,0.00411531
143,0.00426243
144,0.00430258
145,0.00451127
146,0.00459365
147,0.00478379
148,0.00483675
149,0.00501165
150,0.00502848
151,0.0051561
152,0.00521756
153,0.00530864
154,0.00529149
155,0.00538705
156,0.00539723
157,0.00548761
158,0.00562762
159,0.0057693
160,0.00589175
161,0.00617192
162,0.00629707
163,0.00653367
164,0.00666676
165,0.00679754
166,0.00685272
167,0.00685401
168,0.00676487
169,0.0065879
170,0.00645032
171,0.00630605
172,0.00609848
173,0.00603311
174,0.0060312
175,0.00614757
176,0.00619635
177,0.00640671
178,0.00644865
179,0.00665117
180,0.00667263
181,0.00694581
182,0.00731146
183,0.00793939
184,0.0087915
185,0.00991598
186,0.0106899
187,0.0114038
188,0.0119072
189,0.0123514
190,0.0127225
191,0.0131174
192,0.013657
193,0.0140825
194,0.0146551
195,0.0149061
196,0.0155221
197,0.0160279
198,0.0162118
199,0.0162481
