2,0.00167924
3,0.00505527
4,0.00796621
5,0.0104245
6,0.0128955
7,0.0153041
8,0.0177488
9,0.020191
10,0.0224917
11,0.0246334
12,0.0265419
13,0.0282077
14,0.0296912
15,0.0310316
16,0.0322504
17,0.033366
18,0.0344429
19,0.0354557
20,0.0364432
21,0.0374034
22,0.0383776
23,0.0393959
24,0.0404783
25,0.0415972
26,0.0427806
27,0.0439872
28,0.0452387
29,0.0465177
30,0.0478369
31,0.0491603
32,0.0504772
33,0.0517626
34,0.0530129
35,0.0542045
36,0.0553408
37,0.0564061
38,0.0573972
39,0.0583159
40,0.0591437
41,0.0599063
42,0.0605786
43,0.0611714
44,0.0616921
45,0.0621426
46,0.0625393
47,0.0628906
48,0.0631864
49,0.0634525
50,0.0636876
51,0.0638947
52,0.0640821
53,0.0642565
54,0.064404
55,0.0645377
56,0.0646603
57,0.0647711
58,0.0648865
59,0.0649937
60,0.0651206
61,0.0652603
62,0.0654224
63,0.0656023
64,0.0657979
65,0.0660101
66,0.0662451
67,0.066486
68,0.0667543
69,0.0670161
70,0.0672951
71,0.0675731
72,0.067863
73,0.0681481
74,0.0684347
75,0.0687191
76,0.0689967
77,0.0692703
78,0.0695273
79,0.0697755
80,0.0700081
81,0.0702311
82,0.0704401
83,0.0706294
84,0.0708113
85,0.0709722
86,0.0711238
87,0.0712543
88,0.0713777
89,0.0714754
90,0.0715598
91,0.0716248
92,0.0716681
93,0.0717083
94,0.0717472
95,0.0717832
96,0.0718316
97,0.0718825
98,0.0719412
99,0.0720111
100,0.0720902
101,0.0721766
102,0.0722832
103,0.0723908
104,0.0725179
105,0.0726354
106,0.0727535
107,0.0728693
108,0.0729876
109,0.0731085
110,0.073235
111,0.0733476
112,0.0734533
113,0.0735462
114,0.0736414
115,0.0737372
116,0.0738245
117,0.0739102
118,0.0739858
119,0.0740615
120,0.0741219
121,0.0741894
122,0.0742512
123,0.0743265
124,0.0743953
125,0.0744818
126,0.0745581
127,0.0746606
128,0.0747543
129,0.0748625
130,0.0749688
131,0.0750861
132,0.0751944
133,0.0753202
134,0.0754296
135,0.0755402
136,0.075653
137,0.0757596
138,0.0758631
139,0.0759513
140,0.0760457
141,0.076134
142,0.0762223
143,0.0763099
144,0.0763915
145,0.0764756
146,0.0765574
147,0.0766364
148,0.0767173
149,0.076795
150,0.0768727
151,0.076947
152,0.0770304
153,0.0771135
154,0.0771985
155,0.0772879
156,0.0773717
157,0.0774597
158,0.0775473
159,0.0776351
160,0.0777196
161,0.0778155
162,0.0778997
163,0.0779938
164,0.0780778
165,0.078161
166,0.0782346
167,0.0783015
168,0.0783565
169,0.0784036
170,0.0784497
171,0.0784906
172,0.0785299
173,0.078566
174,0.0785897
175,0.078613
176,0.0786219
177,0.078632
178,0.0786277
179,0.0786149
180,0.078587
181,0.0785463
182,0.0784913
183,0.0784361
184,0.0783794
185,0.0783471
186,0.0783354
187,0.0783447
188,0.0783613
189,0.0783879
190,0.0784178
191,0.0784453
192,0.0784627
193,0.0784846
194,0.0784984
195,0.0785342
196,0.0785442
197,0.0785607
198,0.0786037
199,0.07866
