2,0.953462
3,0.88728
4,0.846341
5,0.798796
6,0.739831
7,0.688119
8,0.647743
9,0.607952
10,0.572129
11,0.542806
12,0.515642
13,0.491268
14,0.470911
15,0.452903
16,0.436465
17,0.421885
18,0.407813
19,0.394053
20,0.381633
21,0.369163
22,0.356112
23,0.342614
24,0.328571
25,0.313149
26,0.297337
27,0.281152
28,0.263944
29,0.246289
30,0.228287
31,0.210051
32,0.192038
33,0.174771
34,0.157952
35,0.142115
36,0.127222
37,0.113452
38,0.100663
39,0.0891798
40,0.0788756
41,0.0699671
42,0.062165
43,0.0560406
44,0.0506449
45,0.0467398
46,0.0433229
47,0.040584
48,0.0387781
49,0.0370599
50,0.0360668
51,0.0349954
52,0.0343636
53,0.0338899
54,0.0337096
55,0.034193
56,0.0344763
57,0.0353337
58,0.0360477
59,0.0365616
60,0.0370908
61,0.0373922
62,0.0372812
63,0.0369474
64,0.0362596
65,0.0353079
66,0.0340479
67,0.0325952
68,0.0308908
69,0.029074
70,0.0271774
71,0.024979
72,0.0231161
73,0.0208099
74,0.0187879
75,0.0167468
76,0.0147525
77,0.0132382
78,0.0113819
79,0.0106145
80,0.00936778
81,0.00880789
82,0.00826577
83,0.00755827
84,0.00739424
85,0.006741
86,0.00679624
87,0.00635175
88,0.00603976
89,0.00608559
90,0.0055237
91,0.00585242
92,0.00506573
93,0.0056294
94,0.00567185
95,0.00590999
96,0.00653617
97,0.00670084
98,0.00718192
99,0.00732908
100,0.00763152
101,0.00754977
102,0.00758256
103,0.00752243
104,0.00717246
105,0.00722975
106,0.00687625
107,0.00676867
108,0.00671152
109,0.00636781
110,0.00645631
111,0.00607651
112,0.00612901
113,0.00588753
114,0.00584155
115,0.0058724
116,0.00568845
117,0.00587204
118,0.00581794
119,0.00573813
120,0.00579488
121,0.00557247
122,0.0056317
123,0.00543686
124,0.00551215
125,0.00534251
126,0.00525669
127,0.00512766
128,0.00478659
129,0.00467406
130,0.00431774
131,0.00406116
132,0.00385933
133,0.00358058
134,0.00343785
135,0.003349
136,0.00343823
137,0.0033282
138,0.00345061
139,0.00354987
140,0.00381821
141,0.00403549
142,0.0041153
143,0.00431598
144,0.00456848
145,0.00458201
146,0.00484109
147,0.00489268
148,0.00504401
149,0.00504197
150,0.00519371
151,0.00515019
152,0.00543345
153,0.00539895
154,0.00568467
155,0.0058745
156,0.00608744
157,0.00634054
158,0.00664529
159,0.00679285
160,0.00701166
161,0.00715367
162,0.00729748
163,0.00745425
164,0.00748398
165,0.00747572
166,0.00742372
167,0.00721048
168,0.00701417
169,0.00678364
170,0.00645959
171,0.00614985
172,0.00610195
173,0.00600365
174,0.0060295
175,0.00611198
176,0.00629155
177,0.00649511
178,0.00681849
179,0.00714267
180,0.00755556
181,0.00778435
182,0.008309
183,0.00859892
184,0.00900735
185,0.00909279
186,0.00963686
187,0.00992013
188,0.0104484
189,0.0107614
190,0.0112722
191,0.0118314
192,0.0125152
193,0.0134123
194,0.0143721
195,0.0153791
196,0.0161787
197,0.0166548
198,0.0168346
199,0.0169877
