2,0.00193069
3,0.00495141
4,0.00703233
5,0.00950471
6,0.0126141
7,0.0154593
8,0.0177958
9,0.0201409
10,0.0223156
11,0.0241706
12,0.0259269
13,0.0275455
14,0.0289525
15,0.0302355
16,0.0314335
17,0.0325286
18,0.0335956
19,0.0346451
20,0.0356191
21,0.0365951
22,0.0376061
23,0.0386453
24,0.0397169
25,0.0408741
26,0.0420591
27,0.0432675
28,0.0445452
29,0.0458504
30,0.0471874
31,0.0485398
32,0.049885
33,0.0511897
34,0.0524696
35,0.053692
36,0.0548611
37,0.0559625
38,0.0570047
39,0.0579704
40,0.0588537
41,0.0596599
42,0.0603748
43,0.0609986
44,0.0615548
45,0.0620044
46,0.0624288
47,0.0627857
48,0.0630829
49,0.0633469
50,0.0635889
51,0.0637964
52,0.0639983
53,0.0641763
54,0.0643316
55,0.0644533
56,0.0645715
57,0.0646677
58,0.064765
59,0.0648694
60,0.0649881
61,0.0651086
62,0.0652637
63,0.0654311
64,0.0656192
65,0.0658306
66,0.0660558
67,0.0663043
68,0.0665578
69,0.0668293
70,0.0671007
71,0.067391
72,0.0676703
73,0.0679647
74,0.0682541
75,0.068541
76,0.0688177
77,0.0690945
78,0.0693529
79,0.0696056
80,0.0698411
81,0.0700651
82,0.0702761
83,0.0704736
84,0.0706531
85,0.0708264
86,0.0709829
87,0.0711304
88,0.0712612
89,0.0713783
90,0.0714728
91,0.0715532
92,0.0715993
93,0.0716457
94,0.0716747
95,0.0717182
96,0.0717651
97,0.0718228
98,0.0718899
99,0.071962
100,0.072044
101,0.0721483
102,0.0722466
103,0.0723628
104,0.0724777
105,0.0725889
106,0.0727056
107,0.0728256
108,0.0729485
109,0.0730691
110,0.0731872
111,0.0732957
112,0.0734029
113,0.0735052
114,0.0736107
115,0.0737037
116,0.0738004
117,0.0738815
118,0.0739669
119,0.0740414
120,0.0741129
121,0.0741819
122,0.0742552
123,0.0743272
124,0.0744121
125,0.0744957
126,0.0745883
127,0.0746809
128,0.0747874
129,0.0748951
130,0.0749991
131,0.0751211
132,0.0752302
133,0.0753445
134,0.0754526
135,0.0755553
136,0.0756545
137,0.0757508
138,0.0758408
139,0.0759328
140,0.0760107
141,0.0760928
142,0.0761741
143,0.0762581
144,0.0763404
145,0.0764204
146,0.0765031
147,0.0765792
148,0.0766695
149,0.0767529
150,0.076854
151,0.0769471
152,0.0770542
153,0.0771496
154,0.0772539
155,0.0773539
156,0.07745
157,0.0775519
158,0.0776499
159,0.077743
160,0.0778355
161,0.0779225
162,0.0780053
163,0.078086
164,0.0781606
165,0.0782295
166,0.078289
167,0.0783388
168,0.0783798
169,0.0784226
170,0.0784479
171,0.07847
172,0.0784843
173,0.0784932
174,0.0784914
175,0.0784852
176,0.0784708
177,0.0784587
178,0.0784336
179,0.0784125
180,0.078393
181,0.0783803
182,0.0783666
183,0.0783599
184,0.0783822
185,0.0784108
186,0.0784412
187,0.0784668
188,0.0784924
189,0.0785188
190,0.078539
191,0.0785523
192,0.0785524
193,0.0785415
194,0.0785215
195,0.0784999
196,0.0784992
197,0.078519
198,0.0785604
199,0.0786031
