2,0.960303
3,0.895796
4,0.845746
5,0.797915
6,0.749395
7,0.704057
8,0.662202
9,0.622089
10,0.585885
11,0.555045
12,0.52826
13,0.504818
14,0.484644
15,0.46653
16,0.45086
17,0.436108
18,0.421944
19,0.408616
20,0.395556
21,0.382561
22,0.369309
23,0.355357
24,0.341107
25,0.325798
26,0.309696
27,0.29278
28,0.27553
29,0.257464
30,0.239404
31,0.220869
32,0.20229
33,0.184434
34,0.167158
35,0.150975
36,0.135818
37,0.121593
38,0.108487
39,0.0965818
40,0.0857118
41,0.0763383
42,0.0680765
43,0.0611363
44,0.0551658
45,0.0505602
46,0.0469867
47,0.0440422
48,0.0419383
49,0.0401052
50,0.0383774
51,0.0372237
52,0.0363168
53,0.0356882
54,0.0352956
55,0.0351303
56,0.0353505
57,0.035832
58,0.0363601
59,0.0368018
60,0.0371827
61,0.0374959
62,0.0373758
63,0.0371716
64,0.0364755
65,0.0356317
66,0.0345374
67,0.0330878
68,0.0315116
69,0.0295929
70,0.027726
71,0.02564
72,0.0234796
73,0.021313
74,0.0191435
75,0.0169843
76,0.0149699
77,0.012861
78,0.0111799
79,0.0093104
80,0.00810053
81,0.00671751
82,0.00590578
83,0.00526326
84,0.004663
85,0.00457331
86,0.00399521
87,0.00433723
88,0.00410913
89,0.00402343
90,0.00410048
91,0.00387623
92,0.00407418
93,0.00414859
94,0.00475726
95,0.00519754
96,0.00572632
97,0.00627982
98,0.00654582
99,0.00700509
100,0.00712393
101,0.00726232
102,0.00723042
103,0.00704072
104,0.00689735
105,0.00656923
106,0.00627761
107,0.00609591
108,0.00580921
109,0.00566289
110,0.00531799
111,0.00527726
112,0.00494757
113,0.00489889
114,0.0047636
115,0.00470129
116,0.00474982
117,0.00447381
118,0.00458697
119,0.00445576
120,0.00449896
121,0.00455496
122,0.00453648
123,0.0046976
124,0.00469041
125,0.00478996
126,0.00461797
127,0.00449687
128,0.00428768
129,0.00407637
130,0.00368554
131,0.00345275
132,0.00323505
133,0.00303664
134,0.00299058
135,0.00302393
136,0.00310894
137,0.00322177
138,0.00330459
139,0.0034556
140,0.00347776
141,0.00358814
142,0.00352392
143,0.00363693
144,0.00375649
145,0.003779
146,0.00391251
147,0.00405763
148,0.00424015
149,0.00434286
150,0.00451501
151,0.00452714
152,0.00469847
153,0.00474191
154,0.00477175
155,0.00492534
156,0.00495524
157,0.00509088
158,0.00533585
159,0.00545554
160,0.00562622
161,0.00574948
162,0.00589024
163,0.00599015
164,0.0061381
165,0.00628326
166,0.00633117
167,0.0064293
168,0.00639344
169,0.00628124
170,0.00623877
171,0.0059827
172,0.00582712
173,0.00558314
174,0.00525952
175,0.00503481
176,0.00493901
177,0.00488068
178,0.00492909
179,0.0051242
180,0.00523332
181,0.00577626
182,0.00650012
183,0.00760414
184,0.0088158
185,0.0099896
186,0.010868
187,0.0113881
188,0.011613
189,0.0117679
190,0.0118705
191,0.0121471
192,0.0126456
193,0.013281
194,0.0142342
195,0.0150158
196,0.0160312
197,0.0166323
198,0.0171941
199,0.0176279
