2,0.00813385
3,0.0068968
4,0.00629689
5,0.0063371
6,0.00621725
7,0.00639949
8,0.00640404
9,0.00558112
10,0.00564328
11,0.00595488
12,0.00592224
13,0.00566298
14,0.00670483
15,0.00546391
16,0.00609015
17,0.00657814
18,0.00636886
19,0.0060939
20,0.00635438
21,0.00605849
22,0.00583207
23,0.00599627
24,0.00567787
25,0.00598648
26,0.00531768
27,0.00604475
28,0.00633806
29,0.00607606
30,0.00635288
31,0.00574368
32,0.00621705
33,0.00606405
34,0.00560001
35,0.00585484
36,0.00593329
37,0.0059934
38,0.0063713
39,0.00624082
40,0.00618697
41,0.00566682
42,0.00559306
43,0.00636982
44,0.0057731
45,0.00588802
46,0.00632125
47,0.00569654
48,0.00602402
49,0.00534889
50,0.00654797
51,0.0058864
52,0.00616996
53,0.00616056
54,0.00630176
55,0.00608886
56,0.00590431
57,0.00585598
58,0.00558733
59,0.00648811
60,0.00532333
61,0.00632694
62,0.00544798
63,0.00624724
64,0.00626549
65,0.00581135
66,0.00638288
67,0.00572366
68,0.00622444
69,0.00614601
70,0.00600873
71,0.00649447
72,0.00579671
73,0.00598275
74,0.00567744
75,0.00576007
76,0.00529548
77,0.00612542
78,0.00639376
79,0.00603505
80,0.00611642
81,0.00583538
82,0.00583092
83,0.00658826
84,0.00574632
85,0.0056471
86,0.00537935
87,0.00661128
88,0.00701407
89,0.00649291
90,0.00593309
91,0.00600014
92,0.00666059
93,0.00631173
94,0.00636108
95,0.00618016
96,0.00545209
97,0.00596301
98,0.00595677
99,0.00621139
100,0.00607266
101,0.00561934
102,0.00626366
103,0.00588091
104,0.00577293
105,0.00588623
106,0.00620198
107,0.00545324
108,0.00639542
109,0.00574904
110,0.00569367
111,0.00588259
112,0.00564548
113,0.00650121
114,0.00589477
115,0.00564202
116,0.00654675
117,0.00593061
118,0.00595774
119,0.00572187
120,0.00664986
121,0.00593539
122,0.0057858
123,0.00614241
124,0.00547596
125,0.00646436
126,0.0062511
127,0.00596122
128,0.00620715
129,0.00576116
130,0.00562029
131,0.00630365
132,0.00561727
133,0.00594612
134,0.00582227
135,0.00642285
136,0.00540505
137,0.00640279
138,0.00617312
139,0.0054941
140,0.00622665
141,0.00597914
142,0.00634783
143,0.00634135
144,0.00650723
145,0.00601224
146,0.00595155
147,0.00572721
148,0.00661828
149,0.00625354
150,0.00618163
151,0.00575681
152,0.00575292
153,0.00587118
154,0.00596806
155,0.00617215
156,0.00614712
157,0.00632302
158,0.00619844
159,0.00673896
160,0.00573159
161,0.00592983
162,0.00570618
163,0.00648374
164,0.00596035
165,0.00591511
166,0.00567768
167,0.00601375
168,0.00652004
169,0.00583723
170,0.00594677
171,0.005603
172,0.00554102
173,0.00582811
174,0.00572517
175,0.00565206
176,0.00583141
177,0.00606391
178,0.00593528
179,0.00552431
180,0.00562772
181,0.00566117
182,0.00625908
183,0.00564702
184,0.0061355
185,0.00554299
186,0.00568882
187,0.00607438
188,0.00594542
189,0.00567933
190,0.0058182
191,0.00635843
192,0.00570763
193,0.00571826
194,0.00578367
195,0.00617582
196,0.00548117
197,0.00560362
198,0.00540797
199,0.0064461
