2,0.00138516
3,0.00425901
4,0.00696386
5,0.00936659
6,0.0117113
7,0.0140058
8,0.0163366
9,0.0186411
10,0.0207674
11,0.0227351
12,0.0245396
13,0.0260999
14,0.0274961
15,0.0287993
16,0.0299383
17,0.0309875
18,0.0320442
19,0.033078
20,0.0340727
21,0.0350679
22,0.0360712
23,0.0371027
24,0.038216
25,0.03937
26,0.0405608
27,0.0418108
28,0.0431068
29,0.0444541
30,0.0458367
31,0.0472437
32,0.0486459
33,0.0500204
34,0.0513533
35,0.0526292
36,0.0538552
37,0.0550078
38,0.0561006
39,0.0571248
40,0.0580621
41,0.0589157
42,0.059698
43,0.060399
44,0.0610045
45,0.0615478
46,0.0620165
47,0.0624044
48,0.0627401
49,0.0630305
50,0.063284
51,0.0635083
52,0.0637138
53,0.0638989
54,0.0640646
55,0.0642037
56,0.0643291
57,0.0644341
58,0.0645394
59,0.064642
60,0.0647528
61,0.0648871
62,0.0650234
63,0.0651888
64,0.0653642
65,0.0655641
66,0.0657898
67,0.0660174
68,0.0662637
69,0.0665299
70,0.0668027
71,0.0670778
72,0.0673638
73,0.0676428
74,0.0679315
75,0.0682125
76,0.0684918
77,0.0687627
78,0.0690229
79,0.0692779
80,0.0695178
81,0.0697455
82,0.0699556
83,0.0701659
84,0.070356
85,0.0705399
86,0.0707125
87,0.0708793
88,0.0710307
89,0.0711688
90,0.0712874
91,0.0713887
92,0.0714657
93,0.0715325
94,0.0715821
95,0.0716352
96,0.0716905
97,0.0717544
98,0.0718307
99,0.0719093
100,0.0720054
101,0.0720949
102,0.0722076
103,0.0723125
104,0.0724438
105,0.072559
106,0.0726849
107,0.0727984
108,0.0729198
109,0.0730313
110,0.0731527
111,0.0732724
112,0.0733861
113,0.0734925
114,0.0736017
115,0.0736951
116,0.0737845
117,0.0738722
118,0.0739463
119,0.0740208
120,0.0740911
121,0.0741619
122,0.0742329
123,0.0743116
124,0.0743913
125,0.0744857
126,0.0745759
127,0.0746766
128,0.0747827
129,0.0748927
130,0.0750055
131,0.0751129
132,0.0752201
133,0.0753251
134,0.0754241
135,0.0755252
136,0.0756194
137,0.075712
138,0.075804
139,0.0758831
140,0.0759718
141,0.0760534
142,0.0761375
143,0.0762177
144,0.0763009
145,0.0763815
146,0.0764681
147,0.0765531
148,0.076639
149,0.0767248
150,0.076802
151,0.0768795
152,0.0769572
153,0.0770343
154,0.077114
155,0.0771997
156,0.0772844
157,0.0773828
158,0.0774749
159,0.0775688
160,0.0776592
161,0.0777511
162,0.0778408
163,0.0779337
164,0.0780244
165,0.0781098
166,0.0781943
167,0.0782768
168,0.0783535
169,0.0784221
170,0.0784877
171,0.0785441
172,0.0785924
173,0.0786348
174,0.0786626
175,0.0786807
176,0.0786861
177,0.0786792
178,0.0786659
179,0.0786394
180,0.078614
181,0.0785715
182,0.0785399
183,0.0785031
184,0.0784961
185,0.0784934
186,0.0785125
187,0.0785297
188,0.0785485
189,0.0785599
190,0.0785645
191,0.0785642
192,0.0785544
193,0.0785482
194,0.0785217
195,0.0785003
196,0.0784798
197,0.0784794
198,0.0784972
199,0.0785193
