2,0.00377888
3,0.0101341
4,0.0151353
5,0.0202634
6,0.0258713
7,0.0308904
8,0.0348999
9,0.038721
10,0.0423177
11,0.0452314
12,0.0477353
13,0.0499767
14,0.0517217
15,0.0531832
16,0.0544619
17,0.0553459
18,0.0560181
19,0.0566618
20,0.0570887
21,0.0574275
22,0.0579051
23,0.0583079
24,0.0585998
25,0.0589923
26,0.0593059
27,0.0594879
28,0.0597851
29,0.0601226
30,0.0603848
31,0.0607585
32,0.0611478
33,0.0613543
34,0.0615769
35,0.0618328
36,0.0620168
37,0.0622627
38,0.0626366
39,0.0629404
40,0.0631472
41,0.063358
42,0.0635224
43,0.063628
44,0.0638165
45,0.0641148
46,0.0643989
47,0.0646276
48,0.0648411
49,0.0650115
50,0.0651452
51,0.0652907
52,0.0654916
53,0.065745
54,0.0659828
55,0.0661821
56,0.0663801
57,0.0665657
58,0.0667054
59,0.0668761
60,0.0671098
61,0.0673408
62,0.0675415
63,0.067762
64,0.0679475
65,0.0680842
66,0.068228
67,0.0684145
68,0.0686054
69,0.068806
70,0.0690041
71,0.0691609
72,0.0692854
73,0.0693842
74,0.0694805
75,0.0696029
76,0.0697368
77,0.0698587
78,0.0700002
79,0.0701516
80,0.0702581
81,0.0703748
82,0.0704997
83,0.0706033
84,0.0707111
85,0.0708486
86,0.0709602
87,0.0710686
88,0.0711978
89,0.0713163
90,0.0714235
91,0.0715481
92,0.0716733
93,0.0717822
94,0.0719122
95,0.072029
96,0.0721327
97,0.0722689
98,0.0723811
99,0.0724791
100,0.0725997
101,0.0727187
102,0.0728256
103,0.0729437
104,0.0730563
105,0.0731457
106,0.0732295
107,0.0733299
108,0.0733999
109,0.0734803
110,0.0735541
111,0.0736197
112,0.0736899
113,0.0738008
114,0.0738819
115,0.0739696
116,0.0740568
117,0.0741162
118,0.0741735
119,0.0742568
120,0.0743249
121,0.0743892
122,0.074486
123,0.0745704
124,0.0746529
125,0.0747524
126,0.0748407
127,0.0749069
128,0.0749997
129,0.075114
130,0.0752177
131,0.0753259
132,0.0754325
133,0.0755102
134,0.0756046
135,0.0756994
136,0.0757733
137,0.0758594
138,0.0759511
139,0.0760215
140,0.0761069
141,0.0761908
142,0.0762672
143,0.0763426
144,0.0764225
145,0.0764788
146,0.0765363
147,0.0766018
148,0.0766517
149,0.0766988
150,0.0767504
151,0.0767949
152,0.0768391
153,0.0769059
154,0.0769733
155,0.0770242
156,0.0770995
157,0.0771687
158,0.0772377
159,0.0773135
160,0.0773877
161,0.077463
162,0.0775537
163,0.0776474
164,0.0777116
165,0.0777931
166,0.0778697
167,0.0779355
168,0.0780183
169,0.0781026
170,0.0781716
171,0.078243
172,0.0783184
173,0.0783783
174,0.0784481
175,0.0785245
176,0.0785789
177,0.0786406
178,0.0786999
179,0.0787355
180,0.0787749
181,0.0788348
182,0.0788741
183,0.0789176
184,0.0789727
185,0.079024
186,0.0790705
187,0.0791402
188,0.0791905
189,0.0792357
190,0.0792991
191,0.0793605
192,0.0794105
193,0.0794828
194,0.0795407
195,0.0796104
196,0.0797057
197,0.0797968
198,0.0798467
199,0.0798879
