2,0.965814
3,0.906444
4,0.858115
5,0.81211
6,0.764178
7,0.72209
8,0.683562
9,0.644016
10,0.608122
11,0.578479
12,0.551726
13,0.528877
14,0.50911
15,0.490873
16,0.475613
17,0.461708
18,0.448159
19,0.434863
20,0.421843
21,0.408465
22,0.395228
23,0.381788
24,0.366887
25,0.35101
26,0.334685
27,0.317255
28,0.299284
29,0.280965
30,0.261996
31,0.24269
32,0.223325
33,0.204539
34,0.186296
35,0.169051
36,0.152875
37,0.137538
38,0.123492
39,0.110518
40,0.0991845
41,0.0885426
42,0.0795719
43,0.0718956
44,0.0653262
45,0.0598532
46,0.0556864
47,0.0519103
48,0.0491829
49,0.0469685
50,0.0452021
51,0.0436815
52,0.0426954
53,0.0416488
54,0.0411531
55,0.0408743
56,0.0410544
57,0.0414715
58,0.0421178
59,0.0428973
60,0.0431136
61,0.0434883
62,0.0433797
63,0.0431851
64,0.0426584
65,0.0417407
66,0.0406808
67,0.0392288
68,0.0376131
69,0.0357991
70,0.0338385
71,0.0316784
72,0.0295919
73,0.0274117
74,0.0252005
75,0.0229976
76,0.0209063
77,0.0188425
78,0.0170334
79,0.0151897
80,0.0136349
81,0.012305
82,0.0109481
83,0.0101525
84,0.00890006
85,0.00821651
86,0.00731069
87,0.00683551
88,0.00637537
89,0.00585702
90,0.00573712
91,0.00542588
92,0.00550402
93,0.00554818
94,0.00577668
95,0.00637295
96,0.00680876
97,0.00731957
98,0.00754352
99,0.00785281
100,0.00802461
101,0.00801887
102,0.00806223
103,0.00778954
104,0.00766611
105,0.00729189
106,0.00694042
107,0.00678284
108,0.00642891
109,0.00628752
110,0.00593618
111,0.00571022
112,0.00538119
113,0.00519529
114,0.00511354
115,0.00477236
116,0.00474733
117,0.00470549
118,0.00476157
119,0.00485729
120,0.00500851
121,0.00512902
122,0.00522402
123,0.00533041
124,0.00521208
125,0.00519443
126,0.00506132
127,0.00493821
128,0.0046757
129,0.00446503
130,0.00408153
131,0.00390119
132,0.00360651
133,0.003483
134,0.00331188
135,0.00317205
136,0.00298492
137,0.00291489
138,0.00271316
139,0.00272084
140,0.00252554
141,0.00257396
142,0.00263905
143,0.00251171
144,0.00248882
145,0.00257249
146,0.00246765
147,0.00260699
148,0.00263604
149,0.00270452
150,0.00282526
151,0.00293442
152,0.00305981
153,0.00320477
154,0.00335
155,0.00344036
156,0.00350063
157,0.00359482
158,0.00369721
159,0.00381502
160,0.00395843
161,0.00406847
162,0.00419007
163,0.00447324
164,0.00467926
165,0.00495703
166,0.00521292
167,0.00535879
168,0.00549745
169,0.00548281
170,0.0054241
171,0.00541756
172,0.00521349
173,0.00499095
174,0.00468699
175,0.00430493
176,0.00397904
177,0.00357612
178,0.00332832
179,0.00345703
180,0.00341514
181,0.00402837
182,0.00459899
183,0.00572292
184,0.00686102
185,0.00837223
186,0.00958948
187,0.0108372
188,0.0114569
189,0.0121444
190,0.0124235
191,0.0129721
192,0.0133973
193,0.0142459
194,0.0150462
195,0.0159915
196,0.0167016
197,0.0173095
198,0.0178029
199,0.0184569
