2,0.97007
3,0.915189
4,0.868931
5,0.826239
6,0.776021
7,0.727686
8,0.68812
9,0.650758
10,0.616054
11,0.587376
12,0.562672
13,0.539933
14,0.519755
15,0.502587
16,0.487258
17,0.473266
18,0.460076
19,0.446672
20,0.43352
21,0.420048
22,0.406883
23,0.392435
24,0.377326
25,0.3613
26,0.344502
27,0.326924
28,0.308861
29,0.290001
30,0.270851
31,0.251194
32,0.231539
33,0.212659
34,0.194236
35,0.176495
36,0.159719
37,0.144119
38,0.129676
39,0.116463
40,0.104481
41,0.094016
42,0.0845347
43,0.076536
44,0.069418
45,0.0636695
46,0.0589199
47,0.0549162
48,0.051867
49,0.0491586
50,0.0472602
51,0.0454509
52,0.0442272
53,0.0434452
54,0.0425962
55,0.0423026
56,0.0421521
57,0.0426624
58,0.0430733
59,0.0435685
60,0.043945
61,0.0440519
62,0.0439601
63,0.0436666
64,0.0430522
65,0.0422208
66,0.04108
67,0.0398069
68,0.038154
69,0.0364062
70,0.0344714
71,0.0323984
72,0.0302528
73,0.0280546
74,0.0258074
75,0.0236491
76,0.0214607
77,0.0193833
78,0.0174614
79,0.0155884
80,0.0139285
81,0.0123722
82,0.0111276
83,0.00985257
84,0.00878057
85,0.00767624
86,0.0067012
87,0.00598295
88,0.00503752
89,0.00481405
90,0.00406006
91,0.00416442
92,0.00417376
93,0.00431005
94,0.00507191
95,0.00534362
96,0.00600334
97,0.00639651
98,0.00685743
99,0.00705825
100,0.00733195
101,0.00739392
102,0.00742141
103,0.00733171
104,0.00713392
105,0.00682994
106,0.00659112
107,0.00622907
108,0.00595521
109,0.00571665
110,0.00530701
111,0.00503657
112,0.00464376
113,0.00449203
114,0.00415092
115,0.00415423
116,0.00402535
117,0.00418629
118,0.0042054
119,0.00428815
120,0.00449489
121,0.00459673
122,0.00470588
123,0.00479307
124,0.00471227
125,0.00467869
126,0.00454207
127,0.00435255
128,0.00411243
129,0.00389828
130,0.00358522
131,0.00340414
132,0.00323845
133,0.00304583
134,0.00307117
135,0.00294966
136,0.00290525
137,0.0029923
138,0.00278428
139,0.00292239
140,0.00276514
141,0.00269135
142,0.00260682
143,0.00261538
144,0.00237405
145,0.00243072
146,0.0024432
147,0.00241294
148,0.00256953
149,0.00277892
150,0.00286372
151,0.00306552
152,0.00321764
153,0.00333851
154,0.00353268
155,0.00356067
156,0.00363223
157,0.00375402
158,0.00380827
159,0.00398929
160,0.00415934
161,0.00433906
162,0.0045476
163,0.00466981
164,0.00491498
165,0.00510887
166,0.00518242
167,0.00517804
168,0.00519817
169,0.00498758
170,0.00492236
171,0.0045306
172,0.00426763
173,0.00389311
174,0.00361401
175,0.00357359
176,0.00363242
177,0.00368785
178,0.00406435
179,0.00428193
180,0.00483732
181,0.00515784
182,0.00570988
183,0.00589385
184,0.00656218
185,0.00683574
186,0.00759805
187,0.00823752
188,0.00901561
189,0.00981306
190,0.0107643
191,0.0117734
192,0.0128142
193,0.0138418
194,0.014981
195,0.0161793
196,0.0172197
197,0.017969
198,0.0184471
199,0.0188929
