2,0.00124292
3,0.0037253
4,0.00599872
5,0.00820953
6,0.0108613
7,0.0135007
8,0.0157602
9,0.0179472
10,0.0200304
11,0.0218214
12,0.0234171
13,0.0249194
14,0.0262898
15,0.0275011
16,0.0286128
17,0.0296524
18,0.0306477
19,0.0316554
20,0.0326518
21,0.0336673
22,0.0346685
23,0.0357474
24,0.036869
25,0.0380488
26,0.0392803
27,0.0405634
28,0.0418826
29,0.0432551
30,0.0446525
31,0.046088
32,0.0475282
33,0.0489267
34,0.0503
35,0.0516389
36,0.0529192
37,0.0541323
38,0.0552702
39,0.0563384
40,0.0573218
41,0.0582169
42,0.0590353
43,0.0597689
44,0.0604333
45,0.0610066
46,0.0615045
47,0.061939
48,0.0623183
49,0.0626349
50,0.0629144
51,0.0631661
52,0.0633788
53,0.0635737
54,0.0637472
55,0.0639032
56,0.0640402
57,0.0641401
58,0.0642462
59,0.0643442
60,0.0644615
61,0.0645883
62,0.0647349
63,0.0648963
64,0.0650733
65,0.0652729
66,0.0654866
67,0.0657146
68,0.0659639
69,0.0662201
70,0.0664915
71,0.0667652
72,0.0670515
73,0.0673338
74,0.067622
75,0.0679039
76,0.0681814
77,0.0684598
78,0.068716
79,0.0689765
80,0.0692161
81,0.0694474
82,0.0696619
83,0.0698667
84,0.0700722
85,0.0702655
86,0.07046
87,0.0706382
88,0.0708121
89,0.0709681
90,0.0711156
91,0.0712423
92,0.0713502
93,0.0714437
94,0.0715139
95,0.0715811
96,0.0716434
97,0.0717105
98,0.0717852
99,0.0718719
100,0.0719564
101,0.0720614
102,0.0721562
103,0.0722716
104,0.0723851
105,0.0725116
106,0.0726334
107,0.0727527
108,0.0728786
109,0.0729895
110,0.0731148
111,0.0732302
112,0.0733502
113,0.0734624
114,0.0735741
115,0.0736699
116,0.073763
117,0.0738427
118,0.0739238
119,0.0740002
120,0.074072
121,0.0741493
122,0.0742281
123,0.0743102
124,0.0743986
125,0.0744929
126,0.0745867
127,0.0746861
128,0.0747878
129,0.0748943
130,0.0750007
131,0.0751075
132,0.0752152
133,0.0753166
134,0.0754123
135,0.075505
136,0.0755959
137,0.0756824
138,0.0757599
139,0.0758435
140,0.0759239
141,0.0760039
142,0.0760848
143,0.0761757
144,0.076262
145,0.0763537
146,0.0764539
147,0.0765436
148,0.0766373
149,0.0767317
150,0.076826
151,0.076911
152,0.0769985
153,0.0770919
154,0.077168
155,0.0772625
156,0.0773378
157,0.077428
158,0.0775135
159,0.077604
160,0.0776894
161,0.0777846
162,0.0778738
163,0.0779604
164,0.0780528
165,0.0781369
166,0.0782178
167,0.0782867
168,0.0783535
169,0.0784099
170,0.0784627
171,0.0785
172,0.0785382
173,0.078556
174,0.0785777
175,0.0785836
176,0.0785928
177,0.0785973
178,0.0786049
179,0.0785962
180,0.0785877
181,0.0785754
182,0.0785712
183,0.07857
184,0.0785792
185,0.0785902
186,0.0785999
187,0.0786034
188,0.0786059
189,0.0785943
190,0.0785806
191,0.0785562
192,0.0785314
193,0.0785093
194,0.0784779
195,0.0784396
196,0.0784166
197,0.0784143
198,0.0784319
199,0.0784529
