2,0.975705
3,0.923358
4,0.873613
5,0.830468
6,0.782248
7,0.734837
8,0.695146
9,0.659013
10,0.625219
11,0.597219
12,0.573324
13,0.550909
14,0.530888
15,0.513893
16,0.498665
17,0.484599
18,0.471362
19,0.45798
20,0.444445
21,0.431071
22,0.417687
23,0.403067
24,0.387754
25,0.37158
26,0.354432
27,0.336566
28,0.318264
29,0.299041
30,0.279639
31,0.259759
32,0.239794
33,0.220372
34,0.201439
35,0.183348
36,0.166407
37,0.150839
38,0.136151
39,0.122671
40,0.11054
41,0.099693
42,0.0899665
43,0.0816842
44,0.0743291
45,0.0682734
46,0.0628439
47,0.0588969
48,0.0554307
49,0.0527828
50,0.0504772
51,0.0488072
52,0.0472958
53,0.0462468
54,0.0455794
55,0.0451455
56,0.0450789
57,0.0453834
58,0.0457407
59,0.0462048
60,0.04636
61,0.046704
62,0.0462853
63,0.0460242
64,0.0454044
65,0.0445812
66,0.0433831
67,0.042093
68,0.0405122
69,0.0386292
70,0.0367906
71,0.0345955
72,0.0325665
73,0.0302444
74,0.0279982
75,0.0258276
76,0.0236007
77,0.0215015
78,0.0195685
79,0.0176132
80,0.0161279
81,0.0144188
82,0.0131011
83,0.0118818
84,0.0105409
85,0.00959875
86,0.00829025
87,0.00738117
88,0.00634987
89,0.00574701
90,0.00522587
91,0.00487843
92,0.00495421
93,0.00478494
94,0.00521079
95,0.00568436
96,0.00603169
97,0.00685168
98,0.00695253
99,0.00733864
100,0.00733426
101,0.00740933
102,0.00735104
103,0.00730972
104,0.00715668
105,0.00689545
106,0.00669682
107,0.00626581
108,0.00600641
109,0.00576338
110,0.00540628
111,0.00503452
112,0.00467562
113,0.00438347
114,0.00420123
115,0.00392505
116,0.00396107
117,0.00382568
118,0.00403764
119,0.00406616
120,0.00425937
121,0.00440337
122,0.00448373
123,0.00461551
124,0.00440831
125,0.00448023
126,0.00422259
127,0.003995
128,0.00384509
129,0.00356955
130,0.00325004
131,0.00309593
132,0.00302253
133,0.00290044
134,0.00269528
135,0.00278568
136,0.00253236
137,0.0027264
138,0.00253039
139,0.00260717
140,0.00255055
141,0.00252759
142,0.00244843
143,0.0023148
144,0.00214035
145,0.00199603
146,0.00183606
147,0.00193236
148,0.00195384
149,0.00206672
150,0.00217615
151,0.00239843
152,0.00262267
153,0.0029452
154,0.00296168
155,0.0032216
156,0.00330231
157,0.00325809
158,0.00336334
159,0.00345858
160,0.00340352
161,0.00342846
162,0.00346998
163,0.00362064
164,0.0038302
165,0.00403672
166,0.00416383
167,0.00424692
168,0.00431351
169,0.00438185
170,0.00430803
171,0.00424208
172,0.00403167
173,0.00384861
174,0.00364361
175,0.0034517
176,0.00332426
177,0.00326122
178,0.00325239
179,0.00351725
180,0.00363911
181,0.00435259
182,0.00470945
183,0.00560665
184,0.00600999
185,0.00683022
186,0.00740749
187,0.00829478
188,0.00899577
189,0.00988308
190,0.0107211
191,0.0117294
192,0.0127864
193,0.0139562
194,0.0151019
195,0.016214
196,0.0170379
197,0.0178853
198,0.0185827
199,0.0193157
