2,0.00100998
3,0.0033667
4,0.00578306
5,0.00800819
6,0.0105572
7,0.0131421
8,0.0154008
9,0.0175183
10,0.0195465
11,0.021296
12,0.0228414
13,0.0243189
14,0.0256755
15,0.0268697
16,0.0279708
17,0.0290089
18,0.0300009
19,0.0310033
20,0.0320174
21,0.0330222
22,0.0340313
23,0.035118
24,0.0362474
25,0.0374319
26,0.0386823
27,0.0399798
28,0.0413108
29,0.0427028
30,0.0441149
31,0.0455601
32,0.0470176
33,0.0484464
34,0.0498521
35,0.051208
36,0.0524974
37,0.0537045
38,0.054857
39,0.0559365
40,0.056925
41,0.0578451
42,0.0586845
43,0.0594259
44,0.0601001
45,0.0607015
46,0.0612279
47,0.0616683
48,0.0620632
49,0.062393
50,0.0626869
51,0.062937
52,0.0631719
53,0.0633777
54,0.0635604
55,0.0637144
56,0.0638555
57,0.0639641
58,0.0640748
59,0.0641766
60,0.0643037
61,0.0644215
62,0.0645861
63,0.0647448
64,0.0649246
65,0.0651188
66,0.0653404
67,0.0655638
68,0.0658111
69,0.0660734
70,0.0663355
71,0.0666202
72,0.0668931
73,0.0671871
74,0.0674701
75,0.067754
76,0.0680365
77,0.0683108
78,0.0685744
79,0.0688336
80,0.0690679
81,0.0693098
82,0.0695235
83,0.0697339
84,0.0699413
85,0.0701353
86,0.0703346
87,0.0705251
88,0.0707074
89,0.0708746
90,0.0710281
91,0.071172
92,0.0712958
93,0.0714019
94,0.0714878
95,0.0715566
96,0.0716239
97,0.0716808
98,0.0717623
99,0.0718439
100,0.0719422
101,0.0720416
102,0.0721465
103,0.0722529
104,0.0723681
105,0.072485
106,0.072601
107,0.0727288
108,0.0728455
109,0.0729667
110,0.0730831
111,0.0732118
112,0.0733284
113,0.0734447
114,0.0735549
115,0.0736597
116,0.0737517
117,0.0738455
118,0.0739178
119,0.0740003
120,0.0740791
121,0.0741564
122,0.0742316
123,0.0743143
124,0.0744067
125,0.0744937
126,0.0745994
127,0.0746939
128,0.0747998
129,0.0749047
130,0.0750158
131,0.0751198
132,0.0752266
133,0.0753198
134,0.0754205
135,0.0754969
136,0.0755854
137,0.0756653
138,0.0757407
139,0.0758236
140,0.0758921
141,0.0759725
142,0.07605
143,0.0761409
144,0.0762333
145,0.0763363
146,0.0764382
147,0.0765408
148,0.0766365
149,0.0767391
150,0.0768315
151,0.0769299
152,0.0770168
153,0.0771141
154,0.0771918
155,0.0772873
156,0.0773592
157,0.0774386
158,0.0775092
159,0.0775801
160,0.0776464
161,0.0777231
162,0.0778002
163,0.077887
164,0.0779767
165,0.0780604
166,0.0781479
167,0.0782242
168,0.0783
169,0.0783748
170,0.0784374
171,0.0784993
172,0.0785473
173,0.0785938
174,0.0786219
175,0.0786455
176,0.0786552
177,0.0786566
178,0.0786513
179,0.0786346
180,0.0786304
181,0.0786268
182,0.0786105
183,0.0786088
184,0.0786008
185,0.0786113
186,0.0786102
187,0.0786068
188,0.0786041
189,0.0785946
190,0.0785836
191,0.0785622
192,0.0785355
193,0.0785004
194,0.0784685
195,0.0784356
196,0.0784305
197,0.0784226
198,0.0784253
199,0.0784219
