2,0.000871346
3,0.00308419
4,0.00546335
5,0.00770395
6,0.0101117
7,0.0124765
8,0.0146592
9,0.0167972
10,0.0187476
11,0.020424
12,0.021918
13,0.0232889
14,0.0245577
15,0.0257847
16,0.0268703
17,0.027854
18,0.0288101
19,0.0297799
20,0.0307596
21,0.0317657
22,0.0328135
23,0.0338997
24,0.0350492
25,0.036239
26,0.0375089
27,0.0388178
28,0.0401866
29,0.0415956
30,0.043049
31,0.0445118
32,0.0460089
33,0.0474882
34,0.0489222
35,0.0502846
36,0.0515988
37,0.0528574
38,0.0540526
39,0.0551728
40,0.0561762
41,0.0571058
42,0.0579716
43,0.0587337
44,0.0594256
45,0.0600636
46,0.0606107
47,0.0610744
48,0.0614987
49,0.0618394
50,0.0621588
51,0.0624415
52,0.0626872
53,0.0629064
54,0.0631095
55,0.0632866
56,0.063437
57,0.0635649
58,0.0636907
59,0.0638104
60,0.0639387
61,0.0640849
62,0.0642491
63,0.0644234
64,0.0646109
65,0.0648083
66,0.0650233
67,0.0652507
68,0.0655039
69,0.0657582
70,0.0660342
71,0.0663127
72,0.0666002
73,0.0668871
74,0.0671847
75,0.0674739
76,0.0677624
77,0.0680434
78,0.0683156
79,0.068579
80,0.0688245
81,0.0690606
82,0.0692802
83,0.0694883
84,0.0696961
85,0.0698986
86,0.070114
87,0.0703211
88,0.0705236
89,0.0707075
90,0.0708768
91,0.0710445
92,0.0712133
93,0.0713504
94,0.0714471
95,0.0715002
96,0.0715324
97,0.0715757
98,0.0716407
99,0.071759
100,0.0718771
101,0.0720112
102,0.0721293
103,0.0722533
104,0.0723817
105,0.0725085
106,0.0726261
107,0.0727142
108,0.0728158
109,0.0728926
110,0.0729952
111,0.0731119
112,0.073232
113,0.0733656
114,0.0734796
115,0.0735991
116,0.073715
117,0.0738242
118,0.0739351
119,0.0740249
120,0.0741034
121,0.0741764
122,0.0742428
123,0.0743188
124,0.0744011
125,0.0744993
126,0.0745973
127,0.0747045
128,0.0748201
129,0.0749257
130,0.0750373
131,0.0751373
132,0.0752352
133,0.0753244
134,0.0754083
135,0.0754766
136,0.0755567
137,0.0756244
138,0.075698
139,0.0757672
140,0.075846
141,0.0759146
142,0.0759942
143,0.0760939
144,0.076204
145,0.0763195
146,0.0764418
147,0.0765412
148,0.0766426
149,0.0767411
150,0.0768477
151,0.0769535
152,0.0770583
153,0.0771441
154,0.0772131
155,0.0772826
156,0.0773399
157,0.0774016
158,0.0774694
159,0.0775497
160,0.0776132
161,0.0777059
162,0.0777743
163,0.0778644
164,0.0779469
165,0.0780399
166,0.0781176
167,0.0782024
168,0.0782693
169,0.0783391
170,0.0783998
171,0.0784525
172,0.0784971
173,0.0785447
174,0.0785612
175,0.0785893
176,0.0786039
177,0.0786195
178,0.0786348
179,0.0786482
180,0.0786489
181,0.0786623
182,0.0786623
183,0.0786748
184,0.0786929
185,0.0787095
186,0.0787187
187,0.078706
188,0.0786957
189,0.0786635
190,0.0786408
191,0.0786025
192,0.0785617
193,0.0785005
194,0.0784469
195,0.0783928
196,0.0783731
197,0.0783642
198,0.0783694
199,0.0783728
