2,0.000691349
3,0.00276281
4,0.0052206
5,0.00744911
6,0.00990597
7,0.0124199
8,0.0145954
9,0.01655
10,0.0184496
11,0.0201225
12,0.0215306
13,0.0228021
14,0.0240502
15,0.0252168
16,0.02627
17,0.027275
18,0.0282351
19,0.0292069
20,0.0301905
21,0.0312052
22,0.0322307
23,0.033342
24,0.0344985
25,0.035719
26,0.0369945
27,0.0383238
28,0.0397006
29,0.0411369
30,0.0425976
31,0.0440868
32,0.0456073
33,0.0470832
34,0.0485145
35,0.0498975
36,0.051222
37,0.0524678
38,0.0536617
39,0.0547594
40,0.055783
41,0.0567127
42,0.0575979
43,0.058381
44,0.0591105
45,0.0597109
46,0.0602705
47,0.0607557
48,0.0611862
49,0.0615431
50,0.0618756
51,0.0621475
52,0.0624068
53,0.0626367
54,0.0628521
55,0.0630475
56,0.0632098
57,0.0633485
58,0.0634898
59,0.0636143
60,0.0637629
61,0.0639088
62,0.0640844
63,0.0642625
64,0.0644533
65,0.0646561
66,0.0648714
67,0.0650994
68,0.065351
69,0.0656153
70,0.0658895
71,0.0661728
72,0.0664568
73,0.066758
74,0.0670552
75,0.0673508
76,0.0676369
77,0.0679206
78,0.0681961
79,0.0684579
80,0.0687101
81,0.0689496
82,0.0691707
83,0.0693926
84,0.0695954
85,0.069805
86,0.0700237
87,0.0702286
88,0.070439
89,0.0706349
90,0.0708157
91,0.0709893
92,0.0711674
93,0.07131
94,0.0714141
95,0.0714629
96,0.0714866
97,0.0715082
98,0.0715823
99,0.0716938
100,0.0718345
101,0.0719804
102,0.0721171
103,0.0722575
104,0.0723979
105,0.072527
106,0.072638
107,0.0727214
108,0.0728053
109,0.0728842
110,0.0729775
111,0.0730846
112,0.0731959
113,0.0733207
114,0.073443
115,0.0735724
116,0.0736955
117,0.0738257
118,0.0739351
119,0.0740302
120,0.074107
121,0.074173
122,0.0742354
123,0.0743066
124,0.0743818
125,0.0744868
126,0.0745865
127,0.0746975
128,0.074808
129,0.0749179
130,0.0750301
131,0.0751293
132,0.0752218
133,0.0753131
134,0.0753955
135,0.0754602
136,0.0755398
137,0.075602
138,0.0756776
139,0.075739
140,0.0758218
141,0.075894
142,0.0759756
143,0.0760851
144,0.0762016
145,0.0763273
146,0.0764498
147,0.0765541
148,0.0766455
149,0.0767504
150,0.076852
151,0.0769613
152,0.0770598
153,0.0771511
154,0.0772249
155,0.0772946
156,0.0773533
157,0.0774217
158,0.0774849
159,0.0775676
160,0.077639
161,0.0777285
162,0.0778071
163,0.0778839
164,0.0779656
165,0.0780503
166,0.078131
167,0.0782169
168,0.0782844
169,0.0783496
170,0.0784106
171,0.0784694
172,0.0785221
173,0.0785727
174,0.0786102
175,0.0786471
176,0.0786697
177,0.0787048
178,0.0787237
179,0.07873
180,0.0787326
181,0.0787292
182,0.0787083
183,0.0786889
184,0.0786599
185,0.0786291
186,0.078603
187,0.0785741
188,0.0785406
189,0.0785186
190,0.0785043
191,0.0784918
192,0.0784702
193,0.078449
194,0.0784292
195,0.0783923
196,0.0783662
197,0.0783447
198,0.0783419
199,0.0783451
