2,0.983399
3,0.937114
4,0.885919
5,0.84231
6,0.795703
7,0.749444
8,0.711125
9,0.677919
10,0.646322
11,0.619493
12,0.597915
13,0.579046
14,0.560721
15,0.54397
16,0.529332
17,0.515609
18,0.502729
19,0.489643
20,0.476424
21,0.462714
22,0.448853
23,0.433627
24,0.417688
25,0.400788
26,0.383071
27,0.364567
28,0.34535
29,0.325299
30,0.304981
31,0.284292
32,0.263202
33,0.24294
34,0.223474
35,0.204891
36,0.1872
37,0.170893
38,0.155396
39,0.141473
40,0.128703
41,0.117393
42,0.106811
43,0.0977715
44,0.0894464
45,0.0830606
46,0.0771284
47,0.0723557
48,0.0681043
49,0.065099
50,0.0623032
51,0.0602813
52,0.0583574
53,0.0570494
54,0.055855
55,0.0550097
56,0.0545975
57,0.0545293
58,0.0543916
59,0.0546024
60,0.0544057
61,0.0543357
62,0.0537754
63,0.0531712
64,0.0524057
65,0.051395
66,0.0502717
67,0.0489003
68,0.0472191
69,0.0453346
70,0.0432454
71,0.0410938
72,0.0388422
73,0.0363877
74,0.033971
75,0.0315521
76,0.0293055
77,0.0270109
78,0.024905
79,0.0229371
80,0.0210798
81,0.0194463
82,0.0180048
83,0.0166248
84,0.0153841
85,0.0141362
86,0.0126664
87,0.0113979
88,0.0101312
89,0.00897918
90,0.00811162
91,0.00724713
92,0.00631689
93,0.00597262
94,0.00590255
95,0.00677671
96,0.00779068
97,0.0090252
98,0.0093767
99,0.00925874
100,0.00875049
101,0.00814012
102,0.00770055
103,0.00714109
104,0.00657981
105,0.00624419
106,0.00604602
107,0.00632092
108,0.00641602
109,0.00677458
110,0.00673591
111,0.00661821
112,0.00635409
113,0.00599442
114,0.00557212
115,0.00513976
116,0.00477376
117,0.00440953
118,0.00405794
119,0.00411911
120,0.00422904
121,0.00454777
122,0.00476268
123,0.00494543
124,0.00506769
125,0.00479858
126,0.00463821
127,0.00437568
128,0.0039674
129,0.0037484
130,0.00344515
131,0.00326606
132,0.00300748
133,0.00301715
134,0.00280133
135,0.0031349
136,0.00296191
137,0.00329019
138,0.00318424
139,0.00332047
140,0.00322365
141,0.00327996
142,0.00313309
143,0.00287337
144,0.00236631
145,0.002054
146,0.00186945
147,0.00196373
148,0.00198295
149,0.00207426
150,0.00209954
151,0.00244926
152,0.00267091
153,0.00302697
154,0.00329997
155,0.0032278
156,0.00318089
157,0.00306659
158,0.00306642
159,0.00301857
160,0.00312725
161,0.0033383
162,0.00343414
163,0.00342436
164,0.00363029
165,0.0037995
166,0.003901
167,0.00411347
168,0.00407044
169,0.00400996
170,0.00391607
171,0.00381524
172,0.00362094
173,0.00342417
174,0.00316475
175,0.00292937
176,0.00258623
177,0.0024647
178,0.00233636
179,0.00231236
180,0.00242615
181,0.00280481
182,0.00350093
183,0.00442199
184,0.00529406
185,0.00651275
186,0.007422
187,0.00863413
188,0.00969718
189,0.0107538
190,0.011627
191,0.0125749
192,0.0135402
193,0.0145705
194,0.0155675
195,0.0167776
196,0.0178656
197,0.0188837
198,0.0196558
199,0.0203123
