2,0.990939
3,0.950551
4,0.894861
5,0.846715
6,0.798596
7,0.752485
8,0.713641
9,0.681474
10,0.652403
11,0.626981
12,0.605741
13,0.587755
14,0.570535
15,0.554687
16,0.540195
17,0.526938
18,0.513802
19,0.50088
20,0.487298
21,0.473625
22,0.45905
23,0.443388
24,0.427088
25,0.409942
26,0.391704
27,0.372758
28,0.352816
29,0.33218
30,0.311102
31,0.290158
32,0.269008
33,0.248278
34,0.22841
35,0.209419
36,0.191539
37,0.175084
38,0.159677
39,0.145665
40,0.132994
41,0.121537
42,0.111279
43,0.102156
44,0.0941399
45,0.0874737
46,0.0818622
47,0.0767765
48,0.0726317
49,0.0692898
50,0.0664234
51,0.064261
52,0.0624454
53,0.0610289
54,0.0598381
55,0.0590487
56,0.0583303
57,0.0580671
58,0.0580096
59,0.058023
60,0.0575343
61,0.0571087
62,0.0563032
63,0.0556201
64,0.0548094
65,0.0538076
66,0.0527256
67,0.051287
68,0.049577
69,0.0478688
70,0.045537
71,0.043474
72,0.0409351
73,0.0386605
74,0.0360181
75,0.0338102
76,0.0312546
77,0.02903
78,0.0267932
79,0.0249488
80,0.0229997
81,0.0215449
82,0.0200406
83,0.0189347
84,0.0174639
85,0.0162997
86,0.0147454
87,0.0132584
88,0.0119572
89,0.0108287
90,0.0100705
91,0.00930368
92,0.00835639
93,0.00793662
94,0.007904
95,0.00860396
96,0.00933518
97,0.010067
98,0.0104168
99,0.0101877
100,0.0101479
101,0.009541
102,0.00913555
103,0.00848828
104,0.00799002
105,0.00756517
106,0.00736182
107,0.00741585
108,0.00749483
109,0.00773504
110,0.00777331
111,0.00759417
112,0.00721568
113,0.00675604
114,0.0063896
115,0.00618663
116,0.00596528
117,0.00575615
118,0.00563487
119,0.00559998
120,0.00547659
121,0.005423
122,0.00527504
123,0.00505648
124,0.00484274
125,0.00458669
126,0.00444639
127,0.00431166
128,0.00403744
129,0.00411703
130,0.0038505
131,0.00366382
132,0.00360878
133,0.00340111
134,0.00337777
135,0.00347504
136,0.00341414
137,0.00348942
138,0.00360594
139,0.00356963
140,0.00368491
141,0.00347144
142,0.00342879
143,0.00283538
144,0.00228231
145,0.00201595
146,0.00187572
147,0.0020936
148,0.00194428
149,0.00202497
150,0.00220971
151,0.00240179
152,0.00284432
153,0.0031705
154,0.00322791
155,0.00339404
156,0.00335366
157,0.00334426
158,0.0033516
159,0.0033489
160,0.00345656
161,0.00357957
162,0.00365233
163,0.00367899
164,0.00387194
165,0.0040255
166,0.00406306
167,0.00416969
168,0.00412517
169,0.00408991
170,0.0039585
171,0.00396152
172,0.00369
173,0.00353899
174,0.00327032
175,0.00313856
176,0.00293936
177,0.00278129
178,0.00278373
179,0.00276581
180,0.0029104
181,0.00315183
182,0.00371103
183,0.00425523
184,0.00517227
185,0.00596439
186,0.00704516
187,0.00810696
188,0.0093763
189,0.0103921
190,0.0115056
191,0.0124354
192,0.0135937
193,0.0146892
194,0.0161107
195,0.0176341
196,0.0187905
197,0.0196404
198,0.0200913
199,0.0206167
