2,0.000380089
3,0.00217318
4,0.00481101
5,0.00724107
6,0.00976544
7,0.0122683
8,0.0144676
9,0.0163665
10,0.0181314
11,0.0197259
12,0.0211108
13,0.022329
14,0.0235119
15,0.0246223
16,0.0256623
17,0.026635
18,0.0276032
19,0.0285612
20,0.0295597
21,0.0305665
22,0.0316295
23,0.0327608
24,0.0339352
25,0.0351659
26,0.0364672
27,0.0378185
28,0.0392375
29,0.0407044
30,0.0422067
31,0.0437075
32,0.0452276
33,0.0467281
34,0.0481805
35,0.0495855
36,0.0509189
37,0.0521734
38,0.05336
39,0.0544571
40,0.0554703
41,0.0564102
42,0.0572685
43,0.0580475
44,0.058754
45,0.0593689
46,0.0599098
47,0.060412
48,0.0608461
49,0.0612276
50,0.0615704
51,0.061862
52,0.0621296
53,0.062369
54,0.0625898
55,0.0627883
56,0.0629772
57,0.0631364
58,0.0632817
59,0.0634241
60,0.0635953
61,0.0637671
62,0.0639599
63,0.0641461
64,0.0643423
65,0.0645469
66,0.0647589
67,0.0649918
68,0.0652443
69,0.0654969
70,0.0657898
71,0.0660656
72,0.0663719
73,0.0666611
74,0.0669737
75,0.0672551
76,0.0675606
77,0.067845
78,0.0681304
79,0.0683825
80,0.0686449
81,0.0688712
82,0.0690926
83,0.0692891
84,0.0695082
85,0.0697098
86,0.0699362
87,0.0701622
88,0.0703783
89,0.0705699
90,0.0707426
91,0.0709212
92,0.0710967
93,0.0712553
94,0.0713483
95,0.0714044
96,0.0714347
97,0.0714882
98,0.0715578
99,0.0716797
100,0.0717863
101,0.0719365
102,0.0720686
103,0.0722251
104,0.072357
105,0.0724985
106,0.0726006
107,0.0726987
108,0.0727721
109,0.0728499
110,0.0729321
111,0.0730426
112,0.0731562
113,0.0732847
114,0.073399
115,0.0735044
116,0.0736111
117,0.0737159
118,0.0738161
119,0.0739101
120,0.0740111
121,0.0741019
122,0.0742029
123,0.0743055
124,0.0744088
125,0.0745124
126,0.0746158
127,0.0747057
128,0.0748133
129,0.0749031
130,0.0750028
131,0.0751044
132,0.0751963
133,0.0752784
134,0.0753622
135,0.0754303
136,0.0755038
137,0.0755687
138,0.0756393
139,0.0757081
140,0.0757825
141,0.0758699
142,0.0759577
143,0.0760836
144,0.076213
145,0.0763424
146,0.0764642
147,0.0765595
148,0.0766462
149,0.0767418
150,0.0768506
151,0.0769607
152,0.0770622
153,0.0771502
154,0.0772203
155,0.0772877
156,0.077355
157,0.0774235
158,0.0775044
159,0.0775824
160,0.0776628
161,0.0777429
162,0.0778248
163,0.077897
164,0.0779888
165,0.0780675
166,0.0781397
167,0.0782122
168,0.0782757
169,0.0783412
170,0.0783944
171,0.078462
172,0.0785101
173,0.0785627
174,0.078601
175,0.0786359
176,0.0786652
177,0.0786883
178,0.078706
179,0.0787146
180,0.0787176
181,0.078713
182,0.0786986
183,0.0786875
184,0.0786711
185,0.0786637
186,0.0786343
187,0.0786091
188,0.0785689
189,0.0785459
190,0.0785162
191,0.0785039
192,0.0784691
193,0.0784418
194,0.0783869
195,0.0783242
196,0.0782891
197,0.0782814
198,0.0783021
199,0.078318
