2,0.000992634
3,0.0032924
4,0.00571771
5,0.00802747
6,0.0105632
7,0.0129918
8,0.0148823
9,0.0165177
10,0.0180911
11,0.019483
12,0.0206995
13,0.0218541
14,0.0229457
15,0.0239665
16,0.0249331
17,0.025887
18,0.0268329
19,0.0278138
20,0.0288311
21,0.0298897
22,0.0310154
23,0.0321883
24,0.0334228
25,0.0347112
26,0.0360864
27,0.0374879
28,0.038948
29,0.0404301
30,0.0419325
31,0.0434275
32,0.0449421
33,0.0464254
34,0.0478716
35,0.0492685
36,0.050608
37,0.0518351
38,0.0530151
39,0.0541118
40,0.0551142
41,0.0560496
42,0.0568807
43,0.0576605
44,0.0583502
45,0.0589668
46,0.0595023
47,0.0599879
48,0.0604349
49,0.0608234
50,0.0611905
51,0.0615025
52,0.0617928
53,0.0620442
54,0.0622935
55,0.0625101
56,0.0627244
57,0.0629154
58,0.0631072
59,0.0633029
60,0.0635111
61,0.0637164
62,0.0639417
63,0.0641607
64,0.0643815
65,0.0645925
66,0.0648212
67,0.0650654
68,0.0653266
69,0.0655952
70,0.0658665
71,0.0661498
72,0.0664479
73,0.0667287
74,0.0670165
75,0.0673117
76,0.0675834
77,0.0678728
78,0.0681461
79,0.068405
80,0.0686432
81,0.0688759
82,0.0690676
83,0.069263
84,0.0694469
85,0.0696771
86,0.0698941
87,0.0700984
88,0.0703028
89,0.0704943
90,0.0706845
91,0.0708661
92,0.0710033
93,0.0711096
94,0.0711857
95,0.0712446
96,0.0712966
97,0.0714033
98,0.071508
99,0.0716311
100,0.0717375
101,0.0718519
102,0.0719815
103,0.0721095
104,0.0722328
105,0.0723296
106,0.0724319
107,0.0725178
108,0.0726097
109,0.0727088
110,0.0728049
111,0.0729078
112,0.0730114
113,0.0731312
114,0.0732424
115,0.0733714
116,0.0735057
117,0.0736307
118,0.0737517
119,0.0738582
120,0.0739599
121,0.0740587
122,0.0741505
123,0.0742454
124,0.0743439
125,0.0744466
126,0.0745617
127,0.0746736
128,0.0747802
129,0.0748712
130,0.074965
131,0.0750655
132,0.075151
133,0.0752343
134,0.0753122
135,0.0753792
136,0.0754448
137,0.0755155
138,0.0755844
139,0.0756566
140,0.0757388
141,0.0758419
142,0.0759501
143,0.0760856
144,0.0762184
145,0.076346
146,0.0764686
147,0.076558
148,0.0766492
149,0.076741
150,0.0768421
151,0.0769413
152,0.0770423
153,0.0771332
154,0.0772101
155,0.0772704
156,0.0773329
157,0.0773904
158,0.077457
159,0.077534
160,0.0776102
161,0.0776983
162,0.0777806
163,0.0778606
164,0.0779401
165,0.0780088
166,0.0780806
167,0.0781421
168,0.0782016
169,0.0782604
170,0.07832
171,0.0783895
172,0.0784456
173,0.0785066
174,0.0785555
175,0.0786028
176,0.0786464
177,0.0786794
178,0.0787095
179,0.0787211
180,0.0787229
181,0.0787095
182,0.0787088
183,0.0787115
184,0.0787281
185,0.0787419
186,0.0787501
187,0.0787329
188,0.0787093
189,0.0786799
190,0.0786548
191,0.0786086
192,0.0785499
193,0.078474
194,0.0783799
195,0.0782882
196,0.0782273
197,0.0782228
198,0.0782488
199,0.078274
