2,0.976112
3,0.925063
4,0.875067
5,0.830057
6,0.782128
7,0.737886
8,0.705402
9,0.678501
10,0.653143
11,0.631519
12,0.613376
13,0.596467
14,0.580812
15,0.566497
16,0.55319
17,0.540175
18,0.527302
19,0.513844
20,0.499838
21,0.485158
22,0.469382
23,0.452916
24,0.435493
25,0.417272
26,0.397708
27,0.377818
28,0.357087
29,0.336117
30,0.314901
31,0.293944
32,0.272773
33,0.252223
34,0.232341
35,0.213326
36,0.195299
37,0.179099
38,0.163669
39,0.149604
40,0.136998
41,0.125433
42,0.115468
43,0.10629
44,0.0984797
45,0.0916207
46,0.0860989
47,0.081265
48,0.0769451
49,0.0735095
50,0.0704057
51,0.0680201
52,0.0659706
53,0.0644911
54,0.0629954
55,0.0619771
56,0.0609332
57,0.060341
58,0.0596043
59,0.0588796
60,0.0579298
61,0.057004
62,0.0557977
63,0.0546472
64,0.0534881
65,0.0524348
66,0.0511199
67,0.0495803
68,0.047737
69,0.0458323
70,0.0438316
71,0.041662
72,0.0392878
73,0.0370974
74,0.0348594
75,0.0324579
76,0.0303742
77,0.0280825
78,0.0259728
79,0.0241383
80,0.0224782
81,0.0209934
82,0.0199581
83,0.0189642
84,0.0179445
85,0.016442
86,0.0151064
87,0.0139023
88,0.0127558
89,0.0117566
90,0.0106228
91,0.00980172
92,0.00930628
93,0.00942212
94,0.00964015
95,0.0103657
96,0.0109462
97,0.0110624
98,0.0109072
99,0.010683
100,0.0106261
101,0.0104045
102,0.0101032
103,0.0098068
104,0.00937823
105,0.00948051
106,0.00922906
107,0.00944423
108,0.0093647
109,0.00933584
110,0.00923699
111,0.009158
112,0.00898399
113,0.00865129
114,0.00837125
115,0.00792627
116,0.00729634
117,0.0069064
118,0.00652887
119,0.0063241
120,0.00610524
121,0.00602662
122,0.00594145
123,0.00580693
124,0.00555982
125,0.00536861
126,0.00487533
127,0.00455152
128,0.00422186
129,0.00421222
130,0.00386079
131,0.0038261
132,0.00359119
133,0.00362709
134,0.00366137
135,0.00378408
136,0.00388255
137,0.00399177
138,0.00398947
139,0.00415671
140,0.00405448
141,0.00368576
142,0.00332372
143,0.00269188
144,0.00198236
145,0.0018246
146,0.00177322
147,0.00178802
148,0.00177506
149,0.00158732
150,0.00181779
151,0.00194456
152,0.00222894
153,0.00261422
154,0.00276957
155,0.00251553
156,0.00239125
157,0.00233438
158,0.00217952
159,0.00224202
160,0.00237385
161,0.00246111
162,0.00267815
163,0.00288252
164,0.00291694
165,0.00296864
166,0.00312664
167,0.00299568
168,0.00292423
169,0.00281328
170,0.0027014
171,0.00267915
172,0.00253861
173,0.0025099
174,0.00240263
175,0.00236157
176,0.00234003
177,0.00246292
178,0.00245379
179,0.00277161
180,0.00293505
181,0.00306111
182,0.00353003
183,0.00395064
184,0.00455923
185,0.00505465
186,0.00571036
187,0.00664057
188,0.00770322
189,0.00877253
190,0.00984733
191,0.0111857
192,0.0126196
193,0.0143263
194,0.0162163
195,0.0180937
196,0.0195803
197,0.0203581
198,0.0207534
199,0.0211555
