2,0.00146705
3,0.00422445
4,0.00646421
5,0.00847927
6,0.0105119
7,0.0123829
8,0.0141664
9,0.0159819
10,0.0176301
11,0.0190814
12,0.0203253
13,0.0214303
14,0.0224044
15,0.0233413
16,0.0242476
17,0.0251397
18,0.0260431
19,0.0270109
20,0.0280472
21,0.0291754
22,0.0303375
23,0.0315833
24,0.0329019
25,0.0342794
26,0.0357079
27,0.0371941
28,0.0387162
29,0.040247
30,0.041779
31,0.0433138
32,0.0448224
33,0.0462924
34,0.0477186
35,0.0490811
36,0.0503736
37,0.0515809
38,0.0527168
39,0.0537605
40,0.0547175
41,0.0556159
42,0.0564283
43,0.0571586
44,0.0578292
45,0.0584429
46,0.058988
47,0.0594817
48,0.0599412
49,0.0603618
50,0.0607554
51,0.0611076
52,0.0614096
53,0.0616878
54,0.0619599
55,0.0622342
56,0.0625009
57,0.062761
58,0.0630045
59,0.0632534
60,0.0635009
61,0.0637777
62,0.0640406
63,0.0643056
64,0.0645407
65,0.0647854
66,0.0650251
67,0.0652804
68,0.0655421
69,0.0658064
70,0.0660884
71,0.0663722
72,0.0666726
73,0.066934
74,0.0672076
75,0.0674639
76,0.0677227
77,0.067972
78,0.0682488
79,0.0684952
80,0.0687472
81,0.0689649
82,0.0691635
83,0.069337
84,0.0695095
85,0.0696783
86,0.0698634
87,0.0700672
88,0.0702629
89,0.0704357
90,0.0705929
91,0.0707447
92,0.0708589
93,0.0709554
94,0.0710401
95,0.071117
96,0.0711643
97,0.0712317
98,0.0713289
99,0.0714251
100,0.0715414
101,0.0716657
102,0.0717983
103,0.0719196
104,0.0720482
105,0.0721538
106,0.0722488
107,0.0723187
108,0.0724019
109,0.0725097
110,0.0726228
111,0.0727327
112,0.0728526
113,0.0729851
114,0.0730948
115,0.0731975
116,0.0733202
117,0.0734541
118,0.0735828
119,0.0737018
120,0.0738105
121,0.0739078
122,0.0739913
123,0.074093
124,0.0742157
125,0.0743397
126,0.0744622
127,0.0745766
128,0.074691
129,0.0747931
130,0.0748909
131,0.0749858
132,0.0750664
133,0.0751376
134,0.0752144
135,0.0752791
136,0.0753489
137,0.0754495
138,0.0755293
139,0.0756247
140,0.0757181
141,0.0758351
142,0.0759449
143,0.0760802
144,0.0761972
145,0.07632
146,0.0764288
147,0.0765306
148,0.0766158
149,0.0767164
150,0.0767924
151,0.0769007
152,0.0769808
153,0.077088
154,0.077158
155,0.077245
156,0.0773264
157,0.0773935
158,0.077471
159,0.0775438
160,0.0776223
161,0.0776935
162,0.0777731
163,0.0778267
164,0.0779143
165,0.0779717
166,0.0780447
167,0.0780967
168,0.0781713
169,0.0782267
170,0.0783049
171,0.0783672
172,0.0784405
173,0.0784957
174,0.0785608
175,0.0785941
176,0.0786671
177,0.0786881
178,0.0787403
179,0.0787351
180,0.07873
181,0.0787066
182,0.0786978
183,0.0786951
184,0.0787254
185,0.0787498
186,0.0787695
187,0.0787597
188,0.0787421
189,0.0787182
190,0.0786851
191,0.07864
192,0.0785567
193,0.0784636
194,0.0783645
195,0.0782652
196,0.0782019
197,0.0781877
198,0.0782024
199,0.0782278
