2,0.964623
3,0.903819
4,0.85874
5,0.820534
6,0.783268
7,0.750283
8,0.719741
9,0.689131
10,0.662214
11,0.639362
12,0.620593
13,0.604523
14,0.590916
15,0.577996
16,0.565657
17,0.553577
18,0.541329
19,0.527976
20,0.513482
21,0.497479
22,0.480956
23,0.463141
24,0.444162
25,0.424318
26,0.403765
27,0.382332
28,0.360487
29,0.338571
30,0.316785
31,0.295076
32,0.273886
33,0.253418
34,0.233749
35,0.215175
36,0.197824
37,0.181795
38,0.16698
39,0.153596
40,0.141654
41,0.130548
42,0.1208
43,0.112377
44,0.104792
45,0.0980735
46,0.0923787
47,0.0874705
48,0.0830363
49,0.0791391
50,0.0757316
51,0.0728495
52,0.0707023
53,0.0689101
54,0.0671619
55,0.0653907
56,0.0636829
57,0.0620802
58,0.0606978
59,0.0592077
60,0.0577587
61,0.0557895
62,0.0540962
63,0.0522734
64,0.0509484
65,0.0494172
66,0.0479495
67,0.0462959
68,0.0444558
69,0.0426247
70,0.0404933
71,0.0383085
72,0.0358906
73,0.0339855
74,0.0319566
75,0.030138
76,0.0282682
77,0.0265393
78,0.0243617
79,0.0226887
80,0.020818
81,0.0195622
82,0.0184659
83,0.0177708
84,0.0170076
85,0.0162725
86,0.0153329
87,0.0140882
88,0.0129728
89,0.012235
90,0.0115228
91,0.0112088
92,0.0109421
93,0.0112825
94,0.0114308
95,0.0118403
96,0.0125808
97,0.013067
98,0.0132025
99,0.0132211
100,0.0130622
101,0.0128263
102,0.0123313
103,0.0120784
104,0.0115835
105,0.011582
106,0.0115404
107,0.0119188
108,0.0119935
109,0.0118605
110,0.0115812
111,0.0113318
112,0.0109661
113,0.0104616
114,0.0102376
115,0.010116
116,0.00966354
117,0.00919508
118,0.0086584
119,0.00835536
120,0.00803148
121,0.00794075
122,0.00791018
123,0.00769281
124,0.0071683
125,0.00669344
126,0.00611101
127,0.00571751
128,0.00528681
129,0.00509758
130,0.0049512
131,0.00497504
132,0.00493875
133,0.00526484
134,0.00511536
135,0.00543072
136,0.00528233
137,0.0050759
138,0.0049094
139,0.00473997
140,0.00433823
141,0.00392869
142,0.00347218
143,0.00283161
144,0.00230395
145,0.0020448
146,0.00192148
147,0.00185102
148,0.00189879
149,0.00192121
150,0.001803
151,0.00179891
152,0.00181957
153,0.00187332
154,0.00202757
155,0.00207328
156,0.00225782
157,0.00204545
158,0.00216733
159,0.00213745
160,0.0022993
161,0.00218955
162,0.00240281
163,0.0022167
164,0.00247328
165,0.00246649
166,0.00232831
167,0.00222934
168,0.00222965
169,0.00213631
170,0.00231153
171,0.00225581
172,0.0022629
173,0.00222405
174,0.00230295
175,0.00205921
176,0.00230328
177,0.00205212
178,0.00210003
179,0.00197367
180,0.00221277
181,0.00280269
182,0.00337757
183,0.00411808
184,0.00452521
185,0.00500794
186,0.00550527
187,0.0063967
188,0.00731554
189,0.00833489
190,0.00946243
191,0.010782
192,0.0125268
193,0.0144184
194,0.0163917
195,0.018356
196,0.0198792
197,0.0207858
198,0.0213228
199,0.0217277
