2,0.963076
3,0.903043
4,0.860192
5,0.822883
6,0.786238
7,0.755695
8,0.726878
9,0.697888
10,0.672023
11,0.649858
12,0.630193
13,0.614097
14,0.600513
15,0.587604
16,0.575308
17,0.563246
18,0.550269
19,0.536403
20,0.521682
21,0.505425
22,0.487596
23,0.468868
24,0.448987
25,0.428157
26,0.406424
27,0.384435
28,0.362227
29,0.34007
30,0.317874
31,0.296093
32,0.275042
33,0.254639
34,0.235406
35,0.216958
36,0.200083
37,0.184682
38,0.170201
39,0.15787
40,0.147007
41,0.136652
42,0.12767
43,0.119469
44,0.112066
45,0.105323
46,0.099552
47,0.0940935
48,0.0895735
49,0.0854597
50,0.0817107
51,0.0786554
52,0.0762739
53,0.0736926
54,0.0713649
55,0.068884
56,0.0664554
57,0.0639183
58,0.0618773
59,0.0595031
60,0.057369
61,0.0550235
62,0.0525964
63,0.0505148
64,0.0485487
65,0.0468493
66,0.0451508
67,0.0434878
68,0.0418073
69,0.0399366
70,0.0379142
71,0.0359737
72,0.0338125
73,0.0314861
74,0.0292455
75,0.0271476
76,0.0252202
77,0.0236381
78,0.0220227
79,0.0207031
80,0.0194373
81,0.0184713
82,0.0175359
83,0.01681
84,0.0160988
85,0.0155537
86,0.0149239
87,0.0145258
88,0.0140942
89,0.0137267
90,0.0133257
91,0.0131802
92,0.0133926
93,0.0136488
94,0.01408
95,0.0141244
96,0.0139984
97,0.0140799
98,0.0139656
99,0.0139792
100,0.0140005
101,0.0140598
102,0.014242
103,0.0144175
104,0.0144342
105,0.0143933
106,0.0144342
107,0.0145053
108,0.0146182
109,0.0145175
110,0.0144229
111,0.0142723
112,0.0140734
113,0.0136042
114,0.0130405
115,0.0125363
116,0.0118176
117,0.0112893
118,0.0108492
119,0.0106383
120,0.0103208
121,0.0100523
122,0.00972205
123,0.00926466
124,0.00885397
125,0.00849414
126,0.00793688
127,0.00742181
128,0.00675453
129,0.0062824
130,0.00597962
131,0.00564456
132,0.00568615
133,0.00563976
134,0.00571529
135,0.00565454
136,0.00575235
137,0.00561749
138,0.00552309
139,0.00528947
140,0.00504511
141,0.00456982
142,0.00429354
143,0.00358779
144,0.00318164
145,0.00293841
146,0.00269565
147,0.00281814
148,0.00267042
149,0.00283717
150,0.00266338
151,0.00288244
152,0.00268344
153,0.00281034
154,0.00271338
155,0.0026682
156,0.00279374
157,0.00273787
158,0.00291786
159,0.0029194
160,0.00299356
161,0.00309408
162,0.00310709
163,0.00318266
164,0.00341026
165,0.00329834
166,0.00336022
167,0.00331599
168,0.00313709
169,0.00293528
170,0.0028654
171,0.00260061
172,0.00247396
173,0.00233238
174,0.00212762
175,0.00222303
176,0.00214909
177,0.00233284
178,0.00236941
179,0.00240244
180,0.00269159
181,0.00289063
182,0.00358558
183,0.00410567
184,0.00469523
185,0.00531749
186,0.00604868
187,0.00679897
188,0.00761987
189,0.00842373
190,0.00940102
191,0.010627
192,0.0121862
193,0.013969
194,0.0159098
195,0.0180175
196,0.0196628
197,0.0208479
198,0.021723
199,0.0222757
