2,0.00153112
3,0.00425815
4,0.00639739
5,0.0083667
6,0.0103646
7,0.01211
8,0.0137993
9,0.0155226
10,0.0171074
11,0.0185133
12,0.0197967
13,0.0208957
14,0.021861
15,0.0227908
16,0.0236884
17,0.0245739
18,0.0255123
19,0.0265045
20,0.0275488
21,0.0286862
22,0.02992
23,0.0312137
24,0.0325818
25,0.0340139
26,0.0355071
27,0.0370248
28,0.0385623
29,0.0401062
30,0.0416581
31,0.0431934
32,0.0446904
33,0.0461515
34,0.0475475
35,0.0488975
36,0.0501529
37,0.0513201
38,0.0524287
39,0.0534046
40,0.0542877
41,0.055139
42,0.0559012
43,0.0566151
44,0.0572762
45,0.0578915
46,0.0584467
47,0.0589772
48,0.0594461
49,0.0598867
50,0.0603022
51,0.0606705
52,0.0609925
53,0.061325
54,0.0616415
55,0.061965
56,0.062286
57,0.0626087
58,0.0629017
59,0.0632128
60,0.0635069
61,0.0638154
62,0.0641256
63,0.0644132
64,0.0646901
65,0.0649488
66,0.0652061
67,0.0654588
68,0.0657137
69,0.065978
70,0.0662544
71,0.0665223
72,0.0668055
73,0.0670998
74,0.0673868
75,0.0676657
76,0.0679277
77,0.0681679
78,0.0684073
79,0.0686243
80,0.068838
81,0.0690273
82,0.0692175
83,0.0693891
84,0.0695612
85,0.0697196
86,0.0698801
87,0.0700302
88,0.0701721
89,0.0703216
90,0.0704577
91,0.0705836
92,0.0706819
93,0.0707714
94,0.0708468
95,0.0709521
96,0.0710589
97,0.0711651
98,0.0712717
99,0.0713811
100,0.0714759
101,0.0715783
102,0.0716607
103,0.0717512
104,0.0718441
105,0.0719472
106,0.0720422
107,0.072135
108,0.0722219
109,0.0723268
110,0.0724242
111,0.0725306
112,0.0726346
113,0.0727639
114,0.0728946
115,0.0730271
116,0.0731651
117,0.0732993
118,0.0734146
119,0.0735189
120,0.0736277
121,0.073736
122,0.0738462
123,0.0739657
124,0.0740805
125,0.0741957
126,0.0743207
127,0.0744448
128,0.0745767
129,0.0746995
130,0.0748044
131,0.074917
132,0.0749936
133,0.0750767
134,0.075147
135,0.075229
136,0.0753006
137,0.0753846
138,0.0754677
139,0.0755688
140,0.075664
141,0.0757804
142,0.0758893
143,0.0760169
144,0.07614
145,0.0762622
146,0.076383
147,0.0764835
148,0.0765939
149,0.0767041
150,0.0768027
151,0.0768975
152,0.0769824
153,0.0770641
154,0.0771506
155,0.0772186
156,0.0773119
157,0.0773918
158,0.0774866
159,0.0775645
160,0.0776485
161,0.077723
162,0.0778019
163,0.0778837
164,0.077967
165,0.0780392
166,0.0781066
167,0.0781671
168,0.078215
169,0.078273
170,0.0783207
171,0.0783709
172,0.0784099
173,0.0784506
174,0.0784846
175,0.0785191
176,0.0785512
177,0.0785883
178,0.0786182
179,0.078651
180,0.0786665
181,0.0786872
182,0.0786843
183,0.0787001
184,0.0787107
185,0.0787238
186,0.078723
187,0.0787273
188,0.0787165
189,0.0787109
190,0.0786898
191,0.078654
192,0.0785864
193,0.0785023
194,0.0784059
195,0.0782957
196,0.0782227
197,0.0781866
198,0.078175
199,0.0781857
