2,0.87646
3,0.709661
4,0.639653
5,0.593226
6,0.54023
7,0.489661
8,0.43983
9,0.389997
10,0.342553
11,0.29739
12,0.255456
13,0.217508
14,0.184305
15,0.15548
16,0.13144
17,0.112122
18,0.098968
19,0.0917929
20,0.0874792
21,0.0819733
22,0.077203
23,0.072517
24,0.0679975
25,0.0633676
26,0.0601819
27,0.0573578
28,0.0546602
29,0.0524318
30,0.0483542
31,0.0453433
32,0.0425243
33,0.0400491
34,0.0373271
35,0.0353102
36,0.0333146
37,0.0314332
38,0.0287302
39,0.0267846
40,0.0251515
41,0.0241624
42,0.0231232
43,0.0228801
44,0.0220921
45,0.0213407
46,0.019777
47,0.0182945
48,0.0166746
49,0.0155435
50,0.0136279
51,0.012352
52,0.0111405
53,0.0101112
54,0.00902403
55,0.00871346
56,0.00828551
57,0.00773371
58,0.00740846
59,0.00668279
60,0.00652627
61,0.00611543
62,0.00576392
63,0.00522649
64,0.00479936
65,0.00474485
66,0.00451527
67,0.00442493
68,0.00448097
69,0.0044058
70,0.00406685
71,0.00373788
72,0.00327881
73,0.00284936
74,0.00261843
75,0.00232044
76,0.00204548
77,0.00248322
78,0.00336596
79,0.00468776
80,0.00617768
81,0.0053794
82,0.0038872
83,0.00350818
84,0.00423832
85,0.00464883
86,0.00380624
87,0.0024925
88,0.00143034
89,0.00153341
90,0.00213445
91,0.0028248
92,0.00440747
93,0.00547323
94,0.0044944
95,0.00382322
96,0.00323613
97,0.00403569
98,0.00379215
99,0.00318255
100,0.00226113
101,0.00190626
102,0.00255974
103,0.00328802
104,0.00409719
105,0.00549752
106,0.0056505
107,0.00572675
108,0.00536449
109,0.00420636
110,0.00340343
111,0.00303009
112,0.00314353
113,0.00291816
114,0.00220254
115,0.00208899
116,0.00205647
117,0.00234719
118,0.00237961
119,0.00273065
120,0.00335864
121,0.00359198
122,0.00406895
123,0.00372545
124,0.00389836
125,0.00328942
126,0.00215556
127,0.00178063
128,0.00167171
129,0.00165815
130,0.00213239
131,0.00258118
132,0.00339594
133,0.0036585
134,0.0033281
135,0.00331172
136,0.0026648
137,0.00249168
138,0.00289751
139,0.0029072
140,0.00345905
141,0.00357952
142,0.00300685
143,0.00275143
144,0.00301294
145,0.00379835
146,0.0035577
147,0.00323413
148,0.00266164
149,0.00309806
150,0.00328391
151,0.00272654
152,0.00256807
153,0.00300408
154,0.00296371
155,0.00368748
156,0.00371592
157,0.00368291
158,0.00333182
159,0.00316371
160,0.00290798
161,0.0028195
162,0.00301791
163,0.00282902
164,0.00288668
165,0.00337099
166,0.00372426
167,0.00360314
168,0.00364426
169,0.00366395
170,0.00382195
171,0.00362132
172,0.00293006
173,0.00209813
174,0.00179987
175,0.00212453
176,0.00246429
177,0.00335147
178,0.00445143
179,0.0035875
180,0.00343823
181,0.00366948
182,0.00517837
183,0.0056853
184,0.00540357
185,0.00437279
186,0.0031943
187,0.00253485
188,0.00182486
189,0.00181583
190,0.00244476
191,0.00343834
192,0.00321489
193,0.00339187
194,0.00310588
195,0.00506482
196,0.00558973
197,0.00566291
198,0.00415813
199,0.00879482
