2,0.00148705
3,0.004178
4,0.00627243
5,0.00815389
6,0.0101418
7,0.0119317
8,0.0136155
9,0.0153258
10,0.0169218
11,0.018319
12,0.0195345
13,0.0205997
14,0.021545
15,0.0224485
16,0.0233294
17,0.0242213
18,0.0251447
19,0.0261404
20,0.0271792
21,0.0283446
22,0.0295667
23,0.0308715
24,0.0322465
25,0.033688
26,0.0351639
27,0.0366977
28,0.0382306
29,0.0397858
30,0.0413296
31,0.0428652
32,0.0443586
33,0.0458313
34,0.047226
35,0.0485593
36,0.0498008
37,0.050955
38,0.0520197
39,0.0529989
40,0.0538844
41,0.054702
42,0.0554689
43,0.0561536
44,0.0567968
45,0.057406
46,0.0579628
47,0.0584992
48,0.0589962
49,0.059441
50,0.0598579
51,0.0602567
52,0.0606022
53,0.0609622
54,0.0613121
55,0.0616653
56,0.0620394
57,0.0624063
58,0.0627455
59,0.0630854
60,0.063438
61,0.0637736
62,0.0640976
63,0.0644056
64,0.0646949
65,0.0649715
66,0.0652505
67,0.0655006
68,0.065763
69,0.0660281
70,0.0663127
71,0.0665828
72,0.0668629
73,0.0671473
74,0.0674314
75,0.0677093
76,0.0679697
77,0.0682233
78,0.0684587
79,0.0686765
80,0.068876
81,0.0690539
82,0.0692037
83,0.0693412
84,0.0694755
85,0.0696181
86,0.0697772
87,0.069945
88,0.0701069
89,0.0702728
90,0.0704079
91,0.0705479
92,0.0706371
93,0.0707295
94,0.0707951
95,0.0708631
96,0.0709275
97,0.0710031
98,0.0710917
99,0.0711863
100,0.0712936
101,0.071396
102,0.0715136
103,0.0716299
104,0.0717453
105,0.0718453
106,0.0719531
107,0.07203
108,0.0721247
109,0.0722165
110,0.0723256
111,0.0724374
112,0.0725595
113,0.0726828
114,0.072807
115,0.0729229
116,0.0730404
117,0.0731561
118,0.0732832
119,0.0734082
120,0.0735392
121,0.073667
122,0.0738027
123,0.0739206
124,0.07405
125,0.0741658
126,0.0742882
127,0.0744005
128,0.0745191
129,0.0746257
130,0.0747267
131,0.0748263
132,0.0749175
133,0.0750095
134,0.075091
135,0.075179
136,0.0752567
137,0.0753535
138,0.075439
139,0.0755395
140,0.0756379
141,0.0757516
142,0.0758638
143,0.0759915
144,0.0761163
145,0.0762454
146,0.0763716
147,0.0764961
148,0.0765941
149,0.0766954
150,0.0767957
151,0.0768874
152,0.0769599
153,0.0770377
154,0.0771007
155,0.077173
156,0.0772544
157,0.0773423
158,0.0774462
159,0.0775383
160,0.0776345
161,0.0777116
162,0.0777964
163,0.0778735
164,0.0779576
165,0.078029
166,0.0780942
167,0.078145
168,0.0781875
169,0.0782402
170,0.0783013
171,0.0783606
172,0.0784122
173,0.0784695
174,0.0785182
175,0.0785738
176,0.0786151
177,0.078646
178,0.078679
179,0.0786809
180,0.0786838
181,0.0786764
182,0.0786741
183,0.0786726
184,0.0786982
185,0.0787105
186,0.0787368
187,0.0787374
188,0.0787318
189,0.0787027
190,0.0786832
191,0.0786463
192,0.0785864
193,0.0784931
194,0.0783918
195,0.0782752
196,0.0782053
197,0.0781743
198,0.0781585
199,0.0781625
