2,0.0014823
3,0.00409181
4,0.00606672
5,0.00792397
6,0.00996602
7,0.0117911
8,0.0134789
9,0.0152337
10,0.01685
11,0.0181934
12,0.0193559
13,0.0204117
14,0.0213358
15,0.0222265
16,0.0231249
17,0.0240172
18,0.0249055
19,0.0258786
20,0.0269513
21,0.0281006
22,0.0292897
23,0.0305548
24,0.0319008
25,0.033314
26,0.0347834
27,0.0362991
28,0.0378325
29,0.0393732
30,0.0409074
31,0.0424284
32,0.0439312
33,0.0453805
34,0.0467781
35,0.0481223
36,0.0493678
37,0.0505336
38,0.0516169
39,0.0526136
40,0.053509
41,0.0543244
42,0.0550654
43,0.0557579
44,0.0563772
45,0.0569838
46,0.0575386
47,0.0580749
48,0.058571
49,0.0590271
50,0.059454
51,0.0598508
52,0.0602088
53,0.0605847
54,0.0609636
55,0.0613317
56,0.0617473
57,0.0621401
58,0.0625239
59,0.062909
60,0.0632834
61,0.0636514
62,0.0639982
63,0.0643175
64,0.0646106
65,0.0649031
66,0.0651851
67,0.065452
68,0.0657227
69,0.0659887
70,0.0662652
71,0.0665502
72,0.0668417
73,0.0671355
74,0.0674213
75,0.0676912
76,0.0679467
77,0.0681992
78,0.0684356
79,0.0686644
80,0.068875
81,0.0690475
82,0.0691725
83,0.0693012
84,0.0694343
85,0.0695833
86,0.0697375
87,0.0698956
88,0.0700511
89,0.0702102
90,0.070354
91,0.0704824
92,0.0706053
93,0.0706923
94,0.070754
95,0.0708008
96,0.0708515
97,0.0709235
98,0.0710084
99,0.0711193
100,0.0712267
101,0.0713449
102,0.0714542
103,0.0715682
104,0.0716747
105,0.0717782
106,0.0718809
107,0.0719697
108,0.0720474
109,0.07212
110,0.0721962
111,0.0722775
112,0.0723956
113,0.0725241
114,0.0726693
115,0.0728139
116,0.0729592
117,0.0731105
118,0.0732327
119,0.0733664
120,0.0734854
121,0.0736184
122,0.0737471
123,0.0738667
124,0.0740029
125,0.0741275
126,0.0742522
127,0.0743664
128,0.0744943
129,0.0746052
130,0.0747243
131,0.0748155
132,0.074918
133,0.0749905
134,0.07508
135,0.0751509
136,0.075234
137,0.0753215
138,0.075412
139,0.0755173
140,0.0756247
141,0.0757482
142,0.0758608
143,0.0759903
144,0.0761115
145,0.0762406
146,0.0763602
147,0.076471
148,0.0765631
149,0.0766574
150,0.0767527
151,0.0768424
152,0.0769306
153,0.0770189
154,0.0771011
155,0.0771866
156,0.0772788
157,0.0773636
158,0.0774594
159,0.0775398
160,0.077621
161,0.0777007
162,0.077778
163,0.0778635
164,0.077944
165,0.0780187
166,0.0780936
167,0.0781479
168,0.0782011
169,0.0782603
170,0.0783283
171,0.0783947
172,0.078461
173,0.0785207
174,0.078561
175,0.0786012
176,0.0786331
177,0.0786492
178,0.0786648
179,0.0786697
180,0.0786633
181,0.0786623
182,0.0786602
183,0.0786717
184,0.0786884
185,0.0787117
186,0.078715
187,0.0787142
188,0.0787077
189,0.0786911
190,0.0786708
191,0.0786411
192,0.0785695
193,0.078487
194,0.0783655
195,0.078241
196,0.0781547
197,0.0781229
198,0.0781217
199,0.0781325
