2,0.964265
3,0.906842
4,0.867426
5,0.832278
6,0.794496
7,0.762186
8,0.733301
9,0.703622
10,0.677087
11,0.656074
12,0.638616
13,0.623247
14,0.610359
15,0.598081
16,0.585697
17,0.573446
18,0.561293
19,0.547689
20,0.532405
21,0.515897
22,0.498794
23,0.480509
24,0.460948
25,0.44039
26,0.419021
27,0.397038
28,0.374852
29,0.352719
30,0.330798
31,0.309184
32,0.288021
33,0.267788
34,0.248463
35,0.230109
36,0.213304
37,0.197897
38,0.183792
39,0.171042
40,0.159934
41,0.150043
42,0.141329
43,0.133346
44,0.126518
45,0.119836
46,0.113956
47,0.108356
48,0.103338
49,0.0989667
50,0.0949427
51,0.0913719
52,0.0883985
53,0.0851299
54,0.0818073
55,0.0785927
56,0.0747091
57,0.071143
58,0.0676863
59,0.0641929
60,0.0608501
61,0.0576146
62,0.0546311
63,0.0520706
64,0.0498642
65,0.0476269
66,0.0455908
67,0.0436729
68,0.0417481
69,0.0398443
70,0.0378025
71,0.0356213
72,0.0333143
73,0.031008
74,0.0287423
75,0.0267769
76,0.0249247
77,0.0231136
78,0.0216041
79,0.0200613
80,0.0188606
81,0.0181544
82,0.0180961
83,0.0179731
84,0.0177306
85,0.0173378
86,0.0167378
87,0.0161729
88,0.0155567
89,0.0149451
90,0.0145503
91,0.0142975
92,0.0141239
93,0.0144375
94,0.015077
95,0.0159174
96,0.0166527
97,0.0171525
98,0.017388
99,0.0172881
100,0.0171987
101,0.0169754
102,0.0168281
103,0.0166409
104,0.0165079
105,0.0164379
106,0.0163515
107,0.0164687
108,0.0166883
109,0.0169908
110,0.0172054
111,0.0173724
112,0.0170268
113,0.0165133
114,0.0158005
115,0.0150752
116,0.0143118
117,0.0134786
118,0.0130315
119,0.012421
120,0.0120017
121,0.0113828
122,0.0108159
123,0.0103867
124,0.00968393
125,0.00918569
126,0.0086513
127,0.0082617
128,0.00764926
129,0.0072998
130,0.00682433
131,0.00670705
132,0.00643095
133,0.00655842
134,0.0064941
135,0.00657541
136,0.00657083
137,0.00645656
138,0.00629857
139,0.00596166
140,0.00561644
141,0.00500409
142,0.00461213
143,0.00401089
144,0.00348316
145,0.00291986
146,0.00259112
147,0.00240515
148,0.00221537
149,0.0022151
150,0.00218888
151,0.00222721
152,0.00222634
153,0.00227148
154,0.00222713
155,0.00227668
156,0.00225474
157,0.00227662
158,0.00233249
159,0.00240086
160,0.00250238
161,0.00251666
162,0.00278431
163,0.00288646
164,0.00311819
165,0.00312226
166,0.00329637
167,0.00308321
168,0.0029024
169,0.00268472
170,0.00266985
171,0.00261994
172,0.00253623
173,0.00246594
174,0.00228936
175,0.00197812
176,0.00194054
177,0.0016849
178,0.00209922
179,0.00224247
180,0.00278872
181,0.00350989
182,0.00401775
183,0.00479298
184,0.00523181
185,0.00575598
186,0.00629595
187,0.00702896
188,0.00780655
189,0.00871767
190,0.00965362
191,0.010804
192,0.0123871
193,0.0141796
194,0.0163995
195,0.0186823
196,0.0204715
197,0.0215874
198,0.0223245
199,0.022914
