2,0.965212
3,0.908521
4,0.869481
5,0.834559
6,0.796604
7,0.764227
8,0.73546
9,0.706459
10,0.680101
11,0.659348
12,0.641355
13,0.626319
14,0.613433
15,0.601125
16,0.588552
17,0.576223
18,0.563609
19,0.550436
20,0.535776
21,0.519901
22,0.502986
23,0.485078
24,0.466446
25,0.446294
26,0.425431
27,0.404286
28,0.382353
29,0.360506
30,0.338439
31,0.31681
32,0.295738
33,0.275148
34,0.25575
35,0.237549
36,0.220475
37,0.204746
38,0.190543
39,0.177733
40,0.166099
41,0.155892
42,0.147047
43,0.13908
44,0.132186
45,0.125647
46,0.119878
47,0.114485
48,0.109693
49,0.105106
50,0.101448
51,0.0976891
52,0.0944864
53,0.0911151
54,0.0875235
55,0.0839219
56,0.0799376
57,0.0757921
58,0.0718128
59,0.0676364
60,0.0637299
61,0.0600317
62,0.0567681
63,0.0541467
64,0.0519435
65,0.0496729
66,0.0473128
67,0.0453256
68,0.0431965
69,0.0412575
70,0.0391356
71,0.0370184
72,0.0346675
73,0.0323766
74,0.0301041
75,0.0279699
76,0.0260775
77,0.0242801
78,0.0225235
79,0.0211474
80,0.0200998
81,0.0194559
82,0.0190491
83,0.0187195
84,0.0182973
85,0.0179967
86,0.0172695
87,0.0168691
88,0.0162963
89,0.0161825
90,0.0159464
91,0.0159714
92,0.0159348
93,0.0161022
94,0.0163766
95,0.0165702
96,0.0168684
97,0.0169185
98,0.0169963
99,0.0170089
100,0.0171617
101,0.0173003
102,0.0173452
103,0.0172819
104,0.0171463
105,0.0170824
106,0.0170953
107,0.017185
108,0.0174123
109,0.0174142
110,0.0174104
111,0.0171468
112,0.0168495
113,0.0162632
114,0.0159979
115,0.0154533
116,0.0149658
117,0.0141162
118,0.0134402
119,0.0127009
120,0.0123253
121,0.0119433
122,0.0114392
123,0.0110123
124,0.0104354
125,0.00971903
126,0.00909322
127,0.0085757
128,0.00812898
129,0.00764373
130,0.00728373
131,0.00684475
132,0.00665428
133,0.0065566
134,0.00672536
135,0.00694216
136,0.00708497
137,0.00692389
138,0.0067331
139,0.00642028
140,0.00594728
141,0.00549477
142,0.00495647
143,0.00413549
144,0.00347033
145,0.0028987
146,0.00248702
147,0.00226662
148,0.00232402
149,0.00220212
150,0.0021216
151,0.00203543
152,0.00226893
153,0.00212144
154,0.0022181
155,0.00214339
156,0.00211784
157,0.00204027
158,0.00199654
159,0.00238995
160,0.00258107
161,0.00282427
162,0.00314449
163,0.00332697
164,0.00327175
165,0.0032029
166,0.00327271
167,0.00305136
168,0.00322895
169,0.00289444
170,0.00302005
171,0.00279425
172,0.00277383
173,0.0024642
174,0.0023869
175,0.00210676
176,0.00227503
177,0.00218295
178,0.00269577
179,0.00281036
180,0.00346294
181,0.00389301
182,0.00463402
183,0.00516676
184,0.00560805
185,0.00577844
186,0.00615446
187,0.00665788
188,0.00726411
189,0.00817125
190,0.00906699
191,0.0103097
192,0.012223
193,0.0142713
194,0.0167759
195,0.0193236
196,0.0212392
197,0.0223096
198,0.0229174
199,0.0234336
