2,0.0014423
3,0.00401796
4,0.0059733
5,0.00781635
6,0.00986405
7,0.0116909
8,0.0133705
9,0.0150884
10,0.0166941
11,0.0180206
12,0.0192103
13,0.0202467
14,0.0211684
15,0.02206
16,0.0229673
17,0.0238631
18,0.0247773
19,0.0257253
20,0.0267619
21,0.0278734
22,0.0290517
23,0.0302931
24,0.0315845
25,0.032973
26,0.0344122
27,0.0358744
28,0.037395
29,0.0389153
30,0.0404561
31,0.0419805
32,0.0434747
33,0.0449457
34,0.0463474
35,0.0476778
36,0.0489434
37,0.0501269
38,0.0512151
39,0.0522162
40,0.053142
41,0.0539773
42,0.0547232
43,0.0554126
44,0.056031
45,0.0566259
46,0.0571716
47,0.0576913
48,0.0581693
49,0.0586344
50,0.0590373
51,0.059445
52,0.0598145
53,0.0601969
54,0.0605912
55,0.0609866
56,0.0614061
57,0.0618343
58,0.0622546
59,0.0626833
60,0.0630956
61,0.0634931
62,0.0638577
63,0.0641816
64,0.0644711
65,0.0647687
66,0.065068
67,0.0653438
68,0.0656274
69,0.065896
70,0.0661786
71,0.0664564
72,0.0667531
73,0.0670424
74,0.0673317
75,0.0676104
76,0.0678683
77,0.0681216
78,0.0683691
79,0.0685904
80,0.0687858
81,0.0689544
82,0.0691032
83,0.0692476
84,0.0693947
85,0.0695361
86,0.0697019
87,0.0698473
88,0.0700007
89,0.0701241
90,0.0702526
91,0.0703606
92,0.0704743
93,0.0705681
94,0.0706583
95,0.0707494
96,0.070833
97,0.0709337
98,0.0710311
99,0.0711325
100,0.0712242
101,0.0713159
102,0.0714111
103,0.0715164
104,0.0716242
105,0.0717271
106,0.0718237
107,0.0719111
108,0.0719927
109,0.0720845
110,0.0721799
111,0.0722926
112,0.072408
113,0.072541
114,0.0726541
115,0.0727845
116,0.0729108
117,0.073063
118,0.0732035
119,0.0733456
120,0.0734615
121,0.0735772
122,0.0737021
123,0.0738221
124,0.0739496
125,0.0740895
126,0.0742202
127,0.0743453
128,0.0744622
129,0.0745833
130,0.074692
131,0.0748103
132,0.0749049
133,0.0749956
134,0.0750625
135,0.0751228
136,0.0751929
137,0.0752843
138,0.0753758
139,0.075483
140,0.0755937
141,0.0757078
142,0.0758276
143,0.0759657
144,0.0760981
145,0.0762332
146,0.0763583
147,0.0764696
148,0.0765763
149,0.0766736
150,0.0767827
151,0.0768661
152,0.0769463
153,0.077018
154,0.0770846
155,0.0771624
156,0.0772478
157,0.077343
158,0.0774384
159,0.0775439
160,0.0776404
161,0.0777401
162,0.0778308
163,0.0779093
164,0.0779755
165,0.0780325
166,0.0780975
167,0.0781574
168,0.0782202
169,0.0782807
170,0.0783502
171,0.0784038
172,0.0784515
173,0.0784883
174,0.0785219
175,0.0785518
176,0.0785871
177,0.0786144
178,0.0786457
179,0.078655
180,0.0786578
181,0.0786357
182,0.0786292
183,0.0786327
184,0.0786624
185,0.0787006
186,0.0787335
187,0.0787506
188,0.0787602
189,0.0787427
190,0.0787251
191,0.0786833
192,0.0785852
193,0.0784779
194,0.0783338
195,0.0781889
196,0.0780924
197,0.0780639
198,0.0780727
199,0.0780888
