2,0.00138155
3,0.00392253
4,0.00592533
5,0.00775125
6,0.00976717
7,0.0115842
8,0.0132601
9,0.0149765
10,0.0166037
11,0.0179299
12,0.0190962
13,0.0201188
14,0.0210483
15,0.0219507
16,0.0228577
17,0.0237506
18,0.0246517
19,0.0255855
20,0.0265753
21,0.0276578
22,0.0288007
23,0.0299942
24,0.0312725
25,0.0326025
26,0.0339989
27,0.0354569
28,0.0369439
29,0.0384673
30,0.0399852
31,0.0415015
32,0.0430032
33,0.04446
34,0.0458962
35,0.0472661
36,0.0485338
37,0.0497337
38,0.050842
39,0.0518593
40,0.0527837
41,0.0536363
42,0.0543962
43,0.0550874
44,0.0556874
45,0.0562812
46,0.0568226
47,0.0573334
48,0.0578036
49,0.0582489
50,0.0586489
51,0.0590543
52,0.0594229
53,0.0598062
54,0.0602032
55,0.0606181
56,0.0610631
57,0.0615131
58,0.0619623
59,0.062414
60,0.0628741
61,0.0632875
62,0.0636765
63,0.0639947
64,0.0642947
65,0.0645908
66,0.0649039
67,0.0651964
68,0.0654955
69,0.0657551
70,0.0660332
71,0.0663046
72,0.0666133
73,0.0669028
74,0.0672133
75,0.0674958
76,0.0677763
77,0.0680305
78,0.0682748
79,0.06849
80,0.0686921
81,0.0688809
82,0.06906
83,0.0692169
84,0.0693699
85,0.0695107
86,0.0696661
87,0.0698049
88,0.0699477
89,0.0700812
90,0.0701997
91,0.0703158
92,0.0704178
93,0.0705228
94,0.07062
95,0.0707208
96,0.0708134
97,0.0709244
98,0.0710267
99,0.0711392
100,0.0712373
101,0.0713342
102,0.0714323
103,0.0715241
104,0.0716235
105,0.0717072
106,0.0718002
107,0.0718758
108,0.0719623
109,0.072043
110,0.0721311
111,0.0722227
112,0.072337
113,0.0724675
114,0.0726136
115,0.0727631
116,0.0729283
117,0.0730634
118,0.0732073
119,0.0733246
120,0.0734309
121,0.0735354
122,0.0736449
123,0.0737676
124,0.0738935
125,0.0740333
126,0.0741766
127,0.0743053
128,0.0744391
129,0.0745622
130,0.0746697
131,0.074784
132,0.0748786
133,0.0749733
134,0.0750402
135,0.0751216
136,0.075197
137,0.0752903
138,0.0753913
139,0.0754912
140,0.0756039
141,0.0757214
142,0.0758458
143,0.075978
144,0.0761019
145,0.0762277
146,0.0763472
147,0.0764541
148,0.0765518
149,0.0766454
150,0.0767457
151,0.0768303
152,0.0769194
153,0.0770002
154,0.0770833
155,0.0771698
156,0.0772667
157,0.0773681
158,0.0774624
159,0.0775569
160,0.0776397
161,0.0777203
162,0.0778068
163,0.0778903
164,0.0779762
165,0.0780533
166,0.07812
167,0.0781645
168,0.078215
169,0.0782609
170,0.0783192
171,0.0783783
172,0.0784379
173,0.078494
174,0.0785379
175,0.0785822
176,0.0786157
177,0.0786314
178,0.0786506
179,0.0786557
180,0.0786288
181,0.0786174
182,0.0786125
183,0.0786216
184,0.0786617
185,0.0787025
186,0.0787353
187,0.0787512
188,0.0787554
189,0.07874
190,0.0787193
191,0.0786881
192,0.0785951
193,0.078486
194,0.0783354
195,0.0781834
196,0.0780616
197,0.0780212
198,0.0780197
199,0.0780385
