2,0.966678
3,0.910704
4,0.870536
5,0.835941
6,0.798616
7,0.766396
8,0.737655
9,0.708657
10,0.681858
11,0.661083
12,0.643516
13,0.628709
14,0.615667
15,0.60315
16,0.590572
17,0.578277
18,0.565898
19,0.552955
20,0.539123
21,0.523737
22,0.507397
23,0.490302
24,0.47187
25,0.452703
26,0.432525
27,0.411469
28,0.390034
29,0.368138
30,0.346459
31,0.324928
32,0.303703
33,0.283342
34,0.263379
35,0.244556
36,0.227439
37,0.211394
38,0.196891
39,0.183804
40,0.172139
41,0.161673
42,0.15257
43,0.144531
44,0.137873
45,0.131319
46,0.125574
47,0.12024
48,0.115542
49,0.111237
50,0.107576
51,0.10385
52,0.100631
53,0.097188
54,0.0935332
55,0.0896119
56,0.0852305
57,0.0807671
58,0.0763182
59,0.0717977
60,0.0671905
61,0.0632197
62,0.0596133
63,0.0570456
64,0.0547187
65,0.052458
66,0.0499024
67,0.0476777
68,0.0452873
69,0.0435214
70,0.0414447
71,0.039422
72,0.0368976
73,0.0346126
74,0.0319705
75,0.0297878
76,0.0275314
77,0.0257066
78,0.0239786
79,0.0226693
80,0.0215385
81,0.0205744
82,0.0197644
83,0.0192257
84,0.0187073
85,0.0183685
86,0.017833
87,0.0174779
88,0.0170752
89,0.0167984
90,0.0167235
91,0.0166527
92,0.0167574
93,0.0168097
94,0.0169724
95,0.0170725
96,0.017262
97,0.0171844
98,0.0172264
99,0.0170854
100,0.0171461
101,0.0171995
102,0.0172162
103,0.0173449
104,0.0173317
105,0.0174935
106,0.0175775
107,0.0178441
108,0.0179715
109,0.0181729
110,0.0182278
111,0.0182885
112,0.0179495
113,0.0174508
114,0.0166916
115,0.0159369
116,0.0148703
117,0.0143032
118,0.0135427
119,0.0131541
120,0.0129209
121,0.0126351
122,0.0123778
123,0.0118451
124,0.0113313
125,0.0105909
126,0.00983845
127,0.00926131
128,0.00858351
129,0.00807738
130,0.00775003
131,0.00730849
132,0.00709869
133,0.0070027
134,0.00705216
135,0.00709371
136,0.00699671
137,0.00687719
138,0.00652082
139,0.00630683
140,0.00583312
141,0.00529461
142,0.00475368
143,0.0041012
144,0.0035108
145,0.00308462
146,0.002876
147,0.00272219
148,0.00277573
149,0.00251999
150,0.00250014
151,0.00256598
152,0.00266176
153,0.0027792
154,0.00257806
155,0.00259302
156,0.00246412
157,0.00226837
158,0.00231393
159,0.00250671
160,0.00246144
161,0.00251238
162,0.0028456
163,0.00293465
164,0.00321457
165,0.00329478
166,0.00341646
167,0.00315898
168,0.00303558
169,0.002736
170,0.00275172
171,0.00245167
172,0.00243443
173,0.00235388
174,0.00220901
175,0.00224448
176,0.00240494
177,0.00243393
178,0.00263307
179,0.00280924
180,0.00331046
181,0.00406006
182,0.00473102
183,0.00538703
184,0.00562692
185,0.00590399
186,0.00617954
187,0.00668132
188,0.00731028
189,0.00816525
190,0.00914005
191,0.0102455
192,0.0121166
193,0.0142032
194,0.0167975
195,0.0194131
196,0.0216587
197,0.0228625
198,0.0235954
199,0.0240721
