2,0.0013427
3,0.00387547
4,0.00588639
5,0.00769498
6,0.00969091
7,0.0115176
8,0.0131947
9,0.0149045
10,0.0164857
11,0.0178264
12,0.0190241
13,0.0200535
14,0.0209707
15,0.0218677
16,0.0227673
17,0.023641
18,0.0245378
19,0.0254591
20,0.0264344
21,0.027458
22,0.028571
23,0.029744
24,0.0309813
25,0.0322838
26,0.0336462
27,0.0350801
28,0.0365391
29,0.0380347
30,0.0395417
31,0.0410555
32,0.0425449
33,0.0440102
34,0.0454299
35,0.0467755
36,0.0480774
37,0.0492822
38,0.0504202
39,0.0514552
40,0.0524154
41,0.0532903
42,0.0540692
43,0.0547602
44,0.0553868
45,0.0559591
46,0.0564947
47,0.0569823
48,0.0574585
49,0.0579078
50,0.0583041
51,0.0586921
52,0.0590718
53,0.0594629
54,0.0598833
55,0.0603203
56,0.060761
57,0.061216
58,0.0616568
59,0.0620997
60,0.062541
61,0.0629547
62,0.0633519
63,0.0637184
64,0.0640693
65,0.0643967
66,0.0647119
67,0.0650095
68,0.0653166
69,0.0656112
70,0.0659021
71,0.0661982
72,0.0664954
73,0.0668025
74,0.0671034
75,0.0673957
76,0.0676563
77,0.0679184
78,0.0681659
79,0.0683991
80,0.0686136
81,0.0687985
82,0.0689459
83,0.0690775
84,0.069224
85,0.069367
86,0.0695276
87,0.0696774
88,0.0698355
89,0.0699783
90,0.0701228
91,0.070264
92,0.0703905
93,0.0705027
94,0.0705951
95,0.0706899
96,0.07078
97,0.0708782
98,0.0709954
99,0.0711005
100,0.0712259
101,0.0713353
102,0.0714391
103,0.0715533
104,0.0716618
105,0.0717571
106,0.0718396
107,0.0719144
108,0.0719772
109,0.0720641
110,0.0721575
111,0.0722755
112,0.0723843
113,0.0725079
114,0.0726252
115,0.0727607
116,0.0728959
117,0.0730246
118,0.0731525
119,0.0732711
120,0.0733943
121,0.0735064
122,0.0736304
123,0.0737616
124,0.0738867
125,0.0740146
126,0.0741413
127,0.0742557
128,0.0743773
129,0.0745082
130,0.0746312
131,0.0747503
132,0.074866
133,0.0749527
134,0.0750465
135,0.0751278
136,0.0752212
137,0.0753221
138,0.0754406
139,0.0755366
140,0.0756496
141,0.0757528
142,0.0758648
143,0.0759938
144,0.0761212
145,0.0762533
146,0.0763667
147,0.0764735
148,0.0765658
149,0.076659
150,0.0767549
151,0.0768449
152,0.0769202
153,0.076994
154,0.0770651
155,0.0771387
156,0.0772268
157,0.077322
158,0.0774113
159,0.0775097
160,0.0775976
161,0.0777029
162,0.077784
163,0.0778868
164,0.0779746
165,0.0780673
166,0.0781475
167,0.078221
168,0.0782727
169,0.0783155
170,0.078365
171,0.0784089
172,0.0784529
173,0.0784951
174,0.0785378
175,0.0785782
176,0.0786152
177,0.0786463
178,0.0786805
179,0.0786808
180,0.0786656
181,0.0786449
182,0.0786263
183,0.0786067
184,0.0786112
185,0.0786365
186,0.0786548
187,0.0786868
188,0.0787087
189,0.0787185
190,0.0787055
191,0.0786637
192,0.0785589
193,0.0784395
194,0.0782911
195,0.0781551
196,0.078045
197,0.0779946
198,0.0779888
199,0.0779966
