2,0.967525
3,0.912636
4,0.873011
5,0.838745
6,0.801341
7,0.768686
8,0.739494
9,0.710781
10,0.684813
11,0.66368
12,0.645746
13,0.631043
14,0.618073
15,0.605812
16,0.593523
17,0.581695
18,0.569904
19,0.557692
20,0.544304
21,0.530449
22,0.515087
23,0.499216
24,0.482127
25,0.464228
26,0.445152
27,0.424873
28,0.403792
29,0.382389
30,0.361074
31,0.340139
32,0.319124
33,0.298496
34,0.278639
35,0.259806
36,0.24205
37,0.225375
38,0.210445
39,0.196593
40,0.184129
41,0.173257
42,0.16355
43,0.155395
44,0.147961
45,0.141534
46,0.135994
47,0.130653
48,0.125705
49,0.121538
50,0.117855
51,0.114264
52,0.110813
53,0.107149
54,0.103261
55,0.0987204
56,0.0943017
57,0.0896025
58,0.0849359
59,0.0803091
60,0.0759466
61,0.0717887
62,0.067812
63,0.0644344
64,0.0612297
65,0.0584609
66,0.0556864
67,0.0531852
68,0.050515
69,0.0481856
70,0.0457746
71,0.0434658
72,0.0409599
73,0.0385331
74,0.036122
75,0.0339789
76,0.0318715
77,0.0298925
78,0.028134
79,0.0264525
80,0.0253352
81,0.0243972
82,0.023999
83,0.0235789
84,0.0232008
85,0.0227334
86,0.0219992
87,0.0210184
88,0.0201519
89,0.0194521
90,0.0190531
91,0.0185686
92,0.0184474
93,0.0180373
94,0.017931
95,0.0175895
96,0.0174758
97,0.0170384
98,0.0167278
99,0.0163679
100,0.016186
101,0.0160583
102,0.0159085
103,0.0158751
104,0.0159252
105,0.0160772
106,0.0163419
107,0.0166556
108,0.0169562
109,0.0172999
110,0.0173237
111,0.0174728
112,0.0174785
113,0.017351
114,0.0170715
115,0.0165273
116,0.0158912
117,0.0152211
118,0.0148431
119,0.0144149
120,0.0141879
121,0.0140154
122,0.0134626
123,0.0130511
124,0.0123796
125,0.0116908
126,0.0110587
127,0.0103445
128,0.00969539
129,0.00923098
130,0.00857088
131,0.00807555
132,0.00762231
133,0.00725175
134,0.00697665
135,0.00666628
136,0.00621323
137,0.00585016
138,0.00534951
139,0.00497411
140,0.00486777
141,0.00427778
142,0.00401296
143,0.00372711
144,0.00340119
145,0.00338163
146,0.00321494
147,0.00321544
148,0.00311023
149,0.00315101
150,0.00311739
151,0.003231
152,0.00321051
153,0.00335346
154,0.00315641
155,0.00328396
156,0.00297214
157,0.00257194
158,0.00254785
159,0.00238291
160,0.00222961
161,0.00255986
162,0.0025417
163,0.00294597
164,0.00321321
165,0.00344042
166,0.00369573
167,0.00365341
168,0.00363064
169,0.00365301
170,0.00381609
171,0.00356489
172,0.0038609
173,0.00350673
174,0.00358629
175,0.00321197
176,0.00320451
177,0.00278742
178,0.00303428
179,0.00312008
180,0.00367116
181,0.00457972
182,0.0052185
183,0.00632439
184,0.00660727
185,0.00729908
186,0.00728154
187,0.00802087
188,0.00835487
189,0.00960356
190,0.0106853
191,0.0121933
192,0.0141212
193,0.0162026
194,0.0184151
195,0.0206796
196,0.0226122
197,0.0237654
198,0.0244425
199,0.0249524
