2,0.00134719
3,0.00383718
4,0.00581125
5,0.00761832
6,0.00963291
7,0.0114672
8,0.013164
9,0.0148632
10,0.0164442
11,0.017788
12,0.018971
13,0.0199874
14,0.0209113
15,0.0217981
16,0.0226887
17,0.0235542
18,0.0244206
19,0.0253125
20,0.0262749
21,0.0272689
22,0.0283535
23,0.0294741
24,0.0306718
25,0.0319252
26,0.0332529
27,0.0346615
28,0.0361266
29,0.0376178
30,0.039112
31,0.0405889
32,0.0420781
33,0.0435471
34,0.0449762
35,0.0463436
36,0.0476485
37,0.0488894
38,0.0500201
39,0.0510834
40,0.0520619
41,0.0529358
42,0.0537334
43,0.0544308
44,0.0550772
45,0.0556609
46,0.056184
47,0.0566943
48,0.057178
49,0.0576116
50,0.0580054
51,0.0584027
52,0.0587816
53,0.0591786
54,0.0595888
55,0.0600436
56,0.0604879
57,0.0609542
58,0.0614152
59,0.0618732
60,0.0623145
61,0.0627393
62,0.0631511
63,0.0635197
64,0.063879
65,0.0642047
66,0.0645327
67,0.0648362
68,0.0651563
69,0.0654479
70,0.0657471
71,0.0660403
72,0.0663412
73,0.0666423
74,0.0669362
75,0.0672174
76,0.0674875
77,0.0677524
78,0.0679981
79,0.0682386
80,0.068441
81,0.0686261
82,0.0687736
83,0.068921
84,0.0690625
85,0.0692135
86,0.0693789
87,0.0695655
88,0.0697371
89,0.0699006
90,0.0700384
91,0.0701834
92,0.0703015
93,0.0704392
94,0.0705529
95,0.0706844
96,0.0707961
97,0.0709338
98,0.0710581
99,0.0711878
100,0.0713019
101,0.0714136
102,0.0715247
103,0.0716266
104,0.0717227
105,0.0718081
106,0.0718863
107,0.07196
108,0.0720325
109,0.0721033
110,0.0721923
111,0.072277
112,0.072368
113,0.0724715
114,0.0725821
115,0.0727139
116,0.0728523
117,0.0729915
118,0.0731119
119,0.0732288
120,0.0733323
121,0.0734382
122,0.0735553
123,0.0736831
124,0.07381
125,0.0739521
126,0.074082
127,0.0742208
128,0.0743508
129,0.0744754
130,0.0746016
131,0.0747265
132,0.0748419
133,0.0749507
134,0.0750531
135,0.0751571
136,0.075274
137,0.0753844
138,0.0755033
139,0.0756114
140,0.0757114
141,0.0758252
142,0.075944
143,0.0760635
144,0.0761819
145,0.0763007
146,0.0764005
147,0.0764998
148,0.0765748
149,0.07666
150,0.076745
151,0.0768208
152,0.0768899
153,0.0769357
154,0.0769956
155,0.0770409
156,0.077115
157,0.0772008
158,0.0773078
159,0.077416
160,0.0775322
161,0.0776495
162,0.0777536
163,0.0778736
164,0.077969
165,0.0780658
166,0.078144
167,0.0782137
168,0.0782752
169,0.0783414
170,0.0784209
171,0.0784788
172,0.0785531
173,0.0786048
174,0.0786444
175,0.0786832
176,0.078706
177,0.0787238
178,0.0787295
179,0.0787152
180,0.0786668
181,0.0786251
182,0.0785939
183,0.0785762
184,0.0785901
185,0.0786126
186,0.0786501
187,0.0786646
188,0.0786737
189,0.0786374
190,0.0785949
191,0.0785323
192,0.0784322
193,0.0783246
194,0.0782037
195,0.0780806
196,0.0779843
197,0.0779515
198,0.0779558
199,0.0779715
