2,0.00131952
3,0.00379525
4,0.00575945
5,0.00758959
6,0.00958608
7,0.0114125
8,0.0130988
9,0.0148173
10,0.0163739
11,0.0177158
12,0.0188915
13,0.0199298
14,0.020837
15,0.0217279
16,0.0225934
17,0.0234294
18,0.0242714
19,0.0251522
20,0.0260742
21,0.027063
22,0.0280853
23,0.0291798
24,0.0303685
25,0.0316271
26,0.0329394
27,0.0343213
28,0.0357464
29,0.0372126
30,0.0386701
31,0.0401408
32,0.0416137
33,0.0430879
34,0.0445139
35,0.045898
36,0.0471976
37,0.0484334
38,0.0495914
39,0.0506685
40,0.0516404
41,0.0525596
42,0.0533817
43,0.0541133
44,0.054774
45,0.055382
46,0.0559201
47,0.0564391
48,0.0569162
49,0.0573632
50,0.0577771
51,0.058174
52,0.0585569
53,0.0589573
54,0.059384
55,0.0598269
56,0.0602966
57,0.0607689
58,0.0612455
59,0.0617033
60,0.0621501
61,0.0625752
62,0.0629909
63,0.0633639
64,0.0637176
65,0.0640512
66,0.0643812
67,0.0647079
68,0.0650244
69,0.065319
70,0.0656029
71,0.0658761
72,0.0661784
73,0.0664689
74,0.066757
75,0.0670318
76,0.0672844
77,0.0675365
78,0.0677858
79,0.068016
80,0.0682306
81,0.0684003
82,0.0685507
83,0.0686843
84,0.0688338
85,0.0689923
86,0.0691628
87,0.0693259
88,0.0695002
89,0.0696716
90,0.0698506
91,0.0700263
92,0.0702061
93,0.070379
94,0.070553
95,0.0707158
96,0.0708706
97,0.0710218
98,0.07117
99,0.0713119
100,0.0714426
101,0.0715677
102,0.0716848
103,0.0717849
104,0.071887
105,0.0719643
106,0.072038
107,0.0720912
108,0.0721393
109,0.0721952
110,0.0722446
111,0.0723225
112,0.0724019
113,0.0725105
114,0.0726116
115,0.0727281
116,0.0728312
117,0.0729403
118,0.0730357
119,0.0731251
120,0.0732094
121,0.0732866
122,0.0733828
123,0.0734773
124,0.0735957
125,0.0737245
126,0.0738687
127,0.0740251
128,0.0741829
129,0.0743439
130,0.0745052
131,0.0746579
132,0.0748087
133,0.0749387
134,0.0750865
135,0.0752156
136,0.0753572
137,0.0754963
138,0.0756449
139,0.075779
140,0.0759003
141,0.076014
142,0.076105
143,0.0762205
144,0.076314
145,0.0764206
146,0.0764902
147,0.0765771
148,0.0766311
149,0.0766923
150,0.0767462
151,0.0767923
152,0.0768198
153,0.0768436
154,0.0768804
155,0.0769271
156,0.0769869
157,0.0770728
158,0.0771623
159,0.0772687
160,0.0773743
161,0.0774941
162,0.0776076
163,0.0777349
164,0.0778544
165,0.0779704
166,0.0780938
167,0.0781917
168,0.0783005
169,0.0784058
170,0.0785279
171,0.0786306
172,0.0787224
173,0.0787916
174,0.0788227
175,0.0788746
176,0.0788966
177,0.0789139
178,0.0788996
179,0.078852
180,0.078742
181,0.0786446
182,0.0785797
183,0.078542
184,0.078539
185,0.0785336
186,0.0785237
187,0.0784991
188,0.0784784
189,0.0784408
190,0.078401
191,0.0783596
192,0.0782734
193,0.0781933
194,0.0780882
195,0.0779876
196,0.0778946
197,0.0778847
198,0.0779159
199,0.0779452
