2,0.968188
3,0.913606
4,0.874152
5,0.83934
6,0.802309
7,0.769788
8,0.740759
9,0.711657
10,0.686136
11,0.665002
12,0.6472
13,0.632067
14,0.619387
15,0.607046
16,0.59519
17,0.583892
18,0.572513
19,0.56048
20,0.547792
21,0.533987
22,0.519702
23,0.50423
24,0.487295
25,0.469233
26,0.450453
27,0.43057
28,0.410146
29,0.389114
30,0.368366
31,0.347512
32,0.326714
33,0.305999
34,0.28618
35,0.267042
36,0.249379
37,0.23269
38,0.217382
39,0.203264
40,0.190891
41,0.179286
42,0.169157
43,0.160469
44,0.152805
45,0.145976
46,0.140152
47,0.134662
48,0.129777
49,0.12537
50,0.121439
51,0.117779
52,0.11429
53,0.110553
54,0.106421
55,0.10204
56,0.0972503
57,0.0924034
58,0.0875266
59,0.0829013
60,0.0784105
61,0.0742283
62,0.0702184
63,0.0667593
64,0.0636108
65,0.0607108
66,0.0579143
67,0.0550941
68,0.0524457
69,0.0501079
70,0.0479037
71,0.0458541
72,0.0433622
73,0.0410283
74,0.0386953
75,0.0365919
76,0.0347212
77,0.0329135
78,0.0311086
79,0.0295417
80,0.0282357
81,0.0274749
82,0.0270627
83,0.0267929
84,0.0263464
85,0.0256996
86,0.0249101
87,0.024206
88,0.0233296
89,0.0225238
90,0.0215312
91,0.0206552
92,0.019656
93,0.0187738
94,0.0178544
95,0.0171268
96,0.0164149
97,0.0158386
98,0.0151738
99,0.0147221
100,0.0143049
101,0.0140216
102,0.0137812
103,0.0138383
104,0.0137783
105,0.0140839
106,0.014405
107,0.0150152
108,0.0156357
109,0.01623
110,0.0167599
111,0.0170327
112,0.0171658
113,0.0169618
114,0.0168216
115,0.0164641
116,0.0162613
117,0.0159874
118,0.0158492
119,0.0158607
120,0.0158471
121,0.0159919
122,0.0158244
123,0.0157188
124,0.0152426
125,0.0146399
126,0.0138507
127,0.0128645
128,0.0118822
129,0.0108168
130,0.00979923
131,0.00884941
132,0.00791186
133,0.00734795
134,0.0064443
135,0.00584348
136,0.00502978
137,0.00434704
138,0.00349233
139,0.00308618
140,0.00267911
141,0.00253728
142,0.00245941
143,0.00238999
144,0.00254534
145,0.00245004
146,0.0027711
147,0.0029874
148,0.00319267
149,0.00336943
150,0.00308201
151,0.00327898
152,0.00341365
153,0.00354076
154,0.00367208
155,0.00375711
156,0.00356758
157,0.0034836
158,0.00305105
159,0.00279644
160,0.00246619
161,0.00189821
162,0.00175972
163,0.00189361
164,0.00205844
165,0.00246709
166,0.00292015
167,0.00324347
168,0.00382086
169,0.00411165
170,0.00493151
171,0.00533803
172,0.00567903
173,0.00572792
174,0.00540772
175,0.00521374
176,0.00499624
177,0.00420834
178,0.00400272
179,0.00344259
180,0.00310922
181,0.00468187
182,0.00532984
183,0.00684596
184,0.00721884
185,0.00831424
186,0.0087059
187,0.00992669
188,0.0106282
189,0.0119274
190,0.0130516
191,0.0143331
192,0.0161171
193,0.0178474
194,0.0198918
195,0.0218543
196,0.0237557
197,0.0246194
198,0.0249456
199,0.0252769
