2,0.0013201
3,0.00377597
4,0.00574803
5,0.00755231
6,0.00955564
7,0.0114171
8,0.0131135
9,0.0148135
10,0.0163576
11,0.0176998
12,0.0188641
13,0.0198687
14,0.0207684
15,0.0216285
16,0.0224621
17,0.0232748
18,0.0240906
19,0.0249638
20,0.0258533
21,0.0267934
22,0.0277962
23,0.0288778
24,0.0300321
25,0.0312676
26,0.0325917
27,0.0339584
28,0.0353564
29,0.0367948
30,0.0382613
31,0.0397355
32,0.0412024
33,0.0426443
34,0.0440776
35,0.0454713
36,0.0467846
37,0.0480395
38,0.0492194
39,0.0503091
40,0.0513069
41,0.0522256
42,0.0530565
43,0.053792
44,0.0544652
45,0.0550806
46,0.0556325
47,0.05615
48,0.0566293
49,0.0570964
50,0.0575189
51,0.0579145
52,0.058297
53,0.0587096
54,0.0591476
55,0.0596144
56,0.0600731
57,0.0605597
58,0.0610293
59,0.0615094
60,0.0619507
61,0.0624008
62,0.0628019
63,0.0631873
64,0.0635367
65,0.0638863
66,0.0642216
67,0.0645569
68,0.0648885
69,0.0651855
70,0.0654676
71,0.0657499
72,0.066038
73,0.0663336
74,0.0665989
75,0.0668633
76,0.0671042
77,0.0673424
78,0.0675844
79,0.0678233
80,0.0680343
81,0.0682061
82,0.0683447
83,0.0684678
84,0.0686167
85,0.0687849
86,0.0689641
87,0.069159
88,0.0693689
89,0.0695746
90,0.0697748
91,0.0699578
92,0.070134
93,0.0703028
94,0.070474
95,0.0706379
96,0.0708042
97,0.0709729
98,0.071145
99,0.0713157
100,0.0714782
101,0.0716251
102,0.0717742
103,0.0718935
104,0.0720149
105,0.0721073
106,0.0721797
107,0.0722215
108,0.0722541
109,0.0722822
110,0.0723238
111,0.0723937
112,0.0724508
113,0.0725489
114,0.0726202
115,0.0727114
116,0.0727898
117,0.0728846
118,0.0729679
119,0.073052
120,0.0731104
121,0.0731567
122,0.0732304
123,0.0733344
124,0.0734499
125,0.0735953
126,0.0737467
127,0.0739086
128,0.0740696
129,0.0742546
130,0.074421
131,0.0746016
132,0.0747599
133,0.0749304
134,0.0750939
135,0.0752702
136,0.075436
137,0.0756027
138,0.0757651
139,0.0759044
140,0.0760214
141,0.0761382
142,0.0762387
143,0.0763347
144,0.0764259
145,0.0765069
146,0.0765735
147,0.0766188
148,0.0766649
149,0.0767061
150,0.0767436
151,0.0767949
152,0.0768476
153,0.0769073
154,0.0769777
155,0.0770568
156,0.0771305
157,0.0772174
158,0.0773051
159,0.0773981
160,0.0774866
161,0.0775832
162,0.0776931
163,0.0778031
164,0.0779086
165,0.0780186
166,0.0781241
167,0.0782116
168,0.0783058
169,0.0783833
170,0.0784526
171,0.0785167
172,0.0785733
173,0.0786153
174,0.0786418
175,0.078671
176,0.0786904
177,0.0787156
178,0.0787339
179,0.0787419
180,0.0787374
181,0.0787173
182,0.0786939
183,0.0786545
184,0.0785897
185,0.0785255
186,0.0784673
187,0.0783908
188,0.0783235
189,0.078245
190,0.0781965
191,0.0781529
192,0.0781008
193,0.0780327
194,0.0779526
195,0.0778809
196,0.0778261
197,0.0778342
198,0.0778786
199,0.0779091
