2,0.968178
3,0.914048
4,0.874396
5,0.840126
6,0.802936
7,0.769692
8,0.740463
9,0.711729
10,0.68644
11,0.66531
12,0.64772
13,0.633189
14,0.620653
15,0.60886
16,0.597555
17,0.586651
18,0.575715
19,0.563792
20,0.551636
21,0.538655
22,0.524657
23,0.509406
24,0.492992
25,0.475325
26,0.456268
27,0.436647
28,0.416582
29,0.396016
30,0.375053
31,0.354136
32,0.333406
33,0.313175
34,0.293195
35,0.273915
36,0.25596
37,0.238984
38,0.223263
39,0.208967
40,0.196137
41,0.184531
42,0.174279
43,0.165495
44,0.15762
45,0.150718
46,0.144655
47,0.139179
48,0.134268
49,0.129553
50,0.1255
51,0.121829
52,0.118372
53,0.114444
54,0.110122
55,0.105406
56,0.100753
57,0.0957256
58,0.0909232
59,0.085955
60,0.0815386
61,0.076999
62,0.0731679
63,0.0695251
64,0.0664399
65,0.0633163
66,0.0603782
67,0.0574906
68,0.0545861
69,0.0522469
70,0.0500303
71,0.0478475
72,0.0455635
73,0.0431438
74,0.0411564
75,0.0391935
76,0.0375136
77,0.0358923
78,0.0341974
79,0.0325398
80,0.0312604
81,0.0305352
82,0.0302503
83,0.0301567
84,0.0296993
85,0.0289656
86,0.0280501
87,0.0269205
88,0.0255202
89,0.0242586
90,0.0229333
91,0.0219461
92,0.0209588
93,0.0201422
94,0.0192137
95,0.0184322
96,0.0175692
97,0.0166939
98,0.0157522
99,0.0148055
100,0.0140408
101,0.0133615
102,0.0127228
103,0.0124919
104,0.0121431
105,0.0122359
106,0.0125201
107,0.013306
108,0.0140728
109,0.01498
110,0.0156117
111,0.0159507
112,0.016405
113,0.0163047
114,0.0165503
115,0.0165056
116,0.0166813
117,0.0165547
118,0.0166311
119,0.0166843
120,0.0170621
121,0.0175916
122,0.0177272
123,0.0175013
124,0.0170497
125,0.0162578
126,0.0153259
127,0.0142923
128,0.013258
129,0.0119277
130,0.0107931
131,0.00951753
132,0.00852274
133,0.00738351
134,0.00633057
135,0.00523862
136,0.00422859
137,0.00365889
138,0.00301035
139,0.00318624
140,0.00305173
141,0.00359642
142,0.00358977
143,0.00421437
144,0.00431014
145,0.0049688
146,0.00498455
147,0.00558532
148,0.00561399
149,0.00614497
150,0.00608752
151,0.00654119
152,0.00615731
153,0.00633617
154,0.00587897
155,0.00586578
156,0.00546975
157,0.00551146
158,0.00529316
159,0.00556071
160,0.00540542
161,0.00578084
162,0.00575842
163,0.00599804
164,0.0059448
165,0.00611227
166,0.0061433
167,0.00612221
168,0.00625255
169,0.00621953
170,0.00609328
171,0.00606295
172,0.00592631
173,0.00563091
174,0.00533076
175,0.00525101
176,0.00496715
177,0.00517435
178,0.0047276
179,0.00500858
180,0.00461156
181,0.00516336
182,0.00497593
183,0.00571144
184,0.00673537
185,0.00837137
186,0.00967091
187,0.0113716
188,0.0128015
189,0.0144573
190,0.0156886
191,0.016916
192,0.0182436
193,0.0198169
194,0.0215256
195,0.0231637
196,0.0245962
197,0.0252539
198,0.0254491
199,0.0257747
