2,0.967969
3,0.914242
4,0.874653
5,0.840632
6,0.803462
7,0.769965
8,0.740636
9,0.712018
10,0.686355
11,0.665726
12,0.64836
13,0.634126
14,0.62208
15,0.611025
16,0.600034
17,0.589458
18,0.578737
19,0.567614
20,0.555698
21,0.54325
22,0.529447
23,0.514346
24,0.498166
25,0.48084
26,0.462698
27,0.443089
28,0.423156
29,0.402478
30,0.381791
31,0.361025
32,0.340602
33,0.320364
34,0.300357
35,0.281337
36,0.263117
37,0.245942
38,0.230147
39,0.216031
40,0.202884
41,0.191091
42,0.180318
43,0.171224
44,0.163172
45,0.156051
46,0.149791
47,0.144368
48,0.139046
49,0.134258
50,0.129851
51,0.125743
52,0.121655
53,0.117626
54,0.112969
55,0.108315
56,0.103275
57,0.0983063
58,0.0931518
59,0.0884104
60,0.0835722
61,0.0793132
62,0.0752577
63,0.0718214
64,0.0685148
65,0.0654853
66,0.0624359
67,0.0593107
68,0.0564471
69,0.0537407
70,0.0516517
71,0.049302
72,0.0472146
73,0.0448976
74,0.0430617
75,0.0411961
76,0.0396378
77,0.0379159
78,0.0363897
79,0.0348145
80,0.0336316
81,0.0328486
82,0.0326627
83,0.0324645
84,0.0320986
85,0.0313583
86,0.0303207
87,0.0290054
88,0.0277403
89,0.0263805
90,0.0250395
91,0.0235538
92,0.0220908
93,0.020574
94,0.0193209
95,0.0178639
96,0.0169071
97,0.0158092
98,0.0147641
99,0.0137673
100,0.0128331
101,0.0120679
102,0.0115386
103,0.0112434
104,0.0110997
105,0.0111922
106,0.0114938
107,0.0119811
108,0.0125039
109,0.0130989
110,0.0136341
111,0.0142645
112,0.0148013
113,0.0152491
114,0.0157638
115,0.0161663
116,0.0166297
117,0.0169655
118,0.0174688
119,0.0179645
120,0.0185108
121,0.0191214
122,0.0195228
123,0.0196119
124,0.0193175
125,0.0182745
126,0.0171427
127,0.0157764
128,0.0143734
129,0.012844
130,0.0114436
131,0.010081
132,0.00865796
133,0.0074135
134,0.00603121
135,0.00501047
136,0.00409348
137,0.00366836
138,0.00366482
139,0.00399207
140,0.00415621
141,0.00472791
142,0.00517047
143,0.00562673
144,0.00612157
145,0.00658508
146,0.00686536
147,0.00723829
148,0.00711519
149,0.007089
150,0.0069963
151,0.00694467
152,0.00688962
153,0.00688092
154,0.00668786
155,0.00660162
156,0.00646444
157,0.00619772
158,0.00646318
159,0.006417
160,0.00650087
161,0.00662001
162,0.0066419
163,0.00671466
164,0.0068648
165,0.00688796
166,0.00701237
167,0.00688842
168,0.00692687
169,0.0065557
170,0.00657539
171,0.00609789
172,0.00610704
173,0.00566861
174,0.00576278
175,0.00545372
176,0.0054484
177,0.00526047
178,0.00539484
179,0.00535289
180,0.00551421
181,0.00582201
182,0.00646083
183,0.00708152
184,0.00815191
185,0.00932514
186,0.0106836
187,0.0122446
188,0.0137688
189,0.015331
190,0.0168125
191,0.0182687
192,0.0197632
193,0.0209022
194,0.0222171
195,0.023181
196,0.0244607
197,0.0252636
198,0.0259107
199,0.0264992
