2,0.00132836
3,0.00376719
4,0.00573698
5,0.00752962
6,0.00953136
7,0.0114062
8,0.0131084
9,0.0148023
10,0.0163675
11,0.0176835
12,0.0188358
13,0.0198255
14,0.0206972
15,0.0215167
16,0.0223317
17,0.0231245
18,0.0239278
19,0.024754
20,0.0256273
21,0.0265359
22,0.027526
23,0.0285964
24,0.0297359
25,0.030948
26,0.0322182
27,0.0335787
28,0.0349692
29,0.0364115
30,0.0378604
31,0.0393207
32,0.040767
33,0.0422077
34,0.0436407
35,0.0450126
36,0.0463432
37,0.0476081
38,0.0487881
39,0.0498657
40,0.0508783
41,0.0518076
42,0.052669
43,0.0534204
44,0.0541066
45,0.0547276
46,0.0552945
47,0.0558031
48,0.0563061
49,0.056775
50,0.0572165
51,0.0576398
52,0.0580615
53,0.0584775
54,0.0589384
55,0.0593969
56,0.0598835
57,0.0603603
58,0.0608552
59,0.0613191
60,0.0617888
61,0.0622205
62,0.062633
63,0.0630094
64,0.0633691
65,0.0637145
66,0.0640583
67,0.0644075
68,0.064739
69,0.065057
70,0.0653336
71,0.0656255
72,0.0659012
73,0.0661892
74,0.0664431
75,0.0666996
76,0.0669318
77,0.0671764
78,0.0674055
79,0.0676372
80,0.0678426
81,0.0680158
82,0.0681488
83,0.0682805
84,0.0684231
85,0.0685913
86,0.0687779
87,0.0689868
88,0.069186
89,0.069398
90,0.0696021
91,0.0698197
92,0.0700325
93,0.0702483
94,0.0704474
95,0.0706575
96,0.0708325
97,0.0710171
98,0.0711959
99,0.0713724
100,0.0715431
101,0.0717012
102,0.0718404
103,0.0719639
104,0.0720725
105,0.0721682
106,0.0722372
107,0.0723016
108,0.0723548
109,0.0724084
110,0.0724596
111,0.0725119
112,0.0725594
113,0.0726197
114,0.0726728
115,0.0727328
116,0.0727908
117,0.0728532
118,0.0729058
119,0.072956
120,0.0730019
121,0.0730446
122,0.0730972
123,0.0731776
124,0.0732828
125,0.0734459
126,0.0736145
127,0.0738015
128,0.0739891
129,0.0741909
130,0.074376
131,0.0745671
132,0.0747562
133,0.0749413
134,0.0751306
135,0.0753066
136,0.0754914
137,0.075649
138,0.0758083
139,0.075943
140,0.076073
141,0.0761715
142,0.0762686
143,0.076335
144,0.0764011
145,0.0764575
146,0.07651
147,0.0765702
148,0.0766337
149,0.0767018
150,0.0767803
151,0.0768525
152,0.0769441
153,0.0770068
154,0.0771037
155,0.0771802
156,0.0772784
157,0.0773664
158,0.077475
159,0.0775654
160,0.0776683
161,0.0777564
162,0.0778511
163,0.0779378
164,0.0780305
165,0.0781079
166,0.0781903
167,0.0782586
168,0.0783221
169,0.078368
170,0.0784251
171,0.0784541
172,0.078504
173,0.0785215
174,0.078546
175,0.0785555
176,0.0785626
177,0.0785751
178,0.0785663
179,0.0785764
180,0.0785576
181,0.0785566
182,0.0785368
183,0.0785132
184,0.0784786
185,0.0784338
186,0.0783739
187,0.0783032
188,0.0782361
189,0.0781726
190,0.0781113
191,0.0780526
192,0.0779939
193,0.0779561
194,0.077911
195,0.0778869
196,0.0778465
197,0.0778475
198,0.0778636
199,0.0778706
