2,0.0013772
3,0.00381809
4,0.00572428
5,0.00755459
6,0.00957038
7,0.0114103
8,0.0130403
9,0.0146878
10,0.0162646
11,0.0175794
12,0.0187081
13,0.0197161
14,0.020579
15,0.0213499
16,0.0221635
17,0.0229575
18,0.0237514
19,0.0245281
20,0.0253791
21,0.0262764
22,0.0272542
23,0.0282852
24,0.0294329
25,0.0306278
26,0.0318778
27,0.033194
28,0.0345987
29,0.0360227
30,0.037485
31,0.0389458
32,0.040414
33,0.0418391
34,0.0432588
35,0.0446283
36,0.045974
37,0.0472295
38,0.0484007
39,0.0494871
40,0.0505055
41,0.051422
42,0.0522768
43,0.0530549
44,0.053745
45,0.0543736
46,0.0549585
47,0.0554692
48,0.0559719
49,0.056445
50,0.0569098
51,0.0573514
52,0.057796
53,0.0582353
54,0.0587192
55,0.0591832
56,0.0596733
57,0.0601791
58,0.060652
59,0.0611441
60,0.0616067
61,0.0620455
62,0.062452
63,0.0628371
64,0.0631926
65,0.0635387
66,0.0638906
67,0.06425
68,0.0646015
69,0.0649245
70,0.0652158
71,0.0654891
72,0.0657725
73,0.0660422
74,0.066302
75,0.0665464
76,0.0667769
77,0.0670045
78,0.067232
79,0.0674491
80,0.0676482
81,0.0678197
82,0.0679641
83,0.0681036
84,0.0682518
85,0.0684208
86,0.0686121
87,0.0688108
88,0.0690371
89,0.0692507
90,0.0694922
91,0.0697282
92,0.0699722
93,0.0701952
94,0.0704089
95,0.0706108
96,0.0708019
97,0.07099
98,0.0712008
99,0.0713931
100,0.0715819
101,0.0717529
102,0.0719256
103,0.0720671
104,0.0722001
105,0.0723008
106,0.0723737
107,0.0724312
108,0.0724593
109,0.0724919
110,0.072515
111,0.0725642
112,0.0726063
113,0.0726637
114,0.0727003
115,0.0727499
116,0.0727797
117,0.0728317
118,0.0728617
119,0.0728951
120,0.0729236
121,0.0729511
122,0.0730027
123,0.0730852
124,0.0732154
125,0.0733764
126,0.0735585
127,0.0737475
128,0.0739378
129,0.0741339
130,0.0743371
131,0.0745404
132,0.0747413
133,0.0749306
134,0.07511
135,0.0752934
136,0.0754592
137,0.0756306
138,0.0757842
139,0.0759333
140,0.0760534
141,0.0761767
142,0.076261
143,0.0763672
144,0.0764327
145,0.0765064
146,0.0765598
147,0.0765986
148,0.0766418
149,0.076683
150,0.0767276
151,0.0767859
152,0.0768358
153,0.0768954
154,0.076961
155,0.0770379
156,0.0771071
157,0.0771985
158,0.0772823
159,0.0773794
160,0.0774688
161,0.0775722
162,0.0776605
163,0.0777567
164,0.0778589
165,0.0779518
166,0.0780466
167,0.0781499
168,0.0782392
169,0.0783363
170,0.0784175
171,0.0784953
172,0.0785589
173,0.0786139
174,0.0786508
175,0.0786859
176,0.078707
177,0.0787354
178,0.0787361
179,0.0787373
180,0.0787222
181,0.0787
182,0.0786695
183,0.0786245
184,0.0785811
185,0.0785275
186,0.0784671
187,0.0783817
188,0.0783077
189,0.0782329
190,0.0781538
191,0.0780882
192,0.0780091
193,0.0779349
194,0.0778628
195,0.077813
196,0.0777926
197,0.0778168
198,0.0778543
199,0.0778565
