2,0.9668
3,0.913087
4,0.874916
5,0.840096
6,0.80267
7,0.769876
8,0.741985
9,0.714262
10,0.688324
11,0.667706
12,0.650759
13,0.636148
14,0.624264
15,0.614039
16,0.603052
17,0.592437
18,0.581817
19,0.571546
20,0.559986
21,0.547678
22,0.534058
23,0.519596
24,0.503208
25,0.486163
26,0.468268
27,0.449412
28,0.429163
29,0.408738
30,0.387807
31,0.366971
32,0.346179
33,0.326131
34,0.306282
35,0.287326
36,0.268774
37,0.251777
38,0.23605
39,0.221736
40,0.208494
41,0.196843
42,0.186154
43,0.176603
44,0.168428
45,0.161189
46,0.15459
47,0.149117
48,0.143792
49,0.138916
50,0.134142
51,0.129731
52,0.125231
53,0.120876
54,0.115815
55,0.111054
56,0.105904
57,0.10055
58,0.0956499
59,0.0905041
60,0.0857797
61,0.0813996
62,0.0775167
63,0.0738977
64,0.070746
65,0.0676899
66,0.0645564
67,0.0613
68,0.0581302
69,0.0553996
70,0.0530826
71,0.051026
72,0.0488069
73,0.0467923
74,0.0448662
75,0.0431955
76,0.0416764
77,0.0402082
78,0.0387077
79,0.0373596
80,0.0362332
81,0.0355034
82,0.0351206
83,0.0348091
84,0.0343586
85,0.0335835
86,0.0325032
87,0.0312988
88,0.0296819
89,0.0282627
90,0.0264141
91,0.0246586
92,0.0227645
93,0.0211811
94,0.0196858
95,0.018375
96,0.0171903
97,0.0160711
98,0.0145636
99,0.0133838
100,0.0122027
101,0.0112583
102,0.0102652
103,0.00972422
104,0.00929474
105,0.00934794
106,0.00965045
107,0.0102677
108,0.0111766
109,0.0120463
110,0.012986
111,0.0136402
112,0.0143242
113,0.014852
114,0.0155292
115,0.0161377
116,0.0168966
117,0.0174366
118,0.0181977
119,0.01895
120,0.0196936
121,0.0205163
122,0.020925
123,0.0210225
124,0.0203538
125,0.0193877
126,0.0180313
127,0.01666
128,0.0151928
129,0.0137853
130,0.0120619
131,0.0106672
132,0.00893978
133,0.00781433
134,0.00633871
135,0.00543268
136,0.00412719
137,0.00374492
138,0.00320705
139,0.00338999
140,0.00369264
141,0.00397834
142,0.00445367
143,0.0049189
144,0.00526303
145,0.00583882
146,0.0060614
147,0.00636032
148,0.00628445
149,0.00646441
150,0.0062779
151,0.00627893
152,0.00593467
153,0.00580362
154,0.00542864
155,0.00523746
156,0.0050176
157,0.00483944
158,0.00473309
159,0.00464057
160,0.00447921
161,0.00460341
162,0.00451286
163,0.00456726
164,0.00452869
165,0.00474861
166,0.00477309
167,0.00506312
168,0.00504983
169,0.00520721
170,0.00526412
171,0.00525638
172,0.00537667
173,0.00510517
174,0.00509594
175,0.00478621
176,0.00450579
177,0.00453189
178,0.00403701
179,0.00404764
180,0.00412938
181,0.00444403
182,0.00468011
183,0.00541285
184,0.00650676
185,0.00802564
186,0.00950714
187,0.0113326
188,0.0130025
189,0.0146595
190,0.0163404
191,0.0179154
192,0.0195837
193,0.0212639
194,0.0228371
195,0.0241947
196,0.0252108
197,0.0257176
198,0.0260445
199,0.0267263
