2,0.00371596
3,0.00945873
4,0.01285
5,0.0157181
6,0.0189341
7,0.0222044
8,0.0254921
9,0.0288981
10,0.0322586
11,0.03546
12,0.0384626
13,0.0412881
14,0.0437948
15,0.0460124
16,0.0479719
17,0.0497004
18,0.05125
19,0.0525739
20,0.0537158
21,0.0546435
22,0.0554492
23,0.0561458
24,0.0568174
25,0.0574404
26,0.0580627
27,0.0585792
28,0.0589602
29,0.059187
30,0.0594439
31,0.0597526
32,0.0600862
33,0.0604227
34,0.0607327
35,0.0610325
36,0.0612429
37,0.0614745
38,0.0617354
39,0.0620429
40,0.0623172
41,0.0626189
42,0.0628709
43,0.0631216
44,0.0633298
45,0.0635545
46,0.0637602
47,0.0639753
48,0.0641996
49,0.0644838
50,0.0647477
51,0.0649897
52,0.0652665
53,0.0655539
54,0.0658114
55,0.0660452
56,0.0662824
57,0.0665002
58,0.0666863
59,0.0668448
60,0.0670265
61,0.0672294
62,0.0674429
63,0.0676616
64,0.0678905
65,0.0681208
66,0.0683466
67,0.0685389
68,0.0687191
69,0.068869
70,0.0690086
71,0.0691339
72,0.0692497
73,0.0693534
74,0.0694704
75,0.0696039
76,0.0697566
77,0.069917
78,0.0700681
79,0.0701965
80,0.0702888
81,0.070378
82,0.0704724
83,0.0705899
84,0.0707087
85,0.0708239
86,0.0709135
87,0.0710204
88,0.071134
89,0.0712553
90,0.0713793
91,0.0715312
92,0.07168
93,0.0718269
94,0.0719673
95,0.0720946
96,0.0721856
97,0.0722557
98,0.0723223
99,0.0724047
100,0.0724758
101,0.0725418
102,0.0726
103,0.0726826
104,0.0727733
105,0.0728985
106,0.0730249
107,0.0731535
108,0.0732886
109,0.0734243
110,0.0735444
111,0.0736604
112,0.0737776
113,0.0738951
114,0.0739713
115,0.0740029
116,0.0740483
117,0.0741346
118,0.0742338
119,0.0743134
120,0.0743785
121,0.0744241
122,0.0744768
123,0.0745513
124,0.0746439
125,0.0747324
126,0.0748276
127,0.0749011
128,0.0749889
129,0.0750746
130,0.0751791
131,0.0752876
132,0.0754144
133,0.0755256
134,0.0756374
135,0.0757353
136,0.0758322
137,0.0759152
138,0.0760171
139,0.0761056
140,0.0761641
141,0.0762184
142,0.0762849
143,0.0763635
144,0.0764502
145,0.0765175
146,0.0765765
147,0.0766293
148,0.0766956
149,0.0767586
150,0.0768226
151,0.0768802
152,0.076929
153,0.0769979
154,0.0770782
155,0.0771501
156,0.0772033
157,0.0772559
158,0.0773261
159,0.0774122
160,0.077478
161,0.0775208
162,0.077542
163,0.0775712
164,0.0775861
165,0.0776222
166,0.0776719
167,0.0777564
168,0.0778665
169,0.0780076
170,0.078136
171,0.0782604
172,0.0783594
173,0.0784505
174,0.0785055
175,0.0785516
176,0.0785887
177,0.0786263
178,0.0786561
179,0.0786788
180,0.0786884
181,0.0786976
182,0.0786917
183,0.0786841
184,0.0786994
185,0.0787767
186,0.0789037
187,0.0790535
188,0.0792128
189,0.0793796
190,0.0795617
191,0.0796872
192,0.079698
193,0.0796491
194,0.0795321
195,0.0793933
196,0.0793473
197,0.0793841
198,0.0794696
199,0.0795677
