2,0.910343
3,0.784644
4,0.719333
5,0.66765
6,0.610219
7,0.553156
8,0.497027
9,0.439719
10,0.38439
11,0.33291
12,0.285884
13,0.242726
14,0.205784
15,0.17417
16,0.147663
17,0.125257
18,0.106103
19,0.0910151
20,0.0791305
21,0.0704786
22,0.0639112
23,0.0581486
24,0.0530931
25,0.0482801
26,0.0438852
27,0.0405954
28,0.0386012
29,0.0379053
30,0.0361378
31,0.0350672
32,0.0334662
33,0.0317415
34,0.0309502
35,0.0296933
36,0.0290686
37,0.028159
38,0.0265245
39,0.0248437
40,0.0237758
41,0.0224115
42,0.0218411
43,0.0208674
44,0.0205957
45,0.0200122
46,0.0194024
47,0.0187477
48,0.0179832
49,0.0165307
50,0.0152102
51,0.0142125
52,0.0126897
53,0.0110501
54,0.00992686
55,0.00908377
56,0.00810493
57,0.00739926
58,0.00709005
59,0.00721948
60,0.00675581
61,0.00627173
62,0.00559458
63,0.00507405
64,0.00473196
65,0.00444368
66,0.00484761
67,0.00499983
68,0.00487211
69,0.00479766
70,0.00454676
71,0.00442315
72,0.00461061
73,0.00502932
74,0.00516626
75,0.00528461
76,0.00512933
77,0.00516824
78,0.00507669
79,0.0053342
80,0.00504377
81,0.00526281
82,0.00507562
83,0.00523794
84,0.00502701
85,0.00510869
86,0.00500099
87,0.00484317
88,0.00481539
89,0.00480459
90,0.00521205
91,0.00532729
92,0.00564051
93,0.00581822
94,0.00613581
95,0.00585186
96,0.00566791
97,0.00533819
98,0.00492717
99,0.00465917
100,0.00427523
101,0.00425296
102,0.00408245
103,0.00430356
104,0.00443301
105,0.00449436
106,0.00428894
107,0.00429569
108,0.00421588
109,0.00442245
110,0.00458552
111,0.00474801
112,0.00504188
113,0.00520106
114,0.00506097
115,0.00458758
116,0.00430728
117,0.004029
118,0.00391588
119,0.00382997
120,0.00374631
121,0.00382599
122,0.0038759
123,0.00403666
124,0.00389214
125,0.00388966
126,0.00364588
127,0.00380446
128,0.00369323
129,0.00367801
130,0.00347104
131,0.00326041
132,0.00312307
133,0.00310997
134,0.00330487
135,0.00320053
136,0.00321969
137,0.00349781
138,0.00338366
139,0.00316897
140,0.00302082
141,0.00273763
142,0.0026356
143,0.00288893
144,0.00316687
145,0.00352456
146,0.00334279
147,0.00341109
148,0.00304649
149,0.00269796
150,0.0026375
151,0.00273197
152,0.00264178
153,0.00288114
154,0.0029549
155,0.00328275
156,0.00342441
157,0.00359024
158,0.00368507
159,0.00343057
160,0.00329558
161,0.00339849
162,0.00339943
163,0.0032444
164,0.00361365
165,0.00359022
166,0.00385028
167,0.00383968
168,0.0032028
169,0.00280367
170,0.00249497
171,0.00255489
172,0.00271293
173,0.00315142
174,0.00338981
175,0.0034722
176,0.0031367
177,0.00291702
178,0.00294047
179,0.00283171
180,0.00322648
181,0.00374536
182,0.00410571
183,0.00438894
184,0.00484445
185,0.00460242
186,0.00391464
187,0.00350872
188,0.00284041
189,0.00251199
190,0.00278921
191,0.0032156
192,0.00255822
193,0.00197641
194,0.00253194
195,0.00428057
196,0.00546325
197,0.00565047
198,0.00527321
199,0.00505975
