2,0.00135275
3,0.00380194
4,0.00570089
5,0.00750057
6,0.00949384
7,0.0112694
8,0.0128924
9,0.0145332
10,0.0160498
11,0.0173695
12,0.0185419
13,0.0195218
14,0.0203963
15,0.0211998
16,0.0219965
17,0.0227618
18,0.023551
19,0.0243509
20,0.0252029
21,0.0261121
22,0.0270773
23,0.0281158
24,0.0292251
25,0.0303962
26,0.031631
27,0.0329636
28,0.034325
29,0.0357567
30,0.0372041
31,0.0386384
32,0.040099
33,0.0415258
34,0.04293
35,0.0443209
36,0.0456359
37,0.0468753
38,0.0480659
39,0.049162
40,0.0501849
41,0.0511273
42,0.051957
43,0.0527244
44,0.0534106
45,0.054032
46,0.0546108
47,0.0551445
48,0.0556523
49,0.0561213
50,0.0565929
51,0.0570436
52,0.0574717
53,0.0579129
54,0.0583718
55,0.0588525
56,0.0593563
57,0.0598559
58,0.0603746
59,0.0608626
60,0.0613459
61,0.0617987
62,0.0622324
63,0.0626259
64,0.0630073
65,0.0633634
66,0.0637236
67,0.0640898
68,0.0644423
69,0.0647762
70,0.0650821
71,0.0653697
72,0.0656435
73,0.0659096
74,0.0661593
75,0.0663941
76,0.06662
77,0.0668554
78,0.0670699
79,0.0672864
80,0.0674755
81,0.0676493
82,0.0678082
83,0.06796
84,0.0681169
85,0.0682935
86,0.068484
87,0.0687013
88,0.0689303
89,0.0691692
90,0.0694008
91,0.0696441
92,0.0698769
93,0.0701136
94,0.0703406
95,0.0705689
96,0.0707764
97,0.0709889
98,0.0711982
99,0.0714072
100,0.0715984
101,0.0717852
102,0.0719556
103,0.0721089
104,0.0722405
105,0.0723378
106,0.0724125
107,0.07247
108,0.0725081
109,0.0725495
110,0.0725983
111,0.0726412
112,0.0726788
113,0.0727136
114,0.0727384
115,0.0727573
116,0.0727723
117,0.0727987
118,0.0728291
119,0.0728866
120,0.0729394
121,0.0730227
122,0.0731145
123,0.0732332
124,0.0733453
125,0.0734742
126,0.0736078
127,0.0737615
128,0.073927
129,0.0741092
130,0.0742968
131,0.074484
132,0.0746463
133,0.0748092
134,0.0749699
135,0.075135
136,0.0753044
137,0.0754564
138,0.0756057
139,0.07572
140,0.0758518
141,0.0759508
142,0.0760695
143,0.0761545
144,0.0762553
145,0.0763297
146,0.0764246
147,0.0765011
148,0.0765957
149,0.0766866
150,0.0767831
151,0.0768653
152,0.0769581
153,0.0770346
154,0.0771263
155,0.0772182
156,0.0773114
157,0.0774049
158,0.0775008
159,0.0775935
160,0.0776858
161,0.0777779
162,0.0778637
163,0.07795
164,0.07804
165,0.0781118
166,0.078189
167,0.0782485
168,0.0782978
169,0.0783435
170,0.0783778
171,0.0784249
172,0.0784594
173,0.0785038
174,0.0785265
175,0.07855
176,0.0785681
177,0.0785975
178,0.0785987
179,0.0786165
180,0.0785993
181,0.0785846
182,0.0785536
183,0.0785245
184,0.0784764
185,0.078431
186,0.0783669
187,0.078312
188,0.0782414
189,0.078189
190,0.0781213
191,0.0780675
192,0.0779956
193,0.0779361
194,0.0778679
195,0.0778231
196,0.0777793
197,0.0777937
198,0.0778204
199,0.0778294
