2,0.967396
3,0.913442
4,0.875409
5,0.84122
6,0.804197
7,0.772639
8,0.74482
9,0.717148
10,0.692295
11,0.671515
12,0.653675
13,0.639535
14,0.627386
15,0.616527
16,0.605816
17,0.595664
18,0.585116
19,0.574393
20,0.562802
21,0.550272
22,0.536825
23,0.522211
24,0.506484
25,0.489797
26,0.472148
27,0.452988
28,0.433412
29,0.412868
30,0.392128
31,0.371757
32,0.351033
33,0.330949
34,0.311316
35,0.291978
36,0.273914
37,0.257121
38,0.241111
39,0.22665
40,0.213357
41,0.20127
42,0.190991
43,0.181661
44,0.173558
45,0.166472
46,0.15998
47,0.154186
48,0.148829
49,0.144038
50,0.13918
51,0.134634
52,0.130447
53,0.126041
54,0.121369
55,0.1164
56,0.11105
57,0.105795
58,0.100215
59,0.0951141
60,0.0900608
61,0.0854725
62,0.0811311
63,0.0773829
64,0.0738235
65,0.0705494
66,0.067307
67,0.0638923
68,0.0607044
69,0.057774
70,0.0552174
71,0.0529255
72,0.0508106
73,0.0488305
74,0.0470301
75,0.0454538
76,0.0440137
77,0.0423829
78,0.0410819
79,0.0397052
80,0.0387437
81,0.0379735
82,0.0373949
83,0.0369013
84,0.0363126
85,0.0354688
86,0.0343658
87,0.0329181
88,0.0312665
89,0.0294931
90,0.0277802
91,0.0259158
92,0.0241952
93,0.0224251
94,0.0207285
95,0.0191015
96,0.0176411
97,0.0162193
98,0.0147378
99,0.0133108
100,0.0121136
101,0.0110039
102,0.0100663
103,0.00939387
104,0.00902481
105,0.00913085
106,0.00937641
107,0.0102443
108,0.0107662
109,0.011757
110,0.0121523
111,0.0128955
112,0.0135828
113,0.0143639
114,0.0152616
115,0.0162346
116,0.0172333
117,0.0181057
118,0.0188942
119,0.0193349
120,0.0197999
121,0.019886
122,0.0198138
123,0.0194156
124,0.0190447
125,0.0184664
126,0.0178201
127,0.0168898
128,0.0158456
129,0.0144919
130,0.0131846
131,0.0117666
132,0.0108226
133,0.00968905
134,0.00888618
135,0.00775779
136,0.00708951
137,0.00644102
138,0.00626221
139,0.00611705
140,0.00623647
141,0.00623119
142,0.00645309
143,0.0065698
144,0.00659044
145,0.00685745
146,0.00670052
147,0.0067956
148,0.00668633
149,0.00668139
150,0.0065856
151,0.00639532
152,0.0062762
153,0.00618044
154,0.00599355
155,0.00601718
156,0.0059923
157,0.0057141
158,0.00580088
159,0.00580141
160,0.00576692
161,0.00594946
162,0.00585588
163,0.00604914
164,0.00605871
165,0.00615771
166,0.00610129
167,0.00619816
168,0.00599295
169,0.0058614
170,0.00563884
171,0.00557962
172,0.00525724
173,0.00522986
174,0.00494041
175,0.00483306
176,0.00458335
177,0.00450445
178,0.00438927
179,0.00485266
180,0.00507323
181,0.00554358
182,0.0060528
183,0.00692334
184,0.00801559
185,0.00932533
186,0.0106678
187,0.0121596
188,0.013647
189,0.0151375
190,0.0165898
191,0.0180759
192,0.0196431
193,0.0211713
194,0.0227657
195,0.0241077
196,0.0254509
197,0.0261476
198,0.0266077
199,0.0272044
