2,0.966552
3,0.913685
4,0.876673
5,0.842705
6,0.805805
7,0.772302
8,0.744743
9,0.717412
10,0.692439
11,0.672451
12,0.655528
13,0.641072
14,0.629165
15,0.618928
16,0.608895
17,0.598447
18,0.588574
19,0.578175
20,0.566746
21,0.55477
22,0.541698
23,0.527201
24,0.511543
25,0.49496
26,0.477168
27,0.458364
28,0.438736
29,0.418655
30,0.398216
31,0.37772
32,0.357145
33,0.337326
34,0.317341
35,0.298162
36,0.27995
37,0.262747
38,0.246797
39,0.232249
40,0.219144
41,0.206947
42,0.195984
43,0.186406
44,0.178387
45,0.171348
46,0.165106
47,0.159312
48,0.153835
49,0.148556
50,0.14366
51,0.139059
52,0.134678
53,0.130079
54,0.125126
55,0.120187
56,0.114674
57,0.109146
58,0.103493
59,0.0982624
60,0.0930828
61,0.0881952
62,0.0839185
63,0.0799451
64,0.0761827
65,0.0727567
66,0.069321
67,0.0660376
68,0.0625362
69,0.0595925
70,0.0569741
71,0.0548932
72,0.0528347
73,0.0509341
74,0.0492735
75,0.0478255
76,0.0465452
77,0.0452918
78,0.0439665
79,0.0425893
80,0.0415297
81,0.0405892
82,0.0402186
83,0.0399433
84,0.0397428
85,0.038834
86,0.0375787
87,0.0359716
88,0.034151
89,0.0321496
90,0.0300954
91,0.0279406
92,0.0257675
93,0.023603
94,0.0216967
95,0.019731
96,0.018077
97,0.0163915
98,0.0146418
99,0.0131152
100,0.0115749
101,0.0102243
102,0.00910548
103,0.00825497
104,0.00770622
105,0.00772939
106,0.00795658
107,0.00890944
108,0.00981102
109,0.0108023
110,0.0118088
111,0.0128143
112,0.0138764
113,0.0148763
114,0.0157386
115,0.0166738
116,0.0175687
117,0.0183389
118,0.0189733
119,0.0194265
120,0.01972
121,0.0198733
122,0.0198349
123,0.0196214
124,0.0194582
125,0.0190366
126,0.0185905
127,0.0176876
128,0.0168973
129,0.0156807
130,0.0147168
131,0.0136707
132,0.0128076
133,0.011738
134,0.0109809
135,0.00994262
136,0.0091663
137,0.0084312
138,0.00793912
139,0.00762812
140,0.0073046
141,0.00719514
142,0.00695365
143,0.00691748
144,0.00671514
145,0.0067431
146,0.00645507
147,0.00648694
148,0.00629457
149,0.00626569
150,0.0061457
151,0.0059837
152,0.00584601
153,0.0056969
154,0.00537599
155,0.00540963
156,0.005169
157,0.00487905
158,0.00470287
159,0.00429
160,0.00407333
161,0.00398539
162,0.00368123
163,0.00394468
164,0.00391693
165,0.00427653
166,0.00452791
167,0.0046132
168,0.0046836
169,0.00471173
170,0.00476885
171,0.00486041
172,0.0048656
173,0.00467611
174,0.00453117
175,0.0042169
176,0.00399053
177,0.00370916
178,0.00380828
179,0.00376648
180,0.00402337
181,0.00431057
182,0.00466768
183,0.0056332
184,0.00666266
185,0.0083506
186,0.00991746
187,0.0119382
188,0.0138356
189,0.0157538
190,0.017482
191,0.0191402
192,0.0208342
193,0.0222747
194,0.0240389
195,0.0253449
196,0.026575
197,0.0270521
198,0.0271196
199,0.0274634
