2,0.00138766
3,0.0037915
4,0.0056433
5,0.00743041
6,0.00941653
7,0.0112875
8,0.0128977
9,0.0145218
10,0.0160451
11,0.0173233
12,0.0184468
13,0.0194428
14,0.0203041
15,0.021072
16,0.0218302
17,0.0226116
18,0.0233597
19,0.0241409
20,0.0249818
21,0.0258556
22,0.0267981
23,0.0278285
24,0.0289307
25,0.0300929
26,0.0313358
27,0.0326428
28,0.0340098
29,0.0354077
30,0.0368357
31,0.038275
32,0.0397229
33,0.0411348
34,0.0425563
35,0.0439383
36,0.0452586
37,0.0465222
38,0.0477074
39,0.048806
40,0.0498148
41,0.0507646
42,0.0516363
43,0.0524162
44,0.0530957
45,0.0537108
46,0.054276
47,0.0548084
48,0.0553244
49,0.0558218
50,0.0562969
51,0.0567521
52,0.0571938
53,0.0576463
54,0.0581245
55,0.0586026
56,0.0591162
57,0.0596339
58,0.0601576
59,0.0606541
60,0.0611469
61,0.0616171
62,0.0620494
63,0.0624564
64,0.0628515
65,0.0632199
66,0.0635901
67,0.0639498
68,0.0643217
69,0.0646602
70,0.0649679
71,0.0652458
72,0.0655137
73,0.0657748
74,0.0660163
75,0.0662428
76,0.0664563
77,0.0666666
78,0.0668808
79,0.0671
80,0.0672928
81,0.0674805
82,0.0676217
83,0.0677574
84,0.0678871
85,0.0680661
86,0.0682673
87,0.0684951
88,0.0687356
89,0.0689904
90,0.0692455
91,0.06951
92,0.0697737
93,0.0700382
94,0.0702829
95,0.0705312
96,0.0707573
97,0.0709853
98,0.0712161
99,0.0714346
100,0.0716524
101,0.0718571
102,0.0720465
103,0.0722153
104,0.0723597
105,0.0724724
106,0.0725445
107,0.0725954
108,0.0726147
109,0.0726373
110,0.0726543
111,0.0726728
112,0.0726854
113,0.0727107
114,0.0727332
115,0.0727612
116,0.0727848
117,0.0728212
118,0.0728654
119,0.0729227
120,0.0729906
121,0.0730696
122,0.0731608
123,0.0732649
124,0.0733653
125,0.0734804
126,0.0736055
127,0.0737532
128,0.0739079
129,0.0740787
130,0.074244
131,0.0744047
132,0.0745591
133,0.0747206
134,0.074883
135,0.0750426
136,0.0752019
137,0.075356
138,0.0755075
139,0.0756554
140,0.0757949
141,0.075926
142,0.0760456
143,0.0761598
144,0.0762566
145,0.076353
146,0.0764352
147,0.0765178
148,0.0765888
149,0.0766659
150,0.0767376
151,0.0767958
152,0.0768708
153,0.0769295
154,0.076995
155,0.0770601
156,0.0771242
157,0.0771957
158,0.077284
159,0.0773772
160,0.0774749
161,0.0775785
162,0.0776836
163,0.077801
164,0.0779139
165,0.0780313
166,0.0781325
167,0.0782163
168,0.0782914
169,0.0783654
170,0.0784422
171,0.0785171
172,0.078578
173,0.0786391
174,0.078677
175,0.0787157
176,0.0787391
177,0.0787731
178,0.0787863
179,0.0787924
180,0.0787667
181,0.0787313
182,0.0786749
183,0.0786194
184,0.0785652
185,0.0784923
186,0.0784246
187,0.0783237
188,0.0782342
189,0.0781428
190,0.0780633
191,0.0779907
192,0.0779142
193,0.0778575
194,0.0777748
195,0.0777272
196,0.0776877
197,0.0777133
198,0.0777708
199,0.0778037
