2,0.968422
3,0.915247
4,0.877084
5,0.843313
6,0.806571
7,0.773277
8,0.74507
9,0.717423
10,0.692577
11,0.672608
12,0.656264
13,0.641983
14,0.630648
15,0.620865
16,0.611963
17,0.602033
18,0.591924
19,0.581718
20,0.570957
21,0.558787
22,0.545662
23,0.531672
24,0.516237
25,0.499906
26,0.482446
27,0.463796
28,0.444566
29,0.424455
30,0.403931
31,0.383355
32,0.363129
33,0.343023
34,0.323368
35,0.304367
36,0.286183
37,0.269183
38,0.253278
39,0.23855
40,0.225497
41,0.213135
42,0.202434
43,0.192716
44,0.184181
45,0.176621
46,0.169949
47,0.164022
48,0.158448
49,0.15306
50,0.147949
51,0.14295
52,0.138032
53,0.133052
54,0.127717
55,0.122362
56,0.116784
57,0.111125
58,0.105581
59,0.100069
60,0.0949216
61,0.090051
62,0.0857303
63,0.0817796
64,0.077984
65,0.0748337
66,0.0713341
67,0.0679667
68,0.0646215
69,0.0615555
70,0.058936
71,0.0566655
72,0.0547536
73,0.0530114
74,0.0514238
75,0.0500992
76,0.0488835
77,0.0477028
78,0.0466171
79,0.0451799
80,0.0441367
81,0.0431567
82,0.0426883
83,0.0422333
84,0.0416343
85,0.0407473
86,0.0393562
87,0.0377018
88,0.0357368
89,0.0336601
90,0.0314375
91,0.0289811
92,0.0265335
93,0.0240285
94,0.0219936
95,0.0199875
96,0.0183127
97,0.0163851
98,0.0146234
99,0.0128066
100,0.0111582
101,0.0096893
102,0.00831903
103,0.00718033
104,0.00660317
105,0.00629863
106,0.00694822
107,0.00772645
108,0.00872331
109,0.00992776
110,0.0110712
111,0.0121118
112,0.0135236
113,0.0144153
114,0.0156318
115,0.0165475
116,0.0175128
117,0.0182185
118,0.0189688
119,0.0193509
120,0.0199471
121,0.0202067
122,0.0204584
123,0.0203686
124,0.0202197
125,0.0197179
126,0.0191142
127,0.018201
128,0.0172867
129,0.0161476
130,0.0151101
131,0.0140341
132,0.0130881
133,0.0121446
134,0.0112658
135,0.0103664
136,0.00972207
137,0.00908414
138,0.00868309
139,0.00824034
140,0.00817833
141,0.00800889
142,0.00800371
143,0.00803235
144,0.00785543
145,0.00788317
146,0.00790729
147,0.00772764
148,0.00774714
149,0.00778845
150,0.00763912
151,0.00755748
152,0.0076065
153,0.0074785
154,0.00749827
155,0.00737079
156,0.00725035
157,0.0072206
158,0.00708169
159,0.00702326
160,0.00704106
161,0.0069876
162,0.00682919
163,0.00703019
164,0.00684107
165,0.0068817
166,0.00679353
167,0.00675758
168,0.00666677
169,0.00657086
170,0.00621688
171,0.00602227
172,0.00586186
173,0.00573602
174,0.00570782
175,0.00562362
176,0.00561823
177,0.00566463
178,0.00565415
179,0.00584419
180,0.00612278
181,0.00668152
182,0.00695793
183,0.00807994
184,0.00866652
185,0.0099093
186,0.0110766
187,0.0126904
188,0.0142067
189,0.0160691
190,0.0177344
191,0.0196039
192,0.0214614
193,0.0231886
194,0.0250142
195,0.0263721
196,0.0276111
197,0.0280366
198,0.0280587
199,0.0282587
