2,0.00130928
3,0.00372269
4,0.00562562
5,0.00740296
6,0.00938101
7,0.0112428
8,0.0128853
9,0.014526
10,0.0160443
11,0.0173211
12,0.0184143
13,0.0194018
14,0.0202303
15,0.0209737
16,0.0216672
17,0.0224181
18,0.0231795
19,0.0239475
20,0.0247487
21,0.0256323
22,0.0265762
23,0.0275747
24,0.0286619
25,0.0298089
26,0.0310279
27,0.0323243
28,0.033665
29,0.0350628
30,0.0364936
31,0.0379348
32,0.0393605
33,0.0407848
34,0.0421852
35,0.043552
36,0.0448689
37,0.0461161
38,0.0472963
39,0.0484043
40,0.0494067
41,0.0503621
42,0.0512155
43,0.052001
44,0.0527116
45,0.0533558
46,0.0539456
47,0.0544838
48,0.0550008
49,0.0555041
50,0.0559904
51,0.0564708
52,0.0569427
53,0.0574211
54,0.057922
55,0.0584268
56,0.0589445
57,0.0594678
58,0.0599855
59,0.0604985
60,0.0609892
61,0.0614601
62,0.0618937
63,0.0623032
64,0.0626985
65,0.0630514
66,0.063427
67,0.0637921
68,0.0641576
69,0.0645
70,0.0648147
71,0.0651011
72,0.0653622
73,0.0656132
74,0.0658477
75,0.066068
76,0.0662748
77,0.0664805
78,0.0666783
79,0.0669001
80,0.0670934
81,0.0672802
82,0.067431
83,0.0675798
84,0.0677379
85,0.067915
86,0.0681268
87,0.0683592
88,0.0686096
89,0.0688695
90,0.0691385
91,0.0694232
92,0.0697082
93,0.0699979
94,0.0702495
95,0.0705035
96,0.0707304
97,0.070976
98,0.0712091
99,0.0714496
100,0.0716707
101,0.071894
102,0.0720895
103,0.0722805
104,0.0724319
105,0.07256
106,0.072626
107,0.0726728
108,0.0726852
109,0.0726962
110,0.0726937
111,0.072706
112,0.0727021
113,0.072722
114,0.0727291
115,0.0727532
116,0.0727725
117,0.0728145
118,0.072852
119,0.0729103
120,0.0729609
121,0.0730291
122,0.0731001
123,0.0731958
124,0.0732949
125,0.0734211
126,0.0735559
127,0.0737073
128,0.0738712
129,0.0740398
130,0.0742113
131,0.0743781
132,0.0745413
133,0.0746968
134,0.0748631
135,0.0750148
136,0.0751763
137,0.0753186
138,0.0754743
139,0.0756049
140,0.0757461
141,0.0758624
142,0.0759852
143,0.0760984
144,0.0762167
145,0.0763252
146,0.0764362
147,0.0765346
148,0.0766415
149,0.0767326
150,0.0768338
151,0.0769213
152,0.0770103
153,0.0770927
154,0.0771789
155,0.0772658
156,0.0773553
157,0.0774454
158,0.077522
159,0.0776185
160,0.0777012
161,0.077789
162,0.0778602
163,0.0779456
164,0.0780149
165,0.0780908
166,0.0781581
167,0.0782315
168,0.0782852
169,0.0783436
170,0.0783819
171,0.0784141
172,0.0784395
173,0.0784754
174,0.0784993
175,0.078531
176,0.0785426
177,0.0785565
178,0.0785605
179,0.0785534
180,0.0785397
181,0.0785208
182,0.0784971
183,0.0784643
184,0.0784318
185,0.0783928
186,0.0783377
187,0.0782709
188,0.0781999
189,0.0781124
190,0.0780349
191,0.0779464
192,0.0778563
193,0.0777782
194,0.077693
195,0.0776472
196,0.0776152
197,0.0776539
198,0.0777185
199,0.0777551
