2,0.00126761
3,0.00364346
4,0.00554263
5,0.0072876
6,0.00925653
7,0.0110842
8,0.0127194
9,0.0143868
10,0.0159189
11,0.0172167
12,0.0183402
13,0.0193099
14,0.0201473
15,0.0208814
16,0.0216062
17,0.0223107
18,0.023065
19,0.0238166
20,0.0246161
21,0.0254681
22,0.0263927
23,0.0273757
24,0.0284385
25,0.0295647
26,0.0307707
27,0.0320578
28,0.033387
29,0.0347671
30,0.0361695
31,0.0375926
32,0.0390071
33,0.0404022
34,0.0418144
35,0.0432087
36,0.0445298
37,0.0458046
38,0.0469859
39,0.0481134
40,0.0491592
41,0.0501174
42,0.0509726
43,0.0517603
44,0.0524752
45,0.0531447
46,0.0537413
47,0.0543084
48,0.0548603
49,0.0553769
50,0.0558783
51,0.056352
52,0.0568227
53,0.057276
54,0.0577564
55,0.0582535
56,0.0587687
57,0.0592809
58,0.0597902
59,0.060277
60,0.0607674
61,0.0612261
62,0.061645
63,0.062043
64,0.0624109
65,0.06275
66,0.0631049
67,0.0634473
68,0.063798
69,0.0641378
70,0.0644428
71,0.0647263
72,0.0649958
73,0.0652483
74,0.0655001
75,0.0657295
76,0.0659564
77,0.0661801
78,0.0664114
79,0.0666547
80,0.0668915
81,0.067114
82,0.0673275
83,0.0675323
84,0.0677666
85,0.067985
86,0.0682477
87,0.0684853
88,0.0687694
89,0.0690193
90,0.0693021
91,0.0695548
92,0.0698264
93,0.0700814
94,0.070313
95,0.0705614
96,0.0707702
97,0.0710025
98,0.0711992
99,0.0714016
100,0.0715958
101,0.0717701
102,0.0719557
103,0.0720982
104,0.0722602
105,0.0723573
106,0.0724523
107,0.0724801
108,0.0725158
109,0.0725232
110,0.0725515
111,0.0725942
112,0.0726411
113,0.07271
114,0.0727631
115,0.0728306
116,0.0728718
117,0.0729312
118,0.0729721
119,0.0730236
120,0.0730695
121,0.0731214
122,0.0731789
123,0.0732581
124,0.0733457
125,0.073461
126,0.0735737
127,0.0737069
128,0.0738252
129,0.0739732
130,0.0741063
131,0.0742653
132,0.0744152
133,0.0745832
134,0.0747463
135,0.0749059
136,0.0750766
137,0.0752359
138,0.0753997
139,0.0755612
140,0.0757132
141,0.075862
142,0.0759931
143,0.0761234
144,0.0762312
145,0.0763433
146,0.0764341
147,0.0765359
148,0.0766191
149,0.0767111
150,0.0768048
151,0.0768909
152,0.0769878
153,0.0770725
154,0.0771708
155,0.0772445
156,0.0773289
157,0.0773953
158,0.0774681
159,0.0775472
160,0.0776277
161,0.0777199
162,0.077798
163,0.0778843
164,0.0779682
165,0.0780482
166,0.0781206
167,0.0781924
168,0.0782575
169,0.0783328
170,0.0784004
171,0.0784708
172,0.078519
173,0.0785749
174,0.0786056
175,0.0786567
176,0.078674
177,0.0787054
178,0.0786927
179,0.0786887
180,0.0786443
181,0.0786139
182,0.0785611
183,0.0785109
184,0.0784612
185,0.0783827
186,0.0783108
187,0.0782071
188,0.078106
189,0.0779969
190,0.0778891
191,0.0777906
192,0.0776785
193,0.0776166
194,0.077531
195,0.0775025
196,0.0774689
197,0.0775371
198,0.0776493
199,0.0777243
