2,0.969426
3,0.917832
4,0.880871
5,0.847663
6,0.8106
7,0.778834
8,0.751016
9,0.723276
10,0.698707
11,0.678002
12,0.660289
13,0.645834
14,0.634418
15,0.623722
16,0.614127
17,0.604892
18,0.595279
19,0.585116
20,0.57466
21,0.563186
22,0.550771
23,0.537505
24,0.523083
25,0.507369
26,0.490786
27,0.472868
28,0.454254
29,0.434772
30,0.414462
31,0.394403
32,0.374253
33,0.353956
34,0.334329
35,0.31505
36,0.296291
37,0.278809
38,0.262457
39,0.247532
40,0.233507
41,0.220746
42,0.209147
43,0.198903
44,0.189768
45,0.18183
46,0.174731
47,0.16818
48,0.16164
49,0.155951
50,0.150426
51,0.145093
52,0.140117
53,0.135234
54,0.130478
55,0.125608
56,0.120454
57,0.115317
58,0.110346
59,0.105642
60,0.101099
61,0.0970526
62,0.0935919
63,0.09041
64,0.087911
65,0.0856207
66,0.0831571
67,0.0805687
68,0.0777233
69,0.0750989
70,0.072594
71,0.0704003
72,0.0682047
73,0.0661638
74,0.0639994
75,0.0619177
76,0.0598849
77,0.057762
78,0.055448
79,0.052845
80,0.0502673
81,0.0475747
82,0.0447706
83,0.0420362
84,0.039141
85,0.0364349
86,0.033523
87,0.0309197
88,0.0282498
89,0.0260187
90,0.0237372
91,0.022026
92,0.0201895
93,0.0187506
94,0.0176026
95,0.0166031
96,0.0160788
97,0.0156508
98,0.015503
99,0.0152384
100,0.0150818
101,0.0148905
102,0.0148286
103,0.0149018
104,0.0145162
105,0.0148823
106,0.0147668
107,0.0154658
108,0.0158185
109,0.0165346
110,0.0169466
111,0.0167923
112,0.0163302
113,0.0152438
114,0.014391
115,0.0134719
116,0.0127152
117,0.0122307
118,0.0117303
119,0.0119683
120,0.0120967
121,0.0130369
122,0.0135697
123,0.0144959
124,0.0150651
125,0.0157445
126,0.0162453
127,0.0167653
128,0.0171382
129,0.0173881
130,0.0175461
131,0.0172533
132,0.0169507
133,0.0162637
134,0.0153813
135,0.0143863
136,0.0128714
137,0.0116729
138,0.00982404
139,0.00878077
140,0.00730998
141,0.00624088
142,0.00516457
143,0.00428297
144,0.00364345
145,0.00364307
146,0.00357089
147,0.00392833
148,0.00427184
149,0.00473237
150,0.00500235
151,0.00540804
152,0.00568647
153,0.00627892
154,0.00662195
155,0.00666588
156,0.00689195
157,0.00681586
158,0.00679518
159,0.00688322
160,0.00667688
161,0.00662654
162,0.00660785
163,0.00651115
164,0.00631714
165,0.0059938
166,0.00578414
167,0.00563327
168,0.00546831
169,0.0050865
170,0.00537503
171,0.00496731
172,0.00490896
173,0.00476221
174,0.00499997
175,0.00482677
176,0.00495724
177,0.00539504
178,0.00570165
179,0.00659732
180,0.00702137
181,0.00826994
182,0.00930559
183,0.0105821
184,0.0116573
185,0.0132749
186,0.0144066
187,0.0161295
188,0.0173284
189,0.0187488
190,0.0201152
191,0.0212474
192,0.0229361
193,0.0238767
194,0.0255029
195,0.0265822
196,0.0282556
197,0.0296382
198,0.0307767
199,0.0308566
