2,0.967425
3,0.915748
4,0.880264
5,0.846786
6,0.810298
7,0.780235
8,0.754191
9,0.726612
10,0.702265
11,0.681763
12,0.663866
13,0.648914
14,0.637296
15,0.626568
16,0.616736
17,0.607104
18,0.597585
19,0.587591
20,0.577155
21,0.566069
22,0.553491
23,0.539953
24,0.525823
25,0.510192
26,0.493554
27,0.476284
28,0.457769
29,0.438439
30,0.418548
31,0.398307
32,0.378427
33,0.358539
34,0.338958
35,0.319714
36,0.301295
37,0.283655
38,0.266773
39,0.251483
40,0.237265
41,0.224233
42,0.212552
43,0.201933
44,0.192605
45,0.184596
46,0.177226
47,0.170695
48,0.164231
49,0.15846
50,0.152465
51,0.147119
52,0.142247
53,0.137338
54,0.132833
55,0.128259
56,0.123505
57,0.118496
58,0.11381
59,0.109271
60,0.104947
61,0.101102
62,0.097932
63,0.0949575
64,0.0928137
65,0.0906826
66,0.0887153
67,0.086306
68,0.0838262
69,0.0812372
70,0.0787886
71,0.0764557
72,0.0741433
73,0.0718844
74,0.0694415
75,0.0670061
76,0.0644951
77,0.0617926
78,0.0588712
79,0.0557634
80,0.0525622
81,0.0491213
82,0.0457471
83,0.0422358
84,0.038743
85,0.035343
86,0.03198
87,0.0289115
88,0.025905
89,0.0231968
90,0.0208298
91,0.0188028
92,0.0170547
93,0.0158362
94,0.0149575
95,0.0146757
96,0.0147844
97,0.0152041
98,0.0157102
99,0.0160894
100,0.0166899
101,0.0170951
102,0.0175214
103,0.0180022
104,0.0181021
105,0.0183691
106,0.0180947
107,0.0177972
108,0.0173107
109,0.016959
110,0.0166992
111,0.0161721
112,0.0159625
113,0.0153555
114,0.0150292
115,0.0144989
116,0.0140021
117,0.0133746
118,0.0128541
119,0.0123685
120,0.0119991
121,0.0120317
122,0.0119252
123,0.0124863
124,0.0127649
125,0.0138199
126,0.0145471
127,0.015538
128,0.0163096
129,0.0169433
130,0.017307
131,0.0174629
132,0.0172475
133,0.0170526
134,0.0165027
135,0.0158684
136,0.0151634
137,0.0143458
138,0.0132469
139,0.0121045
140,0.0106341
141,0.00926055
142,0.00788738
143,0.00665415
144,0.0058022
145,0.00508662
146,0.00477436
147,0.00486439
148,0.00476924
149,0.00501187
150,0.00503757
151,0.00552693
152,0.00551297
153,0.00581945
154,0.00597885
155,0.00590209
156,0.00583397
157,0.00546382
158,0.00519699
159,0.00494057
160,0.00457518
161,0.0049134
162,0.00474663
163,0.00495892
164,0.00474749
165,0.00478104
166,0.00472769
167,0.00479494
168,0.00481468
169,0.00467353
170,0.00476043
171,0.00461113
172,0.00465211
173,0.00481758
174,0.00503182
175,0.00541443
176,0.00589291
177,0.00611614
178,0.00659413
179,0.00690549
180,0.00745776
181,0.00829523
182,0.00871292
183,0.00947395
184,0.0101605
185,0.0110537
186,0.0120551
187,0.0135581
188,0.0148237
189,0.0166021
190,0.0177922
191,0.0190928
192,0.0203614
193,0.0215018
194,0.0229465
195,0.024311
196,0.0261399
197,0.0275612
198,0.029647
199,0.0308475
