2,0.00135149
3,0.00370045
4,0.00547885
5,0.00723787
6,0.00919765
7,0.0108929
8,0.0124189
9,0.014046
10,0.0155289
11,0.0168261
12,0.0179939
13,0.0190111
14,0.0198501
15,0.0206401
16,0.0213818
17,0.022112
18,0.022836
19,0.0235881
20,0.0243665
21,0.0251855
22,0.0260926
23,0.0270595
24,0.0280672
25,0.0291685
26,0.030334
27,0.0315435
28,0.0328339
29,0.0341818
30,0.0355691
31,0.0369847
32,0.0383857
33,0.0397898
34,0.041184
35,0.0425607
36,0.0438906
37,0.0451764
38,0.0464144
39,0.0475565
40,0.0486316
41,0.0496321
42,0.050549
43,0.0513919
44,0.0521574
45,0.0528316
46,0.05347
47,0.0540502
48,0.0546253
49,0.0551583
50,0.0557039
51,0.0562073
52,0.0566798
53,0.0571519
54,0.0575996
55,0.0580489
56,0.0585126
57,0.0589928
58,0.0594495
59,0.0598986
60,0.0603304
61,0.060732
62,0.0610847
63,0.0614233
64,0.0617061
65,0.0619836
66,0.062253
67,0.0625478
68,0.0628503
69,0.0631571
70,0.0634546
71,0.0637435
72,0.0640291
73,0.0643126
74,0.0646059
75,0.0648997
76,0.0651979
77,0.0655074
78,0.0658349
79,0.0661704
80,0.066516
81,0.0668765
82,0.0672315
83,0.0675978
84,0.0679598
85,0.0683175
86,0.0686708
87,0.0690032
88,0.0693327
89,0.0696376
90,0.0699229
91,0.0701799
92,0.0704141
93,0.0706156
94,0.0707834
95,0.0709133
96,0.0710093
97,0.0710818
98,0.0711487
99,0.0712196
100,0.0712796
101,0.0713523
102,0.071416
103,0.0714871
104,0.0715717
105,0.0716578
106,0.0717722
107,0.0718965
108,0.072023
109,0.072153
110,0.0722604
111,0.0723988
112,0.0725041
113,0.0726468
114,0.0727599
115,0.0728958
116,0.0730176
117,0.0731636
118,0.073293
119,0.0734214
120,0.0735375
121,0.0736301
122,0.0737163
123,0.0737718
124,0.0738176
125,0.0738351
126,0.0738509
127,0.0738632
128,0.0738828
129,0.0739172
130,0.0739709
131,0.0740418
132,0.0741423
133,0.0742388
134,0.0743674
135,0.0744931
136,0.0746325
137,0.0747766
138,0.0749468
139,0.0751166
140,0.0753146
141,0.0755119
142,0.0757086
143,0.0758971
144,0.0760756
145,0.076251
146,0.0764205
147,0.0765834
148,0.0767317
149,0.0768666
150,0.0769964
151,0.0771156
152,0.0772312
153,0.0773315
154,0.0774235
155,0.0774962
156,0.0775537
157,0.0775991
158,0.0776136
159,0.0776354
160,0.0776251
161,0.0776473
162,0.0776592
163,0.0777049
164,0.0777709
165,0.0778564
166,0.0779388
167,0.0780151
168,0.0780825
169,0.0781336
170,0.0781839
171,0.0782173
172,0.0782388
173,0.0782435
174,0.0782496
175,0.0782521
176,0.0782529
177,0.0782837
178,0.0783059
179,0.0783334
180,0.0783269
181,0.0783268
182,0.078333
183,0.078339
184,0.0783364
185,0.0783157
186,0.0782846
187,0.0782286
188,0.0781711
189,0.0781117
190,0.0780604
191,0.0780297
192,0.0779783
193,0.0779433
194,0.0778884
195,0.0778319
196,0.0777523
197,0.0777159
198,0.0776608
199,0.0776415
