2,0.967348
3,0.915813
4,0.879793
5,0.845701
6,0.80976
7,0.780562
8,0.754648
9,0.72762
10,0.70341
11,0.683305
12,0.666169
13,0.650986
14,0.639187
15,0.62887
16,0.619279
17,0.609998
18,0.600591
19,0.590682
20,0.580379
21,0.569581
22,0.557174
23,0.543891
24,0.529533
25,0.514296
26,0.49753
27,0.480079
28,0.461676
29,0.442734
30,0.422857
31,0.402961
32,0.382993
33,0.36326
34,0.343822
35,0.324826
36,0.306087
37,0.28839
38,0.271817
39,0.256106
40,0.242003
41,0.229049
42,0.217336
43,0.206726
44,0.197214
45,0.189088
46,0.181692
47,0.174527
48,0.168268
49,0.162085
50,0.156262
51,0.150842
52,0.145693
53,0.140818
54,0.136108
55,0.131725
56,0.126811
57,0.122187
58,0.117395
59,0.113144
60,0.108672
61,0.104963
62,0.101723
63,0.0989394
64,0.0965596
65,0.0944982
66,0.0924407
67,0.0901971
68,0.0878833
69,0.0853835
70,0.0829068
71,0.0806176
72,0.0780984
73,0.0756178
74,0.0728486
75,0.0700044
76,0.0669208
77,0.0637924
78,0.0604724
79,0.056801
80,0.0532588
81,0.0495004
82,0.0458294
83,0.0421031
84,0.0385326
85,0.0350143
86,0.0318612
87,0.028648
88,0.0258706
89,0.0231975
90,0.0208981
91,0.0187977
92,0.0171305
93,0.0158821
94,0.0149811
95,0.0145995
96,0.0145652
97,0.015297
98,0.0159425
99,0.0166794
100,0.0173492
101,0.017886
102,0.0183144
103,0.018786
104,0.0189103
105,0.0190138
106,0.0186302
107,0.0186594
108,0.0182541
109,0.0181695
110,0.0178076
111,0.0173876
112,0.0168885
113,0.0162801
114,0.0157396
115,0.0152142
116,0.0146044
117,0.0141727
118,0.013693
119,0.0135055
120,0.0133509
121,0.0134714
122,0.0133521
123,0.0139744
124,0.0137939
125,0.0147662
126,0.0147316
127,0.0156311
128,0.0159273
129,0.0164935
130,0.0166592
131,0.0168434
132,0.0171193
133,0.01693
134,0.0169451
135,0.016289
136,0.0155829
137,0.0146115
138,0.0134485
139,0.0124805
140,0.0112714
141,0.0103703
142,0.00935987
143,0.00854684
144,0.00788128
145,0.00752252
146,0.00699524
147,0.00681259
148,0.00632616
149,0.00654596
150,0.00602665
151,0.00620048
152,0.00605809
153,0.00592106
154,0.00593238
155,0.00572753
156,0.00585367
157,0.00563768
158,0.00559769
159,0.00549566
160,0.00545649
161,0.00518672
162,0.00520747
163,0.00500149
164,0.0048404
165,0.00527865
166,0.00500039
167,0.00533354
168,0.00540079
169,0.00520368
170,0.00526744
171,0.00487204
172,0.00470511
173,0.00468644
174,0.00413838
175,0.00463391
176,0.00481164
177,0.00531187
178,0.00609677
179,0.00697511
180,0.0077142
181,0.00921108
182,0.0101624
183,0.0118697
184,0.0128408
185,0.0142987
186,0.0151052
187,0.016431
188,0.0170569
189,0.0180314
190,0.0188069
191,0.0196561
192,0.0208568
193,0.0220095
194,0.0235944
195,0.0249221
196,0.0265015
197,0.0276116
198,0.0289003
199,0.0296923
