2,0.00135426
3,0.00369724
4,0.00550058
5,0.00728927
6,0.00922415
7,0.0108782
8,0.0123972
9,0.0139961
10,0.0154722
11,0.0167473
12,0.0178738
13,0.0189025
14,0.0197498
15,0.0205167
16,0.0212436
17,0.0219528
18,0.0226694
19,0.0234152
20,0.0241852
21,0.0249842
22,0.0258812
23,0.0268323
24,0.0278515
25,0.0289263
26,0.030099
27,0.0313183
28,0.0326
29,0.0339219
30,0.0353072
31,0.0367002
32,0.0381029
33,0.0394998
34,0.0408802
35,0.0422414
36,0.0435891
37,0.0448782
38,0.0460953
39,0.0472631
40,0.0483308
41,0.0493215
42,0.0502409
43,0.051083
44,0.0518575
45,0.0525432
46,0.0531779
47,0.0537986
48,0.0543585
49,0.0549183
50,0.0554524
51,0.0559582
52,0.0564478
53,0.0569177
54,0.0573768
55,0.0578142
56,0.0582867
57,0.0587402
58,0.0592027
59,0.059631
60,0.0600714
61,0.0604612
62,0.0608162
63,0.061141
64,0.0614376
65,0.0617106
66,0.0619846
67,0.0622664
68,0.0625577
69,0.0628572
70,0.0631566
71,0.0634423
72,0.0637409
73,0.0640403
74,0.0643539
75,0.064678
76,0.0650142
77,0.0653539
78,0.0657092
79,0.0660841
80,0.0664544
81,0.0668379
82,0.0672134
83,0.0675958
84,0.0679628
85,0.0683299
86,0.0686695
87,0.0690112
88,0.0693252
89,0.0696313
90,0.0699079
91,0.0701744
92,0.0704057
93,0.0706123
94,0.0707847
95,0.070933
96,0.0710322
97,0.0711019
98,0.0711458
99,0.0712025
100,0.071256
101,0.0713246
102,0.0713949
103,0.0714671
104,0.071555
105,0.0716569
106,0.0717782
107,0.0718874
108,0.0720044
109,0.0721173
110,0.0722354
111,0.0723608
112,0.0724917
113,0.0726341
114,0.0727627
115,0.0728971
116,0.0730282
117,0.0731577
118,0.0732778
119,0.0733837
120,0.0734798
121,0.07356
122,0.073642
123,0.0737033
124,0.0737673
125,0.0738198
126,0.0738575
127,0.073908
128,0.0739431
129,0.0740048
130,0.0740589
131,0.0741452
132,0.0741997
133,0.0742979
134,0.0743874
135,0.0745176
136,0.0746657
137,0.0748276
138,0.0750084
139,0.0751741
140,0.0753528
141,0.0755262
142,0.0756991
143,0.0758673
144,0.0760264
145,0.0761901
146,0.0763402
147,0.0764887
148,0.0766114
149,0.0767506
150,0.0768843
151,0.0769979
152,0.0771004
153,0.0771735
154,0.0772481
155,0.0773066
156,0.0773741
157,0.0774244
158,0.0774866
159,0.0775549
160,0.0776081
161,0.0776781
162,0.07773
163,0.077802
164,0.0778831
165,0.0779695
166,0.0780627
167,0.0781451
168,0.0782244
169,0.0782855
170,0.0783457
171,0.0783813
172,0.0784071
173,0.0784233
174,0.0784063
175,0.0784077
176,0.0783849
177,0.0783809
178,0.0783511
179,0.0783144
180,0.0782818
181,0.0782253
182,0.0781836
183,0.0781138
184,0.0780769
185,0.0780262
186,0.0780127
187,0.0779661
188,0.0779756
189,0.0779525
190,0.0779527
191,0.077938
192,0.0779027
193,0.0778747
194,0.0778091
195,0.0777591
196,0.0777025
197,0.0776906
198,0.0776761
199,0.0776762
