2,0.965648
3,0.914722
4,0.881508
5,0.848808
6,0.811299
7,0.77947
8,0.753451
9,0.726374
10,0.701417
11,0.682891
12,0.66676
13,0.652357
14,0.640753
15,0.631248
16,0.621867
17,0.612766
18,0.603981
19,0.59453
20,0.583497
21,0.572969
22,0.561208
23,0.547828
24,0.533541
25,0.518222
26,0.501931
27,0.48442
28,0.466064
29,0.446987
30,0.42765
31,0.408042
32,0.387883
33,0.368099
34,0.348353
35,0.329394
36,0.310535
37,0.29285
38,0.275988
39,0.260589
40,0.246416
41,0.233647
42,0.221775
43,0.211005
44,0.201668
45,0.193626
46,0.186141
47,0.179001
48,0.172537
49,0.16632
50,0.160337
51,0.154714
52,0.149316
53,0.144163
54,0.139173
55,0.134613
56,0.129405
57,0.124374
58,0.119402
59,0.11473
60,0.109826
61,0.105878
62,0.102577
63,0.099819
64,0.0974395
65,0.0953182
66,0.0932976
67,0.0916169
68,0.0895839
69,0.0866712
70,0.0840508
71,0.0815704
72,0.0794563
73,0.0770431
74,0.0744234
75,0.0716845
76,0.068678
77,0.0657428
78,0.0623367
79,0.0589374
80,0.0553654
81,0.0521133
82,0.0486925
83,0.0452528
84,0.0416159
85,0.0384971
86,0.0353142
87,0.0327045
88,0.0300695
89,0.0276673
90,0.0253785
91,0.0235352
92,0.0217715
93,0.0203589
94,0.0191044
95,0.0182957
96,0.0179318
97,0.0178989
98,0.0183003
99,0.0185222
100,0.0188061
101,0.0189412
102,0.0191383
103,0.019326
104,0.0192058
105,0.0188201
106,0.0181997
107,0.0174762
108,0.0170014
109,0.0165725
110,0.0160282
111,0.0156333
112,0.014939
113,0.0144933
114,0.0139299
115,0.0135849
116,0.0130507
117,0.0131715
118,0.0129886
119,0.0133016
120,0.013526
121,0.0139971
122,0.0143643
123,0.0147187
124,0.0150284
125,0.0156934
126,0.016108
127,0.0166032
128,0.0167854
129,0.0167597
130,0.0168399
131,0.0167282
132,0.0168243
133,0.016676
134,0.0161482
135,0.0155911
136,0.0146606
137,0.0139988
138,0.0130584
139,0.0122598
140,0.0112438
141,0.0105105
142,0.0100913
143,0.00965105
144,0.00911335
145,0.0087124
146,0.00830826
147,0.00811222
148,0.00786028
149,0.00767032
150,0.00740005
151,0.00725488
152,0.00678239
153,0.00684392
154,0.00614515
155,0.00603602
156,0.00591228
157,0.00559234
158,0.00568542
159,0.00530519
160,0.00527426
161,0.00553578
162,0.00539888
163,0.00545405
164,0.00553399
165,0.00557606
166,0.00570763
167,0.00593152
168,0.00556155
169,0.00551463
170,0.00545448
171,0.00519138
172,0.00570015
173,0.0055484
174,0.0056416
175,0.00590112
176,0.00593427
177,0.00671467
178,0.00741157
179,0.00818691
180,0.00896188
181,0.0095938
182,0.0104833
183,0.0112759
184,0.0123575
185,0.0140762
186,0.0152505
187,0.0169262
188,0.0180958
189,0.0194911
190,0.0208672
191,0.0223884
192,0.0238263
193,0.0249076
194,0.0263312
195,0.027149
196,0.0281366
197,0.0287743
198,0.0292581
199,0.0294313
