2,0.00142525
3,0.00374604
4,0.00542192
5,0.00714216
6,0.00914988
7,0.0109317
8,0.0124575
9,0.0140604
10,0.0155755
11,0.0167699
12,0.0178433
13,0.0188294
14,0.0196662
15,0.0203874
16,0.0211019
17,0.0217996
18,0.0224796
19,0.0231971
20,0.0240075
21,0.0247906
22,0.0256472
23,0.0266027
24,0.0276149
25,0.028694
26,0.0298366
27,0.0310571
28,0.032334
29,0.0336627
30,0.0350135
31,0.0363869
32,0.0378001
33,0.0391971
34,0.0405968
35,0.0419542
36,0.0433085
37,0.0445923
38,0.0458295
39,0.0469736
40,0.0480456
41,0.0490256
42,0.0499509
43,0.0508049
44,0.0515679
45,0.0522455
46,0.0528866
47,0.0535067
48,0.0540827
49,0.0546411
50,0.0551871
51,0.0557068
52,0.0562124
53,0.0566998
54,0.0571803
55,0.0576299
56,0.0581206
57,0.0586034
58,0.0590767
59,0.0595349
60,0.0600057
61,0.0604116
62,0.0607757
63,0.0610967
64,0.0613967
65,0.0616734
66,0.0619455
67,0.062191
68,0.0624613
69,0.062792
70,0.0631007
71,0.0633994
72,0.0636717
73,0.0639653
74,0.0642708
75,0.0645864
76,0.0649187
77,0.0652461
78,0.0656069
79,0.0659637
80,0.0663372
81,0.0666851
82,0.0670452
83,0.0674089
84,0.0677799
85,0.0681194
86,0.0684578
87,0.0687625
88,0.0690627
89,0.0693493
90,0.0696205
91,0.0698695
92,0.0701017
93,0.0703165
94,0.0705128
95,0.0706822
96,0.0708157
97,0.070917
98,0.071001
99,0.0710768
100,0.0711661
101,0.071255
102,0.0713396
103,0.0714281
104,0.0715387
105,0.0716664
106,0.0718153
107,0.0719678
108,0.072105
109,0.0722368
110,0.0723706
111,0.0725007
112,0.0726435
113,0.0727765
114,0.0729087
115,0.0730334
116,0.0731571
117,0.0732501
118,0.0733403
119,0.0734079
120,0.0734726
121,0.0735251
122,0.0735867
123,0.0736494
124,0.0737035
125,0.0737428
126,0.0737884
127,0.0738413
128,0.0739168
129,0.0740001
130,0.0740878
131,0.0741748
132,0.0742566
133,0.0743566
134,0.074479
135,0.0746188
136,0.0747739
137,0.0749346
138,0.0750902
139,0.0752515
140,0.0754292
141,0.0755887
142,0.0757334
143,0.0758679
144,0.0759941
145,0.0761361
146,0.0762585
147,0.0763729
148,0.0764658
149,0.0765544
150,0.0766527
151,0.0767576
152,0.0768665
153,0.076961
154,0.0770701
155,0.0771708
156,0.0772842
157,0.0773731
158,0.0774559
159,0.0775338
160,0.0776183
161,0.0777131
162,0.0777988
163,0.0778745
164,0.0779456
165,0.0780183
166,0.0781029
167,0.0781774
168,0.0782364
169,0.0782824
170,0.0783295
171,0.0783689
172,0.0784082
173,0.0784221
174,0.0784241
175,0.0784116
176,0.0783875
177,0.0783516
178,0.0783052
179,0.0782706
180,0.0782443
181,0.0782157
182,0.0781947
183,0.0781623
184,0.0781325
185,0.0780614
186,0.0780094
187,0.0779429
188,0.0779008
189,0.0778476
190,0.0777952
191,0.077729
192,0.0776727
193,0.077638
194,0.0775888
195,0.0775808
196,0.0775665
197,0.077578
198,0.0776158
199,0.0776607
