2,0.00142148
3,0.00375737
4,0.0054173
5,0.00713048
6,0.00909991
7,0.0108255
8,0.0123651
9,0.0139685
10,0.0154174
11,0.0166397
12,0.0177309
13,0.0186925
14,0.0195041
15,0.0202425
16,0.0209503
17,0.0216354
18,0.022342
19,0.0230631
20,0.0238141
21,0.0245983
22,0.0254681
23,0.0263973
24,0.0274059
25,0.0284639
26,0.0296357
27,0.0308274
28,0.0320919
29,0.0334189
30,0.0347771
31,0.0361564
32,0.0375637
33,0.0389504
34,0.0403269
35,0.0417125
36,0.0430398
37,0.0443166
38,0.04553
39,0.0466722
40,0.0477381
41,0.0487368
42,0.0496444
43,0.050493
44,0.0512745
45,0.0519475
46,0.0525744
47,0.0531904
48,0.0537809
49,0.0543443
50,0.0548985
51,0.0554543
52,0.0559699
53,0.0564878
54,0.056981
55,0.0574784
56,0.0579917
57,0.0585103
58,0.0589944
59,0.0594647
60,0.0599639
61,0.0604059
62,0.0607866
63,0.0611267
64,0.0614524
65,0.0617504
66,0.0620428
67,0.0622843
68,0.0625658
69,0.0628724
70,0.0631904
71,0.0634583
72,0.0637408
73,0.0640167
74,0.0643255
75,0.064623
76,0.0649255
77,0.0652237
78,0.0655131
79,0.0658391
80,0.0661539
81,0.0664717
82,0.0667847
83,0.0671105
84,0.0674471
85,0.067774
86,0.0680957
87,0.0683918
88,0.0686765
89,0.0689531
90,0.0692173
91,0.0694682
92,0.069714
93,0.0699313
94,0.0701422
95,0.070348
96,0.0705152
97,0.070665
98,0.0707848
99,0.0709284
100,0.0710731
101,0.0712124
102,0.0713491
103,0.0714919
104,0.0716456
105,0.0718161
106,0.071984
107,0.0721414
108,0.0723028
109,0.0724541
110,0.0726003
111,0.0727308
112,0.072845
113,0.0729489
114,0.0730464
115,0.0731393
116,0.0732073
117,0.0732729
118,0.0733286
119,0.0733856
120,0.0734279
121,0.0734626
122,0.0734902
123,0.0735258
124,0.0735605
125,0.0736319
126,0.0736936
127,0.0737742
128,0.0738506
129,0.0739455
130,0.0740279
131,0.0741256
132,0.0742142
133,0.0743282
134,0.0744586
135,0.0746207
136,0.074781
137,0.0749488
138,0.0750947
139,0.0752479
140,0.0753943
141,0.0755377
142,0.0756779
143,0.0758095
144,0.075953
145,0.0760869
146,0.0762226
147,0.0763409
148,0.0764411
149,0.0765295
150,0.0766117
151,0.0766835
152,0.0767672
153,0.0768344
154,0.0769145
155,0.0769895
156,0.07709
157,0.0771815
158,0.0772758
159,0.0773667
160,0.0774654
161,0.0775687
162,0.0776652
163,0.0777635
164,0.0778491
165,0.0779352
166,0.0780077
167,0.0780804
168,0.0781548
169,0.0782104
170,0.0782826
171,0.078331
172,0.0783777
173,0.0784015
174,0.0784281
175,0.0784383
176,0.0784627
177,0.0784812
178,0.0784552
179,0.0784097
180,0.0783325
181,0.0782893
182,0.0782528
183,0.0782047
184,0.0781657
185,0.0780882
186,0.0780125
187,0.0779189
188,0.077839
189,0.0777687
190,0.0776993
191,0.077641
192,0.0775972
193,0.0775817
194,0.0775683
195,0.0775632
196,0.0775564
197,0.0775556
198,0.0775768
199,0.077611
