2,0.965738
3,0.914451
4,0.881613
5,0.84906
6,0.812309
7,0.781592
8,0.75525
9,0.728108
10,0.704395
11,0.685278
12,0.668768
13,0.654792
14,0.643605
15,0.633756
16,0.624461
17,0.615559
18,0.606279
19,0.596744
20,0.586719
21,0.576149
22,0.564127
23,0.551174
24,0.536927
25,0.521913
26,0.505099
27,0.488047
28,0.469877
29,0.450792
30,0.431297
31,0.411554
32,0.391468
33,0.371818
34,0.352388
35,0.332973
36,0.314483
37,0.29693
38,0.280362
39,0.265036
40,0.250923
41,0.237831
42,0.226234
43,0.215538
44,0.205917
45,0.197922
46,0.19067
47,0.183579
48,0.176879
49,0.170594
50,0.164475
51,0.158323
52,0.152741
53,0.147168
54,0.141969
55,0.136656
56,0.131153
57,0.125549
58,0.120476
59,0.115603
60,0.110257
61,0.105822
62,0.10222
63,0.0992315
64,0.0964444
65,0.0940236
66,0.0917146
67,0.0900869
68,0.0878976
69,0.0853212
70,0.0825792
71,0.0805206
72,0.0782974
73,0.076092
74,0.0734639
75,0.0709405
76,0.0683524
77,0.065836
78,0.063413
79,0.0604676
80,0.0577176
81,0.0548308
82,0.0521043
83,0.049095
84,0.0459894
85,0.0430182
86,0.0400702
87,0.0375581
88,0.0350834
89,0.0328262
90,0.0306482
91,0.0286985
92,0.0268698
93,0.0253075
94,0.023846
95,0.0225467
96,0.0216288
97,0.0210736
98,0.0208621
99,0.0202551
100,0.0197921
101,0.0192139
102,0.0188047
103,0.0182293
104,0.0175613
105,0.016615
106,0.0157643
107,0.0149519
108,0.0141584
109,0.0135032
110,0.0127108
111,0.0124082
112,0.0119666
113,0.0119507
114,0.0118927
115,0.0117868
116,0.0121691
117,0.0123476
118,0.0127696
119,0.0132033
120,0.0136848
121,0.0145315
122,0.0151817
123,0.0157777
124,0.0164421
125,0.0165845
126,0.0169283
127,0.0170046
128,0.0170386
129,0.0170138
130,0.0169213
131,0.0168599
132,0.0167389
133,0.0163725
134,0.0157077
135,0.0148252
136,0.0136245
137,0.0128438
138,0.0117866
139,0.0111
140,0.010201
141,0.00948581
142,0.00901417
143,0.00844823
144,0.00766687
145,0.00730946
146,0.00686377
147,0.00697515
148,0.00688082
149,0.00648299
150,0.00655474
151,0.00606737
152,0.00594448
153,0.00600413
154,0.00588759
155,0.00575259
156,0.00563898
157,0.00508577
158,0.00509822
159,0.0047393
160,0.00461539
161,0.00468132
162,0.0044349
163,0.00466222
164,0.00465167
165,0.00457415
166,0.00493536
167,0.00489108
168,0.00494372
169,0.00516728
170,0.00505549
171,0.00533308
172,0.00555084
173,0.00591262
174,0.0064813
175,0.00628311
176,0.0068398
177,0.0067616
178,0.00740005
179,0.00834304
180,0.00886908
181,0.00983082
182,0.0103276
183,0.011549
184,0.0125481
185,0.0139658
186,0.0153769
187,0.017269
188,0.0187612
189,0.0204312
190,0.0219288
191,0.0233888
192,0.0246088
193,0.0255378
194,0.0264552
195,0.0273147
196,0.0282689
197,0.0291525
198,0.0299098
199,0.0302912
