2,0.00253354
3,0.00710514
4,0.0107822
5,0.0140778
6,0.0176378
7,0.0213305
8,0.0248275
9,0.0282089
10,0.0314098
11,0.0343502
12,0.0370393
13,0.0395079
14,0.0417679
15,0.0438132
16,0.0456848
17,0.0473923
18,0.0489669
19,0.0504359
20,0.0517738
21,0.05292
22,0.0539023
23,0.0547822
24,0.0555475
25,0.056267
26,0.0569797
27,0.0576504
28,0.0581797
29,0.0585479
30,0.0588398
31,0.0591416
32,0.0594632
33,0.0597844
34,0.0601243
35,0.0604699
36,0.0607731
37,0.0610367
38,0.0613059
39,0.0615816
40,0.0618697
41,0.062165
42,0.0624764
43,0.0627629
44,0.0630264
45,0.0632514
46,0.0634733
47,0.0636966
48,0.0639735
49,0.0642818
50,0.0645928
51,0.0648856
52,0.0651506
53,0.0653976
54,0.0656446
55,0.0658776
56,0.0661327
57,0.06638
58,0.0666111
59,0.0668297
60,0.0670699
61,0.067287
62,0.0674809
63,0.0676608
64,0.0678425
65,0.0680334
66,0.0682344
67,0.0684277
68,0.0686194
69,0.0687958
70,0.0689741
71,0.0691273
72,0.0692791
73,0.0694095
74,0.069516
75,0.0696222
76,0.0697136
77,0.0698119
78,0.0699021
79,0.0700056
80,0.0701024
81,0.0702354
82,0.0703675
83,0.0705119
84,0.070643
85,0.0707929
86,0.0709289
87,0.0710776
88,0.0712326
89,0.0713902
90,0.0715319
91,0.0716653
92,0.0718009
93,0.0719132
94,0.0720012
95,0.072089
96,0.0721674
97,0.0722454
98,0.0723258
99,0.0724009
100,0.0724695
101,0.0725451
102,0.0726181
103,0.0727123
104,0.0728299
105,0.0729652
106,0.0730859
107,0.0732004
108,0.0733181
109,0.0734231
110,0.0735295
111,0.0736262
112,0.0737089
113,0.0737672
114,0.0738366
115,0.0738972
116,0.0739666
117,0.0740385
118,0.0741138
119,0.0741714
120,0.0742327
121,0.0743134
122,0.0744004
123,0.0744971
124,0.074603
125,0.0747295
126,0.0748711
127,0.0750113
128,0.0751353
129,0.0752404
130,0.0753306
131,0.0754329
132,0.0755254
133,0.0756177
134,0.0757274
135,0.0758311
136,0.075918
137,0.0759909
138,0.0760496
139,0.0761119
140,0.0761847
141,0.0762569
142,0.0763083
143,0.0763643
144,0.0764223
145,0.0764987
146,0.0765689
147,0.0766477
148,0.0767169
149,0.0767774
150,0.0768502
151,0.0769293
152,0.0770018
153,0.077069
154,0.0771279
155,0.0771873
156,0.0772388
157,0.0772952
158,0.0773452
159,0.0773975
160,0.0774455
161,0.0775112
162,0.0775889
163,0.0776568
164,0.0777198
165,0.0777831
166,0.0778418
167,0.0779149
168,0.0779791
169,0.0780355
170,0.0781085
171,0.0781614
172,0.0782179
173,0.0782666
174,0.0783266
175,0.0783989
176,0.0784631
177,0.0785173
178,0.0785626
179,0.0785939
180,0.0786137
181,0.078639
182,0.078655
183,0.078684
184,0.0787549
185,0.0788607
186,0.0789933
187,0.0791239
188,0.0792314
189,0.0793237
190,0.0794034
191,0.0794616
192,0.0794812
193,0.0794918
194,0.0794973
195,0.0794793
196,0.0794424
197,0.0794285
198,0.0794466
199,0.0794958
