2,0.938876
3,0.838197
4,0.764339
5,0.701967
6,0.636199
7,0.569635
8,0.508561
9,0.450943
10,0.397791
11,0.350346
12,0.308123
13,0.270418
14,0.236806
15,0.207287
16,0.18103
17,0.157743
18,0.136883
19,0.11781
20,0.101045
21,0.0876034
22,0.0767738
23,0.0676961
24,0.0604128
25,0.0537513
26,0.047197
27,0.0411295
28,0.0373527
29,0.0360687
30,0.0359069
31,0.0354595
32,0.0345541
33,0.0336268
34,0.0322421
35,0.0306682
36,0.0298027
37,0.029304
38,0.0287749
39,0.027966
40,0.026906
41,0.0257446
42,0.0241704
43,0.0229974
44,0.0221192
45,0.0217517
46,0.0214072
47,0.0209581
48,0.0197099
49,0.017853
50,0.0159795
51,0.0143807
52,0.0130609
53,0.0120226
54,0.010957
55,0.0100673
56,0.00885485
57,0.00772567
58,0.00689404
59,0.00603592
60,0.00513619
61,0.0043274
62,0.00382032
63,0.00359373
64,0.00316103
65,0.00301067
66,0.00267495
67,0.00263604
68,0.00310139
69,0.00299148
70,0.00326689
71,0.00313298
72,0.00322856
73,0.00301382
74,0.00286829
75,0.00287095
76,0.00259647
77,0.00270864
78,0.00241497
79,0.00232828
80,0.00220596
81,0.00194162
82,0.00216905
83,0.0021773
84,0.0022005
85,0.00216252
86,0.00214247
87,0.00217104
88,0.00219227
89,0.00266089
90,0.00306053
91,0.0032776
92,0.00374483
93,0.0038508
94,0.00390945
95,0.00390957
96,0.00369821
97,0.00345141
98,0.00328806
99,0.00319335
100,0.00314589
101,0.00292694
102,0.00298918
103,0.00296448
104,0.0029806
105,0.0029874
106,0.00312679
107,0.00313589
108,0.00319526
109,0.00308839
110,0.00305547
111,0.00307681
112,0.00300421
113,0.00269367
114,0.00260347
115,0.00249981
116,0.00258986
117,0.00275589
118,0.00273949
119,0.00276827
120,0.00294499
121,0.00294281
122,0.00283014
123,0.00285537
124,0.0026602
125,0.00255992
126,0.00251261
127,0.00271893
128,0.00288809
129,0.003082
130,0.00320826
131,0.00362747
132,0.00380125
133,0.00397059
134,0.00413714
135,0.00411335
136,0.00398062
137,0.0039496
138,0.00384231
139,0.00378491
140,0.00377557
141,0.00380666
142,0.00361491
143,0.00375676
144,0.00368018
145,0.00371024
146,0.00382893
147,0.00401904
148,0.00404747
149,0.00423499
150,0.00422702
151,0.00415898
152,0.0042099
153,0.00417331
154,0.00417251
155,0.00429299
156,0.00433415
157,0.00428377
158,0.00424087
159,0.0041475
160,0.00411333
161,0.00412706
162,0.00437666
163,0.00465253
164,0.00496031
165,0.00521335
166,0.00559651
167,0.00579093
168,0.00578563
169,0.00580787
170,0.00562578
171,0.005526
172,0.00527627
173,0.00501274
174,0.00457698
175,0.00427773
176,0.00373826
177,0.00349718
178,0.00336656
179,0.00367815
180,0.0039862
181,0.00442378
182,0.00482153
183,0.00537545
184,0.00543163
185,0.00530689
186,0.00475619
187,0.0041734
188,0.00342705
189,0.00260138
190,0.00184137
191,0.00200889
192,0.00233382
193,0.00240423
194,0.00265139
195,0.00323415
196,0.00435262
197,0.00516347
198,0.00558083
199,0.00573322
