2,0.944491
3,0.846944
4,0.768394
5,0.703949
6,0.641512
7,0.579944
8,0.522425
9,0.468932
10,0.419439
11,0.37549
12,0.336975
13,0.302508
14,0.271002
15,0.243217
16,0.217798
17,0.195221
18,0.174461
19,0.155139
20,0.137543
21,0.121863
22,0.108203
23,0.0966053
24,0.0865651
25,0.0774112
26,0.0684589
27,0.0603706
28,0.0539703
29,0.0501572
30,0.0480019
31,0.0462574
32,0.0445215
33,0.0429348
34,0.0410685
35,0.0394611
36,0.038092
37,0.037328
38,0.0364872
39,0.035501
40,0.034111
41,0.0322394
42,0.0298792
43,0.0280745
44,0.026829
45,0.0257298
46,0.0245955
47,0.0235732
48,0.0223157
49,0.0207595
50,0.0188225
51,0.0170772
52,0.0155172
53,0.0140944
54,0.0126045
55,0.0112753
56,0.0100522
57,0.00888904
58,0.00790485
59,0.00723293
60,0.00641697
61,0.00540839
62,0.00458186
63,0.00357371
64,0.00270319
65,0.00231856
66,0.00200572
67,0.00234749
68,0.0022124
69,0.00235195
70,0.00234562
71,0.00235341
72,0.00252451
73,0.00246559
74,0.00242068
75,0.00229319
76,0.00212553
77,0.00214744
78,0.00212016
79,0.00222717
80,0.00207985
81,0.00232506
82,0.00223996
83,0.00236759
84,0.0025436
85,0.00246782
86,0.00260923
87,0.00268444
88,0.00288244
89,0.00308564
90,0.00316896
91,0.00333157
92,0.00333038
93,0.00342774
94,0.00349608
95,0.00350335
96,0.00351683
97,0.00332779
98,0.00313512
99,0.00290173
100,0.00260736
101,0.00239178
102,0.00223427
103,0.00226177
104,0.00233031
105,0.0023751
106,0.00228911
107,0.00226601
108,0.00224763
109,0.00211411
110,0.00219898
111,0.0022602
112,0.00226396
113,0.00240283
114,0.0024319
115,0.00237322
116,0.00241452
117,0.00257558
118,0.0024723
119,0.00240692
120,0.00226058
121,0.00232807
122,0.00211654
123,0.00213018
124,0.00223078
125,0.00216434
126,0.00212924
127,0.00208972
128,0.00195821
129,0.00197485
130,0.00208725
131,0.00195395
132,0.00221191
133,0.00234743
134,0.00256542
135,0.00270085
136,0.00290347
137,0.00294086
138,0.00314516
139,0.00320575
140,0.00326458
141,0.00344333
142,0.00344922
143,0.00344998
144,0.00334628
145,0.00338815
146,0.00332133
147,0.00335345
148,0.00336826
149,0.0033631
150,0.00349928
151,0.00342558
152,0.0034575
153,0.00343474
154,0.00338108
155,0.0033503
156,0.00342903
157,0.00343707
158,0.0035379
159,0.00352786
160,0.00352198
161,0.0035717
162,0.00357693
163,0.00358958
164,0.0036039
165,0.00363569
166,0.00362308
167,0.00373284
168,0.00377897
169,0.00388324
170,0.00397767
171,0.0040919
172,0.00397546
173,0.00394005
174,0.00408061
175,0.00420533
176,0.00426423
177,0.00413554
178,0.00406826
179,0.00391849
180,0.00391106
181,0.00380137
182,0.00361932
183,0.00350662
184,0.00321044
185,0.00309303
186,0.00297063
187,0.0030016
188,0.00303296
189,0.00318202
190,0.00334913
191,0.0038534
192,0.00425141
193,0.00482803
194,0.00478899
195,0.00487999
196,0.00465111
197,0.00498637
198,0.00540114
199,0.00600834
