2,0.00230027
3,0.0067208
4,0.0105969
5,0.013984
6,0.0173804
7,0.0208201
8,0.0241273
9,0.0272855
10,0.0302814
11,0.0330204
12,0.0354953
13,0.0377703
14,0.0398965
15,0.0418279
16,0.0436337
17,0.0452828
18,0.0468339
19,0.0483002
20,0.0496708
21,0.0509267
22,0.052065
23,0.0530772
24,0.0539943
25,0.0548545
26,0.055698
27,0.0564846
28,0.0571683
29,0.057684
30,0.0580975
31,0.0584742
32,0.058847
33,0.0592036
34,0.0595709
35,0.059918
36,0.0602449
37,0.0605275
38,0.0608115
39,0.0610987
40,0.0614101
41,0.0617461
42,0.0621103
43,0.062437
44,0.0627222
45,0.0629967
46,0.0632663
47,0.0635278
48,0.0638023
49,0.0640906
50,0.0644054
51,0.0647029
52,0.064985
53,0.0652583
54,0.0655314
55,0.0657937
56,0.0660429
57,0.0662906
58,0.066521
59,0.0667309
60,0.0669515
61,0.0671756
62,0.0673955
63,0.0676298
64,0.0678705
65,0.068096
66,0.0682868
67,0.0684717
68,0.0686323
69,0.0688007
70,0.0689523
71,0.0691142
72,0.0692589
73,0.0693934
74,0.0695138
75,0.0696161
76,0.0697097
77,0.0698072
78,0.0699198
79,0.0700347
80,0.0701618
81,0.0702884
82,0.0704087
83,0.0705401
84,0.0706608
85,0.0708034
86,0.0709384
87,0.0710753
88,0.0712126
89,0.071358
90,0.0714802
91,0.0716148
92,0.0717228
93,0.0718327
94,0.0719153
95,0.0720089
96,0.0720975
97,0.0721947
98,0.0722967
99,0.0723815
100,0.0724757
101,0.0725775
102,0.072681
103,0.0727894
104,0.0728978
105,0.0729892
106,0.0730813
107,0.0731731
108,0.0732702
109,0.0733675
110,0.0734621
111,0.073547
112,0.0736401
113,0.0737233
114,0.0738094
115,0.0738974
116,0.073983
117,0.0740634
118,0.0741538
119,0.074227
120,0.0743182
121,0.0744064
122,0.074498
123,0.0745804
124,0.0746683
125,0.0747482
126,0.0748416
127,0.074928
128,0.0750445
129,0.0751549
130,0.0752689
131,0.0753643
132,0.0754745
133,0.0755745
134,0.0756795
135,0.0757717
136,0.0758739
137,0.0759515
138,0.0760429
139,0.076117
140,0.076191
141,0.0762635
142,0.0763385
143,0.0763988
144,0.0764576
145,0.0765187
146,0.0765734
147,0.0766358
148,0.0766873
149,0.0767501
150,0.0767919
151,0.0768554
152,0.0769088
153,0.0769811
154,0.0770496
155,0.0771354
156,0.0772172
157,0.0772992
158,0.0773786
159,0.0774443
160,0.0775156
161,0.0775756
162,0.077651
163,0.0777101
164,0.0777745
165,0.0778307
166,0.0778962
167,0.0779509
168,0.0779924
169,0.0780363
170,0.0780824
171,0.0781245
172,0.0781883
173,0.0782536
174,0.0783242
175,0.0783983
176,0.0784678
177,0.078536
178,0.078604
179,0.0786775
180,0.0787539
181,0.0788145
182,0.0788788
183,0.0789252
184,0.0789832
185,0.0790299
186,0.0790814
187,0.0791242
188,0.0791652
189,0.0792133
190,0.0792569
191,0.0792758
192,0.079285
193,0.0792854
194,0.0793355
195,0.0793855
196,0.0794549
197,0.0794754
198,0.0794708
199,0.0794768
