2,0.00257464
3,0.00702143
4,0.0103858
5,0.0134629
6,0.016769
7,0.0200285
8,0.0231355
9,0.0262308
10,0.0291694
11,0.0318248
12,0.0342094
13,0.0364141
14,0.0384066
15,0.0402658
16,0.0420024
17,0.0436056
18,0.0450814
19,0.0465182
20,0.0478406
21,0.0490822
22,0.0502469
23,0.0513516
24,0.0523367
25,0.0532832
26,0.0542307
27,0.0551564
28,0.0559834
29,0.0566874
30,0.0572545
31,0.0576932
32,0.0580942
33,0.058522
34,0.0589395
35,0.0593689
36,0.059729
37,0.0600424
38,0.0603601
39,0.060717
40,0.0610599
41,0.0614288
42,0.0617812
43,0.0621221
44,0.0624271
45,0.0627161
46,0.0630037
47,0.0632935
48,0.063602
49,0.0639264
50,0.0642527
51,0.0645587
52,0.0648661
53,0.0651389
54,0.0654213
55,0.0656828
56,0.0659551
57,0.0662169
58,0.0664673
59,0.0666983
60,0.0669238
61,0.0671578
62,0.0673814
63,0.0676133
64,0.06785
65,0.0680701
66,0.0682741
67,0.0684661
68,0.0686342
69,0.0687791
70,0.0689363
71,0.0690821
72,0.0692327
73,0.0693805
74,0.0695028
75,0.0696092
76,0.0697169
77,0.0698155
78,0.0699151
79,0.0700274
80,0.0701473
81,0.0702719
82,0.0704073
83,0.0705469
84,0.0706848
85,0.0708341
86,0.0709763
87,0.0711048
88,0.0712409
89,0.0713711
90,0.0714823
91,0.071599
92,0.0717154
93,0.0718154
94,0.0719251
95,0.07203
96,0.0721092
97,0.0721822
98,0.0722673
99,0.0723505
100,0.0724372
101,0.0725407
102,0.0726435
103,0.0727509
104,0.0728645
105,0.0729763
106,0.0730817
107,0.07319
108,0.0732942
109,0.073391
110,0.0734787
111,0.073561
112,0.073631
113,0.0737158
114,0.0737954
115,0.0738842
116,0.0739588
117,0.074043
118,0.0741098
119,0.0741951
120,0.0742731
121,0.0743637
122,0.0744534
123,0.0745583
124,0.0746461
125,0.0747506
126,0.0748432
127,0.0749352
128,0.075025
129,0.0751314
130,0.0752325
131,0.0753531
132,0.075477
133,0.0755979
134,0.075708
135,0.075829
136,0.0759184
137,0.0760067
138,0.0760928
139,0.07616
140,0.0762246
141,0.076287
142,0.0763415
143,0.0763916
144,0.0764543
145,0.0765077
146,0.0765658
147,0.0766269
148,0.0766791
149,0.0767399
150,0.0767955
151,0.0768536
152,0.076913
153,0.0769723
154,0.0770375
155,0.0771074
156,0.0771833
157,0.0772594
158,0.0773369
159,0.0774194
160,0.0774949
161,0.0775727
162,0.0776514
163,0.0777027
164,0.0777691
165,0.0778165
166,0.0778771
167,0.0779288
168,0.0779939
169,0.0780498
170,0.0781143
171,0.0781562
172,0.0782073
173,0.0782343
174,0.0782823
175,0.0783282
176,0.0783903
177,0.0784581
178,0.0785378
179,0.0786148
180,0.0787009
181,0.0787818
182,0.0788659
183,0.078942
184,0.0790206
185,0.0790999
186,0.0791724
187,0.0792266
188,0.0792592
189,0.0792955
190,0.0793243
191,0.0793643
192,0.0793724
193,0.0793702
194,0.0793622
195,0.0793684
196,0.0793846
197,0.0793987
198,0.079423
199,0.0794645
