2,0.937886
3,0.840125
4,0.773057
5,0.71505
6,0.654225
7,0.596079
8,0.542277
9,0.489715
10,0.441065
11,0.398435
12,0.361325
13,0.327887
14,0.298551
15,0.271805
16,0.247352
17,0.225337
18,0.205649
19,0.186582
20,0.16958
21,0.153928
22,0.139559
23,0.126225
24,0.114817
25,0.104054
26,0.0932177
27,0.0826537
28,0.073785
29,0.0667724
30,0.0620209
31,0.0591851
32,0.0569039
33,0.0541483
34,0.0513599
35,0.0484223
36,0.0464327
37,0.0451365
38,0.0437199
39,0.0415598
40,0.0396372
41,0.0372004
42,0.0350209
43,0.0329303
44,0.0313632
45,0.0300643
46,0.0285946
47,0.0271347
48,0.0253373
49,0.023193
50,0.0210558
51,0.0191815
52,0.0172186
53,0.0157478
54,0.0141525
55,0.0128053
56,0.0112261
57,0.00989255
58,0.00856743
59,0.00758778
60,0.00675697
61,0.00555991
62,0.00480416
63,0.00372257
64,0.0026958
65,0.00226859
66,0.00179931
67,0.00193518
68,0.00191779
69,0.00191051
70,0.00203467
71,0.00191183
72,0.00214114
73,0.00213762
74,0.00214355
75,0.00197693
76,0.00189941
77,0.00191856
78,0.00170846
79,0.00191626
80,0.00189947
81,0.0019655
82,0.00186604
83,0.00180983
84,0.0021258
85,0.00199006
86,0.00226719
87,0.00241713
88,0.00240024
89,0.0026272
90,0.00264892
91,0.00279049
92,0.00279282
93,0.00292388
94,0.00286069
95,0.00291074
96,0.00282305
97,0.00276381
98,0.00268305
99,0.00271021
100,0.00242045
101,0.00245887
102,0.00217228
103,0.00219282
104,0.00214986
105,0.00226228
106,0.00219823
107,0.00231646
108,0.00234501
109,0.00237399
110,0.00207606
111,0.00212983
112,0.00181155
113,0.00174302
114,0.00173323
115,0.00173924
116,0.00172499
117,0.00180946
118,0.0018533
119,0.00197481
120,0.00200473
121,0.00199711
122,0.00208569
123,0.00187321
124,0.00191356
125,0.00186792
126,0.00170275
127,0.00154862
128,0.0015648
129,0.00136878
130,0.00145609
131,0.00165145
132,0.00181694
133,0.00228337
134,0.00258496
135,0.00292799
136,0.00303796
137,0.00320799
138,0.0032465
139,0.0031111
140,0.00300898
141,0.00286004
142,0.00263947
143,0.00240834
144,0.00236694
145,0.00214523
146,0.0021496
147,0.0020957
148,0.00202178
149,0.00197638
150,0.002076
151,0.00217236
152,0.00222184
153,0.00230785
154,0.00241771
155,0.00254489
156,0.00265351
157,0.00284716
158,0.00300095
159,0.00311266
160,0.00314498
161,0.00324531
162,0.00323058
163,0.00314069
164,0.00317468
165,0.00307581
166,0.0031308
167,0.00317841
168,0.00324343
169,0.0031967
170,0.00323011
171,0.00334171
172,0.00337284
173,0.00363466
174,0.0036714
175,0.00374661
176,0.00379992
177,0.00378523
178,0.00382699
179,0.00390016
180,0.00393476
181,0.00399712
182,0.00387008
183,0.00373266
184,0.0036205
185,0.00352836
186,0.00329705
187,0.00306569
188,0.00280551
189,0.00274567
190,0.00274555
191,0.00281761
192,0.00297539
193,0.00341757
194,0.00393932
195,0.00450016
196,0.00506008
197,0.00550161
198,0.00588582
199,0.00620057
