2,0.941635
3,0.847305
4,0.780108
5,0.722711
6,0.662622
7,0.604964
8,0.553029
9,0.502702
10,0.456176
11,0.415578
12,0.380102
13,0.348089
14,0.319676
15,0.294198
16,0.270888
17,0.249925
18,0.231494
19,0.213886
20,0.19708
21,0.181839
22,0.167625
23,0.153958
24,0.141862
25,0.130357
26,0.118493
27,0.106549
28,0.0953791
29,0.0857659
30,0.077729
31,0.0725564
32,0.0689652
33,0.0653556
34,0.0614579
35,0.0578112
36,0.0548532
37,0.0527254
38,0.0502306
39,0.0480201
40,0.0453912
41,0.0429913
42,0.0402045
43,0.0375669
44,0.0355401
45,0.033891
46,0.0320684
47,0.0302614
48,0.027992
49,0.0256642
50,0.0232407
51,0.0210544
52,0.0190848
53,0.0174053
54,0.0158892
55,0.0142954
56,0.0126539
57,0.0110506
58,0.00951422
59,0.00841496
60,0.0074977
61,0.00634792
62,0.0053141
63,0.00441933
64,0.00351687
65,0.00293076
66,0.00286609
67,0.00265666
68,0.00293982
69,0.00285097
70,0.00282832
71,0.00270078
72,0.00248136
73,0.00243491
74,0.0024201
75,0.00241763
76,0.00219994
77,0.00212736
78,0.00208212
79,0.00191646
80,0.00194272
81,0.00202638
82,0.0017819
83,0.00180447
84,0.0018019
85,0.00171817
86,0.00218875
87,0.0021375
88,0.00240667
89,0.0028083
90,0.00265106
91,0.00273757
92,0.0026722
93,0.002429
94,0.00257962
95,0.00240885
96,0.00234876
97,0.00228002
98,0.00221502
99,0.002282
100,0.00225985
101,0.00213747
102,0.00215852
103,0.00209214
104,0.0020677
105,0.00213225
106,0.00228874
107,0.0023341
108,0.00248242
109,0.00224762
110,0.00223255
111,0.00212024
112,0.00194294
113,0.00198433
114,0.00178475
115,0.00185147
116,0.00185659
117,0.00184202
118,0.00186129
119,0.00203331
120,0.0019533
121,0.0019777
122,0.00187986
123,0.00171341
124,0.00171387
125,0.00163199
126,0.00156001
127,0.00166337
128,0.00156237
129,0.00159044
130,0.001695
131,0.00174466
132,0.00210698
133,0.00225023
134,0.00270263
135,0.00284523
136,0.00309534
137,0.00327169
138,0.00337686
139,0.003282
140,0.00336216
141,0.00326765
142,0.00303736
143,0.00304806
144,0.00288621
145,0.00276209
146,0.00282498
147,0.00284945
148,0.00277174
149,0.00272966
150,0.0027651
151,0.00264233
152,0.00267717
153,0.00268319
154,0.00258942
155,0.00259556
156,0.00259686
157,0.00259875
158,0.00254174
159,0.00260926
160,0.00260798
161,0.00263961
162,0.00265271
163,0.00267013
164,0.00269661
165,0.00281606
166,0.00281654
167,0.00303694
168,0.00304261
169,0.00311441
170,0.00309544
171,0.00333964
172,0.00332746
173,0.00342436
174,0.0034405
175,0.00344012
176,0.00350811
177,0.00362941
178,0.00355239
179,0.00373153
180,0.00360858
181,0.00368348
182,0.00356831
183,0.00358076
184,0.00355163
185,0.0035947
186,0.0035533
187,0.00353278
188,0.00346466
189,0.00336463
190,0.00326562
191,0.00332368
192,0.00323878
193,0.00356776
194,0.00382056
195,0.00440537
196,0.00488679
197,0.00549394
198,0.00602521
199,0.00654331
