2,0.00241969
3,0.00670628
4,0.0100621
5,0.0130999
6,0.0163606
7,0.0195847
8,0.0225886
9,0.0255598
10,0.0283743
11,0.0309117
12,0.0331977
13,0.0353118
14,0.0372429
15,0.0390198
16,0.0406797
17,0.042214
18,0.0436036
19,0.0449481
20,0.0462455
21,0.0474524
22,0.0485982
23,0.04971
24,0.0507293
25,0.0517079
26,0.0527091
27,0.0537133
28,0.054665
29,0.0555261
30,0.0562851
31,0.0568642
32,0.0573442
33,0.0578184
34,0.0583083
35,0.0587751
36,0.0591987
37,0.0595648
38,0.059947
39,0.0603126
40,0.0606955
41,0.0610632
42,0.0614532
43,0.0618268
44,0.0621628
45,0.0624686
46,0.0627836
47,0.0630939
48,0.0634343
49,0.0637741
50,0.0641163
51,0.0644478
52,0.0647543
53,0.0650405
54,0.0653188
55,0.0655923
56,0.0658739
57,0.0661525
58,0.0664158
59,0.066654
60,0.0668814
61,0.0671164
62,0.067347
63,0.0675866
64,0.0678152
65,0.06803
66,0.0682342
67,0.0684237
68,0.0686009
69,0.0687643
70,0.0689227
71,0.0690693
72,0.0692165
73,0.0693597
74,0.0694861
75,0.0696055
76,0.0697166
77,0.0698228
78,0.0699247
79,0.0700438
80,0.0701623
81,0.0702868
82,0.0704211
83,0.0705628
84,0.0706972
85,0.0708427
86,0.0709842
87,0.0711263
88,0.0712543
89,0.0713891
90,0.071502
91,0.0716134
92,0.071724
93,0.0718124
94,0.0719051
95,0.0720029
96,0.0720858
97,0.0721657
98,0.0722574
99,0.0723322
100,0.0724173
101,0.0725261
102,0.0726285
103,0.0727365
104,0.0728555
105,0.0729673
106,0.0730731
107,0.0731802
108,0.0732802
109,0.0733638
110,0.0734539
111,0.0735352
112,0.0736088
113,0.0736962
114,0.0737837
115,0.0738638
116,0.073947
117,0.0740357
118,0.074109
119,0.0741899
120,0.0742794
121,0.0743554
122,0.0744522
123,0.0745482
124,0.0746483
125,0.0747462
126,0.0748541
127,0.0749385
128,0.075049
129,0.0751451
130,0.0752612
131,0.0753675
132,0.0754876
133,0.0755944
134,0.0757074
135,0.0758092
136,0.0759125
137,0.0759974
138,0.0760874
139,0.076157
140,0.0762261
141,0.0763
142,0.0763506
143,0.0764155
144,0.0764656
145,0.0765236
146,0.0765799
147,0.0766416
148,0.0766952
149,0.0767561
150,0.0768094
151,0.076876
152,0.0769414
153,0.0770143
154,0.0770796
155,0.0771502
156,0.0772201
157,0.0772833
158,0.0773447
159,0.0774058
160,0.077463
161,0.0775222
162,0.0775921
163,0.0776591
164,0.0777265
165,0.0777932
166,0.0778532
167,0.0779111
168,0.0779727
169,0.0780255
170,0.0780842
171,0.0781329
172,0.0781855
173,0.0782393
174,0.0782956
175,0.0783634
176,0.0784232
177,0.0784928
178,0.0785649
179,0.0786381
180,0.078717
181,0.0787919
182,0.0788693
183,0.0789353
184,0.0790074
185,0.0790671
186,0.0791301
187,0.0791834
188,0.0792344
189,0.0792841
190,0.0793162
191,0.0793399
192,0.079357
193,0.0793738
194,0.0793909
195,0.0793833
196,0.0794029
197,0.0794054
198,0.0794166
199,0.0794413
