2,0.944913
3,0.853717
4,0.786897
5,0.731063
6,0.67245
7,0.615758
8,0.564505
9,0.515643
10,0.470152
11,0.43095
12,0.397203
13,0.366452
14,0.339226
15,0.314854
16,0.29234
17,0.272589
18,0.2548
19,0.238104
20,0.221791
21,0.207133
22,0.193133
23,0.179565
24,0.167071
25,0.155537
26,0.142949
27,0.13018
28,0.117731
29,0.106087
30,0.0957367
31,0.0876303
32,0.0819594
33,0.0767139
34,0.0714445
35,0.0665084
36,0.0622553
37,0.0593012
38,0.0568092
39,0.0541554
40,0.0514251
41,0.0484919
42,0.0452471
43,0.0421011
44,0.0396156
45,0.0370668
46,0.0345738
47,0.0320975
48,0.0296693
49,0.0269537
50,0.0245962
51,0.0221948
52,0.0202461
53,0.0184847
54,0.0170381
55,0.0153224
56,0.0137834
57,0.0121517
58,0.0102994
59,0.00927818
60,0.00842639
61,0.0072264
62,0.00625669
63,0.00544841
64,0.0043846
65,0.00362507
66,0.00318089
67,0.00300063
68,0.00278836
69,0.00287002
70,0.00259813
71,0.00268245
72,0.00245608
73,0.00245383
74,0.00237211
75,0.00243451
76,0.00244033
77,0.00232557
78,0.002392
79,0.00222521
80,0.0021089
81,0.00203615
82,0.00193762
83,0.0020242
84,0.00197699
85,0.00226948
86,0.00249077
87,0.0026314
88,0.00299656
89,0.00303832
90,0.00316786
91,0.00325965
92,0.00325346
93,0.00327166
94,0.00320752
95,0.00317765
96,0.00313227
97,0.00308964
98,0.00308182
99,0.00293844
100,0.00294371
101,0.00293292
102,0.00278895
103,0.0029795
104,0.00295081
105,0.00294453
106,0.00298768
107,0.00304478
108,0.00278886
109,0.00296007
110,0.00288242
111,0.00279771
112,0.00284231
113,0.00299846
114,0.00277189
115,0.00286617
116,0.00279088
117,0.0028212
118,0.0026459
119,0.00285922
120,0.00268023
121,0.0025976
122,0.0025931
123,0.00229592
124,0.00203096
125,0.00196396
126,0.00172134
127,0.00181485
128,0.00178591
129,0.00175155
130,0.00202806
131,0.00224735
132,0.00260612
133,0.0028603
134,0.00324614
135,0.00350543
136,0.00361576
137,0.00383834
138,0.00394436
139,0.00380974
140,0.0037631
141,0.00377515
142,0.00338654
143,0.00331736
144,0.00312159
145,0.00272815
146,0.00271865
147,0.00261481
148,0.00240182
149,0.00249044
150,0.00244562
151,0.00239032
152,0.00248677
153,0.00241002
154,0.00256548
155,0.00262333
156,0.00260142
157,0.00281752
158,0.00274391
159,0.00286198
160,0.00283334
161,0.00285346
162,0.00292183
163,0.00285985
164,0.00279392
165,0.00303198
166,0.00303813
167,0.00312737
168,0.00330071
169,0.0032964
170,0.00331342
171,0.00335779
172,0.0032471
173,0.00319539
174,0.00331007
175,0.0033126
176,0.00341938
177,0.003443
178,0.00353171
179,0.00342787
180,0.00352608
181,0.00347531
182,0.00347366
183,0.00352378
184,0.00350534
185,0.00345689
186,0.00343872
187,0.00343388
188,0.00342674
189,0.00349637
190,0.00372524
191,0.00387381
192,0.0042127
193,0.00463769
194,0.00502576
195,0.00548672
196,0.0058618
197,0.00626488
198,0.00655832
199,0.00691992
