2,0.823263
3,0.522048
4,0.297806
5,0.151166
6,0.0683398
7,0.0284593
8,0.0121851
9,0.00645615
10,0.00447938
11,0.00355272
12,0.00282469
13,0.00227727
14,0.00198996
15,0.00190695
16,0.00177552
17,0.00162522
18,0.0013653
19,0.00124682
20,0.00126998
21,0.00134863
22,0.00139039
23,0.00137233
24,0.00135325
25,0.00133586
26,0.00132151
27,0.0013124
28,0.00131814
29,0.0013166
30,0.0013004
31,0.00127081
32,0.00122717
33,0.0011571
34,0.00111222
35,0.000973348
36,0.000875673
37,0.000868259
38,0.000909279
39,0.000909124
40,0.000933086
41,0.000969452
42,0.000980902
43,0.000952743
44,0.000987085
45,0.000974935
46,0.000839162
47,0.000782651
48,0.000747198
49,0.000757782
50,0.000795537
51,0.000853037
52,0.000893043
53,0.000889496
54,0.000904666
55,0.0010052
56,0.0010575
57,0.00105838
58,0.00104826
59,0.00103254
60,0.00102161
61,0.00100897
62,0.00100104
63,0.000994327
64,0.000992208
65,0.000993126
66,0.000991812
67,0.000986085
68,0.000979886
69,0.000909553
70,0.000853794
71,0.000855136
72,0.000876059
73,0.000896113
74,0.000904534
75,0.000899665
76,0.000865874
77,0.000809054
78,0.000800042
79,0.000795548
80,0.000803824
81,0.000820561
82,0.000846617
83,0.000852084
84,0.000853784
85,0.000863095
86,0.000909837
87,0.000965401
88,0.000965544
89,0.0009233
90,0.000880422
91,0.000836507
92,0.00077492
93,0.000668876
94,0.000613739
95,0.000665696
96,0.000750885
97,0.000818335
98,0.000861903
99,0.000893247
100,0.000900432
101,0.000908943
102,0.000878317
103,0.000878552
104,0.000791617
105,0.00076052
106,0.000729937
107,0.00075911
108,0.00082538
109,0.000812108
110,0.000752674
111,0.000721485
112,0.000743858
113,0.000750787
114,0.000723627
115,0.000775521
116,0.000798806
117,0.000796537
118,0.000763934
119,0.000776023
120,0.000742214
121,0.000650041
122,0.000625887
123,0.000592351
124,0.000629258
125,0.000662941
126,0.000696191
127,0.000709062
128,0.000696831
129,0.000696452
130,0.000694314
131,0.00070801
132,0.000746711
133,0.000786875
134,0.000802006
135,0.000734776
136,0.000624819
137,0.000648885
138,0.000677717
139,0.000662218
140,0.000673394
141,0.000687184
142,0.000702767
143,0.000704201
144,0.00068987
145,0.000683228
146,0.000701052
147,0.00073101
148,0.000720689
149,0.00069167
150,0.00071235
151,0.000756734
152,0.000762787
153,0.000755393
154,0.000776917
155,0.000769682
156,0.000768011
157,0.000762266
158,0.000759275
159,0.000737227
160,0.000713161
161,0.000682024
162,0.000643372
163,0.000632184
164,0.000648088
165,0.000695713
166,0.000780822
167,0.00086212
168,0.000898217
169,0.000849756
170,0.000767333
171,0.000720455
172,0.000685873
173,0.000656065
174,0.000662549
175,0.000653016
176,0.000678181
177,0.000696973
178,0.000693592
179,0.000717443
180,0.000721686
181,0.000725289
182,0.000755646
183,0.000775404
184,0.000798002
185,0.000837117
186,0.000878502
187,0.000910276
188,0.000881059
189,0.000824921
190,0.00078454
191,0.000750449
192,0.000769205
193,0.000782891
194,0.00079125
195,0.000812507
196,0.000868287
197,0.000903495
198,0.00085941
199,0.000798039
200,0.000771572
201,0.000778926
202,0.000809107
203,0.000781259
204,0.000720311
205,0.000723265
206,0.000736538
207,0.000719585
208,0.000698846
209,0.000655856
210,0.000586117
211,0.000607738
212,0.000687567
213,0.000739104
214,0.0007985
215,0.000815178
216,0.000786806
217,0.000757124
218,0.00075894
219,0.000747209
220,0.000712383
221,0.000710067
222,0.000740962
223,0.000713409
224,0.000683825
225,0.000686672
226,0.000746088
227,0.000760741
228,0.00074956
229,0.000795523
230,0.000865313
231,0.000872943
232,0.000872302
233,0.000895182
234,0.000910844
235,0.000928155
236,0.000876156
237,0.000808616
238,0.000672981
239,0.000661348
240,0.000617256
241,0.000592819
242,0.000676098
243,0.000703086
244,0.000780559
245,0.000838137
246,0.000866064
247,0.000848079
248,0.000826875
249,0.000851277
250,0.000877541
251,0.000877936
252,0.000890697
253,0.000876625
254,0.00083095
255,0.000776617
256,0.000706293
257,0.000708191
258,0.000723203
259,0.000747296
260,0.000741536
261,0.000696782
262,0.00064076
263,0.000585267
264,0.000524776
265,0.000525758
266,0.000565246
267,0.000604081
268,0.000615118
269,0.000602463
270,0.000606716
271,0.000634925
272,0.000643555
273,0.000608367
274,0.00055685
275,0.000552198
276,0.000567145
277,0.000584543
278,0.000605187
279,0.000607781
280,0.000608194
281,0.000641762
282,0.000678321
283,0.000691813
284,0.000702661
285,0.000715675
286,0.000761125
287,0.00076685
288,0.000779887
289,0.000763785
290,0.000792138
291,0.000823075
292,0.000854
293,0.000806293
294,0.000754418
295,0.000734839
296,0.000753861
297,0.000776557
298,0.000791261
299,0.000807701
300,0.000808447
301,0.00079018
302,0.000762865
303,0.000806458
304,0.000796728
305,0.000711517
306,0.000653493
307,0.000657599
308,0.000647341
309,0.000688373
310,0.000686158
311,0.000659164
312,0.000601087
313,0.000577117
314,0.000629376
315,0.000662406
316,0.000707181
317,0.000763936
318,0.000839763
319,0.000836623
320,0.000852417
321,0.000825173
322,0.00079479
323,0.00076705
324,0.000752979
325,0.000704764
326,0.000682202
327,0.00068512
328,0.000729165
329,0.000722446
330,0.000677176
331,0.00066238
332,0.000699932
333,0.000742002
334,0.000732485
335,0.00072376
336,0.000720409
337,0.000653587
338,0.000654209
339,0.000640889
340,0.000644097
341,0.000667531
342,0.000666205
343,0.000669167
344,0.000674585
345,0.000674227
346,0.000691272
347,0.000688193
348,0.000673016
349,0.000672403
350,0.000687846
351,0.000699122
352,0.000730384
353,0.000744669
354,0.00074366
355,0.000727695
356,0.000691721
357,0.000665341
358,0.00066299
359,0.00066093
360,0.000651092
361,0.000650154
362,0.000653307
363,0.000656028
364,0.00068094
365,0.000727283
366,0.000759912
367,0.000782979
368,0.000772648
369,0.000782757
370,0.000780219
371,0.000803314
372,0.000776083
373,0.000730177
374,0.000688821
375,0.00065923
376,0.000542086
377,0.00050586
378,0.000583069
379,0.000611046
380,0.000611399
381,0.000635158
382,0.000679182
383,0.000714894
384,0.000749148
385,0.000751892
386,0.000716169
387,0.000697943
388,0.000713054
389,0.000728661
390,0.000741203
391,0.000779092
392,0.000858864
393,0.000942436
394,0.00101922
395,0.00109636
396,0.0011172
397,0.00117149
398,0.00117036
399,0.00117595
400,0.00110056
401,0.0010559
402,0.00100228
403,0.000987016
404,0.000909317
405,0.000850061
406,0.000799137
407,0.000789676
408,0.000781657
409,0.000807131
410,0.000806952
411,0.000786983
412,0.000805151
413,0.000850675
414,0.000860835
415,0.000871642
416,0.000884428
417,0.000884753
418,0.000951311
419,0.000988513
420,0.000997207
421,0.000972598
422,0.000926732
423,0.000924119
424,0.000890473
425,0.000860696
426,0.000848217
427,0.00084675
428,0.000858584
429,0.000845171
430,0.000811201
431,0.000808032
432,0.000788248
433,0.000805381
434,0.000776385
435,0.000721631
436,0.00066539
437,0.000645598
438,0.000635336
439,0.000596615
440,0.000584554
441,0.000591973
442,0.000618279
443,0.000634312
444,0.000643002
445,0.00063631
446,0.000644065
447,0.000705943
448,0.000792687
449,0.000863804
450,0.000929293
451,0.000968753
452,0.000962751
453,0.000936866
454,0.000895116
455,0.000868444
456,0.000843782
457,0.00084886
458,0.000861447
459,0.000859525
460,0.000841549
461,0.000810572
462,0.000788033
463,0.000788926
464,0.000814136
465,0.000790845
466,0.000855295
467,0.0009171
468,0.000986778
469,0.00101675
470,0.0010219
471,0.000972431
472,0.000903139
473,0.000795965
474,0.000757368
475,0.000732504
476,0.000695368
477,0.000677235
478,0.000685898
479,0.00069625
480,0.000699731
481,0.000676593
482,0.000615985
483,0.000565975
484,0.000586857
485,0.000614225
486,0.000592731
487,0.000559491
488,0.000596014
489,0.000608779
490,0.00065028
491,0.000698129
492,0.000727899
493,0.000776046
494,0.000808882
495,0.000847242
496,0.000916613
497,0.000978056
498,0.00102169
499,0.00103754
500,0.000982931
501,0.000906795
502,0.000828115
503,0.000840105
504,0.00086066
505,0.000852682
506,0.000812942
507,0.000795119
508,0.000708945
509,0.0007066
510,0.000699817
511,0.000758681
512,0.00082887
513,0.000856988
514,0.000898414
515,0.000956095
516,0.000925799
517,0.00078867
518,0.000696011
519,0.000690737
520,0.000748298
521,0.000738718
522,0.000735903
523,0.000702805
524,0.000660227
525,0.000649718
526,0.000684422
527,0.000730978
528,0.000734732
529,0.000702611
530,0.000720759
531,0.00074443
532,0.000797902
533,0.000836074
534,0.000832243
535,0.000835841
536,0.000846639
537,0.000829945
538,0.000800703
539,0.000795899
540,0.000834451
541,0.000882627
542,0.000941799
543,0.000971227
544,0.000922427
545,0.000868108
546,0.000870608
547,0.000887201
548,0.000898139
549,0.000910805
550,0.000905538
551,0.000872516
552,0.00083137
553,0.000809496
554,0.0007751
555,0.000763517
556,0.000775552
557,0.000745344
558,0.000720256
559,0.000720712
560,0.000718271
561,0.000664148
562,0.000637539
563,0.000667854
564,0.000712067
565,0.000729641
566,0.000734199
567,0.000734364
568,0.000715779
569,0.000666136
570,0.000680582
571,0.000727635
572,0.00074757
573,0.000790534
574,0.000833975
575,0.000859626
576,0.000858882
577,0.000862229
578,0.000851459
579,0.000895537
580,0.000928489
581,0.000943186
582,0.000950601
583,0.000966033
584,0.000970232
585,0.00099652
586,0.00102326
587,0.00100039
588,0.000980749
589,0.000996459
590,0.00100022
591,0.000941391
592,0.000866291
593,0.000763789
594,0.000727706
595,0.000694611
596,0.000694652
597,0.000693175
598,0.000768136
599,0.00089982
