2,0.901051
3,0.741607
4,0.657538
5,0.611812
6,0.558841
7,0.507482
8,0.456797
9,0.407802
10,0.363141
11,0.322657
12,0.287455
13,0.256546
14,0.228738
15,0.202869
16,0.179079
17,0.15724
18,0.13722
19,0.118835
20,0.101978
21,0.086816
22,0.0733299
23,0.0614438
24,0.0510836
25,0.0420903
26,0.034439
27,0.028114
28,0.023083
29,0.019488
30,0.0168432
31,0.0148813
32,0.0133818
33,0.0122151
34,0.0112581
35,0.0104138
36,0.00966942
37,0.00900801
38,0.00840405
39,0.00790595
40,0.00745801
41,0.00707453
42,0.00673731
43,0.00639204
44,0.00607358
45,0.00571961
46,0.00539215
47,0.00504407
48,0.00473137
49,0.0044178
50,0.00413805
51,0.00387008
52,0.00362093
53,0.0034068
54,0.00318316
55,0.00300652
56,0.00280417
57,0.0026524
58,0.00248844
59,0.00235039
60,0.00222675
61,0.00213525
62,0.00208226
63,0.00209955
64,0.00214658
65,0.00219835
66,0.00217324
67,0.00214058
68,0.00207616
69,0.00202221
70,0.0019417
71,0.00188323
72,0.00181488
73,0.00173473
74,0.00162667
75,0.00147105
76,0.00111203
77,0.000749284
78,0.000677203
79,0.000824871
80,0.0010383
81,0.00113633
82,0.00110639
83,0.000987445
84,0.000625794
85,0.000526247
86,0.000801612
87,0.000959465
88,0.00103807
89,0.00106921
90,0.00106527
91,0.00106477
92,0.00105773
93,0.0010746
94,0.00108986
95,0.00112532
96,0.00116699
97,0.00122644
98,0.00130058
99,0.00138631
100,0.00146584
101,0.00157011
102,0.00166723
103,0.00177572
104,0.00187821
105,0.00198232
106,0.00209216
107,0.0022123
108,0.00230334
109,0.00239492
110,0.00247643
111,0.00255708
112,0.00265353
113,0.00273019
114,0.00276035
115,0.0027612
116,0.00274383
117,0.00269239
118,0.00260174
119,0.00249578
120,0.00234044
121,0.0021732
122,0.00198065
123,0.00177927
124,0.00159865
125,0.00145388
126,0.00133064
127,0.00119147
128,0.00107047
129,0.00103416
130,0.00101535
131,0.00100658
132,0.000983244
133,0.000966183
134,0.000944742
135,0.000938057
136,0.000924331
137,0.000922018
138,0.000916114
139,0.000919027
140,0.000918051
141,0.00092589
142,0.000925215
143,0.000924041
144,0.000906561
145,0.00090038
146,0.000891463
147,0.000890862
148,0.000882941
149,0.000888427
150,0.000900691
151,0.000929173
152,0.000951811
153,0.000966887
154,0.000962525
155,0.00094938
156,0.00094192
157,0.000964387
158,0.000970943
159,0.000951181
160,0.000926028
161,0.000914055
162,0.000891773
163,0.000877823
164,0.000867664
165,0.000875956
166,0.000880933
167,0.000894008
168,0.000903071
169,0.00091171
170,0.00090049
171,0.000889236
172,0.000880852
173,0.000882807
174,0.000880151
175,0.000880712
176,0.000878322
177,0.000884165
178,0.000876639
179,0.000875247
180,0.000862842
181,0.000861601
182,0.000870154
183,0.00087237
184,0.000865057
185,0.000866141
186,0.000883979
187,0.000945547
188,0.000927453
189,0.000886126
190,0.000876216
191,0.000868149
192,0.000863914
193,0.000865007
194,0.000876534
195,0.000898347
196,0.000932285
197,0.000976986
198,0.000961591
199,0.000901857
200,0.000871169
201,0.000870288
202,0.000880901
203,0.000775836
204,0.000283993
205,0.000675399
206,0.000864549
207,0.000869221
208,0.000862689
209,0.000849173
210,0.000848724
211,0.00085067
212,0.000870425
213,0.000877309
214,0.00088555
215,0.000876676
216,0.000852998
217,0.000831724
218,0.000833779
219,0.000832013
220,0.000835152
221,0.000850811
222,0.000866681
223,0.000881599
224,0.000861812
225,0.000838882
226,0.000835021
227,0.000833878
228,0.000858813
229,0.000907633
230,0.000961706
231,0.000952364
232,0.000955672
233,0.000965711
234,0.000950722
235,0.00092126
236,0.000900587
237,0.00087837
238,0.000861855
239,0.000841688
240,0.000829756
241,0.000829703
242,0.000828219
243,0.000829333
244,0.000834483
245,0.000840375
246,0.000848117
247,0.000844816
248,0.000832625
249,0.000820545
250,0.00081827
251,0.000828712
252,0.000827673
253,0.000823302
254,0.000815724
255,0.000819629
256,0.000826406
257,0.000845754
258,0.000753865
259,0.000348493
260,0.000676249
261,0.000898828
262,0.000904275
263,0.000858431
264,0.000816293
265,0.000813029
266,0.000814934
267,0.000837354
268,0.000832828
269,0.000830148
270,0.000818787
271,0.0008327
272,0.000732171
273,0.000170208
274,0.000564679
275,0.000803508
276,0.000805273
277,0.000814423
278,0.000812433
279,0.000806518
280,0.000808089
281,0.000807666
282,0.000697124
283,0.000111948
284,0.000610622
285,0.000845688
286,0.000865633
287,0.000888727
288,0.000859025
289,0.000842045
290,0.000844403
291,0.000859887
292,0.000847782
293,0.000828527
294,0.00081347
295,0.000819962
296,0.000818087
297,0.000827495
298,0.000835049
299,0.000839261
300,0.000816685
301,0.000815282
302,0.000804774
303,0.000809468
304,0.000804316
305,0.000803813
306,0.000799743
307,0.000801123
308,0.000798846
309,0.000806254
310,0.000801392
311,0.000802825
312,0.00079084
313,0.000795592
314,0.000790819
315,0.000808714
316,0.000716346
317,0.000261989
318,0.000608789
319,0.000844504
320,0.000911648
321,0.000899104
322,0.00087531
323,0.000854919
324,0.000837092
325,0.000818709
326,0.000802297
327,0.000792181
328,0.000789757
329,0.000792006
330,0.000788538
331,0.000785371
332,0.000783563
333,0.00078636
334,0.000786959
335,0.000794191
336,0.000814389
337,0.000792194
338,0.000797168
339,0.00081524
340,0.000816342
341,0.000830667
342,0.000730893
343,0.0002499
344,0.000584677
345,0.000799614
346,0.00079288
347,0.000791903
348,0.000780187
349,0.000785792
350,0.000785022
351,0.000796505
352,0.000684972
353,0.000164437
354,0.000601393
355,0.000797218
356,0.000802625
357,0.00080355
358,0.000806912
359,0.000806409
360,0.000810629
361,0.000812376
362,0.000809845
363,0.000806906
364,0.000807866
365,0.000809124
366,0.000809359
367,0.00080954
368,0.000804057
369,0.000794203
370,0.000794836
371,0.000790456
372,0.000789511
373,0.000786606
374,0.000786575
375,0.000786374
376,0.000787266
377,0.000785963
378,0.000788418
379,0.000789747
380,0.00079279
381,0.000801529
382,0.000803948
383,0.000804396
384,0.000803603
385,0.000796182
386,0.000796135
387,0.000791711
388,0.000786762
389,0.000783093
390,0.000780925
391,0.000778515
392,0.000787266
393,0.000806688
394,0.000824664
395,0.000832514
396,0.000801702
397,0.000779624
398,0.000776302
399,0.000774641
400,0.000776984
401,0.000789926
402,0.000804098
403,0.00081434
404,0.000790919
405,0.000767882
406,0.000765076
407,0.000773598
408,0.000767901
409,0.000760664
410,0.000649312
411,0.000102946
412,0.000593795
413,0.000757132
414,0.000757707
415,0.000758417
416,0.000759143
417,0.000763605
418,0.000769053
419,0.000788242
420,0.000796567
421,0.000803826
422,0.000810364
423,0.000832017
424,0.000821811
425,0.000776382
426,0.000760607
427,0.000759047
428,0.000755764
429,0.00075444
430,0.000757794
431,0.000763078
432,0.000769183
433,0.000773488
434,0.000775223
435,0.000779599
436,0.000782184
437,0.000773184
438,0.000761456
439,0.000757934
440,0.000755263
441,0.000755992
442,0.000761607
443,0.000768361
444,0.000772
445,0.000780083
446,0.000797275
447,0.000816626
448,0.00082072
449,0.000828869
450,0.000850004
451,0.000847022
452,0.000819416
453,0.000675248
454,0.0001138
455,0.000595237
456,0.000791655
457,0.000775686
458,0.000785287
459,0.000807794
460,0.000838446
461,0.000848762
462,0.000850395
463,0.000825332
464,0.000775615
465,0.000747728
466,0.000780058
467,0.000797455
468,0.000805964
469,0.000804187
470,0.000788192
471,0.000763195
472,0.000752352
473,0.000750455
474,0.000751926
475,0.00075406
476,0.000756666
477,0.000752914
478,0.00076032
479,0.000765196
480,0.000762278
481,0.000754508
482,0.000753056
483,0.000768042
484,0.000781724
485,0.000770506
486,0.000762743
487,0.000756884
488,0.000753997
489,0.000750574
490,0.000764005
491,0.000768042
492,0.000780871
493,0.000786567
494,0.000752698
495,0.000753664
496,0.000794116
497,0.000853345
498,0.000905199
499,0.000890314
500,0.000828209
501,0.000761864
502,0.000743998
503,0.000747844
504,0.000761879
505,0.000765918
506,0.000753785
507,0.00073759
508,0.000739688
509,0.000761145
510,0.000800653
511,0.00082568
512,0.000843595
513,0.000851259
514,0.000881819
515,0.000900279
516,0.000875663
517,0.000685211
518,6.91949e-05
519,0.000533396
520,0.000791199
521,0.000779862
522,0.000785582
523,0.000772991
524,0.000733004
525,0.000743118
526,0.000761118
527,0.000765279
528,0.000748748
529,0.000736422
530,0.000749322
531,0.000777884
532,0.000799699
533,0.000804533
534,0.000807666
535,0.00081105
536,0.000797577
537,0.000761463
538,0.000740584
539,0.00073527
540,0.000743243
541,0.000763496
542,0.000789888
543,0.000808791
544,0.000796243
545,0.000764962
546,0.000745941
547,0.000744158
548,0.00075224
549,0.000754183
550,0.000750166
551,0.000751516
552,0.00075554
553,0.000743906
554,0.00073931
555,0.000734841
556,0.00072956
557,0.000725717
558,0.000729196
559,0.000727672
560,0.000732138
561,0.000631645
562,7.94423e-05
563,0.000566603
564,0.000726177
565,0.000725841
566,0.000726841
567,0.000727904
568,0.000729322
569,0.000728415
570,0.000728418
571,0.000728928
572,0.000734314
573,0.000755649
574,0.000759035
575,0.000736498
576,0.00072496
577,0.00074335
578,0.000724128
579,0.000777679
580,0.000733359
581,0.000724998
582,0.000725996
583,0.00073198
584,0.00072718
585,0.000735674
586,0.00073397
587,0.000730088
588,0.000724846
589,0.00072995
590,0.000735104
591,0.000726662
592,0.000723222
593,0.000732503
594,0.00072995
595,0.000719172
596,0.000720429
597,0.000723901
598,0.000781372
599,0.000902238
