2,0.887187
3,0.715815
4,0.640495
5,0.607227
6,0.565952
7,0.525513
8,0.48231
9,0.438488
10,0.39629
11,0.356374
12,0.320201
13,0.287657
14,0.258977
15,0.233627
16,0.210965
17,0.189715
18,0.168949
19,0.14874
20,0.12953
21,0.111594
22,0.0952468
23,0.0805423
24,0.0675193
25,0.0562604
26,0.0466789
27,0.0386944
28,0.0323266
29,0.0275487
30,0.0240752
31,0.0214037
32,0.0193558
33,0.0176741
34,0.0162817
35,0.015113
36,0.0140978
37,0.0132538
38,0.0124166
39,0.0117266
40,0.0109921
41,0.0103782
42,0.00973856
43,0.00913212
44,0.00862916
45,0.00811152
46,0.00774098
47,0.00728985
48,0.00692299
49,0.0064698
50,0.00606718
51,0.00563058
52,0.00526414
53,0.00489962
54,0.00460119
55,0.00429213
56,0.00404321
57,0.00377998
58,0.00356568
59,0.00332447
60,0.00316485
61,0.00297313
62,0.00285957
63,0.00273306
64,0.00269179
65,0.0026834
66,0.00274195
67,0.00279826
68,0.00278396
69,0.00275169
70,0.00264281
71,0.00253236
72,0.00234636
73,0.00211791
74,0.00177448
75,0.00140468
76,0.00114218
77,0.00102494
78,0.000919138
79,0.000956429
80,0.00088003
81,0.00089672
82,0.00072184
83,0.000718731
84,0.000803796
85,0.00109
86,0.0012676
87,0.00135223
88,0.00139619
89,0.00141164
90,0.00141066
91,0.00141463
92,0.00141579
93,0.00142053
94,0.00142568
95,0.00141172
96,0.00136049
97,0.00135167
98,0.00139034
99,0.00147377
100,0.00155582
101,0.00166353
102,0.00177213
103,0.00188584
104,0.00199843
105,0.00210469
106,0.00219651
107,0.00229347
108,0.00237351
109,0.00246383
110,0.00256249
111,0.00266076
112,0.00274698
113,0.00281628
114,0.00283437
115,0.00281814
116,0.00278851
117,0.00272256
118,0.00261477
119,0.00250018
120,0.0023529
121,0.0022022
122,0.00202934
123,0.00184159
124,0.00165105
125,0.00148598
126,0.00134681
127,0.00121118
128,0.00109198
129,0.00105434
130,0.00103021
131,0.00101939
132,0.00100552
133,0.000996649
134,0.000981594
135,0.000970004
136,0.000952619
137,0.000947404
138,0.000934432
139,0.000931516
140,0.000926704
141,0.000935326
142,0.000929049
143,0.000923925
144,0.000906347
145,0.000902024
146,0.000892248
147,0.000891346
148,0.000882215
149,0.000890484
150,0.000899942
151,0.000931822
152,0.000954098
153,0.000969995
154,0.000962609
155,0.000950122
156,0.000943474
157,0.000966927
158,0.000968339
159,0.000952897
160,0.000926497
161,0.000913032
162,0.000893712
163,0.000877935
164,0.000866306
165,0.000877778
166,0.000881485
167,0.000894027
168,0.000903819
169,0.00091158
170,0.000900144
171,0.000892864
172,0.000881089
173,0.000882695
174,0.000881463
175,0.00088089
176,0.000881269
177,0.000884812
178,0.00087692
179,0.000876963
180,0.000862216
181,0.000861312
182,0.000868289
183,0.000876341
184,0.000865048
185,0.00086558
186,0.000885763
187,0.000946359
188,0.000930041
189,0.00088488
190,0.000876226
191,0.000870655
192,0.000863313
193,0.000869486
194,0.000877706
195,0.000897826
196,0.000931546
197,0.000976975
198,0.000961123
199,0.000902654
200,0.000872828
201,0.000871811
202,0.000880548
203,0.00077852
204,0.000284107
205,0.000675924
206,0.000864775
207,0.000870989
208,0.000863047
209,0.000848868
210,0.000848371
211,0.000849966
212,0.000872787
213,0.000878397
214,0.000886111
215,0.000877979
216,0.000853793
217,0.000833057
218,0.000834429
219,0.00083059
220,0.000837157
221,0.000849116
222,0.000869611
223,0.000882965
224,0.000864913
225,0.000838162
226,0.000835051
227,0.000837659
228,0.000858776
229,0.000908377
230,0.000962742
231,0.000955662
232,0.000955163
233,0.000966487
234,0.000950417
235,0.000919599
236,0.000901904
237,0.000878727
238,0.000860623
239,0.000840256
240,0.000832202
241,0.00082813
242,0.000831712
243,0.000827573
244,0.000837144
245,0.000841627
246,0.000850326
247,0.000847965
248,0.000833222
249,0.000820572
250,0.000820814
251,0.000827443
252,0.000828756
253,0.000821987
254,0.000817409
255,0.000819627
256,0.00082999
257,0.000845379
258,0.000760523
259,0.000346282
260,0.00067564
261,0.000899559
262,0.000902831
263,0.000861096
264,0.000815668
265,0.000815006
266,0.000813643
267,0.000838114
268,0.000834829
269,0.000830985
270,0.000816058
271,0.000834568
272,0.00073197
273,0.000172705
274,0.000563497
275,0.000802394
276,0.000807762
277,0.000811064
278,0.000812708
279,0.000806762
280,0.000807181
281,0.000809721
282,0.000697864
283,0.000112301
284,0.000611163
285,0.000846157
286,0.000864978
287,0.000890046
288,0.000858829
289,0.00084361
290,0.000844442
291,0.00085929
292,0.000848664
293,0.000831719
294,0.000813946
295,0.000820805
296,0.000817715
297,0.00082846
298,0.000835691
299,0.0008392
300,0.000816981
301,0.000814391
302,0.0008069
303,0.000811297
304,0.000801778
305,0.000806163
306,0.000798674
307,0.000804602
308,0.000799207
309,0.000807118
310,0.000798615
311,0.000804957
312,0.000792535
313,0.000797081
314,0.000790973
315,0.000807741
316,0.000714707
317,0.000258737
318,0.000610321
319,0.000842603
320,0.000911405
321,0.000899951
322,0.000878248
323,0.000856303
324,0.000837869
325,0.000818408
326,0.000804717
327,0.000792721
328,0.000791769
329,0.000792717
330,0.000790346
331,0.000784846
332,0.000784579
333,0.000786141
334,0.000787163
335,0.000792677
336,0.000816397
337,0.000794428
338,0.000798373
339,0.000814585
340,0.000817082
341,0.000830427
342,0.000734734
343,0.000248966
344,0.000583335
345,0.000800958
346,0.000793516
347,0.000793653
348,0.000781564
349,0.000787138
350,0.000785701
351,0.000798549
352,0.00068435
353,0.000165915
354,0.00060241
355,0.00079725
356,0.000802361
357,0.000803152
358,0.000807376
359,0.000806065
360,0.000813386
361,0.000812794
362,0.000809207
363,0.000805943
364,0.000807038
365,0.000808213
366,0.000809979
367,0.000808451
368,0.000804088
369,0.000791496
370,0.000795426
371,0.000791536
372,0.000791183
373,0.000787708
374,0.00078902
375,0.000790229
376,0.000789216
377,0.000785746
378,0.000789724
379,0.000788855
380,0.000794922
381,0.000799454
382,0.000802535
383,0.000802323
384,0.000803463
385,0.000797349
386,0.000797248
387,0.000792894
388,0.00078997
389,0.000783403
390,0.000783377
391,0.00077868
392,0.000789576
393,0.00080839
394,0.00082775
395,0.000832029
396,0.000801859
397,0.000780564
398,0.000776767
399,0.000772467
400,0.000776616
401,0.000788836
402,0.000805738
403,0.000813515
404,0.000789885
405,0.000766885
406,0.000765835
407,0.00077539
408,0.000771232
409,0.000761466
410,0.000652817
411,0.000105919
412,0.000590473
413,0.000759911
414,0.000759101
415,0.000761111
416,0.000760384
417,0.000764728
418,0.000769538
419,0.000788926
420,0.000796323
421,0.000803782
422,0.000811162
423,0.000832774
424,0.000822295
425,0.000774946
426,0.000758688
427,0.000758295
428,0.000757272
429,0.000756045
430,0.000758911
431,0.00076443
432,0.000769291
433,0.000774125
434,0.000775457
435,0.000781033
436,0.000781186
437,0.00077104
438,0.000761373
439,0.000757694
440,0.000755883
441,0.000756048
442,0.000763174
443,0.000769303
444,0.000772654
445,0.000778559
446,0.000796986
447,0.00081505
448,0.000821599
449,0.000829247
450,0.000846465
451,0.000843185
452,0.000817007
453,0.000674335
454,0.000115495
455,0.000598063
456,0.000787941
457,0.000773014
458,0.000784192
459,0.000808483
460,0.000836019
461,0.00085155
462,0.000850623
463,0.000826168
464,0.00077594
465,0.000747309
466,0.000777901
467,0.000795455
468,0.000805948
469,0.000807316
470,0.000789342
471,0.000762733
472,0.000751574
473,0.000749117
474,0.000752674
475,0.000752592
476,0.000754195
477,0.000754049
478,0.000761745
479,0.000765879
480,0.000765127
481,0.000755478
482,0.00075524
483,0.000768497
484,0.000780987
485,0.000769662
486,0.000761727
487,0.000757729
488,0.000750917
489,0.000748505
490,0.000762456
491,0.000768889
492,0.000784781
493,0.000789057
494,0.000752194
495,0.00075327
496,0.000791402
497,0.000852491
498,0.00090366
499,0.000888306
500,0.000830008
501,0.000762759
502,0.000745526
503,0.000749864
504,0.00076449
505,0.000765366
506,0.000750439
507,0.000736747
508,0.000739614
509,0.000760412
510,0.000798053
511,0.000824969
512,0.000843788
513,0.000849273
514,0.000883523
515,0.000901454
516,0.000876635
517,0.000683465
518,6.87595e-05
519,0.000536834
520,0.000790988
521,0.000779231
522,0.000787037
523,0.000774963
524,0.000735601
525,0.000741872
526,0.000761881
527,0.000765158
528,0.000748186
529,0.000737662
530,0.000748276
531,0.000776589
532,0.000796814
533,0.000804571
534,0.000806034
535,0.000813184
536,0.000799115
537,0.000761526
538,0.000740768
539,0.00073622
540,0.00074444
541,0.000762681
542,0.000789704
543,0.000811391
544,0.000798166
545,0.000764249
546,0.000746149
547,0.000743418
548,0.000750084
549,0.000754478
550,0.000748296
551,0.000746949
552,0.000751997
553,0.00074368
554,0.000741247
555,0.000733849
556,0.000730654
557,0.000727298
558,0.000734899
559,0.000730367
560,0.000731267
561,0.000632104
562,7.98865e-05
563,0.000567831
564,0.000726628
565,0.000729806
566,0.000729882
567,0.000730394
568,0.000729151
569,0.000725964
570,0.000724969
571,0.000728197
572,0.000732412
573,0.000756638
574,0.000759417
575,0.000736496
576,0.000723564
577,0.000745036
578,0.000723402
579,0.000779262
580,0.000734994
581,0.000729076
582,0.000726724
583,0.000732621
584,0.000727099
585,0.000738311
586,0.000735584
587,0.000731697
588,0.000723712
589,0.00072781
590,0.000730695
591,0.000725604
592,0.000722049
593,0.000729628
594,0.000728161
595,0.000719348
596,0.000723293
597,0.000723592
598,0.000781451
599,0.00090479
