2,0.917008
3,0.783649
4,0.704375
5,0.652029
6,0.595025
7,0.538579
8,0.48536
9,0.435341
10,0.39165
11,0.354761
12,0.324474
13,0.29831
14,0.274112
15,0.250622
16,0.227522
17,0.204835
18,0.182715
19,0.161376
20,0.141019
21,0.121968
22,0.104437
23,0.0885735
24,0.0743993
25,0.0618535
26,0.0508691
27,0.0413613
28,0.0332673
29,0.0264913
30,0.0209006
31,0.0163456
32,0.0127019
33,0.009938
34,0.00798851
35,0.00681738
36,0.00600458
37,0.00547012
38,0.00510639
39,0.00485385
40,0.00470007
41,0.00460426
42,0.00458411
43,0.00457738
44,0.00464759
45,0.00462321
46,0.00459127
47,0.0044206
48,0.00424439
49,0.0039486
50,0.00368171
51,0.0033433
52,0.00306508
53,0.00279857
54,0.00260923
55,0.00242325
56,0.00225593
57,0.00212284
58,0.00199896
59,0.0019379
60,0.00193385
61,0.00203999
62,0.00207665
63,0.00212853
64,0.00209806
65,0.00205804
66,0.00197645
67,0.00191872
68,0.00182902
69,0.0017581
70,0.00169143
71,0.00165423
72,0.00160709
73,0.00154946
74,0.00147118
75,0.00141215
76,0.00137543
77,0.00135561
78,0.00134527
79,0.00133921
80,0.00132303
81,0.00130672
82,0.0012797
83,0.00125773
84,0.00119563
85,0.00114399
86,0.0011206
87,0.00113854
88,0.00115809
89,0.00115504
90,0.00113826
91,0.00114054
92,0.00113727
93,0.00116273
94,0.00120549
95,0.00126869
96,0.00133314
97,0.00141069
98,0.00148342
99,0.0015697
100,0.00165949
101,0.00176389
102,0.0018734
103,0.00199325
104,0.00209806
105,0.00218321
106,0.00225494
107,0.00233251
108,0.00243219
109,0.00255057
110,0.00263799
111,0.00271574
112,0.00276568
113,0.00278072
114,0.00276723
115,0.00274821
116,0.00273929
117,0.00270554
118,0.00261287
119,0.00249363
120,0.00234564
121,0.00218535
122,0.00199797
123,0.00178855
124,0.00159835
125,0.00145073
126,0.00131504
127,0.00118942
128,0.00108114
129,0.00103056
130,0.00100931
131,0.00100942
132,0.00100744
133,0.000998747
134,0.00098004
135,0.000971786
136,0.000960259
137,0.000956016
138,0.000950109
139,0.000950627
140,0.000939057
141,0.000938115
142,0.000932507
143,0.000923628
144,0.000909764
145,0.000901161
146,0.00088853
147,0.000889384
148,0.000885004
149,0.000888609
150,0.000899678
151,0.000930865
152,0.000953272
153,0.000966579
154,0.000962352
155,0.000951432
156,0.000945692
157,0.0009672
158,0.000968638
159,0.000950095
160,0.000926769
161,0.000914828
162,0.000891349
163,0.000878163
164,0.000866933
165,0.000877454
166,0.000881988
167,0.000894259
168,0.000903364
169,0.000909877
170,0.000899729
171,0.000889761
172,0.000880756
173,0.000882351
174,0.000881473
175,0.00088231
176,0.000881047
177,0.000884275
178,0.000876555
179,0.000876101
180,0.00086231
181,0.000859577
182,0.000868612
183,0.000875137
184,0.000867414
185,0.000864454
186,0.000882742
187,0.000944439
188,0.000926464
189,0.000885012
190,0.000875577
191,0.000870232
192,0.000863035
193,0.000867269
194,0.000877812
195,0.000898251
196,0.000931952
197,0.000973942
198,0.000961513
199,0.000902056
200,0.00087058
201,0.00087129
202,0.000879236
203,0.000775223
204,0.000283562
205,0.000676262
206,0.00086482
207,0.000870093
208,0.00086277
209,0.000848407
210,0.000846689
211,0.000850578
212,0.000870892
213,0.000877944
214,0.000884342
215,0.000877264
216,0.000854461
217,0.000832208
218,0.000832895
219,0.000831
220,0.000835357
221,0.000851161
222,0.000867856
223,0.000882461
224,0.000863892
225,0.000837095
226,0.000834711
227,0.000835038
228,0.000858302
229,0.00090732
230,0.000958915
231,0.000953273
232,0.000955348
233,0.000969432
234,0.000950086
235,0.000921245
236,0.000900168
237,0.000877567
238,0.000860597
239,0.000839164
240,0.000831772
241,0.000828017
242,0.000829242
243,0.000828633
244,0.000836708
245,0.000840464
246,0.000849153
247,0.000845717
248,0.000832995
249,0.000818698
250,0.00081999
251,0.000827894
252,0.000827259
253,0.000821802
254,0.000816745
255,0.000818786
256,0.000827812
257,0.000844816
258,0.000758071
259,0.000347359
260,0.000675246
261,0.000898806
262,0.000904484
263,0.000859568
264,0.00081624
265,0.000812615
266,0.000812923
267,0.00083607
268,0.000833785
269,0.000828887
270,0.000816391
271,0.000834254
272,0.000734362
273,0.000173682
274,0.000563249
275,0.000801777
276,0.00080529
277,0.000813304
278,0.000810649
279,0.000806033
280,0.000805947
281,0.000808513
282,0.000697032
283,0.000113263
284,0.000612312
285,0.000845191
286,0.000866537
287,0.000888339
288,0.000858164
289,0.000842943
290,0.000843225
291,0.000858158
292,0.000848262
293,0.000829293
294,0.000813324
295,0.000819709
296,0.00081824
297,0.000826282
298,0.000834641
299,0.00083795
300,0.000818248
301,0.000814728
302,0.000805863
303,0.000808245
304,0.000801258
305,0.000804986
306,0.000802089
307,0.000804512
308,0.000797993
309,0.000805486
310,0.000800783
311,0.000804264
312,0.0007917
313,0.000795162
314,0.000789242
315,0.000807815
316,0.000718934
317,0.000261278
318,0.000607079
319,0.000844899
320,0.000910231
321,0.000901156
322,0.000876829
323,0.000856309
324,0.000836347
325,0.000818437
326,0.000803588
327,0.000789724
328,0.000789194
329,0.000792627
330,0.000789279
331,0.000784634
332,0.000785277
333,0.000784968
334,0.000785712
335,0.000793251
336,0.000814748
337,0.000793701
338,0.000797134
339,0.00081576
340,0.000818185
341,0.000831543
342,0.000732427
343,0.000248734
344,0.000582275
345,0.000799146
346,0.000793544
347,0.000791612
348,0.000781379
349,0.000784831
350,0.000787426
351,0.00079826
352,0.000685536
353,0.000165213
354,0.000599069
355,0.000796338
356,0.00080225
357,0.000803022
358,0.000806382
359,0.000806809
360,0.000812059
361,0.000814105
362,0.00081014
363,0.000805149
364,0.000808447
365,0.0008081
366,0.000811342
367,0.000809634
368,0.000802783
369,0.000792754
370,0.000795213
371,0.000791224
372,0.000789746
373,0.000786683
374,0.000787118
375,0.000786308
376,0.00078799
377,0.000788068
378,0.000789494
379,0.000788081
380,0.000792577
381,0.000799972
382,0.000802137
383,0.00080342
384,0.000800348
385,0.000797143
386,0.00079681
387,0.000794086
388,0.000788386
389,0.00078386
390,0.000783447
391,0.000779172
392,0.000788462
393,0.00080673
394,0.000825767
395,0.000831162
396,0.000801583
397,0.000781665
398,0.000775533
399,0.00077211
400,0.000775871
401,0.000790369
402,0.000805986
403,0.000814036
404,0.000789056
405,0.000766457
406,0.000763313
407,0.000773858
408,0.000769306
409,0.000762571
410,0.000649886
411,0.00010495
412,0.000595474
413,0.000756532
414,0.000759647
415,0.0007599
416,0.000758924
417,0.000762292
418,0.000770222
419,0.000789058
420,0.000795968
421,0.000805566
422,0.000808058
423,0.000830184
424,0.000823372
425,0.000777212
426,0.00075872
427,0.000759107
428,0.000756754
429,0.000756775
430,0.000758311
431,0.000762819
432,0.000767185
433,0.00077299
434,0.000776576
435,0.000781907
436,0.000782452
437,0.000773131
438,0.000763639
439,0.000758049
440,0.000756299
441,0.000754741
442,0.000761646
443,0.000768898
444,0.000772245
445,0.000779126
446,0.000799605
447,0.000815049
448,0.0008218
449,0.000829992
450,0.00084751
451,0.000844633
452,0.000815873
453,0.000674002
454,0.000114452
455,0.000596711
456,0.000789075
457,0.000772831
458,0.00078382
459,0.000808178
460,0.00083775
461,0.000851836
462,0.000850081
463,0.000826864
464,0.000774417
465,0.000748446
466,0.000779142
467,0.000795401
468,0.000808633
469,0.000805031
470,0.000790789
471,0.000763587
472,0.000750121
473,0.000748703
474,0.000750801
475,0.000750629
476,0.000755599
477,0.000752733
478,0.000761172
479,0.000766933
480,0.000765532
481,0.000756942
482,0.00075722
483,0.000766974
484,0.000778858
485,0.000767978
486,0.000760049
487,0.000757261
488,0.000752573
489,0.000750627
490,0.000764978
491,0.000767674
492,0.00078222
493,0.000787361
494,0.000752594
495,0.000753879
496,0.00079241
497,0.000855035
498,0.000902513
499,0.000889042
500,0.000826025
501,0.000760777
502,0.000743665
503,0.000747339
504,0.000762386
505,0.000765582
506,0.000753589
507,0.000739239
508,0.000740284
509,0.000761289
510,0.000799692
511,0.00082535
512,0.000844335
513,0.000850143
514,0.000881895
515,0.000900633
516,0.000876782
517,0.000686138
518,7.49998e-05
519,0.000529601
520,0.000790973
521,0.000777158
522,0.000784432
523,0.000773452
524,0.000736543
525,0.000744467
526,0.000762001
527,0.000765062
528,0.000748151
529,0.00073718
530,0.000749819
531,0.000776316
532,0.000795698
533,0.000806831
534,0.00080712
535,0.000812628
536,0.000799123
537,0.000761485
538,0.000738861
539,0.000735906
540,0.000743647
541,0.000765
542,0.000790825
543,0.000808857
544,0.000797727
545,0.000764166
546,0.000745059
547,0.000741078
548,0.000749339
549,0.000755255
550,0.000750028
551,0.000748449
552,0.000756418
553,0.000745418
554,0.00074084
555,0.000735049
556,0.000731766
557,0.000726779
558,0.000730416
559,0.000727784
560,0.000730557
561,0.000632269
562,8.0587e-05
563,0.000568483
564,0.000726112
565,0.000727775
566,0.000727011
567,0.000728186
568,0.000730054
569,0.000727732
570,0.000724959
571,0.000728576
572,0.000734393
573,0.000757477
574,0.000759379
575,0.000737412
576,0.000724718
577,0.00074578
578,0.000726893
579,0.000779933
580,0.000735256
581,0.000726293
582,0.000725194
583,0.000730935
584,0.000726143
585,0.000734948
586,0.000732838
587,0.000725729
588,0.000723546
589,0.000728733
590,0.000734664
591,0.000728905
592,0.000724553
593,0.000733253
594,0.000732016
595,0.000722267
596,0.000719994
597,0.000721719
598,0.000781777
599,0.000900085
