2,0.947896
3,0.853718
4,0.769395
5,0.693393
6,0.625015
7,0.563737
8,0.508968
9,0.460184
10,0.416809
11,0.378185
12,0.343775
13,0.312821
14,0.284594
15,0.258548
16,0.2341
17,0.210942
18,0.188963
19,0.168138
20,0.148494
21,0.130057
22,0.112866
23,0.0969883
24,0.0823018
25,0.0689169
26,0.0573216
27,0.0475555
28,0.0393094
29,0.0322216
30,0.0259943
31,0.0205953
32,0.0160519
33,0.0122911
34,0.00917174
35,0.00654532
36,0.00433039
37,0.00252623
38,0.00129512
39,0.00117221
40,0.00174485
41,0.00231374
42,0.00278549
43,0.00313565
44,0.00339613
45,0.0035616
46,0.00364199
47,0.00366044
48,0.00357326
49,0.00337625
50,0.00316166
51,0.0028526
52,0.00247006
53,0.00246585
54,0.00243991
55,0.00231915
56,0.00215362
57,0.00202874
58,0.00192868
59,0.0017948
60,0.00168304
61,0.00155805
62,0.00143708
63,0.00134164
64,0.00125658
65,0.00117237
66,0.00110991
67,0.00107105
68,0.00103834
69,0.00102317
70,0.00100704
71,0.000992871
72,0.000979616
73,0.000975207
74,0.000969707
75,0.0009731
76,0.000973054
77,0.000976144
78,0.000979889
79,0.000987469
80,0.000989858
81,0.00099849
82,0.00100953
83,0.00102893
84,0.0010564
85,0.00109313
86,0.00113469
87,0.00119843
88,0.00124477
89,0.00123747
90,0.00120277
91,0.00118762
92,0.00119981
93,0.00121247
94,0.00124743
95,0.0013361
96,0.00142481
97,0.00150823
98,0.00158003
99,0.00164178
100,0.00170289
101,0.00177475
102,0.00187494
103,0.00198683
104,0.00208614
105,0.00218983
106,0.00229104
107,0.00235084
108,0.00240238
109,0.00252103
110,0.00263773
111,0.00271085
112,0.0027426
113,0.00275492
114,0.00274729
115,0.00272191
116,0.00271254
117,0.00268955
118,0.00261357
119,0.00249003
120,0.00232552
121,0.00215455
122,0.0019894
123,0.00178733
124,0.00159405
125,0.00144834
126,0.00131527
127,0.0011892
128,0.00107754
129,0.0010286
130,0.00101076
131,0.00100715
132,0.00100475
133,0.00099728
134,0.000979073
135,0.000970237
136,0.000957723
137,0.000952768
138,0.000950444
139,0.000948282
140,0.000936297
141,0.000936245
142,0.00093056
143,0.000923472
144,0.000910199
145,0.00089822
146,0.000889188
147,0.000887772
148,0.000883793
149,0.000885454
150,0.000901464
151,0.000931238
152,0.000949525
153,0.000966809
154,0.00096291
155,0.000950783
156,0.000945165
157,0.000965871
158,0.000967422
159,0.000947944
160,0.000926899
161,0.000912971
162,0.000894149
163,0.000874772
164,0.000866997
165,0.000875093
166,0.000880269
167,0.000893255
168,0.000903287
169,0.000909778
170,0.000899789
171,0.000888048
172,0.000879227
173,0.000880868
174,0.000880017
175,0.00087892
176,0.000881782
177,0.000881081
178,0.000878062
179,0.000873531
180,0.000862454
181,0.000859298
182,0.000870137
183,0.000872759
184,0.000865487
185,0.000864077
186,0.000884821
187,0.000944194
188,0.000927225
189,0.000881965
190,0.00087567
191,0.000868613
192,0.000862767
193,0.000864734
194,0.000877025
195,0.000897059
196,0.000932224
197,0.000974997
198,0.000961492
199,0.000899982
200,0.000871714
201,0.00086838
202,0.00087963
203,0.000776212
204,0.000283826
205,0.000675467
206,0.000863184
207,0.000869953
208,0.00086306
209,0.00084795
210,0.000845322
211,0.000849899
212,0.000868371
213,0.000876743
214,0.000883494
215,0.000877872
216,0.000853174
217,0.000833344
218,0.00083373
219,0.00083063
220,0.000834463
221,0.000850904
222,0.000865695
223,0.000883687
224,0.000860216
225,0.000838055
226,0.000833336
227,0.000833063
228,0.000858717
229,0.000908426
230,0.000959065
231,0.00095368
232,0.000952652
233,0.000969767
234,0.000948184
235,0.000920647
236,0.000898355
237,0.000877469
238,0.000858998
239,0.000840078
240,0.000829353
241,0.000827672
242,0.000827442
243,0.000828512
244,0.000834049
245,0.000841699
246,0.000845699
247,0.000846784
248,0.000830265
249,0.000821395
250,0.000817304
251,0.000828754
252,0.000827189
253,0.000821868
254,0.000814984
255,0.000818168
256,0.000826018
257,0.000844875
258,0.00075967
259,0.00034907
260,0.000671901
261,0.000897762
262,0.000904023
263,0.000858417
264,0.000816858
265,0.000810533
266,0.000814386
267,0.000836475
268,0.000833183
269,0.000825211
270,0.00081739
271,0.000832766
272,0.000735676
273,0.000173177
274,0.00055885
275,0.000802847
276,0.000804973
277,0.000814304
278,0.000810086
279,0.000806092
280,0.000806999
281,0.000807552
282,0.000697193
283,0.00011458
284,0.000608559
285,0.000845137
286,0.000866461
287,0.000886827
288,0.000859118
289,0.000842899
290,0.000844865
291,0.000855318
292,0.000847146
293,0.000828907
294,0.000813284
295,0.000819945
296,0.00081734
297,0.000824895
298,0.000835141
299,0.000836244
300,0.000815932
301,0.000812567
302,0.000807213
303,0.000807595
304,0.000802789
305,0.000804125
306,0.000799964
307,0.00080257
308,0.000799983
309,0.000804442
310,0.000801495
311,0.000801871
312,0.000793032
313,0.00079264
314,0.000789857
315,0.00080713
316,0.000719215
317,0.000259511
318,0.000606287
319,0.000843589
320,0.000901308
321,0.000898386
322,0.000876978
323,0.000855921
324,0.000835358
325,0.000815828
326,0.000801112
327,0.000790948
328,0.000789184
329,0.000791378
330,0.000788214
331,0.000784103
332,0.000782863
333,0.00078467
334,0.000785971
335,0.000793727
336,0.000813892
337,0.000793877
338,0.000796276
339,0.000815418
340,0.000817616
341,0.00083134
342,0.000733678
343,0.00025071
344,0.00058278
345,0.000799696
346,0.000793483
347,0.00079242
348,0.000781495
349,0.000783566
350,0.000784568
351,0.000794778
352,0.000688689
353,0.000165417
354,0.000599141
355,0.000797127
356,0.000799846
357,0.000802901
358,0.000804087
359,0.000805993
360,0.000810027
361,0.000813506
362,0.000809119
363,0.000806264
364,0.000805694
365,0.000809553
366,0.000810969
367,0.000811233
368,0.000802213
369,0.000792526
370,0.000793373
371,0.000789543
372,0.000787852
373,0.00078707
374,0.000786925
375,0.000786673
376,0.000788831
377,0.000788429
378,0.000787612
379,0.000788945
380,0.000792884
381,0.000801111
382,0.000801305
383,0.000801921
384,0.000799856
385,0.000797023
386,0.000797374
387,0.00079313
388,0.000787506
389,0.000784961
390,0.000781587
391,0.000779479
392,0.000786135
393,0.000807448
394,0.000825149
395,0.00082997
396,0.000799857
397,0.000779787
398,0.000774864
399,0.000773154
400,0.000775706
401,0.000790206
402,0.000803488
403,0.000815275
404,0.000790754
405,0.000768964
406,0.000762497
407,0.000775122
408,0.000765534
409,0.000760418
410,0.000650729
411,0.000105296
412,0.000594853
413,0.000755823
414,0.000758253
415,0.000757341
416,0.000758684
417,0.000762126
418,0.000771899
419,0.000788485
420,0.000795569
421,0.000801111
422,0.000808877
423,0.000830514
424,0.000823684
425,0.00077712
426,0.000759912
427,0.000759613
428,0.000755944
429,0.000753826
430,0.000756526
431,0.000758771
432,0.000764764
433,0.00077008
434,0.000777001
435,0.000782195
436,0.000783618
437,0.000772579
438,0.0007623
439,0.000755982
440,0.000754869
441,0.000753155
442,0.000760915
443,0.00076875
444,0.00077246
445,0.000778596
446,0.000797753
447,0.000814767
448,0.000821933
449,0.000829022
450,0.000847733
451,0.000844426
452,0.000817043
453,0.000671041
454,0.000113661
455,0.000597342
456,0.000787533
457,0.000771351
458,0.000782275
459,0.000808782
460,0.000836998
461,0.000850621
462,0.000849114
463,0.000824241
464,0.000773823
465,0.000746962
466,0.00077752
467,0.000796821
468,0.000806196
469,0.000806583
470,0.000790004
471,0.000765509
472,0.000749979
473,0.000749419
474,0.000750024
475,0.00075077
476,0.000754489
477,0.000752968
478,0.00075943
479,0.000765813
480,0.000763813
481,0.000754859
482,0.000754951
483,0.000767403
484,0.000779573
485,0.000770522
486,0.00076069
487,0.000756911
488,0.000751828
489,0.000749589
490,0.00076272
491,0.000765723
492,0.000781332
493,0.00078688
494,0.000752399
495,0.000754798
496,0.000791982
497,0.000853073
498,0.000902261
499,0.00089081
500,0.000827537
501,0.000762676
502,0.000743008
503,0.000746807
504,0.000760305
505,0.000766339
506,0.000751834
507,0.000740067
508,0.000739205
509,0.000761466
510,0.00079929
511,0.000824807
512,0.000842451
513,0.000849649
514,0.000882446
515,0.000901518
516,0.00087613
517,0.000683867
518,6.91961e-05
519,0.000533736
520,0.000792224
521,0.00078028
522,0.000788099
523,0.000772249
524,0.000735288
525,0.000741973
526,0.000761352
527,0.000766881
528,0.000750224
529,0.000737203
530,0.000748752
531,0.000775062
532,0.00079612
533,0.000801745
534,0.000805281
535,0.000811483
536,0.000797676
537,0.000760695
538,0.00073907
539,0.00073457
540,0.000741927
541,0.000758324
542,0.000788957
543,0.000807124
544,0.000800558
545,0.00076696
546,0.000749441
547,0.000745431
548,0.000753108
549,0.000753739
550,0.000746159
551,0.00074662
552,0.000754117
553,0.000744265
554,0.000745741
555,0.000737061
556,0.000733481
557,0.00072766
558,0.000733835
559,0.000729153
560,0.000728331
561,0.000629358
562,7.78107e-05
563,0.000567466
564,0.000725873
565,0.000727293
566,0.000727356
567,0.000726926
568,0.000730216
569,0.000728341
570,0.000726728
571,0.000729527
572,0.000734402
573,0.000757019
574,0.00076048
575,0.000736851
576,0.000723844
577,0.000743245
578,0.000724105
579,0.000779077
580,0.000733755
581,0.000727721
582,0.000726979
583,0.000731453
584,0.000723942
585,0.000735439
586,0.000734072
587,0.000729772
588,0.000726385
589,0.000733125
590,0.000735773
591,0.000728419
592,0.000724336
593,0.000730914
594,0.000729413
595,0.000719574
596,0.000718937
597,0.000721755
598,0.000780169
599,0.00089976
