2,0.950682
3,0.86128
4,0.780549
5,0.706857
6,0.639631
7,0.578602
8,0.523419
9,0.473735
10,0.429115
11,0.389018
12,0.353036
13,0.320545
14,0.290922
15,0.263686
16,0.238362
17,0.214685
18,0.192466
19,0.17158
20,0.15195
21,0.13353
22,0.116312
23,0.100287
24,0.0854649
25,0.0719706
26,0.060169
27,0.0502216
28,0.0418209
29,0.0346244
30,0.0283482
31,0.0228401
32,0.0181249
33,0.014166
34,0.0108196
35,0.00793133
36,0.00544776
37,0.00336302
38,0.00175442
39,0.0010713
40,0.00160218
41,0.00223248
42,0.00274895
43,0.0031386
44,0.00339545
45,0.00356224
46,0.00364134
47,0.00366165
48,0.00357275
49,0.00337469
50,0.00315991
51,0.00285201
52,0.00247014
53,0.00246507
54,0.0024387
55,0.0023183
56,0.00215446
57,0.0020286
58,0.00192931
59,0.00179472
60,0.00168301
61,0.00155816
62,0.00143884
63,0.00134186
64,0.00125603
65,0.00117293
66,0.00110899
67,0.0010709
68,0.00103851
69,0.00102242
70,0.00100583
71,0.000993424
72,0.000979615
73,0.000974274
74,0.000970412
75,0.000972351
76,0.000972928
77,0.000978343
78,0.000979336
79,0.000985941
80,0.000989251
81,0.000996985
82,0.0010088
83,0.00103013
84,0.00105469
85,0.00109219
86,0.0011369
87,0.00119928
88,0.0012446
89,0.0012382
90,0.00120259
91,0.00118718
92,0.00119878
93,0.00121393
94,0.0012485
95,0.0013346
96,0.00142429
97,0.00150831
98,0.00158063
99,0.00164228
100,0.00170143
101,0.00177488
102,0.00187535
103,0.00198672
104,0.00208663
105,0.00219193
106,0.00229015
107,0.0023375
108,0.00239377
109,0.0025216
110,0.00263811
111,0.00270979
112,0.00274305
113,0.00275591
114,0.00274702
115,0.00272055
116,0.00271307
117,0.00268938
118,0.00261343
119,0.00248849
120,0.00232474
121,0.00215436
122,0.00198998
123,0.00178576
124,0.00159396
125,0.00144736
126,0.00131486
127,0.00118835
128,0.001078
129,0.0010267
130,0.00100891
131,0.0010064
132,0.00100545
133,0.000997536
134,0.000981334
135,0.000969626
136,0.000957093
137,0.000951317
138,0.00095163
139,0.000948398
140,0.000936751
141,0.000936668
142,0.000932822
143,0.000922757
144,0.000909402
145,0.000899431
146,0.000888399
147,0.000886373
148,0.000884363
149,0.00088553
150,0.00090104
151,0.000930974
152,0.000951292
153,0.000965513
154,0.000962537
155,0.000950169
156,0.000945045
157,0.000965468
158,0.000966258
159,0.000948611
160,0.000928118
161,0.000913214
162,0.000893393
163,0.000874663
164,0.000865571
165,0.000874094
166,0.000880767
167,0.000892226
168,0.000904686
169,0.00090813
170,0.000900093
171,0.000888906
172,0.00088099
173,0.000879401
174,0.000882109
175,0.000878237
176,0.000878463
177,0.00088175
178,0.000876828
179,0.000873072
180,0.000862593
181,0.000859596
182,0.000870835
183,0.000872814
184,0.000865514
185,0.000861059
186,0.000883443
187,0.000943381
188,0.000928274
189,0.000882244
190,0.000875562
191,0.000868021
192,0.000862613
193,0.000863443
194,0.000879874
195,0.000897609
196,0.000932258
197,0.000974094
198,0.000960227
199,0.000900647
200,0.000871937
201,0.000867658
202,0.00087971
203,0.000776801
204,0.000284712
205,0.00067613
206,0.000862876
207,0.000871949
208,0.000861849
209,0.000848526
210,0.000845019
211,0.000849521
212,0.000866922
213,0.00087657
214,0.000883854
215,0.000877746
216,0.000853221
217,0.000831576
218,0.00083184
219,0.000830808
220,0.00083519
221,0.00085112
222,0.000866081
223,0.00088311
224,0.000861825
225,0.00083743
226,0.000833094
227,0.000833461
228,0.000856239
229,0.000907624
230,0.000959409
231,0.000954647
232,0.000952887
233,0.000968172
234,0.000949095
235,0.00092172
236,0.000898538
237,0.00087956
238,0.000859034
239,0.000839256
240,0.000828806
241,0.000828776
242,0.000829124
243,0.000827811
244,0.000833
245,0.000839651
246,0.000846092
247,0.000846657
248,0.000831767
249,0.000820154
250,0.000818095
251,0.000827769
252,0.000825698
253,0.000821924
254,0.000815415
255,0.000817519
256,0.000825502
257,0.000846228
258,0.0007582
259,0.000349113
260,0.000672474
261,0.000899749
262,0.000904519
263,0.000856869
264,0.000814402
265,0.000809821
266,0.0008153
267,0.000836314
268,0.000834714
269,0.000826812
270,0.000816895
271,0.000832929
272,0.000736129
273,0.000173342
274,0.000559774
275,0.000803025
276,0.00080523
277,0.000814357
278,0.000810388
279,0.000806408
280,0.000806597
281,0.000807481
282,0.000699367
283,0.000113384
284,0.000608973
285,0.000845683
286,0.000866916
287,0.000888129
288,0.000859113
289,0.00084101
290,0.000845659
291,0.000858528
292,0.000847158
293,0.000829222
294,0.000812729
295,0.000816494
296,0.000819092
297,0.000824901
298,0.000834939
299,0.000835488
300,0.000817652
301,0.000812911
302,0.000808524
303,0.000808302
304,0.000803885
305,0.00080386
306,0.000799384
307,0.000799861
308,0.000797806
309,0.000805548
310,0.000801348
311,0.000802863
312,0.000791515
313,0.000793783
314,0.000789557
315,0.000805172
316,0.00072056
317,0.00026012
318,0.000604818
319,0.000842954
320,0.000902521
321,0.000898358
322,0.000878995
323,0.000856134
324,0.000833898
325,0.000816667
326,0.000801966
327,0.000790745
328,0.000788898
329,0.000790307
330,0.000788537
331,0.000785344
332,0.00078295
333,0.000785362
334,0.000785815
335,0.000791958
336,0.000813554
337,0.000793219
338,0.000797078
339,0.000815793
340,0.000817392
341,0.000832082
342,0.00073218
343,0.000250981
344,0.000581808
345,0.000798974
346,0.000791917
347,0.00079109
348,0.000780002
349,0.000785966
350,0.00078574
351,0.000797837
352,0.000690227
353,0.000165662
354,0.000598113
355,0.000796356
356,0.000801664
357,0.000804356
358,0.000805597
359,0.000809058
360,0.00081154
361,0.000813733
362,0.000808889
363,0.000804562
364,0.000805612
365,0.000808121
366,0.000808901
367,0.000809433
368,0.000802086
369,0.000792217
370,0.000793186
371,0.000789899
372,0.000788664
373,0.000787806
374,0.000787659
375,0.000786241
376,0.000787741
377,0.000786132
378,0.000787874
379,0.000788156
380,0.000793316
381,0.000801432
382,0.000801356
383,0.000802373
384,0.000799538
385,0.000795575
386,0.000796234
387,0.000793454
388,0.000787345
389,0.000784233
390,0.000780472
391,0.00077922
392,0.000787862
393,0.00080851
394,0.000825278
395,0.000833465
396,0.00080119
397,0.000779103
398,0.000771308
399,0.000772405
400,0.000773929
401,0.000790195
402,0.000805043
403,0.000814613
404,0.000790612
405,0.000767342
406,0.000764023
407,0.000775658
408,0.000767081
409,0.000760629
410,0.000648133
411,0.000104577
412,0.000595777
413,0.000756919
414,0.000758323
415,0.000758329
416,0.000759135
417,0.000762857
418,0.000769919
419,0.0007879
420,0.000794266
421,0.000802515
422,0.000808626
423,0.000831126
424,0.000824606
425,0.000774375
426,0.000758434
427,0.00075807
428,0.000754799
429,0.000754365
430,0.000755754
431,0.000762832
432,0.00076775
433,0.000772203
434,0.000776837
435,0.000781556
436,0.000782865
437,0.000772344
438,0.000762654
439,0.000756002
440,0.00075599
441,0.000754823
442,0.000760104
443,0.000767765
444,0.00077221
445,0.000775814
446,0.0007971
447,0.000813641
448,0.000820015
449,0.000830667
450,0.000848526
451,0.000844964
452,0.000818754
453,0.000674344
454,0.000114729
455,0.000595408
456,0.000787993
457,0.000772969
458,0.0007824
459,0.000808572
460,0.000836632
461,0.000852072
462,0.000850502
463,0.000824451
464,0.000774468
465,0.000747575
466,0.000777514
467,0.000798019
468,0.000807417
469,0.000805988
470,0.000788104
471,0.000762104
472,0.000749966
473,0.000748901
474,0.000749629
475,0.00075036
476,0.000751533
477,0.000752815
478,0.000760314
479,0.000767295
480,0.000763653
481,0.000755701
482,0.000754227
483,0.000766426
484,0.000778987
485,0.000771074
486,0.000762022
487,0.000757394
488,0.000752489
489,0.000751318
490,0.000762723
491,0.000768337
492,0.000781679
493,0.000787762
494,0.000752611
495,0.000752585
496,0.000790434
497,0.000852831
498,0.000901833
499,0.000890347
500,0.000825053
501,0.000762379
502,0.000740872
503,0.000746859
504,0.000761634
505,0.000766858
506,0.000751589
507,0.000738929
508,0.000740778
509,0.000761241
510,0.000799105
511,0.000825569
512,0.000842453
513,0.000850767
514,0.000881768
515,0.000902037
516,0.000876789
517,0.000684363
518,7.02932e-05
519,0.000530883
520,0.000789717
521,0.000777612
522,0.000786493
523,0.000771991
524,0.000735025
525,0.000742217
526,0.00076412
527,0.000767464
528,0.000750694
529,0.000740967
530,0.000752483
531,0.000778854
532,0.000799717
533,0.000803588
534,0.000804543
535,0.000809861
536,0.00079587
537,0.000760277
538,0.000742005
539,0.000736066
540,0.0007433
541,0.000760575
542,0.000788619
543,0.000806768
544,0.000799157
545,0.000765331
546,0.000746427
547,0.00074305
548,0.000751781
549,0.000753695
550,0.000748244
551,0.000745667
552,0.000752876
553,0.000743534
554,0.000740502
555,0.000734388
556,0.000731278
557,0.000725627
558,0.000729369
559,0.000722952
560,0.000728697
561,0.000632182
562,8.21482e-05
563,0.000564821
564,0.000723411
565,0.000726151
566,0.000726906
567,0.000726481
568,0.000728035
569,0.000725692
570,0.000726829
571,0.000729489
572,0.000733467
573,0.000756624
574,0.000760496
575,0.000737401
576,0.000725324
577,0.000743427
578,0.000724974
579,0.000780856
580,0.000737226
581,0.000728634
582,0.000725481
583,0.000732017
584,0.000725595
585,0.000734315
586,0.000731616
587,0.000730341
588,0.000725321
589,0.000731434
590,0.000733476
591,0.000727981
592,0.000722028
593,0.000731907
594,0.000730893
595,0.000721294
596,0.000719497
597,0.000721915
598,0.000778567
599,0.000898042
