2,0.952752
3,0.86697
4,0.78913
5,0.71754
6,0.651643
7,0.59128
8,0.536174
9,0.486059
10,0.440613
11,0.399423
12,0.362226
13,0.328517
14,0.297773
15,0.269558
16,0.243418
17,0.219131
18,0.196461
19,0.17529
20,0.155538
21,0.137063
22,0.119838
23,0.103874
24,0.0890217
25,0.0752064
26,0.0629505
27,0.0527904
28,0.0444109
29,0.03714
30,0.0306732
31,0.0249874
32,0.0200826
33,0.0159165
34,0.0123589
35,0.00927219
36,0.00658632
37,0.00428288
38,0.00237002
39,0.00114969
40,0.00137804
41,0.00210883
42,0.00271343
43,0.00312492
44,0.00339529
45,0.00356199
46,0.00364137
47,0.00366076
48,0.00357318
49,0.00337585
50,0.00315961
51,0.00285046
52,0.0024705
53,0.00246478
54,0.002439
55,0.00232216
56,0.00215459
57,0.00202869
58,0.0019287
59,0.00179434
60,0.00168277
61,0.0015583
62,0.00143847
63,0.00134081
64,0.00125659
65,0.00117214
66,0.00110865
67,0.00107079
68,0.00103887
69,0.00102084
70,0.00100664
71,0.00099343
72,0.000980374
73,0.000972659
74,0.000970761
75,0.000971215
76,0.000972556
77,0.00097842
78,0.00098097
79,0.000984698
80,0.000989473
81,0.000996594
82,0.0010071
83,0.00102911
84,0.00105571
85,0.00109339
86,0.0011371
87,0.00119892
88,0.00124276
89,0.00123604
90,0.00120318
91,0.00118813
92,0.00119848
93,0.00121479
94,0.00124796
95,0.00133405
96,0.00142437
97,0.00150741
98,0.00158061
99,0.00164232
100,0.001701
101,0.0017734
102,0.0018752
103,0.00198796
104,0.00208681
105,0.0021938
106,0.00228911
107,0.00233468
108,0.0023925
109,0.00251983
110,0.00263896
111,0.00271099
112,0.00274196
113,0.00275345
114,0.00274731
115,0.00272093
116,0.00271265
117,0.00268951
118,0.00261342
119,0.00248909
120,0.002324
121,0.00215408
122,0.00198864
123,0.00178603
124,0.00159361
125,0.00144849
126,0.00131478
127,0.0011875
128,0.0010791
129,0.00102768
130,0.00100881
131,0.00100726
132,0.00100518
133,0.00099731
134,0.000979956
135,0.000968167
136,0.000958143
137,0.000951432
138,0.000951716
139,0.000947513
140,0.000937212
141,0.000936753
142,0.000931381
143,0.000922583
144,0.000909836
145,0.000897738
146,0.000888789
147,0.000887826
148,0.000882915
149,0.000886058
150,0.000901465
151,0.000928577
152,0.000952251
153,0.00096563
154,0.000961505
155,0.000950822
156,0.000945828
157,0.000964409
158,0.000969461
159,0.000947679
160,0.000927998
161,0.00091062
162,0.000894275
163,0.000874516
164,0.000866409
165,0.000872919
166,0.000880953
167,0.000891418
168,0.000904562
169,0.000909159
170,0.000900517
171,0.000888166
172,0.00087968
173,0.000879355
174,0.000880416
175,0.000879264
176,0.000879736
177,0.000880763
178,0.000877396
179,0.000873094
180,0.000860293
181,0.000859759
182,0.000870177
183,0.000871251
184,0.000864303
185,0.000862196
186,0.00088531
187,0.000944036
188,0.000928431
189,0.000883053
190,0.00087598
191,0.000867734
192,0.000860988
193,0.000864373
194,0.000877435
195,0.000896636
196,0.000932541
197,0.000974517
198,0.000960976
199,0.000900629
200,0.000872858
201,0.000869286
202,0.000878736
203,0.000777727
204,0.000284422
205,0.000674593
206,0.000864407
207,0.000870133
208,0.000862584
209,0.000848666
210,0.000845933
211,0.00085196
212,0.000869547
213,0.00087735
214,0.000882694
215,0.000875838
216,0.000851754
217,0.000832739
218,0.000833401
219,0.000832025
220,0.000834036
221,0.000850657
222,0.000864797
223,0.000881852
224,0.000862528
225,0.000837284
226,0.000831701
227,0.000834335
228,0.000857586
229,0.000906868
230,0.000959436
231,0.000954374
232,0.000953257
233,0.000969243
234,0.000947823
235,0.000921401
236,0.000899048
237,0.000879271
238,0.000858834
239,0.000840204
240,0.000826617
241,0.000830208
242,0.00082714
243,0.000827552
244,0.000834543
245,0.000842127
246,0.000845969
247,0.000845022
248,0.000830095
249,0.000821113
250,0.000818843
251,0.000828669
252,0.000825897
253,0.00082198
254,0.000814234
255,0.000817618
256,0.000825126
257,0.000844814
258,0.000758113
259,0.000348094
260,0.000672163
261,0.000897192
262,0.000903401
263,0.000855306
264,0.000816813
265,0.00081256
266,0.000812838
267,0.000837229
268,0.000833522
269,0.000827187
270,0.000817047
271,0.000833242
272,0.000736559
273,0.00017324
274,0.000560569
275,0.00080238
276,0.000805105
277,0.000813465
278,0.000810809
279,0.000807608
280,0.000805193
281,0.000806338
282,0.000696526
283,0.000114234
284,0.000609045
285,0.000845345
286,0.000864943
287,0.000887225
288,0.000856888
289,0.000840891
290,0.000846604
291,0.000856756
292,0.000849482
293,0.000830291
294,0.000813493
295,0.000817778
296,0.000817399
297,0.000825593
298,0.000835843
299,0.000835768
300,0.000816424
301,0.000814188
302,0.000807376
303,0.00080608
304,0.000802475
305,0.000804041
306,0.000800638
307,0.000801188
308,0.000799008
309,0.000803463
310,0.000801295
311,0.000801882
312,0.000790664
313,0.000792692
314,0.000790242
315,0.000806961
316,0.000721125
317,0.000260502
318,0.00060578
319,0.000842833
320,0.00090232
321,0.000899533
322,0.000875812
323,0.000856045
324,0.000836103
325,0.000816715
326,0.000799513
327,0.000792171
328,0.000788823
329,0.000792479
330,0.000787981
331,0.00078324
332,0.000783731
333,0.000786315
334,0.000785597
335,0.00079215
336,0.000812914
337,0.000795641
338,0.000796694
339,0.000815222
340,0.000818329
341,0.000832022
342,0.000734813
343,0.000252123
344,0.000580714
345,0.000800811
346,0.000793221
347,0.000789948
348,0.000780935
349,0.000787049
350,0.000784768
351,0.000796528
352,0.000689996
353,0.00016511
354,0.000598
355,0.000796988
356,0.000801137
357,0.000802575
358,0.000808288
359,0.000806906
360,0.000811001
361,0.000813766
362,0.000809479
363,0.000803959
364,0.000805196
365,0.000807369
366,0.000809496
367,0.000809387
368,0.000802179
369,0.000791514
370,0.000794011
371,0.000791103
372,0.000789303
373,0.000787147
374,0.000786537
375,0.000786883
376,0.000787551
377,0.000788804
378,0.000788299
379,0.000788845
380,0.000792169
381,0.000800975
382,0.000801837
383,0.000803711
384,0.000799729
385,0.000795688
386,0.000794444
387,0.000793159
388,0.000786979
389,0.000784207
390,0.000780699
391,0.000780275
392,0.000788021
393,0.000806766
394,0.000824817
395,0.000830662
396,0.000800614
397,0.000779576
398,0.000773096
399,0.000774271
400,0.000776385
401,0.000790508
402,0.000804034
403,0.00081417
404,0.000788881
405,0.000767169
406,0.000763893
407,0.000776153
408,0.000768354
409,0.000762422
410,0.000648145
411,0.000103784
412,0.000596889
413,0.000760384
414,0.000758549
415,0.000760014
416,0.00075887
417,0.000761457
418,0.000770775
419,0.00078862
420,0.000796398
421,0.00080271
422,0.000810865
423,0.000830387
424,0.000822778
425,0.000773988
426,0.000759101
427,0.000756662
428,0.000756089
429,0.000756079
430,0.000757387
431,0.000761506
432,0.000768392
433,0.000770642
434,0.000776494
435,0.000781214
436,0.000784568
437,0.000772048
438,0.000760435
439,0.000754162
440,0.000756076
441,0.000753992
442,0.000762853
443,0.000768734
444,0.000772877
445,0.000776651
446,0.000796734
447,0.000813422
448,0.000820571
449,0.000829323
450,0.000847748
451,0.000844514
452,0.000816212
453,0.00067251
454,0.000114222
455,0.000596964
456,0.000787792
457,0.000773037
458,0.000785128
459,0.000808807
460,0.000835825
461,0.000851352
462,0.000849956
463,0.00082416
464,0.000775071
465,0.000747104
466,0.000776535
467,0.000795773
468,0.00080445
469,0.000804933
470,0.000790355
471,0.000765071
472,0.000751763
473,0.00075014
474,0.000750422
475,0.000752343
476,0.000753908
477,0.000752609
478,0.000759181
479,0.000766439
480,0.000763405
481,0.000756168
482,0.000754966
483,0.000767653
484,0.000778227
485,0.000767012
486,0.000760012
487,0.000757534
488,0.000752072
489,0.000751204
490,0.00076275
491,0.000770112
492,0.000782791
493,0.000786911
494,0.000750178
495,0.000751776
496,0.00079181
497,0.000853745
498,0.000902598
499,0.000891217
500,0.00082696
501,0.000761373
502,0.000741696
503,0.000746119
504,0.00076044
505,0.000766442
506,0.000752227
507,0.000741064
508,0.00073962
509,0.000760237
510,0.000800092
511,0.000824755
512,0.00084185
513,0.000849855
514,0.000880701
515,0.000901804
516,0.000875348
517,0.000682995
518,6.78422e-05
519,0.000535049
520,0.000791032
521,0.000776488
522,0.00078579
523,0.00077247
524,0.000734218
525,0.000740515
526,0.000763567
527,0.000766835
528,0.00075119
529,0.000738086
530,0.000751414
531,0.000777246
532,0.00079641
533,0.000803019
534,0.000805514
535,0.000808243
536,0.000797709
537,0.000760511
538,0.000741148
539,0.000734875
540,0.000741819
541,0.000761541
542,0.000789185
543,0.00080565
544,0.000799507
545,0.000766276
546,0.000747766
547,0.000742203
548,0.000748818
549,0.000754049
550,0.000747762
551,0.000747743
552,0.000755595
553,0.000744203
554,0.000741882
555,0.000734401
556,0.000731793
557,0.00072549
558,0.000729559
559,0.000727706
560,0.000731839
561,0.0006323
562,8.23151e-05
563,0.000567654
564,0.000726068
565,0.000729409
566,0.000727804
567,0.00072819
568,0.000727717
569,0.000724977
570,0.000724527
571,0.000727651
572,0.000732256
573,0.00075638
574,0.000758915
575,0.000736945
576,0.000724938
577,0.000745535
578,0.000727383
579,0.000781313
580,0.000738004
581,0.000730284
582,0.000727045
583,0.000729628
584,0.000723892
585,0.000733578
586,0.00073102
587,0.000727628
588,0.000721523
589,0.000727615
590,0.000732194
591,0.000724547
592,0.000720805
593,0.000730901
594,0.000731241
595,0.000726108
596,0.000722839
597,0.000724172
598,0.000782043
599,0.00090251
