2,0.954393
3,0.871516
4,0.796078
5,0.726407
6,0.661892
7,0.60229
8,0.547409
9,0.497108
10,0.451168
11,0.409251
12,0.371176
13,0.336508
14,0.304825
15,0.275765
16,0.248875
17,0.223955
18,0.200824
19,0.179335
20,0.159336
21,0.14068
22,0.123287
23,0.10709
24,0.0919588
25,0.0778221
26,0.06526
27,0.0548552
28,0.0463045
29,0.0390552
30,0.032676
31,0.026968
32,0.0219377
33,0.0175811
34,0.0138125
35,0.0105456
36,0.00769149
37,0.00518459
38,0.00304827
39,0.00144615
40,0.00118046
41,0.00190876
42,0.00262671
43,0.00312471
44,0.00339604
45,0.00356055
46,0.00364148
47,0.00366046
48,0.003573
49,0.00337447
50,0.00316019
51,0.00285355
52,0.00247059
53,0.00246446
54,0.0024378
55,0.00231772
56,0.00215462
57,0.00202856
58,0.00192924
59,0.00179439
60,0.00168335
61,0.00155905
62,0.00143686
63,0.00134096
64,0.0012565
65,0.00117148
66,0.00111044
67,0.00107028
68,0.0010387
69,0.00102263
70,0.00100632
71,0.000992748
72,0.000979717
73,0.00097442
74,0.000969144
75,0.000970356
76,0.000972121
77,0.000976851
78,0.000979719
79,0.00098722
80,0.000989302
81,0.000997133
82,0.00100802
83,0.00102908
84,0.00105592
85,0.00109317
86,0.00113414
87,0.00119893
88,0.00124432
89,0.00123861
90,0.00120453
91,0.00118853
92,0.00119844
93,0.0012147
94,0.00124797
95,0.00133429
96,0.00142473
97,0.0015098
98,0.00158078
99,0.00164315
100,0.00170148
101,0.00177448
102,0.00187573
103,0.00198672
104,0.00208527
105,0.00219313
106,0.00229382
107,0.00233986
108,0.00239459
109,0.00252135
110,0.00263767
111,0.0027108
112,0.00274242
113,0.00275591
114,0.00274713
115,0.00272027
116,0.00271258
117,0.00269069
118,0.00261346
119,0.0024889
120,0.00232647
121,0.0021551
122,0.00198972
123,0.00178717
124,0.00159426
125,0.00144636
126,0.00131554
127,0.0011872
128,0.00107744
129,0.00102708
130,0.0010094
131,0.00100529
132,0.00100656
133,0.000997215
134,0.000979189
135,0.000967724
136,0.000957318
137,0.000951173
138,0.000951885
139,0.000946911
140,0.000938266
141,0.000935429
142,0.000930869
143,0.000922835
144,0.000909311
145,0.00089635
146,0.000888916
147,0.000886431
148,0.000883706
149,0.000886468
150,0.000899367
151,0.000927396
152,0.000952654
153,0.000964942
154,0.000962467
155,0.000949067
156,0.000945336
157,0.000963766
158,0.000968241
159,0.000948857
160,0.000926805
161,0.000910312
162,0.000892479
163,0.000875057
164,0.000869109
165,0.000874389
166,0.000880336
167,0.000891489
168,0.00090446
169,0.000906733
170,0.000900879
171,0.000889011
172,0.000878392
173,0.000876642
174,0.000880241
175,0.000877522
176,0.00088008
177,0.000879043
178,0.00087737
179,0.000871785
180,0.000861418
181,0.00085688
182,0.000869617
183,0.000871983
184,0.000865207
185,0.000861073
186,0.000885777
187,0.00094149
188,0.000929053
189,0.000880386
190,0.000875732
191,0.000866226
192,0.000861715
193,0.000862428
194,0.000877509
195,0.000894496
196,0.000933032
197,0.000972834
198,0.000961113
199,0.0008986
200,0.000872925
201,0.00086738
202,0.000880041
203,0.000777789
204,0.000285491
205,0.000674355
206,0.00086288
207,0.000869211
208,0.000862213
209,0.000847692
210,0.000844339
211,0.000851262
212,0.000866428
213,0.000877647
214,0.000881557
215,0.000877576
216,0.000851474
217,0.000832479
218,0.000829804
219,0.00083013
220,0.000832319
221,0.000851081
222,0.000864881
223,0.000880769
224,0.00085916
225,0.000839153
226,0.00083315
227,0.000834192
228,0.000856488
229,0.000906344
230,0.000958925
231,0.000954712
232,0.000951698
233,0.000969214
234,0.000947052
235,0.000921549
236,0.000895619
237,0.000879318
238,0.000856837
239,0.000840524
240,0.000827582
241,0.000828762
242,0.000824111
243,0.000828776
244,0.000831679
245,0.00084078
246,0.000845479
247,0.000845213
248,0.000828646
249,0.000821289
250,0.000816768
251,0.000828168
252,0.000822811
253,0.000823301
254,0.000811703
255,0.000819265
256,0.000823537
257,0.000847138
258,0.000761129
259,0.000349652
260,0.000671768
261,0.000897516
262,0.000904198
263,0.000856305
264,0.000815172
265,0.000810404
266,0.000812891
267,0.000835089
268,0.000833221
269,0.000826546
270,0.000817648
271,0.000831202
272,0.000738434
273,0.000173155
274,0.000559157
275,0.000801714
276,0.00080293
277,0.000814542
278,0.000807973
279,0.000805628
280,0.000803619
281,0.000807768
282,0.000697313
283,0.000116396
284,0.0006094
285,0.000843124
286,0.000865701
287,0.000883639
288,0.000857998
289,0.000840706
290,0.00084535
291,0.000854556
292,0.000847921
293,0.000827425
294,0.000815051
295,0.000816591
296,0.000818261
297,0.00082229
298,0.000835101
299,0.000835085
300,0.000817282
301,0.000811238
302,0.000807471
303,0.000806566
304,0.000802748
305,0.00080166
306,0.000799374
307,0.000799036
308,0.000798977
309,0.000803274
310,0.000800602
311,0.000799995
312,0.000789422
313,0.000790809
314,0.000789316
315,0.00080479
316,0.000725353
317,0.000259168
318,0.000601038
319,0.000843129
320,0.000899583
321,0.000899033
322,0.000875182
323,0.000856002
324,0.000833588
325,0.000815925
326,0.000798822
327,0.000791891
328,0.000785782
329,0.00079291
330,0.00078747
331,0.000783953
332,0.000782235
333,0.000784602
334,0.000783012
335,0.000792276
336,0.000812296
337,0.000794271
338,0.000793372
339,0.000815095
340,0.000814489
341,0.000831939
342,0.000731739
343,0.000249879
344,0.000583541
345,0.000798086
346,0.000792789
347,0.000788245
348,0.000779875
349,0.000784473
350,0.000784974
351,0.000795032
352,0.000690764
353,0.000165185
354,0.000598106
355,0.000797308
356,0.00079961
357,0.000802568
358,0.000803681
359,0.000807717
360,0.000808897
361,0.000811857
362,0.000807711
363,0.000803283
364,0.000804977
365,0.000807337
366,0.000807879
367,0.000808939
368,0.000799906
369,0.000790631
370,0.000790858
371,0.000790975
372,0.000788043
373,0.000789068
374,0.000787521
375,0.000788069
376,0.000784391
377,0.000786567
378,0.000787082
379,0.000788278
380,0.000789083
381,0.000801728
382,0.000799949
383,0.000801608
384,0.000797873
385,0.000796557
386,0.000793663
387,0.000792217
388,0.000786384
389,0.000783979
390,0.000780219
391,0.000778888
392,0.000787053
393,0.000808334
394,0.000825645
395,0.000832769
396,0.000799487
397,0.000781144
398,0.000771965
399,0.00077174
400,0.000773528
401,0.000788067
402,0.000801107
403,0.000813123
404,0.00078842
405,0.000766956
406,0.000762543
407,0.000774374
408,0.000766718
409,0.000762593
410,0.000650151
411,0.000105256
412,0.000596145
413,0.000756217
414,0.000756919
415,0.000755185
416,0.000757794
417,0.000759591
418,0.000771321
419,0.000787472
420,0.000796791
421,0.000803814
422,0.000810215
423,0.00082954
424,0.00082334
425,0.00077388
426,0.000758211
427,0.000756828
428,0.000756652
429,0.000754364
430,0.000756773
431,0.000760579
432,0.000769271
433,0.000770204
434,0.000775672
435,0.000777235
436,0.000780962
437,0.000771843
438,0.000760656
439,0.000752681
440,0.000754301
441,0.000752842
442,0.000760864
443,0.000769088
444,0.000774539
445,0.000776662
446,0.000798248
447,0.00081293
448,0.000820093
449,0.000827967
450,0.000848842
451,0.000845516
452,0.000817714
453,0.000672858
454,0.000114981
455,0.000597058
456,0.00078892
457,0.000775274
458,0.000782248
459,0.0008089
460,0.000835529
461,0.000850378
462,0.000848812
463,0.000824726
464,0.000770864
465,0.000747279
466,0.000776785
467,0.000796444
468,0.000806747
469,0.00080505
470,0.000788987
471,0.000763962
472,0.000751044
473,0.000750603
474,0.00075012
475,0.000752913
476,0.000750621
477,0.00075032
478,0.000757606
479,0.000765979
480,0.000762168
481,0.000754854
482,0.000753942
483,0.000768823
484,0.000779589
485,0.0007695
486,0.000760093
487,0.000754929
488,0.000748962
489,0.000749921
490,0.000761686
491,0.000766996
492,0.000782294
493,0.000789589
494,0.00075233
495,0.00075426
496,0.000790592
497,0.000854768
498,0.000902957
499,0.000889807
500,0.00082593
501,0.000762611
502,0.000740343
503,0.000745865
504,0.000760047
505,0.000764964
506,0.000750911
507,0.000738611
508,0.000740354
509,0.000762329
510,0.000799795
511,0.000824611
512,0.000842455
513,0.000851166
514,0.000879777
515,0.000900298
516,0.00087633
517,0.000682598
518,7.05597e-05
519,0.000532634
520,0.000788681
521,0.000776167
522,0.000784453
523,0.00076963
524,0.000735387
525,0.000743305
526,0.000763989
527,0.000766007
528,0.000750841
529,0.000738215
530,0.000751463
531,0.000776022
532,0.000796491
533,0.000803104
534,0.000806066
535,0.000811489
536,0.000798713
537,0.00076241
538,0.000740957
539,0.000736389
540,0.000744186
541,0.000762029
542,0.000788358
543,0.000806897
544,0.000799535
545,0.000763826
546,0.00074465
547,0.000739491
548,0.000747904
549,0.000753463
550,0.000747615
551,0.000749954
552,0.000756151
553,0.000747217
554,0.000743988
555,0.000736501
556,0.000732963
557,0.000726617
558,0.000730812
559,0.000728073
560,0.000732129
561,0.000629017
562,7.91405e-05
563,0.000570357
564,0.000728407
565,0.000728957
566,0.000730142
567,0.000729862
568,0.000730179
569,0.000727192
570,0.000723634
571,0.000727286
572,0.000730058
573,0.000754427
574,0.000759041
575,0.00073661
576,0.000724363
577,0.000743729
578,0.000726881
579,0.0007809
580,0.000736344
581,0.000730013
582,0.000728573
583,0.000734419
584,0.000727159
585,0.000736894
586,0.000734554
587,0.000727105
588,0.000723911
589,0.0007302
590,0.000734523
591,0.000727473
592,0.000721823
593,0.00073082
594,0.000732578
595,0.000720526
596,0.000719536
597,0.00071805
598,0.000777619
599,0.000899588
