2,0.955782
3,0.87536
4,0.801992
5,0.733981
6,0.670709
7,0.611918
8,0.557453
9,0.507202
10,0.460993
11,0.418574
12,0.379914
13,0.344557
14,0.312027
15,0.282137
16,0.254535
17,0.229013
18,0.205408
19,0.183551
20,0.163264
21,0.144349
22,0.126708
23,0.110313
24,0.09511
25,0.0810953
26,0.0685839
27,0.0579005
28,0.0489058
29,0.0412695
30,0.0346642
31,0.0288604
32,0.023742
33,0.0192229
34,0.0152531
35,0.0117735
36,0.00874402
37,0.00613058
38,0.0038712
39,0.00202798
40,0.00107185
41,0.00162784
42,0.002442
43,0.00303326
44,0.00338633
45,0.0035614
46,0.00364068
47,0.0036605
48,0.0035732
49,0.00337644
50,0.00316098
51,0.00285517
52,0.00247004
53,0.00246409
54,0.00243891
55,0.00231989
56,0.00215546
57,0.00202872
58,0.00192925
59,0.0017926
60,0.00168404
61,0.00155713
62,0.00143797
63,0.00133878
64,0.00125782
65,0.00117034
66,0.00110978
67,0.00106839
68,0.00104043
69,0.00101973
70,0.00100711
71,0.000989575
72,0.000980464
73,0.000971953
74,0.000970796
75,0.000968662
76,0.000973728
77,0.000974253
78,0.000980613
79,0.000984345
80,0.000989564
81,0.000995673
82,0.00100851
83,0.00102707
84,0.00105503
85,0.00109066
86,0.00113631
87,0.00119785
88,0.00124369
89,0.00123504
90,0.00120318
91,0.00118676
92,0.00120095
93,0.00121318
94,0.00124831
95,0.00133301
96,0.00142561
97,0.00150852
98,0.00158115
99,0.0016416
100,0.00170281
101,0.00177403
102,0.00187532
103,0.00198607
104,0.00208684
105,0.00218964
106,0.00229202
107,0.00234041
108,0.00239559
109,0.00251965
110,0.00263862
111,0.00271006
112,0.00274321
113,0.00275492
114,0.00274822
115,0.00272151
116,0.00271381
117,0.00268978
118,0.00261363
119,0.00248827
120,0.00232486
121,0.00215236
122,0.00198971
123,0.00178615
124,0.00159435
125,0.00144667
126,0.00131525
127,0.00118625
128,0.00107795
129,0.00102541
130,0.00100884
131,0.00100551
132,0.00100549
133,0.000996141
134,0.00097901
135,0.000965527
136,0.000957918
137,0.000950435
138,0.000951118
139,0.000945079
140,0.000937939
141,0.000936366
142,0.000932569
143,0.000922231
144,0.000908292
145,0.000894924
146,0.000889348
147,0.000886047
148,0.000883797
149,0.000882294
150,0.000900558
151,0.000929304
152,0.000952451
153,0.000963827
154,0.000962708
155,0.00094872
156,0.000948331
157,0.000963131
158,0.0009693
159,0.000947253
160,0.000926288
161,0.000908947
162,0.000892565
163,0.000873492
164,0.00086674
165,0.000872002
166,0.000882031
167,0.000889679
168,0.000903816
169,0.000906609
170,0.000897937
171,0.000886341
172,0.000881316
173,0.00087811
174,0.000882174
175,0.000878582
176,0.000881179
177,0.000881014
178,0.000878504
179,0.000870176
180,0.000863366
181,0.000857081
182,0.000869343
183,0.000871107
184,0.000865601
185,0.000860955
186,0.000883746
187,0.000943176
188,0.000927436
189,0.000879884
190,0.000877141
191,0.000866885
192,0.000863512
193,0.000862371
194,0.000877793
195,0.000894609
196,0.000933476
197,0.000970954
198,0.000961438
199,0.000899268
200,0.000873247
201,0.00086571
202,0.000882825
203,0.000783234
204,0.000285302
205,0.000680444
206,0.000860675
207,0.000869891
208,0.000863237
209,0.000848039
210,0.000841876
211,0.000849617
212,0.000867389
213,0.00087718
214,0.000881664
215,0.000877064
216,0.000851001
217,0.000832428
218,0.000832873
219,0.000830963
220,0.000831842
221,0.000851517
222,0.000863951
223,0.000883785
224,0.000860667
225,0.000838472
226,0.000830819
227,0.000835869
228,0.000855713
229,0.000908065
230,0.000957851
231,0.00095445
232,0.000951991
233,0.000968051
234,0.000946931
235,0.000921437
236,0.000896583
237,0.000878939
238,0.000858984
239,0.000841533
240,0.000826839
241,0.000827755
242,0.000823952
243,0.000827755
244,0.000832782
245,0.000841404
246,0.000844135
247,0.000845617
248,0.000830074
249,0.000821644
250,0.000817175
251,0.000829498
252,0.000823355
253,0.000821704
254,0.000813669
255,0.000818726
256,0.000822494
257,0.000847024
258,0.000764364
259,0.000350191
260,0.00067101
261,0.00089577
262,0.000902356
263,0.000856287
264,0.000817196
265,0.000809299
266,0.000812996
267,0.000833639
268,0.00083452
269,0.000824027
270,0.000815296
271,0.000830618
272,0.00074952
273,0.000179309
274,0.000552611
275,0.000801382
276,0.000803141
277,0.000814606
278,0.000807289
279,0.000807936
280,0.000803512
281,0.000809757
282,0.000701955
283,0.000116255
284,0.000607484
285,0.000842357
286,0.000867331
287,0.000883777
288,0.000856845
289,0.000840667
290,0.000846279
291,0.000855297
292,0.00084758
293,0.000825234
294,0.000814753
295,0.000816036
296,0.000819548
297,0.00082386
298,0.000834958
299,0.000836
300,0.000817193
301,0.000809552
302,0.000806896
303,0.000805882
304,0.000802259
305,0.000800785
306,0.000800982
307,0.000797269
308,0.000799683
309,0.000801882
310,0.000801263
311,0.000800002
312,0.000791675
313,0.000791578
314,0.000789123
315,0.000805419
316,0.000729069
317,0.000261636
318,0.000601514
319,0.00084193
320,0.00089854
321,0.000899031
322,0.000875129
323,0.000855822
324,0.000832752
325,0.000818184
326,0.00079971
327,0.000793558
328,0.00078471
329,0.000793807
330,0.000786251
331,0.000785269
332,0.000779472
333,0.00078505
334,0.000782272
335,0.000792829
336,0.000810948
337,0.000795061
338,0.000794597
339,0.000816888
340,0.000813415
341,0.000834677
342,0.000733919
343,0.000251224
344,0.000581213
345,0.000796554
346,0.00079214
347,0.000788845
348,0.000781952
349,0.000783861
350,0.000787935
351,0.000795933
352,0.00069619
353,0.000165204
354,0.000597861
355,0.000797274
356,0.000798794
357,0.000802642
358,0.000803576
359,0.00080642
360,0.000808956
361,0.000814067
362,0.000808456
363,0.000806338
364,0.000803834
365,0.000806706
366,0.000806705
367,0.000809567
368,0.000798961
369,0.000791517
370,0.000791872
371,0.000792746
372,0.000786474
373,0.000788321
374,0.000785031
375,0.000788001
376,0.000785323
377,0.000789917
378,0.000784598
379,0.00078967
380,0.000790099
381,0.000800218
382,0.000800809
383,0.000802822
384,0.00079799
385,0.000795845
386,0.000792587
387,0.000793605
388,0.000785925
389,0.000783983
390,0.000779174
391,0.000780711
392,0.000785992
393,0.000806873
394,0.000822034
395,0.000832468
396,0.000799091
397,0.000780836
398,0.000771146
399,0.00077313
400,0.000774351
401,0.000788981
402,0.000803011
403,0.000815251
404,0.000788175
405,0.000768394
406,0.000760047
407,0.000775593
408,0.000764359
409,0.000763964
410,0.000656159
411,0.00010668
412,0.000597147
413,0.000754509
414,0.000760031
415,0.000757405
416,0.000758479
417,0.000760746
418,0.000771094
419,0.000787308
420,0.000797734
421,0.000801064
422,0.000809267
423,0.000828613
424,0.000824053
425,0.000773104
426,0.000759461
427,0.000755049
428,0.000756178
429,0.000754227
430,0.000756835
431,0.000759923
432,0.000768788
433,0.000767336
434,0.000775823
435,0.000776053
436,0.000780127
437,0.000768426
438,0.000761305
439,0.000755006
440,0.000756802
441,0.000755826
442,0.000764096
443,0.000768168
444,0.000773694
445,0.000775232
446,0.000797124
447,0.000812275
448,0.000820242
449,0.000825271
450,0.000847821
451,0.000840868
452,0.000820773
453,0.000678355
454,0.000115385
455,0.000596001
456,0.000787317
457,0.000774591
458,0.000782572
459,0.000808131
460,0.000835102
461,0.000850314
462,0.000848988
463,0.000825765
464,0.000772395
465,0.000746832
466,0.000774156
467,0.000794507
468,0.000803302
469,0.000806858
470,0.000787018
471,0.000764752
472,0.000748926
473,0.000750564
474,0.000749299
475,0.000752704
476,0.000750573
477,0.000751371
478,0.000759251
479,0.00076579
480,0.000762392
481,0.000754225
482,0.000752112
483,0.000767644
484,0.000777687
485,0.000768501
486,0.000760196
487,0.000757089
488,0.000749476
489,0.000749083
490,0.000759969
491,0.000767022
492,0.00077927
493,0.000785537
494,0.000749522
495,0.000754492
496,0.000793337
497,0.000854679
498,0.000902752
499,0.000892247
500,0.000826762
501,0.000763128
502,0.000741605
503,0.000747527
504,0.000760882
505,0.000765524
506,0.000750137
507,0.000739032
508,0.00073837
509,0.00075847
510,0.000796701
511,0.000823141
512,0.000839546
513,0.000848243
514,0.000880398
515,0.000902863
516,0.000875835
517,0.000688776
518,7.20437e-05
519,0.000529801
520,0.000792347
521,0.000776328
522,0.000787327
523,0.000770661
524,0.000734358
525,0.000741101
526,0.000761929
527,0.000762563
528,0.000747913
529,0.000736127
530,0.000749081
531,0.000777654
532,0.000798785
533,0.000803624
534,0.000805548
535,0.000808597
536,0.000795909
537,0.000757415
538,0.000741309
539,0.000736492
540,0.000746767
541,0.000760622
542,0.000790052
543,0.000807348
544,0.000799264
545,0.000764161
546,0.000746369
547,0.000741478
548,0.000747342
549,0.000752397
550,0.000748279
551,0.000745766
552,0.000754923
553,0.000744846
554,0.000741325
555,0.000732677
556,0.000731913
557,0.000727836
558,0.000732893
559,0.000727157
560,0.000734102
561,0.000632816
562,7.95861e-05
563,0.000572277
564,0.000729028
565,0.000727594
566,0.0007266
567,0.000727709
568,0.000724898
569,0.00072454
570,0.00072496
571,0.000732246
572,0.0007349
573,0.000758772
574,0.000762307
575,0.000739175
576,0.000724542
577,0.000741396
578,0.000723902
579,0.000777338
580,0.000732306
581,0.000725967
582,0.000723586
583,0.00073024
584,0.000724534
585,0.000736504
586,0.000733704
587,0.00072585
588,0.000721085
589,0.000729248
590,0.000733641
591,0.00072634
592,0.000724065
593,0.000734841
594,0.000730618
595,0.000722782
596,0.000721633
597,0.000723515
598,0.000779662
599,0.000900582
