2,0.0081346
3,0.00689606
4,0.00629547
5,0.00634591
6,0.00621502
7,0.00640556
8,0.00640275
9,0.00557613
10,0.00564636
11,0.00595887
12,0.00592469
13,0.00566343
14,0.00670215
15,0.00546202
16,0.00609071
17,0.00657319
18,0.00637111
19,0.00610285
20,0.00635572
21,0.00606785
22,0.00582588
23,0.00599461
24,0.00567998
25,0.00598573
26,0.00532603
27,0.00604911
28,0.00633624
29,0.00608272
30,0.00635774
31,0.00574622
32,0.00621335
33,0.00606981
34,0.00559955
35,0.00584867
36,0.00593402
37,0.00599728
38,0.00637358
39,0.00623178
40,0.00618066
41,0.00566446
42,0.00559092
43,0.00637806
44,0.0057833
45,0.00587954
46,0.00631739
47,0.00569579
48,0.00602033
49,0.00534613
50,0.00654131
51,0.00588931
52,0.00616792
53,0.00616242
54,0.00629815
55,0.00609222
56,0.00589634
57,0.00585844
58,0.00558231
59,0.00648881
60,0.00531368
61,0.00632438
62,0.00544431
63,0.0062463
64,0.0062628
65,0.00581556
66,0.0063935
67,0.00572404
68,0.0062258
69,0.00614631
70,0.00600947
71,0.00648636
72,0.00579014
73,0.00598607
74,0.00568306
75,0.00576067
76,0.00529685
77,0.006125
78,0.00640016
79,0.00602992
80,0.00611937
81,0.00583859
82,0.00582557
83,0.0065818
84,0.00574263
85,0.00564791
86,0.00538197
87,0.00661746
88,0.00701095
89,0.00649049
90,0.00593324
91,0.00600168
92,0.00666098
93,0.00630143
94,0.00635562
95,0.0061835
96,0.00545194
97,0.00596745
98,0.00595415
99,0.00621329
100,0.00607262
101,0.00561731
102,0.00625586
103,0.00586972
104,0.00578274
105,0.00589303
106,0.00620171
107,0.00545248
108,0.00639744
109,0.00575008
110,0.00570064
111,0.0058895
112,0.00564309
113,0.00650141
114,0.00589293
115,0.00564461
116,0.00654626
117,0.0059273
118,0.00595646
119,0.00572107
120,0.00665383
121,0.00593369
122,0.00578732
123,0.00613598
124,0.00548793
125,0.00645758
126,0.00626235
127,0.00595982
128,0.00620253
129,0.00576468
130,0.00561732
131,0.00630278
132,0.00561685
133,0.00595867
134,0.00581932
135,0.00642977
136,0.00540892
137,0.00641154
138,0.00617637
139,0.00549392
140,0.00622283
141,0.00597951
142,0.00634632
143,0.00633546
144,0.00650503
145,0.00601589
146,0.00595978
147,0.00572291
148,0.00661418
149,0.00625153
150,0.00618288
151,0.00576308
152,0.00575693
153,0.00586754
154,0.00597605
155,0.00617318
156,0.00614649
157,0.00631556
158,0.00619892
159,0.00674199
160,0.00572105
161,0.00593475
162,0.00570652
163,0.00647904
164,0.0059617
165,0.00592
166,0.00567816
167,0.00601196
168,0.00652688
169,0.00583635
170,0.0059424
171,0.00561413
172,0.00554313
173,0.00582866
174,0.00572539
175,0.00565235
176,0.00583768
177,0.00606047
178,0.00592953
179,0.00553601
180,0.00562641
181,0.00565877
182,0.0062604
183,0.00564501
184,0.0061462
185,0.0055427
186,0.00568518
187,0.00607184
188,0.00594901
189,0.00567924
190,0.00581788
191,0.00634564
192,0.0057122
193,0.00572118
194,0.00578781
195,0.00619073
196,0.00547647
197,0.00560257
198,0.00539662
199,0.00563796
200,0.00528153
201,0.00587819
202,0.00602578
203,0.00564691
204,0.00559622
205,0.00522567
206,0.00610486
207,0.00602187
208,0.00574934
209,0.005844
210,0.00590974
211,0.00635255
212,0.00569055
213,0.00614833
214,0.00603571
215,0.00629186
216,0.00572565
217,0.0056322
218,0.00660452
219,0.00586711
220,0.00633837
221,0.00590184
222,0.00608396
223,0.00553079
224,0.00630525
225,0.005998
226,0.00642732
227,0.00633776
228,0.00608937
229,0.00571779
230,0.00612437
231,0.00596721
232,0.00584816
233,0.00606715
234,0.00616967
235,0.00607046
236,0.00608291
237,0.00609255
238,0.00637144
239,0.00574319
240,0.00608212
241,0.00541365
242,0.00662407
243,0.00622827
244,0.00598457
245,0.0055686
246,0.00642129
247,0.00548615
248,0.00589539
249,0.00607279
250,0.00637621
251,0.00591704
252,0.0061727
253,0.00564855
254,0.00571699
255,0.00589128
256,0.00578452
257,0.00586206
258,0.00620875
259,0.00613687
260,0.00580874
261,0.00558477
262,0.00616074
263,0.00587538
264,0.00655341
265,0.00592224
266,0.00560755
267,0.00596695
268,0.00549168
269,0.00615171
270,0.00639413
271,0.0056281
272,0.00610691
273,0.00549729
274,0.00565052
275,0.0052784
276,0.00686704
277,0.0060059
278,0.00666569
279,0.00617081
280,0.00599085
281,0.00628389
282,0.00606654
283,0.00578413
284,0.00547797
285,0.00634039
286,0.00635076
287,0.00573559
288,0.00607176
289,0.00626224
290,0.00628235
291,0.00649004
292,0.00590743
293,0.00667916
294,0.00571186
295,0.00574512
296,0.00590154
297,0.00604642
298,0.00594494
299,0.00671134
300,0.00609045
301,0.00620219
302,0.00610456
303,0.00615644
304,0.00560107
305,0.0064841
306,0.00629725
307,0.0055842
308,0.00584137
309,0.00552857
310,0.00565718
311,0.00516957
312,0.00605109
313,0.00582981
314,0.00699812
315,0.00604863
316,0.00564091
317,0.00599354
318,0.00648721
319,0.00653414
320,0.00635319
321,0.00559167
322,0.00613177
323,0.006192
324,0.00543628
325,0.00617801
326,0.00577283
327,0.00575814
328,0.0060029
329,0.00574671
330,0.00648539
331,0.00608426
332,0.00619344
333,0.00626092
334,0.00605008
335,0.00638857
336,0.00568582
337,0.00593583
338,0.00525517
339,0.00613138
340,0.00607754
341,0.00613912
342,0.00602155
343,0.00578243
344,0.00604668
345,0.00631465
346,0.00645179
347,0.00667436
348,0.00603816
349,0.00614459
350,0.00566631
351,0.0064739
352,0.00629701
353,0.00586867
354,0.00555194
355,0.00584225
356,0.00650009
357,0.00610288
358,0.00636186
359,0.00595096
360,0.00550029
361,0.00595235
362,0.00655103
363,0.00602175
364,0.00573784
365,0.00672994
366,0.00549136
367,0.00581458
368,0.00590106
369,0.0057766
370,0.00592642
371,0.00577516
372,0.00608081
373,0.00590772
374,0.00629882
375,0.00585982
376,0.00649934
377,0.00601178
378,0.00651435
379,0.00640437
380,0.00695518
381,0.00654958
382,0.00577593
383,0.00556938
384,0.00580992
385,0.00621603
386,0.00644803
387,0.00583113
388,0.00652096
389,0.00598374
390,0.00578168
391,0.00618993
392,0.00555765
393,0.00620588
394,0.00617782
395,0.00541482
396,0.00679006
397,0.00564697
398,0.00605177
399,0.00601875
400,0.00635541
401,0.0057051
402,0.00628516
403,0.00579422
404,0.00596831
405,0.00660459
406,0.00568663
407,0.00627898
408,0.00540653
409,0.00561277
410,0.0062371
411,0.00548848
412,0.00576237
413,0.00592046
414,0.00581275
415,0.006046
416,0.00628386
417,0.00571938
418,0.00644201
419,0.0067936
420,0.00590329
421,0.00601669
422,0.00546942
423,0.0063723
424,0.00618633
425,0.00663249
426,0.00620718
427,0.00640756
428,0.00660099
429,0.00592304
430,0.00689264
431,0.00592056
432,0.00667621
433,0.00664295
434,0.00592606
435,0.00619841
436,0.00588593
437,0.00642043
438,0.006216
439,0.00636136
440,0.00567693
441,0.00594575
442,0.00570057
443,0.00612915
444,0.00576711
445,0.00514493
446,0.00600401
447,0.00581132
448,0.00583663
449,0.00620509
450,0.00637912
451,0.00605147
452,0.00608541
453,0.00643619
454,0.00608285
455,0.00605947
456,0.00586158
457,0.0062791
458,0.00596805
459,0.00621604
460,0.00613977
461,0.00618443
462,0.00562892
463,0.00608049
464,0.00562821
465,0.00663001
466,0.0055309
467,0.00670666
468,0.00632003
469,0.0065237
470,0.0063872
471,0.00611446
472,0.00570692
473,0.00654942
474,0.00626409
475,0.00632062
476,0.00621965
477,0.00627483
478,0.00623389
479,0.00663189
480,0.00631229
481,0.00617387
482,0.00607701
483,0.00626356
484,0.00580352
485,0.00561442
486,0.00675742
487,0.00575626
488,0.00571006
489,0.0056235
490,0.00627697
491,0.0062387
492,0.0057749
493,0.00627275
494,0.00645358
495,0.00631885
496,0.00619895
497,0.00605353
498,0.00591121
499,0.00586677
500,0.00615765
501,0.00631066
502,0.00632072
503,0.00601489
504,0.00587782
505,0.00646132
506,0.00618507
507,0.0059158
508,0.00581758
509,0.00586324
510,0.00584361
511,0.00523987
512,0.00588562
513,0.0059095
514,0.00631676
515,0.00680455
516,0.0060833
517,0.00589685
518,0.00590687
519,0.00624674
520,0.00594335
521,0.00607842
522,0.00607103
523,0.00567448
524,0.00560243
525,0.00520782
526,0.00540392
527,0.00616219
528,0.00568784
529,0.00616844
530,0.00618824
531,0.00611134
532,0.00594179
533,0.00597261
534,0.0060966
535,0.00618146
536,0.00577545
537,0.00594284
538,0.00577158
539,0.00598381
540,0.0059596
541,0.00629153
542,0.00563401
543,0.00642141
544,0.00617277
545,0.00633284
546,0.00559911
547,0.00617604
548,0.00642525
549,0.00624187
550,0.00626898
551,0.0062113
552,0.00610805
553,0.00611974
554,0.00605775
555,0.00578462
556,0.00634302
557,0.00613022
558,0.00584656
559,0.00617474
560,0.00591292
561,0.00588772
562,0.00627609
563,0.00583559
564,0.00673578
565,0.0062488
566,0.00655315
567,0.006937
568,0.00577095
569,0.00576049
570,0.00561309
571,0.00587268
572,0.0059953
573,0.00578663
574,0.00629683
575,0.00572644
576,0.00619577
577,0.00589656
578,0.00586487
579,0.00547435
580,0.00593195
581,0.00534253
582,0.0062107
583,0.00647559
584,0.00592762
585,0.00660728
586,0.00604071
587,0.00654295
588,0.00567711
589,0.00564688
590,0.00568412
591,0.0058152
592,0.00650689
593,0.00585333
594,0.00627136
595,0.00625614
596,0.00565844
597,0.006347
598,0.00607451
599,0.00681323
