2,0.00152466
3,0.00455443
4,0.00754386
5,0.0104749
6,0.0133262
7,0.0160788
8,0.0187188
9,0.0212348
10,0.0236211
11,0.0258765
12,0.027994
13,0.0299771
14,0.0318404
15,0.0335945
16,0.0352472
17,0.0368046
18,0.0382746
19,0.0396625
20,0.040973
21,0.042213
22,0.0433868
23,0.0444954
24,0.0455412
25,0.0465253
26,0.0474338
27,0.0482522
28,0.0489831
29,0.0496381
30,0.0502336
31,0.0507834
32,0.051293
33,0.0517661
34,0.0522053
35,0.0526139
36,0.0529955
37,0.0533526
38,0.0536876
39,0.0540025
40,0.0542959
41,0.0545666
42,0.0548164
43,0.0550451
44,0.0552528
45,0.0554438
46,0.0556238
47,0.0557962
48,0.0559592
49,0.056113
50,0.0562623
51,0.0564065
52,0.0565491
53,0.0566959
54,0.0568406
55,0.0569824
56,0.0571186
57,0.0572551
58,0.0573911
59,0.0575222
60,0.0576529
61,0.05778
62,0.0579052
63,0.0580297
64,0.058153
65,0.0582735
66,0.0583938
67,0.0585141
68,0.0586335
69,0.0587528
70,0.0588708
71,0.0589864
72,0.0591005
73,0.0592129
74,0.0593246
75,0.0594359
76,0.0595463
77,0.0596549
78,0.0597627
79,0.0598696
80,0.0599757
81,0.0600805
82,0.060183
83,0.0602836
84,0.0603824
85,0.0604797
86,0.0605755
87,0.060669
88,0.0607636
89,0.0608622
90,0.0609626
91,0.0610605
92,0.0611545
93,0.0612476
94,0.0613378
95,0.0614229
96,0.0615071
97,0.0615915
98,0.0616761
99,0.0617609
100,0.0618452
101,0.0619279
102,0.0620077
103,0.0620862
104,0.0621649
105,0.0622428
106,0.0623201
107,0.0623998
108,0.0624795
109,0.0625535
110,0.0626272
111,0.0627033
112,0.0627816
113,0.0628605
114,0.0629401
115,0.0630205
116,0.063099
117,0.0631779
118,0.0632599
119,0.0633447
120,0.0634316
121,0.0635188
122,0.0636052
123,0.0636941
124,0.0637823
125,0.0638671
126,0.063951
127,0.0640349
128,0.0641182
129,0.0641959
130,0.0642688
131,0.0643396
132,0.0644094
133,0.0644802
134,0.0645516
135,0.064622
136,0.0646918
137,0.0647606
138,0.0648278
139,0.0648955
140,0.0649636
141,0.0650301
142,0.0650963
143,0.0651638
144,0.0652317
145,0.0652998
146,0.0653672
147,0.0654321
148,0.0654965
149,0.0655581
150,0.0656139
151,0.0656693
152,0.0657269
153,0.0657862
154,0.0658478
155,0.0659107
156,0.0659716
157,0.0660288
158,0.0660879
159,0.0661506
160,0.0662135
161,0.0662755
162,0.0663383
163,0.0664033
164,0.0664696
165,0.0665337
166,0.0665944
167,0.0666549
168,0.0667147
169,0.0667722
170,0.0668262
171,0.0668783
172,0.0669306
173,0.0669854
174,0.0670416
175,0.0670961
176,0.0671517
177,0.0672075
178,0.0672609
179,0.067314
180,0.0673628
181,0.0674083
182,0.0674542
183,0.0675055
184,0.0675606
185,0.0676134
186,0.0676587
187,0.067699
188,0.0677531
189,0.0678133
190,0.0678664
191,0.0679197
192,0.0679728
193,0.0680228
194,0.0680694
195,0.0681145
196,0.068158
197,0.068201
198,0.0682529
199,0.0683139
200,0.0683755
201,0.0684325
202,0.068487
203,0.0685425
204,0.068593
205,0.0686316
206,0.068678
207,0.068729
208,0.0687744
209,0.0688157
210,0.068855
211,0.0688958
212,0.0689361
213,0.0689795
214,0.0690244
215,0.0690712
216,0.0691237
217,0.0691801
218,0.0692293
219,0.0692729
220,0.0693223
221,0.0693754
222,0.0694243
223,0.0694728
224,0.0695123
225,0.069549
226,0.069591
227,0.0696362
228,0.0696878
229,0.0697418
230,0.0697932
231,0.0698358
232,0.0698787
233,0.0699238
234,0.069964
235,0.0700026
236,0.0700413
237,0.07008
238,0.0701181
239,0.0701544
240,0.0701915
241,0.0702333
242,0.0702746
243,0.0703163
244,0.0703607
245,0.0704042
246,0.0704474
247,0.0704877
248,0.0705241
249,0.0705582
250,0.0705909
251,0.0706258
252,0.0706657
253,0.0707084
254,0.0707513
255,0.0707905
256,0.0708238
257,0.0708579
258,0.0708931
259,0.0709283
260,0.0709661
261,0.0710029
262,0.0710407
263,0.0710883
264,0.0711383
265,0.0711838
266,0.071231
267,0.0712764
268,0.0713151
269,0.0713495
270,0.0713857
271,0.0714269
272,0.0714671
273,0.0714996
274,0.0715272
275,0.071561
276,0.071603
277,0.0716452
278,0.0716812
279,0.0717097
280,0.0717431
281,0.0717853
282,0.071825
283,0.071857
284,0.0718815
285,0.0719109
286,0.0719424
287,0.0719752
288,0.0720174
289,0.0720568
290,0.0720909
291,0.0721249
292,0.072161
293,0.0722031
294,0.0722484
295,0.0722881
296,0.0723242
297,0.0723627
298,0.0724026
299,0.0724372
300,0.0724652
301,0.0724956
302,0.0725276
303,0.0725583
304,0.0725921
305,0.0726259
306,0.0726591
307,0.072693
308,0.0727246
309,0.0727561
310,0.0727893
311,0.0728231
312,0.0728607
313,0.0728991
314,0.0729359
315,0.0729754
316,0.0730148
317,0.0730491
318,0.0730794
319,0.0731187
320,0.073161
321,0.0731933
322,0.0732223
323,0.073251
324,0.0732793
325,0.0733073
326,0.0733345
327,0.073362
328,0.073393
329,0.0734275
330,0.0734577
331,0.0734844
332,0.0735145
333,0.0735476
334,0.0735788
335,0.073602
336,0.0736249
337,0.0736647
338,0.0737124
339,0.0737494
340,0.073782
341,0.0738161
342,0.0738465
343,0.0738754
344,0.0739048
345,0.0739332
346,0.0739616
347,0.0739898
348,0.0740159
349,0.0740449
350,0.074078
351,0.0741098
352,0.0741395
353,0.0741659
354,0.0741851
355,0.074216
356,0.0742535
357,0.0742831
358,0.0743128
359,0.074339
360,0.0743639
361,0.074392
362,0.0744246
363,0.0744582
364,0.0744921
365,0.0745247
366,0.0745556
367,0.0745859
368,0.0746125
369,0.0746338
370,0.0746563
371,0.0746857
372,0.0747173
373,0.074748
374,0.0747787
375,0.0748083
376,0.0748371
377,0.074866
378,0.0748958
379,0.0749247
380,0.0749555
381,0.0749874
382,0.0750159
383,0.0750447
384,0.0750724
385,0.0750991
386,0.0751268
387,0.0751537
388,0.0751793
389,0.0752053
390,0.0752313
391,0.0752575
392,0.0752902
393,0.0753244
394,0.0753566
395,0.0753852
396,0.0754053
397,0.0754243
398,0.0754476
399,0.0754742
400,0.075505
401,0.0755383
402,0.0755702
403,0.0755994
404,0.0756208
405,0.0756377
406,0.075664
407,0.0756955
408,0.0757204
409,0.0757396
410,0.0757605
411,0.0757819
412,0.0758093
413,0.0758398
414,0.0758684
415,0.0758966
416,0.0759195
417,0.0759418
418,0.0759633
419,0.0759836
420,0.076007
421,0.0760314
422,0.0760553
423,0.076077
424,0.0761041
425,0.0761416
426,0.0761752
427,0.0762014
428,0.0762293
429,0.0762555
430,0.0762771
431,0.076299
432,0.0763216
433,0.0763451
434,0.0763689
435,0.0763923
436,0.076417
437,0.0764451
438,0.0764746
439,0.076503
440,0.0765302
441,0.0765588
442,0.0765896
443,0.0766178
444,0.076643
445,0.0766699
446,0.0766995
447,0.0767283
448,0.0767537
449,0.07678
450,0.0768076
451,0.0768321
452,0.0768507
453,0.0768634
454,0.0768742
455,0.0768836
456,0.0769054
457,0.0769343
458,0.0769554
459,0.0769731
460,0.0769917
461,0.0770129
462,0.0770369
463,0.0770646
464,0.0770999
465,0.0771423
466,0.0771797
467,0.0772082
468,0.0772337
469,0.0772568
470,0.0772769
471,0.077293
472,0.0773077
473,0.0773288
474,0.0773514
475,0.0773715
476,0.077394
477,0.0774223
478,0.0774516
479,0.0774781
480,0.0774998
481,0.0775176
482,0.077533
483,0.077547
484,0.0775659
485,0.0775915
486,0.0776181
487,0.0776422
488,0.0776691
489,0.0777007
490,0.0777303
491,0.0777554
492,0.077782
493,0.0778064
494,0.0778165
495,0.0778224
496,0.0778329
497,0.0778436
498,0.0778587
499,0.0778827
500,0.077915
501,0.0779519
502,0.0779877
503,0.0780181
504,0.0780459
505,0.0780702
506,0.0780872
507,0.0781026
508,0.0781165
509,0.0781271
510,0.0781401
511,0.0781566
512,0.078176
513,0.078196
514,0.0782136
515,0.0782321
516,0.0782577
517,0.0782973
518,0.0783416
519,0.078357
520,0.0783573
521,0.0783824
522,0.0784021
523,0.0784266
524,0.0784656
525,0.0784973
526,0.0785256
527,0.078548
528,0.0785633
529,0.0785737
530,0.0785849
531,0.0785972
532,0.0786139
533,0.0786335
534,0.0786543
535,0.0786742
536,0.0786979
537,0.0787282
538,0.0787587
539,0.0787862
540,0.0788142
541,0.0788427
542,0.0788701
543,0.0788947
544,0.0789137
545,0.0789272
546,0.078942
547,0.0789615
548,0.0789843
549,0.0790064
550,0.0790248
551,0.0790459
552,0.079068
553,0.0790859
554,0.0791042
555,0.0791224
556,0.0791386
557,0.0791536
558,0.0791706
559,0.0791908
560,0.0792121
561,0.0792337
562,0.0792516
563,0.0792629
564,0.0792906
565,0.0793153
566,0.0793345
567,0.0793536
568,0.0793714
569,0.0793928
570,0.0794172
571,0.0794421
572,0.079465
573,0.079493
574,0.0795135
575,0.079526
576,0.0795329
577,0.079541
578,0.0795731
579,0.0796166
580,0.0796223
581,0.0796292
582,0.0796536
583,0.0796794
584,0.079691
585,0.079701
586,0.0797215
587,0.0797436
588,0.0797691
589,0.0797959
590,0.0798177
591,0.0798331
592,0.0798443
593,0.0798563
594,0.0798755
595,0.0799013
596,0.0799275
597,0.0799375
598,0.0799376
599,0.0799375
