2,0.868858
3,0.637617
4,0.446322
5,0.296331
6,0.186211
7,0.110931
8,0.0631208
9,0.0349434
10,0.01942
11,0.0113892
12,0.00743254
13,0.00542266
14,0.00426981
15,0.0033915
16,0.00233603
17,0.00176369
18,0.00189685
19,0.0020992
20,0.00217051
21,0.00215999
22,0.00208733
23,0.00197208
24,0.00186375
25,0.00176878
26,0.00167349
27,0.00157519
28,0.00148985
29,0.00142037
30,0.00136107
31,0.00129364
32,0.00123831
33,0.00117201
34,0.00113135
35,0.00107663
36,0.000731352
37,0.000764376
38,0.00100423
39,0.00115012
40,0.0011997
41,0.00121539
42,0.00122127
43,0.00118457
44,0.00113439
45,0.00107146
46,0.000744237
47,0.000643447
48,0.000705261
49,0.000922879
50,0.00103603
51,0.00108653
52,0.00111727
53,0.00111053
54,0.0010906
55,0.00107556
56,0.00106844
57,0.00105744
58,0.00104801
59,0.00103006
60,0.00102301
61,0.00100713
62,0.00100011
63,0.000992413
64,0.000994516
65,0.000993731
66,0.0009947
67,0.000983137
68,0.000985347
69,0.000952697
70,0.000703974
71,0.000700787
72,0.000781431
73,0.000951485
74,0.00105371
75,0.00105446
76,0.00102448
77,0.00099718
78,0.000974569
79,0.000964429
80,0.000962045
81,0.000966871
82,0.000973135
83,0.000976145
84,0.000973336
85,0.00096547
86,0.000958532
87,0.000952247
88,0.000946994
89,0.00093697
90,0.000801389
91,0.000749614
92,0.000737129
93,0.000722173
94,0.000716976
95,0.000739237
96,0.000751978
97,0.000892793
98,0.000952209
99,0.000903765
100,0.000808821
101,0.000757275
102,0.000709067
103,0.000719357
104,0.000710917
105,0.000723947
106,0.000765016
107,0.000802286
108,0.000877951
109,0.00091216
110,0.000856092
111,0.000801874
112,0.000768699
113,0.000791412
114,0.000813926
115,0.00083814
116,0.000875842
117,0.000894762
118,0.000943099
119,0.00103975
120,0.00108752
121,0.00107927
122,0.00104424
123,0.00102396
124,0.00100525
125,0.000968763
126,0.000930259
127,0.000917844
128,0.000916976
129,0.000927945
130,0.000941629
131,0.000951391
132,0.000947694
133,0.000941291
134,0.000895795
135,0.000790187
136,0.000731827
137,0.000707076
138,0.000706885
139,0.000697083
140,0.000707154
141,0.000730802
142,0.00073945
143,0.000767624
144,0.000760836
145,0.000762807
146,0.000753996
147,0.000731524
148,0.000601822
149,0.000652695
150,0.000752888
151,0.000847767
152,0.000924189
153,0.000963598
154,0.000965532
155,0.000953346
156,0.000947284
157,0.000964765
158,0.000967336
159,0.000948844
160,0.000927663
161,0.000912067
162,0.000892926
163,0.000873751
164,0.000866248
165,0.000873346
166,0.000882944
167,0.000891269
168,0.000904616
169,0.000897794
170,0.000786141
171,0.000759042
172,0.000761496
173,0.000748319
174,0.00073077
175,0.000712729
176,0.00070824
177,0.000676351
178,0.000550697
179,0.00065642
180,0.000686802
181,0.000673719
182,0.000704413
183,0.000715256
184,0.000701181
185,0.000687402
186,0.000649064
187,0.000752167
188,0.00080374
189,0.000842851
190,0.000868538
191,0.000869583
192,0.000863491
193,0.000864971
194,0.000874276
195,0.000897506
196,0.000930692
197,0.00094163
198,0.000873803
199,0.00077651
200,0.000743934
201,0.000741387
202,0.000741231
203,0.000756499
204,0.000754596
205,0.000679783
206,0.000670515
207,0.000713895
208,0.000690367
209,0.000646687
210,0.000674343
211,0.000709241
212,0.000734319
213,0.00074291
214,0.000756106
215,0.000752817
216,0.00073298
217,0.00071123
218,0.000713418
219,0.000716034
220,0.000716757
221,0.000748138
222,0.000772381
223,0.000769161
224,0.000733788
225,0.000718972
226,0.000700102
227,0.000733081
228,0.00082105
229,0.00089575
230,0.000951086
231,0.000951184
232,0.000957336
233,0.000967805
234,0.000954771
235,0.000872362
236,0.000750655
237,0.000733474
238,0.000726582
239,0.00071096
240,0.000692143
241,0.000679281
242,0.000674443
243,0.000681418
244,0.000707923
245,0.00071498
246,0.00072356
247,0.000703153
248,0.000678663
249,0.000686965
250,0.000759555
251,0.000808525
252,0.000824008
253,0.000820999
254,0.000817526
255,0.000814205
256,0.000830252
257,0.000841519
258,0.000865787
259,0.000878801
260,0.000844732
261,0.000637944
262,0.000513471
263,0.000657203
264,0.000745789
265,0.000715496
266,0.000670169
267,0.000750899
268,0.000816008
269,0.000825303
270,0.00081906
271,0.000803884
272,0.000763035
273,0.000708449
274,0.000578659
275,0.000630259
276,0.000685176
277,0.000694868
278,0.000634231
279,0.000573831
280,0.000623839
281,0.000663439
282,0.000696347
283,0.000708503
284,0.000729901
285,0.000743016
286,0.000777798
287,0.000797181
288,0.000784506
289,0.000759674
290,0.000754758
291,0.000762422
292,0.00078056
293,0.000765472
294,0.000763733
295,0.000786427
296,0.000802947
297,0.000814041
298,0.000822214
299,0.000818485
300,0.000787118
301,0.00077182
302,0.000744184
303,0.000699569
304,0.000688049
305,0.000701406
306,0.000698207
307,0.00073384
308,0.000783028
309,0.000803763
310,0.000800145
311,0.000803759
312,0.000759133
313,0.000669644
314,0.000660141
315,0.000700107
316,0.000771291
317,0.000819997
318,0.000857297
319,0.000857636
320,0.000883119
321,0.000856728
322,0.000831486
323,0.000786493
324,0.000750669
325,0.000720706
326,0.000707145
327,0.00068609
328,0.000680945
329,0.000669984
330,0.000571542
331,0.000600624
332,0.000636164
333,0.00064312
334,0.000634062
335,0.000635713
336,0.000641612
337,0.000639778
338,0.00066393
339,0.00067354
340,0.000685494
341,0.000697535
342,0.00069912
343,0.000693974
344,0.000695147
345,0.000705385
346,0.000695905
347,0.000689962
348,0.000675336
349,0.000687725
350,0.000708107
351,0.000727811
352,0.000723232
353,0.000735591
354,0.000740352
355,0.000718188
356,0.000683756
357,0.000708147
358,0.000718729
359,0.000735877
360,0.000745155
361,0.000751694
362,0.000748635
363,0.0007492
364,0.000730787
365,0.000698987
366,0.000697127
367,0.000701768
368,0.00069803
369,0.000687587
370,0.000697468
371,0.00069321
372,0.000705125
373,0.000706586
374,0.000662491
375,0.000614306
376,0.000668088
377,0.000680435
378,0.000678821
379,0.000652915
380,0.000675177
381,0.000687806
382,0.000694167
383,0.000691334
384,0.00069621
385,0.000695032
386,0.000723668
387,0.000761099
388,0.000807566
389,0.000812916
390,0.000820045
391,0.000816729
392,0.000821855
393,0.000860977
394,0.000915862
395,0.000918664
396,0.000879178
397,0.00085195
398,0.000839809
399,0.000820386
400,0.000800536
401,0.00076291
402,0.000735048
403,0.000749784
404,0.000740539
405,0.000725347
406,0.000691533
407,0.000687055
408,0.00071243
409,0.000721431
410,0.000726331
411,0.00073009
412,0.000716187
413,0.000695626
414,0.000685836
415,0.000682732
416,0.000677335
417,0.000634849
418,0.00061725
419,0.000667641
420,0.000698053
421,0.000654767
422,0.000652312
423,0.000731592
424,0.000746062
425,0.000687828
426,0.000672407
427,0.000666449
428,0.000667915
429,0.000667944
430,0.000674764
431,0.000689672
432,0.000705363
433,0.000715704
434,0.000718098
435,0.000722551
436,0.000717967
437,0.000701649
438,0.000675832
439,0.000670623
440,0.000665547
441,0.000666775
442,0.000679337
443,0.000694511
444,0.000657066
445,0.000634898
446,0.000662287
447,0.000685904
448,0.000705239
449,0.000705471
450,0.000728388
451,0.000750204
452,0.000738119
453,0.000680791
454,0.000660175
455,0.000664899
456,0.000696366
457,0.000713393
458,0.000740171
459,0.0007605
460,0.000778959
461,0.000776517
462,0.000762558
463,0.000728631
464,0.000678604
465,0.000665305
466,0.000702928
467,0.000743024
468,0.000748351
469,0.000744058
470,0.000719208
471,0.000689973
472,0.000656383
473,0.000576757
474,0.000516176
475,0.000522213
476,0.000567226
477,0.000549944
478,0.000528976
479,0.000518596
480,0.00056597
481,0.000616419
482,0.000625712
483,0.000649922
484,0.000687632
485,0.000694234
486,0.000687247
487,0.000683649
488,0.000676749
489,0.000670505
490,0.000683825
491,0.000700355
492,0.00070941
493,0.000716071
494,0.00069048
495,0.000683796
496,0.000729735
497,0.000789971
498,0.000841177
499,0.000805073
500,0.00074137
501,0.000675496
502,0.000654425
503,0.000645888
504,0.000588887
505,0.000642795
506,0.000577898
507,0.000573358
508,0.000649374
509,0.000698715
510,0.000735925
511,0.000764101
512,0.000778509
513,0.000785808
514,0.000824313
515,0.00084573
516,0.000818748
517,0.000688519
518,0.000659895
519,0.000591902
520,0.00065625
521,0.000637489
522,0.000653237
523,0.000638368
524,0.000583331
525,0.00059733
526,0.000628717
527,0.000643561
528,0.00062007
529,0.000603193
530,0.000613268
531,0.000631954
532,0.000676455
533,0.000733577
534,0.000776399
535,0.000824211
536,0.000833918
537,0.000793661
538,0.000782996
539,0.000775095
540,0.000778597
541,0.00079527
542,0.000824757
543,0.000819611
544,0.000785032
545,0.000735466
546,0.00071809
547,0.000706582
548,0.0007149
549,0.000704044
550,0.000648411
551,0.000661733
552,0.000681985
553,0.000669126
554,0.000581879
555,0.000532516
556,0.000540677
557,0.000527699
558,0.000515052
559,0.000549484
560,0.000579355
561,0.000585267
562,0.00060367
563,0.000596593
564,0.000619813
565,0.000611788
566,0.000628848
567,0.000669523
568,0.000718809
569,0.000717361
570,0.000686634
571,0.000699771
572,0.000719975
573,0.000772667
574,0.000796051
575,0.000782325
576,0.000773387
577,0.000808074
578,0.000782403
579,0.000791174
580,0.000739306
581,0.000717424
582,0.000697378
583,0.000712223
584,0.000717157
585,0.000749346
586,0.000749913
587,0.000750981
588,0.000753758
589,0.000737875
590,0.000682469
591,0.00050842
592,0.000611571
593,0.000676896
594,0.000708397
595,0.000717498
596,0.00072011
597,0.000722857
598,0.000781791
599,0.000900284
