2,0.956964
3,0.878656
4,0.807094
5,0.740543
6,0.678403
7,0.620425
8,0.566447
9,0.516374
10,0.470059
11,0.427307
12,0.388096
13,0.352199
14,0.319178
15,0.288717
16,0.260574
17,0.23456
18,0.210462
19,0.188127
20,0.167425
21,0.148188
22,0.1303
23,0.113724
24,0.0983929
25,0.0842679
26,0.0716035
27,0.0606653
28,0.0513789
29,0.0435027
30,0.0367065
31,0.0307184
32,0.0254251
33,0.0207552
34,0.0166568
35,0.0130649
36,0.0099135
37,0.00715815
38,0.004765
39,0.00272759
40,0.00128758
41,0.0012896
42,0.00213957
43,0.00286226
44,0.00331803
45,0.00354297
46,0.00364223
47,0.00366123
48,0.00357457
49,0.00337846
50,0.00316241
51,0.00285985
52,0.00246999
53,0.00246536
54,0.00243887
55,0.00232328
56,0.00215446
57,0.00203064
58,0.00193004
59,0.001797
60,0.0016839
61,0.00156101
62,0.00143826
63,0.001344
64,0.00125674
65,0.00117427
66,0.00111045
67,0.00107358
68,0.00104142
69,0.001026
70,0.00100658
71,0.000995236
72,0.000981738
73,0.000978003
74,0.00097129
75,0.000974819
76,0.000971763
77,0.000980623
78,0.000982144
79,0.000989025
80,0.000990854
81,0.0010011
82,0.00101028
83,0.0010315
84,0.00105663
85,0.00109519
86,0.00113757
87,0.00120143
88,0.00124587
89,0.0012415
90,0.00120568
91,0.00119126
92,0.00120062
93,0.00121759
94,0.00124891
95,0.00133698
96,0.00142668
97,0.0015113
98,0.00158151
99,0.00164485
100,0.00170312
101,0.00177594
102,0.00187608
103,0.00198959
104,0.00208792
105,0.0021913
106,0.00229269
107,0.00235181
108,0.00239821
109,0.00252205
110,0.00263899
111,0.00271256
112,0.002743
113,0.00275637
114,0.00274834
115,0.00272269
116,0.00271384
117,0.0026913
118,0.00261441
119,0.00249016
120,0.00232631
121,0.00215677
122,0.00198892
123,0.00178898
124,0.00159476
125,0.00144985
126,0.00131556
127,0.00119079
128,0.00107868
129,0.00102981
130,0.00101026
131,0.00101058
132,0.00100722
133,0.00100125
134,0.000980663
135,0.000972887
136,0.000958621
137,0.000955673
138,0.000952675
139,0.000951809
140,0.000940036
141,0.000938899
142,0.000934323
143,0.000926743
144,0.00091055
145,0.000901747
146,0.000889313
147,0.000890418
148,0.000884402
149,0.000888589
150,0.000901914
151,0.000932547
152,0.000954372
153,0.000968224
154,0.000963544
155,0.000953004
156,0.000948527
157,0.000968778
158,0.00096915
159,0.00095269
160,0.000927614
161,0.000915492
162,0.000894463
163,0.000879257
164,0.000866732
165,0.000877196
166,0.000880838
167,0.000896828
168,0.00090555
169,0.000911112
170,0.000902363
171,0.000891847
172,0.000881739
173,0.000882374
174,0.000881962
175,0.000881391
176,0.000882683
177,0.00088521
178,0.000878019
179,0.00087585
180,0.000864001
181,0.000863643
182,0.00087147
183,0.00087533
184,0.000865123
185,0.000864761
186,0.000886482
187,0.00094624
188,0.000929209
189,0.00088521
190,0.000878076
191,0.000870633
192,0.000864132
193,0.000867981
194,0.000879305
195,0.000900929
196,0.000933231
197,0.000976771
198,0.000961962
199,0.000902358
200,0.000872771
201,0.000871241
202,0.000882527
203,0.000792445
204,0.000286771
205,0.000677758
206,0.000866861
207,0.00086967
208,0.0008664
209,0.000850283
210,0.000847618
211,0.000851987
212,0.00087236
213,0.000878982
214,0.000885519
215,0.000879413
216,0.000856219
217,0.000832419
218,0.000836198
219,0.000832784
220,0.000838019
221,0.000852177
222,0.000869193
223,0.000882762
224,0.000863314
225,0.000838542
226,0.000837595
227,0.000837
228,0.000860158
229,0.000906886
230,0.000960945
231,0.00095371
232,0.000955238
233,0.00096898
234,0.000951416
235,0.000922223
236,0.000901027
237,0.000880262
238,0.000862329
239,0.00084152
240,0.000832404
241,0.000831185
242,0.000830104
243,0.00083039
244,0.000838169
245,0.000842676
246,0.000850037
247,0.000846983
248,0.000835318
249,0.000822267
250,0.000822915
251,0.000829839
252,0.000829758
253,0.000822432
254,0.000817803
255,0.00081812
256,0.000827933
257,0.000848171
258,0.00077996
259,0.000354752
260,0.000663123
261,0.000902007
262,0.000905449
263,0.000861468
264,0.000816166
265,0.000815993
266,0.00081397
267,0.000839473
268,0.000834241
269,0.000830674
270,0.000817052
271,0.000836866
272,0.000756663
273,0.000184954
274,0.00055321
275,0.000802876
276,0.000807269
277,0.000813754
278,0.000813682
279,0.000807661
280,0.000809739
281,0.000810059
282,0.000710933
283,0.00011653
284,0.000607747
285,0.000847238
286,0.000867921
287,0.000889224
288,0.0008542
289,0.00084523
290,0.000845917
291,0.000857204
292,0.000847989
293,0.000832869
294,0.000815217
295,0.000821974
296,0.000817892
297,0.000828043
298,0.000834702
299,0.0008388
300,0.000818141
301,0.000816127
302,0.000807121
303,0.000813069
304,0.000805418
305,0.000806963
306,0.000802954
307,0.000804774
308,0.000800603
309,0.000807391
310,0.000800894
311,0.00080556
312,0.000792253
313,0.000795354
314,0.000789118
315,0.00081111
316,0.000730859
317,0.000262511
318,0.000603168
319,0.000843267
320,0.00090336
321,0.000899777
322,0.00088009
323,0.000857423
324,0.000838841
325,0.00081814
326,0.000803994
327,0.000793696
328,0.000791862
329,0.000793667
330,0.000792628
331,0.000785201
332,0.000788359
333,0.000785471
334,0.000789139
335,0.000793397
336,0.000818037
337,0.000796325
338,0.000800507
339,0.000816529
340,0.000820806
341,0.000834643
342,0.000755417
343,0.000256956
344,0.000573038
345,0.000804554
346,0.000795179
347,0.000794617
348,0.000781892
349,0.000789368
350,0.000787041
351,0.000801214
352,0.000695092
353,0.000161286
354,0.000636192
355,0.000798443
356,0.000805622
357,0.000803979
358,0.000809214
359,0.000805798
360,0.000814061
361,0.000814172
362,0.00081331
363,0.000806465
364,0.000810825
365,0.000809278
366,0.000814007
367,0.000810847
368,0.000808739
369,0.000793553
370,0.00079724
371,0.000792433
372,0.000791809
373,0.000786756
374,0.000791301
375,0.000786097
376,0.000790727
377,0.000785711
378,0.000792664
379,0.000788053
380,0.000796592
381,0.000801728
382,0.000806342
383,0.000802883
384,0.000807289
385,0.000796615
386,0.000798873
387,0.000793029
388,0.000791134
389,0.000784579
390,0.000785243
391,0.000778155
392,0.000792347
393,0.000806585
394,0.0008293
395,0.000831228
396,0.000805179
397,0.000780554
398,0.00077929
399,0.000773201
400,0.000782088
401,0.000789576
402,0.000810656
403,0.000812866
404,0.000795777
405,0.00076476
406,0.000770501
407,0.00077271
408,0.000775685
409,0.000667034
410,8.59137e-05
411,0.000562152
412,0.000763513
413,0.000764102
414,0.000760601
415,0.00076303
416,0.000759066
417,0.000765618
418,0.000771567
419,0.000790513
420,0.000798653
421,0.000805958
422,0.000811354
423,0.000834392
424,0.000823934
425,0.000778231
426,0.000759158
427,0.000760396
428,0.000757436
429,0.000757786
430,0.000757817
431,0.000763674
432,0.000768922
433,0.000774222
434,0.000777019
435,0.000782811
436,0.000783094
437,0.000775224
438,0.000763535
439,0.000760579
440,0.000756997
441,0.000758221
442,0.000762619
443,0.000773476
444,0.000774783
445,0.000782704
446,0.000798785
447,0.000816627
448,0.000821263
449,0.000829494
450,0.000847947
451,0.000846693
452,0.000818115
453,0.000685582
454,0.000119107
455,0.00059368
456,0.000789937
457,0.000773491
458,0.000785923
459,0.000809392
460,0.000839466
461,0.000851218
462,0.000853053
463,0.000825697
464,0.000777578
465,0.000747554
466,0.000780697
467,0.000797001
468,0.000809083
469,0.000805995
470,0.000793568
471,0.000766144
472,0.000752512
473,0.000750577
474,0.00075465
475,0.000753578
476,0.000756748
477,0.000753274
478,0.000760795
479,0.000765357
480,0.000767599
481,0.00075561
482,0.000755668
483,0.000766588
484,0.000781767
485,0.000769786
486,0.000763222
487,0.000758163
488,0.000755766
489,0.00075384
490,0.000767367
491,0.000769951
492,0.000785237
493,0.000788061
494,0.000753142
495,0.000754048
496,0.000793816
497,0.000853677
498,0.000903993
499,0.000890595
500,0.000828702
501,0.00076202
502,0.000743876
503,0.000748171
504,0.000762315
505,0.000767946
506,0.000755439
507,0.000741078
508,0.000744324
509,0.000761703
510,0.000800189
511,0.000826631
512,0.000845249
513,0.000851459
514,0.000882349
515,0.000901325
516,0.000877147
517,0.000690037
518,7.59433e-05
519,0.00053038
520,0.000790258
521,0.000780409
522,0.000788024
523,0.000773937
524,0.000734201
525,0.00074427
526,0.000761499
527,0.000767236
528,0.000750568
529,0.000738161
530,0.000749237
531,0.000777809
532,0.000798131
533,0.000807697
534,0.000807819
535,0.000814728
536,0.000799388
537,0.000763245
538,0.000743264
539,0.000738951
540,0.000745332
541,0.00076448
542,0.000790274
543,0.000809248
544,0.00079915
545,0.000765602
546,0.000748529
547,0.000746385
548,0.000753814
549,0.00075439
550,0.000749535
551,0.000748622
552,0.00075592
553,0.000745893
554,0.000742397
555,0.000734387
556,0.000731951
557,0.000728603
558,0.000732864
559,0.000731127
560,0.000735646
561,0.000640911
562,8.41105e-05
563,0.000569839
564,0.000729374
565,0.000729107
566,0.000729418
567,0.000728672
568,0.000730701
569,0.000728471
570,0.000727464
571,0.000730533
572,0.000736753
573,0.000759104
574,0.000762225
575,0.000740274
576,0.000727195
577,0.000745571
578,0.000724658
579,0.000778971
580,0.000734278
581,0.000727425
582,0.000726168
583,0.000732931
584,0.000730055
585,0.000741162
586,0.000736051
587,0.000731203
588,0.000724554
589,0.000727002
590,0.000732459
591,0.000724979
592,0.000721875
593,0.000731936
594,0.000732708
595,0.00072356
596,0.000722419
597,0.000725718
598,0.000781496
599,0.000902856
