2,0.957989
3,0.881547
4,0.811618
5,0.746407
6,0.685288
7,0.628057
8,0.574569
9,0.524725
10,0.478397
11,0.435446
12,0.39588
13,0.359615
14,0.32621
15,0.295287
16,0.26666
17,0.240159
18,0.215593
19,0.192824
20,0.171747
21,0.1522
22,0.134064
23,0.117291
24,0.101782
25,0.087435
26,0.0744747
27,0.0632672
28,0.0537879
29,0.0457422
30,0.0387774
31,0.0326139
32,0.0271393
33,0.0223255
34,0.0180995
35,0.0143522
36,0.0110337
37,0.00811289
38,0.0055323
39,0.00329219
40,0.0015555
41,0.00116822
42,0.00199148
43,0.00276281
44,0.00329144
45,0.00354521
46,0.0036406
47,0.00366173
48,0.00357279
49,0.00337795
50,0.00316154
51,0.0028566
52,0.0024696
53,0.00246601
54,0.00244053
55,0.00232186
56,0.00215492
57,0.00202884
58,0.00192897
59,0.00179355
60,0.0016839
61,0.00155884
62,0.00143764
63,0.00134119
64,0.00125661
65,0.00117124
66,0.00111055
67,0.0010689
68,0.00103959
69,0.00102216
70,0.00100846
71,0.000991646
72,0.000981186
73,0.000973031
74,0.000970111
75,0.000969231
76,0.000972164
77,0.000975179
78,0.000981718
79,0.000985253
80,0.000991464
81,0.000994656
82,0.00100956
83,0.00102775
84,0.0010557
85,0.00108986
86,0.00113674
87,0.00119765
88,0.00124482
89,0.001235
90,0.00120562
91,0.00118675
92,0.0012017
93,0.00121258
94,0.00124963
95,0.00133319
96,0.0014278
97,0.00150789
98,0.00158068
99,0.00164002
100,0.00170311
101,0.00177234
102,0.00187677
103,0.0019864
104,0.00208614
105,0.00219057
106,0.00229314
107,0.00234926
108,0.00240406
109,0.00252026
110,0.00263992
111,0.00271137
112,0.002743
113,0.00275398
114,0.00274691
115,0.00272093
116,0.00271345
117,0.00269058
118,0.00261346
119,0.00248883
120,0.00232574
121,0.00215229
122,0.00198942
123,0.00178536
124,0.00159505
125,0.00144546
126,0.00131678
127,0.00118429
128,0.00107942
129,0.00102506
130,0.00101133
131,0.00100234
132,0.00100802
133,0.000995615
134,0.000979641
135,0.000965903
136,0.000960797
137,0.000948711
138,0.000953587
139,0.000944585
140,0.000940062
141,0.000933577
142,0.000934418
143,0.000919486
144,0.000911181
145,0.000896026
146,0.000891743
147,0.000884819
148,0.000885081
149,0.000881596
150,0.000902996
151,0.000925313
152,0.000955182
153,0.000962927
154,0.000964932
155,0.000947304
156,0.000949401
157,0.000960604
158,0.000972217
159,0.00094575
160,0.000930563
161,0.000908294
162,0.000893748
163,0.000870881
164,0.000867288
165,0.000868413
166,0.000883643
167,0.000886696
168,0.00090445
169,0.000904915
170,0.000903363
171,0.00088297
172,0.00088337
173,0.000875453
174,0.000881232
175,0.000875336
176,0.000882829
177,0.000876201
178,0.000880152
179,0.000868927
180,0.000864093
181,0.000853233
182,0.000871633
183,0.00086856
184,0.000866901
185,0.000856858
186,0.000886818
187,0.000937955
188,0.000929628
189,0.000876488
190,0.000876778
191,0.00086087
192,0.000864029
193,0.000858477
194,0.000877609
195,0.000892642
196,0.000934152
197,0.000969804
198,0.000961751
199,0.000894648
200,0.000873195
201,0.000860823
202,0.000885176
203,0.000748734
204,0.000294916
205,0.000690285
206,0.000858384
207,0.000870854
208,0.000855534
209,0.000849
210,0.000838026
211,0.000850981
212,0.000860751
213,0.000878283
214,0.000877314
215,0.000880572
216,0.000845929
217,0.000834133
218,0.00082689
219,0.000831511
220,0.000827145
221,0.00085218
222,0.000860261
223,0.000884956
224,0.000853643
225,0.000837355
226,0.000826942
227,0.000836042
228,0.000849705
229,0.000910409
230,0.000954508
231,0.000955483
232,0.000946022
233,0.000969799
234,0.000942499
235,0.000922465
236,0.000891387
237,0.000881642
238,0.000853815
239,0.000841592
240,0.000821706
241,0.000831038
242,0.000819136
243,0.000830501
244,0.000827538
245,0.00084228
246,0.00083888
247,0.000848178
248,0.000823108
249,0.000822641
250,0.000810866
251,0.000829608
252,0.000818107
253,0.000823397
254,0.000806807
255,0.000819315
256,0.000817897
257,0.000851039
258,0.000758183
259,0.000351246
260,0.000669654
261,0.000890208
262,0.000904995
263,0.00085121
264,0.000816186
265,0.000803118
266,0.000816402
267,0.000827824
268,0.000835946
269,0.000818101
270,0.000818722
271,0.000827245
272,0.000745696
273,0.000178445
274,0.00054213
275,0.000801566
276,0.000796271
277,0.000813828
278,0.000802398
279,0.000809072
280,0.000797784
281,0.000812416
282,0.000696183
283,0.000114832
284,0.000616076
285,0.000837608
286,0.000868486
287,0.000878626
288,0.000852397
289,0.000833527
290,0.000846924
291,0.000846368
292,0.000849084
293,0.00082025
294,0.000814703
295,0.000811221
296,0.000819412
297,0.00081813
298,0.000836169
299,0.000827425
300,0.000817885
301,0.000804985
302,0.000808101
303,0.000799992
304,0.000805583
305,0.000797205
306,0.000802275
307,0.000791691
308,0.000799517
309,0.000796485
310,0.000801747
311,0.000793115
312,0.000793514
313,0.000783613
314,0.000790929
315,0.000801404
316,0.000725064
317,0.000258979
318,0.000598444
319,0.000843504
320,0.000894653
321,0.000901371
322,0.000868797
323,0.000857941
324,0.000827307
325,0.000818954
326,0.000792715
327,0.000791404
328,0.000779376
329,0.000794798
330,0.000782466
331,0.000786097
332,0.000777013
333,0.000785754
334,0.000777365
335,0.000793814
336,0.000805888
337,0.000798018
338,0.000783991
339,0.000815315
340,0.000814941
341,0.000836445
342,0.000727318
343,0.000254209
344,0.000595316
345,0.00078925
346,0.0007975
347,0.000783561
348,0.000784894
349,0.000775793
350,0.000790285
351,0.000787407
352,0.000571927
353,0.000225403
354,0.000652093
355,0.00079818
356,0.000793654
357,0.000804992
358,0.000798485
359,0.000806049
360,0.000803998
361,0.00081381
362,0.000801509
363,0.000807946
364,0.000799994
365,0.000808503
366,0.000801764
367,0.000809737
368,0.00079535
369,0.000793848
370,0.000785145
371,0.000791859
372,0.000781802
373,0.000787025
374,0.000779328
375,0.000787254
376,0.000779147
377,0.000787109
378,0.000783307
379,0.000789918
380,0.000784683
381,0.000799923
382,0.000793993
383,0.000803085
384,0.000794091
385,0.000797664
386,0.000789781
387,0.000794325
388,0.000780777
389,0.000783331
390,0.00077414
391,0.00077856
392,0.000781956
393,0.000806763
394,0.000819939
395,0.000831897
396,0.00079538
397,0.000780232
398,0.000768372
399,0.000772155
400,0.000768962
401,0.000790224
402,0.000799167
403,0.000813524
404,0.000783781
405,0.000765252
406,0.000759412
407,0.00077118
408,0.000765122
409,0.000659496
410,6.82584e-05
411,0.00056562
412,0.000765615
413,0.000754565
414,0.000759855
415,0.000751209
416,0.000758257
417,0.000754883
418,0.000773019
419,0.000781746
420,0.000798356
421,0.00079521
422,0.000810795
423,0.000825152
424,0.000823889
425,0.000767913
426,0.000759239
427,0.000750002
428,0.000755684
429,0.000746477
430,0.000759026
431,0.000755977
432,0.0007697
433,0.000764772
434,0.000777306
435,0.000773164
436,0.000784659
437,0.000766031
438,0.000763514
439,0.000749649
440,0.000756498
441,0.000748745
442,0.00076502
443,0.000761462
444,0.000771081
445,0.0007723
446,0.000798765
447,0.000808984
448,0.000822951
449,0.000822475
450,0.000849671
451,0.000839687
452,0.000819822
453,0.00066443
454,0.000112388
455,0.000606603
456,0.000784171
457,0.000774593
458,0.000776874
459,0.000809929
460,0.000831766
461,0.000850821
462,0.000844338
463,0.000827728
464,0.00076824
465,0.000748024
466,0.000771796
467,0.00079678
468,0.000801151
469,0.000805018
470,0.0007831
471,0.000764213
472,0.000745811
473,0.000750223
474,0.000746547
475,0.00075445
476,0.000748701
477,0.000753073
478,0.000755662
479,0.000766116
480,0.00075823
481,0.000756351
482,0.000749218
483,0.00076876
484,0.000775034
485,0.000771302
486,0.000756645
487,0.0007575
488,0.00074707
489,0.000750246
490,0.000757859
491,0.00077027
492,0.000776617
493,0.000789038
494,0.000746954
495,0.000752886
496,0.000787699
497,0.000853694
498,0.000897581
499,0.000890443
500,0.000824927
501,0.00076411
502,0.000738818
503,0.000749046
504,0.000757416
505,0.000768994
506,0.000750917
507,0.000742439
508,0.000735549
509,0.000761767
510,0.000795118
511,0.000825136
512,0.000838263
513,0.000849882
514,0.000877282
515,0.000901476
516,0.00087235
517,0.000686238
518,6.75812e-05
519,0.000534667
520,0.000793118
521,0.000774117
522,0.000786092
523,0.000767989
524,0.000734992
525,0.000738627
526,0.000761779
527,0.000762184
528,0.000750592
529,0.00073539
530,0.000750778
531,0.000775787
532,0.000798789
533,0.000801504
534,0.000807913
535,0.000808523
536,0.000798336
537,0.000757983
538,0.000744622
539,0.000734386
540,0.000744772
541,0.000760381
542,0.000790116
543,0.000805573
544,0.000799302
545,0.00076066
546,0.000745915
547,0.000742141
548,0.000753606
549,0.000750645
550,0.000747445
551,0.000745518
552,0.000757252
553,0.000741926
554,0.000741104
555,0.000733805
556,0.000732886
557,0.00072554
558,0.000731445
559,0.000725882
560,0.000734789
561,0.000626241
562,7.53858e-05
563,0.000578113
564,0.000726886
565,0.000730544
566,0.000727155
567,0.000728551
568,0.000727539
569,0.000728007
570,0.000722928
571,0.000728805
572,0.000731915
573,0.000757877
574,0.00076098
575,0.00074007
576,0.000727812
577,0.000748258
578,0.000726862
579,0.000782039
580,0.000737444
581,0.000729317
582,0.000725635
583,0.00073037
584,0.000723898
585,0.000735166
586,0.00073167
587,0.000727846
588,0.000722601
589,0.000727129
590,0.000733972
591,0.000724317
592,0.000724588
593,0.000730827
594,0.000732151
595,0.000722115
596,0.000721701
597,0.000723806
598,0.0007825
599,0.000902462
