2,0.958919
3,0.884113
4,0.815562
5,0.751543
6,0.69141
7,0.634936
8,0.581969
9,0.53243
10,0.486223
11,0.443227
12,0.403476
13,0.366927
14,0.333178
15,0.301859
16,0.272787
17,0.245808
18,0.220802
19,0.197617
20,0.17615
21,0.156297
22,0.137886
23,0.120797
24,0.10497
25,0.0902183
26,0.0766723
27,0.0650866
28,0.055403
29,0.0473761
30,0.0406509
31,0.0344945
32,0.0288372
33,0.0237827
34,0.0193094
35,0.0154523
36,0.0121728
37,0.00924571
38,0.00659873
39,0.00418004
40,0.0020849
41,0.0010655
42,0.0017784
43,0.00266677
44,0.00326966
45,0.00353493
46,0.00362095
47,0.00366157
48,0.00357218
49,0.00337481
50,0.00315834
51,0.00281076
52,0.00248188
53,0.00247725
54,0.00243628
55,0.00231822
56,0.00215418
57,0.00202875
58,0.00192898
59,0.00179417
60,0.00168277
61,0.00155778
62,0.00143757
63,0.00134191
64,0.00125616
65,0.0011736
66,0.0011085
67,0.00107087
68,0.00103804
69,0.00102345
70,0.00100515
71,0.000993875
72,0.000978939
73,0.000975137
74,0.000969497
75,0.000972007
76,0.000971389
77,0.000976298
78,0.000980387
79,0.000987267
80,0.000989039
81,0.000998098
82,0.001008
83,0.00102977
84,0.00105633
85,0.00109319
86,0.00113343
87,0.00119942
88,0.00124246
89,0.0012372
90,0.00120373
91,0.00118817
92,0.00120029
93,0.00121311
94,0.00124743
95,0.00133486
96,0.00142377
97,0.00150938
98,0.00157961
99,0.00164222
100,0.00170123
101,0.00177419
102,0.00187464
103,0.0019863
104,0.00208507
105,0.00219127
106,0.00228727
107,0.00233161
108,0.00239204
109,0.00252177
110,0.00263752
111,0.0027133
112,0.0027417
113,0.00275478
114,0.00274749
115,0.00272161
116,0.00271287
117,0.00269223
118,0.00261298
119,0.00248945
120,0.00232609
121,0.00215503
122,0.00198858
123,0.00178627
124,0.00159379
125,0.00144816
126,0.00131461
127,0.00118804
128,0.00107859
129,0.00102771
130,0.00101005
131,0.00100837
132,0.00100627
133,0.000998563
134,0.000978504
135,0.0009699
136,0.000956739
137,0.000953234
138,0.000951792
139,0.000949135
140,0.000936993
141,0.000936041
142,0.000930347
143,0.000923054
144,0.000907538
145,0.000899142
146,0.000887468
147,0.000889257
148,0.000881606
149,0.000886005
150,0.000898906
151,0.000931883
152,0.000951731
153,0.000967066
154,0.000960924
155,0.000950081
156,0.000944497
157,0.000967153
158,0.000968293
159,0.000949327
160,0.000925872
161,0.000913364
162,0.00089242
163,0.000876125
164,0.000865241
165,0.000875695
166,0.000877217
167,0.000893855
168,0.000902882
169,0.000910563
170,0.000898367
171,0.000890271
172,0.000878447
173,0.000882237
174,0.000880267
175,0.000881164
176,0.000878978
177,0.000884265
178,0.000876099
179,0.000876246
180,0.000860723
181,0.000859546
182,0.000866319
183,0.000874577
184,0.000863785
185,0.000862862
186,0.000881712
187,0.000946448
188,0.000926747
189,0.000884052
190,0.000873
191,0.000870243
192,0.000861183
193,0.000866964
194,0.000874826
195,0.000898449
196,0.000930384
197,0.00097659
198,0.000958799
199,0.00090156
200,0.000870268
201,0.000847856
202,0.000520157
203,0.000415814
204,0.000758461
205,0.000857833
206,0.000867419
207,0.000869485
208,0.000866043
209,0.000848142
210,0.000846953
211,0.000851151
212,0.000868998
213,0.000877607
214,0.000882535
215,0.00087753
216,0.000855347
217,0.000829998
218,0.000835452
219,0.000831472
220,0.000835441
221,0.000848109
222,0.000868481
223,0.000881073
224,0.000862037
225,0.000834784
226,0.000834311
227,0.000833207
228,0.000859825
229,0.000906625
230,0.000961909
231,0.000950965
232,0.000955152
233,0.000967066
234,0.000951059
235,0.000919105
236,0.000898822
237,0.000876173
238,0.00086142
239,0.000838336
240,0.000832256
241,0.000828636
242,0.000829814
243,0.000826228
244,0.00083655
245,0.000838185
246,0.000848301
247,0.000843856
248,0.000833991
249,0.000818671
250,0.000822835
251,0.000826648
252,0.00082995
253,0.00082001
254,0.000819653
255,0.000814104
256,0.000828977
257,0.000842176
258,0.000701633
259,0.000347834
260,0.000690069
261,0.000898989
262,0.000903039
263,0.000860774
264,0.000815725
265,0.000813271
266,0.000813117
267,0.000840284
268,0.000833191
269,0.000827598
270,0.000817602
271,0.000833469
272,0.000702029
273,0.00016874
274,0.000577496
275,0.000797732
276,0.000807928
277,0.000811201
278,0.000814425
279,0.000803869
280,0.000809196
281,0.000806752
282,0.000659356
283,0.000111123
284,0.000617126
285,0.000843355
286,0.000864368
287,0.000890011
288,0.000853302
289,0.000846298
290,0.00084487
291,0.000857967
292,0.000847608
293,0.000834221
294,0.000812721
295,0.000822259
296,0.000815933
297,0.000828629
298,0.00083451
299,0.00083891
300,0.000815677
301,0.00081555
302,0.000807173
303,0.000811671
304,0.000804022
305,0.000807832
306,0.000800377
307,0.000802091
308,0.000802072
309,0.000805707
310,0.000800301
311,0.000803661
312,0.000793149
313,0.000792255
314,0.000793198
315,0.000806745
316,0.000523533
317,0.000284481
318,0.000683035
319,0.000839834
320,0.000916606
321,0.000897277
322,0.000881396
323,0.000854646
324,0.000839639
325,0.000815371
326,0.000808554
327,0.000787943
328,0.000794085
329,0.000788501
330,0.00079449
331,0.000782289
332,0.000788735
333,0.000781246
334,0.00079055
335,0.000791222
336,0.000820494
337,0.000792871
338,0.000800631
339,0.000808203
340,0.000830817
341,0.00074371
342,0.000289322
343,0.000576029
344,0.000800781
345,0.000807021
346,0.000793122
347,0.000794545
348,0.00078091
349,0.000787405
350,0.000788046
351,0.000662117
352,0.00013381
353,0.000597068
354,0.000806901
355,0.000797457
356,0.000807503
357,0.000802206
358,0.000812065
359,0.000806349
360,0.000817768
361,0.000810946
362,0.000811743
363,0.000805405
364,0.000811923
365,0.000807095
366,0.000815931
367,0.000809017
368,0.000806084
369,0.000791567
370,0.000798338
371,0.000790438
372,0.000795465
373,0.00078596
374,0.000793904
375,0.000787449
376,0.000794092
377,0.000786658
378,0.000792526
379,0.000785898
380,0.00079737
381,0.000798284
382,0.000808477
383,0.000800393
384,0.000806854
385,0.000795626
386,0.000804013
387,0.000790912
388,0.000793582
389,0.000782806
390,0.000787351
391,0.000777834
392,0.000792203
393,0.000804066
394,0.000832693
395,0.000830447
396,0.000807155
397,0.000777439
398,0.000780607
399,0.000769227
400,0.000781092
401,0.000785516
402,0.000810956
403,0.000812614
404,0.00079431
405,0.000763261
406,0.000770238
407,0.000769988
408,0.000774382
409,0.000608453
410,7.77481e-05
411,0.000575214
412,0.00075976
413,0.000765474
414,0.000758976
415,0.00076407
416,0.000757187
417,0.000765545
418,0.000769652
419,0.000791082
420,0.00079601
421,0.000807695
422,0.000810726
423,0.000837279
424,0.000822829
425,0.00078058
426,0.000756793
427,0.000762239
428,0.000753869
429,0.000760764
430,0.000756874
431,0.000766618
432,0.000766015
433,0.000776893
434,0.000776358
435,0.000785217
436,0.00078245
437,0.000778424
438,0.000762314
439,0.000761676
440,0.00075689
441,0.000761136
442,0.000758724
443,0.000775215
444,0.000772264
445,0.000784394
446,0.000796363
447,0.000819518
448,0.000818853
449,0.000832888
450,0.000845445
451,0.000853002
452,0.000814057
453,0.000640068
454,0.000103828
455,0.000606513
456,0.00079576
457,0.000773308
458,0.000788772
459,0.000806456
460,0.000838562
461,0.000849593
462,0.000853505
463,0.000826627
464,0.000780854
465,0.000746912
466,0.000782925
467,0.000795483
468,0.000811515
469,0.000804473
470,0.000794153
471,0.000764912
472,0.000756686
473,0.000748884
474,0.000754759
475,0.000749951
476,0.000757555
477,0.000750727
478,0.00076486
479,0.000766706
480,0.00076998
481,0.000755791
482,0.000759522
483,0.000766692
484,0.000782348
485,0.000769587
486,0.000765603
487,0.000756181
488,0.000754812
489,0.000752459
490,0.000767916
491,0.000769556
492,0.000787376
493,0.000787433
494,0.000756508
495,0.000752112
496,0.000796393
497,0.000854056
498,0.000906373
499,0.000890956
500,0.000829303
501,0.000759981
502,0.000746739
503,0.000747166
504,0.000765917
505,0.000764704
506,0.000756186
507,0.000736998
508,0.000742721
509,0.00075919
510,0.000800427
511,0.000821786
512,0.000842155
513,0.000848841
514,0.000883415
515,0.000905114
516,0.000879464
517,0.000644706
518,4.85646e-05
519,0.000547126
520,0.000790157
521,0.000781575
522,0.000785857
523,0.000775038
524,0.000733653
525,0.000746451
526,0.000759991
527,0.000768585
528,0.000748497
529,0.000741002
530,0.000747041
531,0.000778727
532,0.000797387
533,0.000808294
534,0.000807736
535,0.000814694
536,0.000797977
537,0.000763117
538,0.000737011
539,0.000737484
540,0.000740112
541,0.000763223
542,0.000790543
543,0.000810765
544,0.000799976
545,0.000766138
546,0.00074711
547,0.000744386
548,0.000749203
549,0.000757359
550,0.000751229
551,0.000751742
552,0.000757463
553,0.000748334
554,0.000742182
555,0.000736749
556,0.000728289
557,0.000728121
558,0.000727343
559,0.000728976
560,0.000727231
561,0.000593295
562,6.14055e-05
563,0.000571638
564,0.00072676
565,0.0007273
566,0.000730867
567,0.000728341
568,0.000727954
569,0.000725922
570,0.000727133
571,0.000728882
572,0.000734881
573,0.000757547
574,0.000763307
575,0.000738143
576,0.000726033
577,0.000744699
578,0.000725497
579,0.000775751
580,0.000735654
581,0.0007252
582,0.000726267
583,0.000732965
584,0.000726306
585,0.000734092
586,0.000730901
587,0.000727139
588,0.000724067
589,0.000730451
590,0.000735067
591,0.000724214
592,0.000721005
593,0.000727436
594,0.000729206
595,0.000719427
596,0.000722193
597,0.000723603
598,0.00078417
599,0.000901408
