2,0.961152
3,0.89031
4,0.825186
5,0.76412
6,0.706518
7,0.652109
8,0.600703
9,0.552227
10,0.50664
11,0.463882
12,0.424026
13,0.38707
14,0.352647
15,0.320476
16,0.290458
17,0.262416
18,0.236305
19,0.212122
20,0.189745
21,0.169031
22,0.149822
23,0.131993
24,0.115476
25,0.100204
26,0.0861355
27,0.0736002
28,0.0629458
29,0.0540267
30,0.0464692
31,0.0398253
32,0.0338346
33,0.028461
34,0.023657
35,0.0193727
36,0.015585
37,0.0121988
38,0.00913408
39,0.00639485
40,0.00397439
41,0.00197461
42,0.00107107
43,0.0019139
44,0.00280338
45,0.00336301
46,0.00361737
47,0.00366231
48,0.00357158
49,0.00337172
50,0.00310993
51,0.00270582
52,0.00259985
53,0.00254538
54,0.00243306
55,0.00232567
56,0.00214777
57,0.00203135
58,0.00192804
59,0.00179601
60,0.00168304
61,0.00155909
62,0.00143633
63,0.00134186
64,0.00125682
65,0.001172
66,0.00110878
67,0.00107169
68,0.00103932
69,0.00102511
70,0.00100619
71,0.000992878
72,0.000978977
73,0.000974898
74,0.000970839
75,0.000971249
76,0.000972413
77,0.000979145
78,0.000981142
79,0.000986325
80,0.000989133
81,0.000997939
82,0.00100873
83,0.00102833
84,0.0010543
85,0.00109131
86,0.00113535
87,0.00119912
88,0.00124391
89,0.00123736
90,0.00120441
91,0.00118989
92,0.0012008
93,0.00121415
94,0.00124825
95,0.00133393
96,0.00142792
97,0.00150944
98,0.00158028
99,0.00164191
100,0.00170276
101,0.00177476
102,0.00187608
103,0.00198668
104,0.00208652
105,0.00219005
106,0.00229254
107,0.0023561
108,0.0024114
109,0.00252289
110,0.00263754
111,0.00271271
112,0.00274226
113,0.00275479
114,0.00274698
115,0.00272086
116,0.00271236
117,0.00269159
118,0.00261256
119,0.00248844
120,0.00232598
121,0.00215463
122,0.0019887
123,0.0017864
124,0.00159372
125,0.00144811
126,0.00131411
127,0.00118796
128,0.00108022
129,0.00102628
130,0.00100893
131,0.00100849
132,0.00100587
133,0.000997195
134,0.000979668
135,0.000968231
136,0.000960254
137,0.000952845
138,0.000952057
139,0.000947006
140,0.000937805
141,0.00093689
142,0.000931816
143,0.00092224
144,0.000908487
145,0.000897394
146,0.000889549
147,0.000888953
148,0.000885197
149,0.000884775
150,0.000900249
151,0.000929125
152,0.00095095
153,0.000964891
154,0.000960614
155,0.000949255
156,0.000946022
157,0.000964492
158,0.000968628
159,0.000948196
160,0.000926078
161,0.000911618
162,0.000893742
163,0.000873441
164,0.000866688
165,0.000875008
166,0.000881111
167,0.000892609
168,0.000903086
169,0.000908394
170,0.000901511
171,0.00088733
172,0.000882149
173,0.000878441
174,0.000880647
175,0.000879037
176,0.000881234
177,0.00088081
178,0.000877146
179,0.000872213
180,0.000862936
181,0.000858088
182,0.000868369
183,0.000872038
184,0.000865311
185,0.000862674
186,0.000883946
187,0.000944183
188,0.000927434
189,0.000880949
190,0.000875932
191,0.00086758
192,0.000862634
193,0.000863174
194,0.000876337
195,0.000895305
196,0.000931965
197,0.000974619
198,0.00096087
199,0.000898461
200,0.000871143
201,0.00074632
202,0.000220657
203,0.000661846
204,0.00086133
205,0.000863464
206,0.000867057
207,0.000868854
208,0.000861285
209,0.000847754
210,0.000844607
211,0.000851485
212,0.000866462
213,0.000878447
214,0.000881947
215,0.000878353
216,0.000851579
217,0.000832795
218,0.000831001
219,0.000830167
220,0.000834519
221,0.000850109
222,0.000865548
223,0.000881684
224,0.000858967
225,0.000836753
226,0.000834534
227,0.00083373
228,0.000856841
229,0.000906802
230,0.000959917
231,0.000953432
232,0.000952735
233,0.000966058
234,0.000949369
235,0.000919034
236,0.000899287
237,0.000877484
238,0.000859341
239,0.00083817
240,0.000833441
241,0.000827577
242,0.000828009
243,0.000826144
244,0.000836893
245,0.000839532
246,0.000848122
247,0.000844321
248,0.000832492
249,0.000817078
250,0.00082063
251,0.000823185
252,0.000828602
253,0.00081793
254,0.000818908
255,0.000815408
256,0.000830173
257,0.000736648
258,0.000294372
259,0.000682105
260,0.000912603
261,0.000898255
262,0.000883462
263,0.00085086
264,0.00082124
265,0.000808792
266,0.000817975
267,0.000832451
268,0.000835846
269,0.000821249
270,0.000820457
271,0.000724516
272,0.000232223
273,0.000583957
274,0.000799746
275,0.000804767
276,0.00080736
277,0.000810451
278,0.000812265
279,0.000803867
280,0.00080849
281,0.000592255
282,0.000161719
283,0.000657365
284,0.00083015
285,0.000847105
286,0.000869615
287,0.000886737
288,0.000860755
289,0.000841299
290,0.000844984
291,0.000857602
292,0.000847912
293,0.000828918
294,0.000814146
295,0.000817456
296,0.000816629
297,0.000826498
298,0.000834955
299,0.000835641
300,0.000817276
301,0.000812686
302,0.000807714
303,0.000808957
304,0.000804844
305,0.000802837
306,0.000800514
307,0.000801689
308,0.000797784
309,0.000803727
310,0.00079955
311,0.000802765
312,0.000790087
313,0.000792479
314,0.000677916
315,0.000172845
316,0.000612528
317,0.000804831
318,0.000808827
319,0.000846702
320,0.000889143
321,0.000898823
322,0.000876177
323,0.000855188
324,0.000835913
325,0.000817281
326,0.000801446
327,0.000790592
328,0.000788343
329,0.000790908
330,0.000787694
331,0.000785114
332,0.000781804
333,0.000783853
334,0.000783817
335,0.000792021
336,0.000812106
337,0.000797568
338,0.000792393
339,0.000815042
340,0.000726807
341,0.00027985
342,0.000605418
343,0.000815001
344,0.000808632
345,0.000804414
346,0.000791677
347,0.000791321
348,0.000779315
349,0.000787077
350,0.000678808
351,0.000122232
352,0.00059369
353,0.000807955
354,0.000807446
355,0.000799137
356,0.000803047
357,0.000804062
358,0.000805798
359,0.000808109
360,0.000811207
361,0.000814589
362,0.000809896
363,0.00080559
364,0.000805711
365,0.00080713
366,0.000810543
367,0.000809379
368,0.000802312
369,0.000792387
370,0.000795053
371,0.000790847
372,0.000786374
373,0.000786666
374,0.000788323
375,0.000788109
376,0.000786399
377,0.00078763
378,0.000788508
379,0.000788102
380,0.000793165
381,0.00080063
382,0.000802572
383,0.000804129
384,0.000800158
385,0.000797892
386,0.000794886
387,0.000793086
388,0.000785815
389,0.000783862
390,0.000781923
391,0.000781163
392,0.000788723
393,0.000807525
394,0.000823523
395,0.000831976
396,0.000802292
397,0.000779502
398,0.000773677
399,0.000772551
400,0.000775231
401,0.000790608
402,0.000804055
403,0.000814313
404,0.000791245
405,0.000768981
406,0.000764919
407,0.000773123
408,0.000665156
409,5.72416e-05
410,0.000558546
411,0.000764943
412,0.000764548
413,0.000760859
414,0.000758521
415,0.000760752
416,0.000759667
417,0.000763977
418,0.000770352
419,0.000790085
420,0.000795536
421,0.000803993
422,0.000808055
423,0.000830964
424,0.00082214
425,0.000774775
426,0.000759416
427,0.000758731
428,0.000757096
429,0.000756203
430,0.000755508
431,0.0007644
432,0.000766654
433,0.000771319
434,0.000774364
435,0.000780545
436,0.000781276
437,0.000774184
438,0.000760676
439,0.000756717
440,0.000753267
441,0.000755629
442,0.000759258
443,0.000770107
444,0.000771303
445,0.000780826
446,0.000794887
447,0.000817062
448,0.000817377
449,0.000830127
450,0.000842984
451,0.000849484
452,0.000720929
453,0.000166163
454,0.000561117
455,0.00078776
456,0.000795008
457,0.000774203
458,0.000782719
459,0.000807925
460,0.000834662
461,0.000849699
462,0.000849606
463,0.000825971
464,0.000774432
465,0.000746603
466,0.000776938
467,0.000797963
468,0.000805445
469,0.000805404
470,0.000790003
471,0.000764824
472,0.000750213
473,0.000749276
474,0.00075059
475,0.000752431
476,0.000754102
477,0.000753259
478,0.000760317
479,0.000766497
480,0.000761024
481,0.000756097
482,0.000751036
483,0.000766799
484,0.0007743
485,0.000769585
486,0.000760901
487,0.000759174
488,0.00074955
489,0.000750924
490,0.000763113
491,0.000769905
492,0.000780679
493,0.00078898
494,0.000752131
495,0.000756146
496,0.000793451
497,0.00085613
498,0.000901861
499,0.00089096
500,0.000824886
501,0.000760923
502,0.000739513
503,0.0007471
504,0.000760916
505,0.000769829
506,0.000750678
507,0.000740321
508,0.000735027
509,0.000761217
510,0.00079524
511,0.00082682
512,0.00083898
513,0.000853198
514,0.000880088
515,0.000903695
516,0.00080025
517,0.000259972
518,0.000540404
519,0.000732189
520,0.000794994
521,0.000771305
522,0.000787448
523,0.000771198
524,0.000735843
525,0.00074503
526,0.000760809
527,0.000764805
528,0.000748294
529,0.000738408
530,0.000750646
531,0.000778726
532,0.000796459
533,0.000805207
534,0.000804963
535,0.000811581
536,0.000796513
537,0.000761086
538,0.000741575
539,0.000737206
540,0.000742361
541,0.000763442
542,0.000786918
543,0.000809126
544,0.000799269
545,0.000767084
546,0.000746403
547,0.000743292
548,0.000748718
549,0.000754856
550,0.000744879
551,0.000751216
552,0.000753067
553,0.000748031
554,0.000739406
555,0.000739298
556,0.000727602
557,0.000730076
558,0.000726255
559,0.000731371
560,0.000628496
561,6.68333e-05
562,0.000549652
563,0.000742567
564,0.000730668
565,0.000728075
566,0.000725359
567,0.000726267
568,0.000726372
569,0.000726013
570,0.000724955
571,0.000728809
572,0.000733957
573,0.00075676
574,0.000760331
575,0.000739823
576,0.000727458
577,0.000745186
578,0.000725228
579,0.000782664
580,0.000736838
581,0.000727685
582,0.000724339
583,0.000729169
584,0.000724836
585,0.000734074
586,0.000733364
587,0.000728575
588,0.000722151
589,0.000728622
590,0.000733173
591,0.000725454
592,0.000723047
593,0.00073144
594,0.000730129
595,0.00072179
596,0.000721093
597,0.000722431
598,0.000783049
599,0.000904854
