2,0.961762
3,0.892019
4,0.827879
5,0.767693
6,0.7108
7,0.656978
8,0.606121
9,0.558091
10,0.512783
11,0.470146
12,0.430294
13,0.393252
14,0.358697
15,0.326366
16,0.296157
17,0.26793
18,0.241621
19,0.21717
20,0.194453
21,0.173391
22,0.153871
23,0.135757
24,0.119019
25,0.103616
26,0.0894366
27,0.0766207
28,0.0655337
29,0.0563007
30,0.048539
31,0.0417051
32,0.0355485
33,0.0299914
34,0.0250223
35,0.0206151
36,0.0166738
37,0.0131446
38,0.00997373
39,0.00709927
40,0.00455118
41,0.00243958
42,0.00110467
43,0.00161015
44,0.00258297
45,0.00327346
46,0.00359452
47,0.00366249
48,0.00357118
49,0.00337182
50,0.00310964
51,0.00270293
52,0.00260999
53,0.0025512
54,0.00242642
55,0.00232341
56,0.00214821
57,0.00202973
58,0.00192621
59,0.00179501
60,0.00168268
61,0.00155908
62,0.00143804
63,0.00134211
64,0.00125573
65,0.00117166
66,0.0011104
67,0.00106954
68,0.00104062
69,0.00102203
70,0.00100738
71,0.000994715
72,0.000980865
73,0.000974535
74,0.000969334
75,0.000972311
76,0.0009721
77,0.000976675
78,0.000980257
79,0.000986597
80,0.000990127
81,0.000996678
82,0.0010085
83,0.00102985
84,0.00105456
85,0.00109411
86,0.00113589
87,0.00119837
88,0.00124421
89,0.00123717
90,0.00120235
91,0.00118945
92,0.0012006
93,0.00121265
94,0.0012485
95,0.00133519
96,0.00142665
97,0.00150898
98,0.00158055
99,0.00164183
100,0.00170082
101,0.00177483
102,0.0018764
103,0.00198801
104,0.00208733
105,0.00219148
106,0.00228869
107,0.00233571
108,0.00239016
109,0.00252272
110,0.0026392
111,0.002712
112,0.00274364
113,0.0027554
114,0.0027472
115,0.00272086
116,0.00271264
117,0.00269228
118,0.00261245
119,0.00248987
120,0.00232475
121,0.00215515
122,0.00198793
123,0.00178591
124,0.00159323
125,0.00144751
126,0.001316
127,0.00118794
128,0.00107643
129,0.00102713
130,0.00100988
131,0.00100618
132,0.00100477
133,0.000997857
134,0.000979322
135,0.00097016
136,0.000958003
137,0.000952316
138,0.00095058
139,0.000947207
140,0.000938607
141,0.000936211
142,0.000933111
143,0.000923364
144,0.000907222
145,0.000898559
146,0.000889581
147,0.000888335
148,0.000883204
149,0.000886662
150,0.00089938
151,0.000930163
152,0.000952514
153,0.000965836
154,0.000962418
155,0.000949866
156,0.000945396
157,0.000965628
158,0.000969159
159,0.000948498
160,0.000926517
161,0.000910357
162,0.000892649
163,0.000876523
164,0.000865999
165,0.000874045
166,0.000882508
167,0.000893292
168,0.000903569
169,0.000910047
170,0.000899779
171,0.000889929
172,0.000879538
173,0.000878366
174,0.000881272
175,0.000880262
176,0.000878623
177,0.000882242
178,0.000877658
179,0.000873741
180,0.000862118
181,0.000859216
182,0.000867272
183,0.000873569
184,0.000865958
185,0.0008623
186,0.000884455
187,0.000942918
188,0.000927833
189,0.000882001
190,0.000874975
191,0.000865872
192,0.000862296
193,0.000864554
194,0.000877558
195,0.000897449
196,0.000932781
197,0.000972969
198,0.000961501
199,0.000900729
200,0.000872329
201,0.000745224
202,0.000220548
203,0.000668046
204,0.000860507
205,0.000864878
206,0.00086609
207,0.00087112
208,0.000863409
209,0.000847687
210,0.00084413
211,0.000850925
212,0.000867671
213,0.000877215
214,0.000881858
215,0.000879429
216,0.000851957
217,0.000833031
218,0.000833563
219,0.000831315
220,0.000835547
221,0.000849129
222,0.000867394
223,0.000881891
224,0.00086129
225,0.000837346
226,0.000833426
227,0.000833516
228,0.000857726
229,0.000907934
230,0.000960045
231,0.000955229
232,0.000954241
233,0.000967648
234,0.000948809
235,0.000921342
236,0.000898321
237,0.000879697
238,0.000859948
239,0.000840793
240,0.000828863
241,0.000828539
242,0.000826501
243,0.000828836
244,0.000834705
245,0.000842167
246,0.000846284
247,0.000845839
248,0.00083003
249,0.000821272
250,0.000818776
251,0.000829301
252,0.000825235
253,0.000824337
254,0.000812801
255,0.000819777
256,0.000754692
257,0.000256375
258,0.000646088
259,0.000928831
260,0.000925105
261,0.000893279
262,0.000859207
263,0.000836502
264,0.000815347
265,0.000813087
266,0.000813294
267,0.000836617
268,0.000833702
269,0.000828457
270,0.00071149
271,0.000204524
272,0.000593887
273,0.000810196
274,0.000803552
275,0.00080519
276,0.00080587
277,0.000813158
278,0.00080993
279,0.000806329
280,0.000693591
281,9.61251e-05
282,0.000592333
283,0.000809138
284,0.000829892
285,0.000848811
286,0.000869206
287,0.000886729
288,0.000859492
289,0.000842481
290,0.000845281
291,0.000855289
292,0.000847559
293,0.000828377
294,0.000814282
295,0.000817843
296,0.000817297
297,0.000824358
298,0.000836011
299,0.000837978
300,0.000817841
301,0.000813351
302,0.000806204
303,0.000806063
304,0.000802478
305,0.000804163
306,0.000800013
307,0.00080206
308,0.000798894
309,0.000804081
310,0.000799356
311,0.000802101
312,0.00079129
313,0.000795576
314,0.000680832
315,0.000174493
316,0.000611642
317,0.0008039
318,0.000810515
319,0.000846535
320,0.000890834
321,0.000899438
322,0.000876343
323,0.000855251
324,0.000836013
325,0.000816774
326,0.000802973
327,0.00079047
328,0.000787795
329,0.000791705
330,0.000786987
331,0.000782149
332,0.000781986
333,0.000786504
334,0.00078472
335,0.000795603
336,0.000812874
337,0.000795806
338,0.000791172
339,0.000813558
340,0.000726842
341,0.000280915
342,0.000605504
343,0.000813462
344,0.000810028
345,0.000804052
346,0.000793118
347,0.00079101
348,0.00078001
349,0.000788275
350,0.000680679
351,0.000123171
352,0.000592982
353,0.000807506
354,0.000807128
355,0.000800843
356,0.000800402
357,0.000805108
358,0.000804462
359,0.00080772
360,0.000811102
361,0.000811411
362,0.000806657
363,0.000805963
364,0.000806085
365,0.000808221
366,0.000810741
367,0.000809787
368,0.000802884
369,0.000794558
370,0.000793651
371,0.000790848
372,0.000789338
373,0.000788754
374,0.000787127
375,0.000788387
376,0.000785283
377,0.000786647
378,0.000787505
379,0.000788229
380,0.00079158
381,0.000799067
382,0.000800998
383,0.000803632
384,0.000799893
385,0.00079845
386,0.000795521
387,0.000793212
388,0.000787034
389,0.000785437
390,0.000779553
391,0.000778066
392,0.000786103
393,0.000805726
394,0.000824003
395,0.000833199
396,0.000801269
397,0.000780582
398,0.000773332
399,0.000774753
400,0.000774668
401,0.000790089
402,0.000805049
403,0.000814004
404,0.000791742
405,0.000770081
406,0.00076176
407,0.000774257
408,0.00066735
409,6.07197e-05
410,0.00055454
411,0.000767396
412,0.000766844
413,0.000763407
414,0.000761283
415,0.000759252
416,0.000758746
417,0.000762734
418,0.000769234
419,0.000787556
420,0.000796692
421,0.000804291
422,0.000809638
423,0.000830123
424,0.000821339
425,0.000773138
426,0.00075686
427,0.000756804
428,0.000756874
429,0.000755571
430,0.000755325
431,0.000761773
432,0.000766894
433,0.000772063
434,0.000773825
435,0.000782743
436,0.000780922
437,0.000773052
438,0.000760402
439,0.000757736
440,0.000754185
441,0.000755719
442,0.000761436
443,0.000772167
444,0.000771198
445,0.000781309
446,0.000796366
447,0.000815713
448,0.000817885
449,0.000830915
450,0.000842981
451,0.000847815
452,0.000716572
453,0.000163304
454,0.000566346
455,0.000788595
456,0.000794666
457,0.000772871
458,0.000782881
459,0.000808377
460,0.000836559
461,0.000850729
462,0.000848571
463,0.000825698
464,0.000773236
465,0.000746761
466,0.000776781
467,0.000795187
468,0.000805201
469,0.00080369
470,0.00078928
471,0.000763241
472,0.000749488
473,0.000749147
474,0.000750261
475,0.00075368
476,0.00075492
477,0.000754857
478,0.000761592
479,0.000766297
480,0.000762185
481,0.000755902
482,0.000755295
483,0.000769945
484,0.000780139
485,0.000771775
486,0.000761162
487,0.000757824
488,0.000749363
489,0.000750492
490,0.0007612
491,0.000767613
492,0.000779117
493,0.00078944
494,0.000752588
495,0.000753806
496,0.000791422
497,0.000853345
498,0.000899492
499,0.000890716
500,0.000825196
501,0.000763278
502,0.000741789
503,0.000749926
504,0.000761019
505,0.000770725
506,0.000752374
507,0.000741419
508,0.000737222
509,0.000761713
510,0.000798042
511,0.000826571
512,0.000840601
513,0.000854145
514,0.000880331
515,0.000901247
516,0.000798776
517,0.00025944
518,0.000544015
519,0.000732469
520,0.000795383
521,0.000770981
522,0.000784462
523,0.000769309
524,0.000733081
525,0.000742841
526,0.000760919
527,0.000764874
528,0.000748915
529,0.000737232
530,0.000749129
531,0.000777178
532,0.000796387
533,0.000804431
534,0.000805718
535,0.000813026
536,0.000798699
537,0.000762926
538,0.00074257
539,0.000737457
540,0.0007434
541,0.000765572
542,0.000792087
543,0.000811686
544,0.000799154
545,0.000766201
546,0.000744948
547,0.000741889
548,0.000748292
549,0.000753397
550,0.000746647
551,0.000748865
552,0.000749405
553,0.000746005
554,0.000738295
555,0.000734694
556,0.000726304
557,0.000728569
558,0.000726717
559,0.000731799
560,0.000629133
561,6.973e-05
562,0.000543413
563,0.000739367
564,0.000729297
565,0.000726415
566,0.000727473
567,0.000728503
568,0.000729053
569,0.0007289
570,0.000727315
571,0.000731793
572,0.00073274
573,0.00075564
574,0.000758176
575,0.000736425
576,0.000726696
577,0.00074587
578,0.000724306
579,0.00078054
580,0.000734241
581,0.000724515
582,0.000724507
583,0.000731972
584,0.000725615
585,0.000737598
586,0.000735094
587,0.000729043
588,0.000724291
589,0.000726627
590,0.000732207
591,0.000724459
592,0.000725204
593,0.000732529
594,0.000731259
595,0.000721267
596,0.000724746
597,0.000722534
598,0.000780296
599,0.00089836
