2,0.962317
3,0.893611
4,0.830408
5,0.77102
6,0.71483
7,0.661614
8,0.611212
9,0.563525
10,0.518494
11,0.476036
12,0.436259
13,0.399232
14,0.364611
15,0.332137
16,0.301746
17,0.273328
18,0.246814
19,0.222131
20,0.199154
21,0.177802
22,0.158
23,0.139625
24,0.122612
25,0.106913
26,0.0923875
27,0.0791785
28,0.0677946
29,0.0583828
30,0.0504637
31,0.0434992
32,0.0372089
33,0.0315048
34,0.0264073
35,0.0218856
36,0.0178339
37,0.0141836
38,0.0109064
39,0.00793858
40,0.00526181
41,0.00300487
42,0.00135621
43,0.00135581
44,0.00241591
45,0.00315833
46,0.00353253
47,0.00366144
48,0.00357216
49,0.00337027
50,0.00311079
51,0.00270313
52,0.00260978
53,0.00255156
54,0.00242618
55,0.00232268
56,0.00214741
57,0.00203056
58,0.00192723
59,0.00179494
60,0.00168416
61,0.00156079
62,0.00143696
63,0.00134212
64,0.00125621
65,0.0011733
66,0.0011087
67,0.00107097
68,0.00103931
69,0.0010243
70,0.00100661
71,0.000994707
72,0.000979508
73,0.000974761
74,0.000971855
75,0.000971009
76,0.000972041
77,0.000977229
78,0.000979765
79,0.000986612
80,0.000989876
81,0.000997906
82,0.00100742
83,0.0010307
84,0.00105551
85,0.00109395
86,0.00113559
87,0.00119976
88,0.001244
89,0.00123806
90,0.00120422
91,0.00119146
92,0.00120217
93,0.0012139
94,0.00124784
95,0.00133668
96,0.00142568
97,0.00150848
98,0.00157851
99,0.00164286
100,0.00170183
101,0.00177335
102,0.00187635
103,0.00198672
104,0.00208545
105,0.00218878
106,0.00229788
107,0.00235049
108,0.0023949
109,0.00251927
110,0.00263838
111,0.0027123
112,0.00274216
113,0.00275576
114,0.00274669
115,0.00272131
116,0.00271336
117,0.00269259
118,0.00261303
119,0.00249004
120,0.00232565
121,0.00215746
122,0.00198909
123,0.00178603
124,0.00159451
125,0.00144818
126,0.00131397
127,0.00118784
128,0.0010788
129,0.00102647
130,0.00100899
131,0.00100704
132,0.00100553
133,0.000999034
134,0.000978369
135,0.000969741
136,0.000959051
137,0.00095304
138,0.000951176
139,0.000947436
140,0.000937617
141,0.000936097
142,0.000931371
143,0.000921952
144,0.000908347
145,0.000900109
146,0.000888916
147,0.00088758
148,0.000883689
149,0.000887073
150,0.000900469
151,0.000929208
152,0.000950148
153,0.000966632
154,0.000961645
155,0.000951536
156,0.000946181
157,0.000965347
158,0.000969313
159,0.000948889
160,0.00092727
161,0.000913402
162,0.000892797
163,0.00087439
164,0.000866935
165,0.000874021
166,0.000880582
167,0.000892607
168,0.000904359
169,0.000909948
170,0.000900781
171,0.000889651
172,0.000881462
173,0.000878378
174,0.000880927
175,0.000881179
176,0.000880366
177,0.000881087
178,0.000876862
179,0.000873231
180,0.000861251
181,0.000858315
182,0.00086704
183,0.000872936
184,0.000864614
185,0.000862943
186,0.00088338
187,0.000945395
188,0.000928361
189,0.000882274
190,0.000874168
191,0.00086905
192,0.000863149
193,0.000863702
194,0.000876998
195,0.000895527
196,0.000932094
197,0.000974419
198,0.000961231
199,0.000899882
200,0.000871785
201,0.000744491
202,0.000219338
203,0.000669091
204,0.00085979
205,0.000862999
206,0.000866723
207,0.000868636
208,0.000862869
209,0.000848405
210,0.00084617
211,0.000849407
212,0.000869384
213,0.000879095
214,0.000884307
215,0.000878586
216,0.000850381
217,0.000831149
218,0.000832879
219,0.000829312
220,0.000834096
221,0.000851497
222,0.000869211
223,0.000884062
224,0.000861357
225,0.000836447
226,0.000832281
227,0.000833708
228,0.000856254
229,0.000907823
230,0.000961123
231,0.000953939
232,0.00095384
233,0.00096844
234,0.0009511
235,0.000922001
236,0.000897593
237,0.000877869
238,0.000859247
239,0.00084091
240,0.000828543
241,0.000829168
242,0.000826169
243,0.000827607
244,0.000833454
245,0.000839953
246,0.00084553
247,0.000846601
248,0.000829983
249,0.000821079
250,0.000819933
251,0.000828074
252,0.000826155
253,0.00082374
254,0.000814752
255,0.000820496
256,0.000717758
257,0.000236198
258,0.000667711
259,0.000931212
260,0.000926228
261,0.000892389
262,0.000860192
263,0.000836194
264,0.000816466
265,0.000812961
266,0.00081277
267,0.00083265
268,0.000833903
269,0.000826452
270,0.000712272
271,0.000202825
272,0.000596519
273,0.000812449
274,0.000803983
275,0.000805961
276,0.00080666
277,0.000814067
278,0.000808652
279,0.000805799
280,0.000690848
281,9.73524e-05
282,0.000592299
283,0.000810898
284,0.000829021
285,0.000848388
286,0.000866777
287,0.000886242
288,0.000858908
289,0.000842931
290,0.000846388
291,0.000856334
292,0.00084777
293,0.000828238
294,0.000813353
295,0.000818329
296,0.000819426
297,0.000824869
298,0.000834639
299,0.000836599
300,0.000816236
301,0.000811704
302,0.000806401
303,0.000809583
304,0.000805213
305,0.000804623
306,0.00079968
307,0.000802085
308,0.000798369
309,0.000804983
310,0.000799525
311,0.000802453
312,0.00079009
313,0.000794461
314,0.0006812
315,0.000173538
316,0.000612327
317,0.00080574
318,0.000809877
319,0.000845311
320,0.000889334
321,0.000898979
322,0.000877998
323,0.000854444
324,0.000836408
325,0.000816949
326,0.000800394
327,0.000790997
328,0.000788417
329,0.000790404
330,0.000787853
331,0.000784482
332,0.000782845
333,0.000785713
334,0.000786174
335,0.000793758
336,0.000812872
337,0.000796925
338,0.000790889
339,0.00081418
340,0.000727314
341,0.000279822
342,0.00060653
343,0.000815354
344,0.00081016
345,0.000801151
346,0.00079411
347,0.00079128
348,0.000780407
349,0.000786621
350,0.000678262
351,0.000121784
352,0.000594188
353,0.000806446
354,0.000808356
355,0.0007998
356,0.000801944
357,0.000804005
358,0.000804977
359,0.000807374
360,0.000811472
361,0.00081202
362,0.000809873
363,0.000805765
364,0.000805637
365,0.000807933
366,0.000808137
367,0.000809556
368,0.000801845
369,0.000793867
370,0.000792706
371,0.000791161
372,0.00078842
373,0.000788529
374,0.000786686
375,0.000786234
376,0.000785947
377,0.000788428
378,0.000788115
379,0.000789295
380,0.000792223
381,0.000800377
382,0.000800921
383,0.000802244
384,0.000799814
385,0.000797837
386,0.000794941
387,0.000791789
388,0.000785802
389,0.000783756
390,0.00077857
391,0.000779012
392,0.000787937
393,0.000805619
394,0.000826712
395,0.000832661
396,0.000800265
397,0.00078064
398,0.000773525
399,0.000774764
400,0.00077658
401,0.000791122
402,0.000801931
403,0.000813093
404,0.00078877
405,0.000769168
406,0.000762584
407,0.00077394
408,0.000665091
409,5.82296e-05
410,0.000554915
411,0.000764429
412,0.000763302
413,0.000760623
414,0.000759363
415,0.000759701
416,0.000758129
417,0.000762995
418,0.00077145
419,0.000788679
420,0.000796467
421,0.000804885
422,0.000810769
423,0.000831362
424,0.000821526
425,0.000776115
426,0.000756098
427,0.000757985
428,0.000754122
429,0.000754771
430,0.00075747
431,0.00076322
432,0.000768238
433,0.000775469
434,0.000776383
435,0.000782475
436,0.000781085
437,0.000773182
438,0.000762448
439,0.000757761
440,0.000751572
441,0.000753443
442,0.000759501
443,0.000770916
444,0.000771091
445,0.000779875
446,0.000795441
447,0.000816984
448,0.000817407
449,0.000830505
450,0.000843163
451,0.000847147
452,0.00071889
453,0.000163327
454,0.0005654
455,0.000787973
456,0.000793971
457,0.000773604
458,0.000780865
459,0.000807718
460,0.000834871
461,0.000850879
462,0.000848732
463,0.000826854
464,0.000775101
465,0.000747399
466,0.000777281
467,0.000797825
468,0.000805034
469,0.000805859
470,0.00078983
471,0.000764069
472,0.000750225
473,0.000749851
474,0.00075076
475,0.000750839
476,0.000754309
477,0.000752968
478,0.000760321
479,0.000767393
480,0.00076413
481,0.00075729
482,0.000754434
483,0.000766773
484,0.000778596
485,0.000770411
486,0.000761184
487,0.000757343
488,0.000750671
489,0.000750052
490,0.000761531
491,0.000768611
492,0.000781161
493,0.00078935
494,0.000752712
495,0.000755122
496,0.000793191
497,0.000854915
498,0.000902257
499,0.000891338
500,0.000824827
501,0.000762251
502,0.00074177
503,0.000749248
504,0.000762157
505,0.000769768
506,0.000751298
507,0.000741467
508,0.000738673
509,0.000761895
510,0.000795052
511,0.000825191
512,0.000839627
513,0.000852022
514,0.00088191
515,0.000902669
516,0.000797225
517,0.000259981
518,0.000543441
519,0.000731543
520,0.000793272
521,0.000771842
522,0.000787956
523,0.000771184
524,0.000736128
525,0.000742542
526,0.00076153
527,0.000762085
528,0.000746107
529,0.000735997
530,0.000748524
531,0.000779168
532,0.000796525
533,0.000806139
534,0.000807083
535,0.000814964
536,0.0007969
537,0.00076261
538,0.000740621
539,0.000735796
540,0.000741671
541,0.000761018
542,0.000784986
543,0.000807648
544,0.000797665
545,0.000768081
546,0.000747822
547,0.000745223
548,0.000748439
549,0.000755703
550,0.00074781
551,0.000746223
552,0.000746905
553,0.000744792
554,0.000736717
555,0.000736337
556,0.000728685
557,0.000729884
558,0.000729335
559,0.000732316
560,0.000629651
561,6.82013e-05
562,0.000544573
563,0.000740946
564,0.000730865
565,0.000728113
566,0.000727826
567,0.000727277
568,0.000730304
569,0.000730314
570,0.000727597
571,0.000730635
572,0.000732908
573,0.000756619
574,0.00076017
575,0.000735505
576,0.000720861
577,0.000744017
578,0.0007246
579,0.000782665
580,0.000737031
581,0.000729652
582,0.00072575
583,0.000730366
584,0.00072462
585,0.000734421
586,0.000733686
587,0.000729697
588,0.000723038
589,0.000728473
590,0.000731421
591,0.00072381
592,0.000720221
593,0.000729888
594,0.000730855
595,0.00072311
596,0.000723935
597,0.000725878
598,0.000782047
599,0.000902835
