2,0.962844
3,0.895087
4,0.832736
5,0.774115
6,0.718628
7,0.666001
8,0.616053
9,0.568703
10,0.52391
11,0.481617
12,0.441955
13,0.40499
14,0.370358
15,0.337799
16,0.307264
17,0.278659
18,0.251921
19,0.22698
20,0.203726
21,0.182102
22,0.162049
23,0.143428
24,0.126167
25,0.110228
26,0.0954868
27,0.0821095
28,0.0705033
29,0.0606897
30,0.0523978
31,0.0452347
32,0.0388405
33,0.0330588
34,0.0278295
35,0.023151
36,0.0189703
37,0.0152026
38,0.0118033
39,0.00874171
40,0.00599468
41,0.00360587
42,0.00171829
43,0.0011269
44,0.00206558
45,0.00295426
46,0.00348613
47,0.00366266
48,0.00357155
49,0.00337025
50,0.00310865
51,0.00270257
52,0.00261031
53,0.00255193
54,0.00242712
55,0.00232185
56,0.00214753
57,0.00203162
58,0.00192832
59,0.00179491
60,0.00168268
61,0.00155934
62,0.00143761
63,0.00134217
64,0.00125578
65,0.00117305
66,0.00110993
67,0.00107058
68,0.00103948
69,0.00102373
70,0.00100676
71,0.000994856
72,0.000980024
73,0.000974413
74,0.000971229
75,0.000971248
76,0.000972203
77,0.000977562
78,0.000980384
79,0.000986686
80,0.000990086
81,0.000996451
82,0.0010083
83,0.0010317
84,0.00105604
85,0.00109303
86,0.0011337
87,0.00119962
88,0.00124431
89,0.0012389
90,0.00120284
91,0.00118926
92,0.00120002
93,0.00121458
94,0.00124894
95,0.00133591
96,0.00143002
97,0.00150915
98,0.00158042
99,0.00164206
100,0.00170369
101,0.00177478
102,0.0018752
103,0.00198607
104,0.00208665
105,0.00219311
106,0.00229699
107,0.0023566
108,0.00241007
109,0.00252222
110,0.0026378
111,0.00271249
112,0.00274282
113,0.00275463
114,0.00274689
115,0.00272234
116,0.00271283
117,0.00269292
118,0.0026132
119,0.00248989
120,0.00232508
121,0.00215499
122,0.00198816
123,0.00178678
124,0.0015941
125,0.00144736
126,0.00131509
127,0.00118842
128,0.00108008
129,0.00102737
130,0.00100944
131,0.0010056
132,0.00100648
133,0.000999865
134,0.00097778
135,0.000969108
136,0.000956798
137,0.000952373
138,0.000950419
139,0.000949033
140,0.00093779
141,0.000937101
142,0.000931574
143,0.000924533
144,0.000909322
145,0.000899626
146,0.000890301
147,0.000887652
148,0.000882997
149,0.0008862
150,0.000901195
151,0.000928958
152,0.000950773
153,0.000965687
154,0.000961995
155,0.00095059
156,0.000944031
157,0.000965496
158,0.000968712
159,0.000950511
160,0.000925851
161,0.000911919
162,0.000893042
163,0.000876061
164,0.00086819
165,0.000872764
166,0.00088269
167,0.000893959
168,0.000902293
169,0.000907645
170,0.000900193
171,0.000889351
172,0.000880081
173,0.00087978
174,0.000881382
175,0.000880783
176,0.00087892
177,0.000881983
178,0.000878361
179,0.000871366
180,0.000861127
181,0.000859726
182,0.000867367
183,0.000870762
184,0.000863431
185,0.000861584
186,0.000884976
187,0.000943242
188,0.000927146
189,0.000881313
190,0.000875111
191,0.00086779
192,0.000864361
193,0.000865029
194,0.000876772
195,0.00089556
196,0.00093275
197,0.000974096
198,0.000961524
199,0.000900094
200,0.000872872
201,0.000741126
202,0.000218412
203,0.000668928
204,0.000859964
205,0.000863994
206,0.000867013
207,0.000869969
208,0.000862295
209,0.000848821
210,0.000843817
211,0.000850958
212,0.000868077
213,0.000877143
214,0.000882721
215,0.000877513
216,0.000852364
217,0.000833834
218,0.000831475
219,0.000831477
220,0.000832694
221,0.000850364
222,0.000866937
223,0.000881219
224,0.000860449
225,0.000837764
226,0.000832585
227,0.000835622
228,0.00085652
229,0.000907948
230,0.000958592
231,0.000953953
232,0.000952951
233,0.000969239
234,0.000948705
235,0.000923581
236,0.000899765
237,0.000878367
238,0.000860318
239,0.000839613
240,0.000828313
241,0.00082794
242,0.000826763
243,0.000826091
244,0.000834062
245,0.000840669
246,0.000847828
247,0.000847923
248,0.000830951
249,0.000819767
250,0.00081868
251,0.000828359
252,0.000825946
253,0.000823199
254,0.000813138
255,0.000818158
256,0.000717204
257,0.000236264
258,0.00066839
259,0.000930175
260,0.000925496
261,0.000892666
262,0.000859634
263,0.000834556
264,0.000814468
265,0.000811314
266,0.000811736
267,0.000832724
268,0.000831904
269,0.000826662
270,0.000713651
271,0.0002043
272,0.000591674
273,0.000810479
274,0.000805198
275,0.000806466
276,0.000803598
277,0.000812808
278,0.000810716
279,0.000806379
280,0.000697317
281,9.98579e-05
282,0.00059152
283,0.000807362
284,0.000831424
285,0.000848232
286,0.000868996
287,0.000885215
288,0.000858008
289,0.00084166
290,0.00084636
291,0.000857615
292,0.000849719
293,0.000828572
294,0.000815175
295,0.000817477
296,0.000817792
297,0.000825189
298,0.000834236
299,0.000836462
300,0.00081604
301,0.000812904
302,0.000808292
303,0.000807549
304,0.000802354
305,0.000802403
306,0.000799653
307,0.000800609
308,0.000797161
309,0.000804331
310,0.000800247
311,0.00080367
312,0.00079066
313,0.000792642
314,0.000682567
315,0.000174219
316,0.000610187
317,0.000803586
318,0.000811117
319,0.000847745
320,0.000888702
321,0.00089867
322,0.00087646
323,0.000854393
324,0.000834263
325,0.000816921
326,0.000800065
327,0.000790056
328,0.00078793
329,0.000791296
330,0.000786702
331,0.000784127
332,0.000782615
333,0.000787878
334,0.000786066
335,0.000794848
336,0.000811453
337,0.000796791
338,0.000789231
339,0.000814038
340,0.000727937
341,0.000279573
342,0.000607861
343,0.000815497
344,0.000810532
345,0.000802661
346,0.000793397
347,0.000789254
348,0.000777801
349,0.000785783
350,0.000678562
351,0.000122301
352,0.000591605
353,0.000807219
354,0.000806377
355,0.000799174
356,0.000799125
357,0.000803437
358,0.000803456
359,0.000806636
360,0.000810661
361,0.000812483
362,0.0008096
363,0.000805973
364,0.000806952
365,0.000808577
366,0.000807754
367,0.000810213
368,0.000802468
369,0.000794854
370,0.00079457
371,0.000792197
372,0.000787801
373,0.000786264
374,0.000786012
375,0.000786318
376,0.000785892
377,0.00078778
378,0.000785743
379,0.000786968
380,0.000790674
381,0.000801049
382,0.000799489
383,0.000802164
384,0.000800092
385,0.00079706
386,0.000796292
387,0.000793052
388,0.000786326
389,0.000783841
390,0.000780353
391,0.000778866
392,0.000786544
393,0.000806842
394,0.000824873
395,0.000833893
396,0.000801544
397,0.000780137
398,0.000773562
399,0.000772931
400,0.000772512
401,0.000789274
402,0.000802959
403,0.000814377
404,0.000789896
405,0.000769868
406,0.000760753
407,0.00077365
408,0.000662268
409,5.72111e-05
410,0.000557996
411,0.000765916
412,0.000765157
413,0.000758813
414,0.000757532
415,0.000756243
416,0.000757043
417,0.000762745
418,0.000770685
419,0.000787265
420,0.000795686
421,0.000802179
422,0.000808446
423,0.000831908
424,0.000822663
425,0.000775415
426,0.000757777
427,0.000757269
428,0.000755658
429,0.000754078
430,0.000755983
431,0.000762569
432,0.000766225
433,0.000770695
434,0.000772547
435,0.000779051
436,0.00077879
437,0.000772813
438,0.000762235
439,0.000757502
440,0.000756726
441,0.000757993
442,0.000762451
443,0.000771762
444,0.000769516
445,0.0007789
446,0.000794677
447,0.000812519
448,0.000816259
449,0.000830165
450,0.000842613
451,0.000848209
452,0.000721127
453,0.000165699
454,0.000561569
455,0.000787343
456,0.000793909
457,0.000776852
458,0.000783006
459,0.000809076
460,0.000834131
461,0.000851443
462,0.000847369
463,0.000825413
464,0.000773312
465,0.000750394
466,0.000777967
467,0.000798015
468,0.000806273
469,0.000802865
470,0.000786721
471,0.000763378
472,0.000748036
473,0.000747372
474,0.000750385
475,0.000751988
476,0.00075343
477,0.000755557
478,0.000761904
479,0.000767298
480,0.000762758
481,0.00075603
482,0.000753628
483,0.000768761
484,0.000780684
485,0.000771144
486,0.000760654
487,0.000757293
488,0.000749884
489,0.000751494
490,0.000762297
491,0.000769539
492,0.000779674
493,0.000787038
494,0.000748835
495,0.000752785
496,0.000788433
497,0.000853292
498,0.00090239
499,0.000892187
500,0.000825396
501,0.000763196
502,0.000741985
503,0.00074998
504,0.000762122
505,0.000769115
506,0.000752432
507,0.000741342
508,0.000737895
509,0.000763258
510,0.000798481
511,0.00082643
512,0.000839308
513,0.000852687
514,0.000879479
515,0.000902177
516,0.000796226
517,0.000260559
518,0.000541869
519,0.000729574
520,0.000795222
521,0.000772969
522,0.000789237
523,0.000771093
524,0.000732624
525,0.000741782
526,0.000759754
527,0.000763515
528,0.000746583
529,0.000738355
530,0.000749731
531,0.000778883
532,0.000797306
533,0.000806348
534,0.000809289
535,0.000814193
536,0.000797586
537,0.00076087
538,0.00073955
539,0.000736899
540,0.000740596
541,0.000765646
542,0.00078577
543,0.000808106
544,0.000798342
545,0.000764873
546,0.000744746
547,0.000744647
548,0.000749997
549,0.000754319
550,0.000747499
551,0.000746574
552,0.000745774
553,0.000747817
554,0.000740088
555,0.000737158
556,0.000729386
557,0.000728268
558,0.000724481
559,0.000729828
560,0.00062837
561,6.6973e-05
562,0.00054708
563,0.000740205
564,0.000730567
565,0.000728478
566,0.000724999
567,0.000725705
568,0.000728605
569,0.000726629
570,0.000726698
571,0.000729387
572,0.000734704
573,0.000757462
574,0.000758996
575,0.000736523
576,0.000724585
577,0.000745164
578,0.000726018
579,0.000781626
580,0.00073508
581,0.00072692
582,0.000727639
583,0.000730789
584,0.000726863
585,0.000739247
586,0.000734452
587,0.000729127
588,0.000724893
589,0.000727942
590,0.000730254
591,0.000722788
592,0.000721886
593,0.000728333
594,0.000730255
595,0.000721642
596,0.000724585
597,0.000721713
598,0.000780996
599,0.00090014
