2,0.963385
3,0.896572
4,0.835006
5,0.777104
6,0.722258
7,0.670168
8,0.620657
9,0.573673
10,0.529151
11,0.487048
12,0.447489
13,0.410563
14,0.375916
15,0.343305
16,0.312662
17,0.283893
18,0.256943
19,0.231765
20,0.208282
21,0.186431
22,0.16617
23,0.147365
24,0.129939
25,0.113854
26,0.098895
27,0.0850082
28,0.0728274
29,0.062746
30,0.054322
31,0.0470574
32,0.0405738
33,0.0346614
34,0.0292809
35,0.0244567
36,0.0201511
37,0.0162696
38,0.0127591
39,0.00959337
40,0.00675718
41,0.00424498
42,0.00213463
43,0.00105707
44,0.00187403
45,0.00287842
46,0.00346809
47,0.00366186
48,0.00357238
49,0.00337046
50,0.00311014
51,0.0027026
52,0.00260962
53,0.00255162
54,0.00242683
55,0.00232262
56,0.00214708
57,0.0020308
58,0.00192778
59,0.00179516
60,0.00168402
61,0.00155878
62,0.00143768
63,0.00134384
64,0.00125573
65,0.00117266
66,0.0011074
67,0.001072
68,0.00103982
69,0.00102327
70,0.00100576
71,0.000995153
72,0.000981355
73,0.000973832
74,0.000970567
75,0.000972352
76,0.000971027
77,0.000977025
78,0.000979856
79,0.000987244
80,0.000990498
81,0.000995841
82,0.00100715
83,0.00102978
84,0.00105636
85,0.00109197
86,0.00113451
87,0.00119841
88,0.00124497
89,0.0012371
90,0.00120363
91,0.00118815
92,0.00119957
93,0.00121291
94,0.0012486
95,0.00133452
96,0.00142607
97,0.00150837
98,0.00158038
99,0.00164235
100,0.00170208
101,0.001775
102,0.00187365
103,0.00198695
104,0.00208757
105,0.00219114
106,0.00229348
107,0.00235507
108,0.00240971
109,0.00252259
110,0.0026375
111,0.002712
112,0.00274209
113,0.00275633
114,0.00274721
115,0.00272167
116,0.00271207
117,0.00269261
118,0.00261394
119,0.00248888
120,0.00232616
121,0.00215423
122,0.00198905
123,0.00178607
124,0.00159487
125,0.00144876
126,0.00131469
127,0.00118767
128,0.00107866
129,0.00102579
130,0.00101013
131,0.00100653
132,0.00100647
133,0.000997348
134,0.000977693
135,0.00096947
136,0.000958788
137,0.000952742
138,0.000951377
139,0.000947329
140,0.000938252
141,0.000936096
142,0.000933169
143,0.000922719
144,0.000909217
145,0.000899548
146,0.000888418
147,0.000887328
148,0.000882636
149,0.000886866
150,0.000901031
151,0.000928623
152,0.00095134
153,0.000964686
154,0.000961272
155,0.000951613
156,0.000945124
157,0.000963654
158,0.000967785
159,0.00094891
160,0.000927199
161,0.000911408
162,0.000893048
163,0.000874715
164,0.000867075
165,0.000873408
166,0.000881647
167,0.00089273
168,0.000906085
169,0.000908095
170,0.00089938
171,0.000888379
172,0.000881128
173,0.000879078
174,0.000881373
175,0.000878417
176,0.000881665
177,0.000882268
178,0.000878466
179,0.000872243
180,0.000862756
181,0.00085748
182,0.000866469
183,0.000870139
184,0.000864076
185,0.000860764
186,0.000883172
187,0.00094378
188,0.000926985
189,0.000882565
190,0.000877095
191,0.000866586
192,0.00086302
193,0.000864066
194,0.000877524
195,0.000896306
196,0.000932899
197,0.000974111
198,0.0009619
199,0.000899967
200,0.0008736
201,0.000745314
202,0.000219371
203,0.000667449
204,0.00086008
205,0.000865153
206,0.000866389
207,0.000869646
208,0.000862695
209,0.000848169
210,0.000843615
211,0.000850127
212,0.000869519
213,0.000879756
214,0.000882692
215,0.000877797
216,0.000853071
217,0.00083283
218,0.000833172
219,0.000829659
220,0.00083363
221,0.00084998
222,0.000866462
223,0.000881089
224,0.000860007
225,0.000837309
226,0.000832381
227,0.000835393
228,0.000857517
229,0.000907278
230,0.000958297
231,0.000955668
232,0.000953998
233,0.000968811
234,0.000949246
235,0.000924181
236,0.000898004
237,0.000879768
238,0.000860984
239,0.00083807
240,0.000827127
241,0.000829038
242,0.000826736
243,0.000829838
244,0.000834951
245,0.000840431
246,0.000846753
247,0.000846953
248,0.000828853
249,0.000820775
250,0.000817795
251,0.000828766
252,0.00082605
253,0.000823845
254,0.000813729
255,0.000816231
256,0.000717951
257,0.000237724
258,0.000666693
259,0.00092973
260,0.000926153
261,0.000890233
262,0.000859286
263,0.000838204
264,0.000815752
265,0.000810619
266,0.000812621
267,0.000832359
268,0.000833289
269,0.00082803
270,0.000712031
271,0.000205747
272,0.00059295
273,0.00080835
274,0.000804883
275,0.000806937
276,0.00080662
277,0.000812432
278,0.000811033
279,0.000808027
280,0.000697685
281,9.66249e-05
282,0.000598434
283,0.000812934
284,0.000818681
285,0.000848981
286,0.000866644
287,0.000886383
288,0.000859917
289,0.000843009
290,0.000848248
291,0.000857168
292,0.000848364
293,0.000828353
294,0.000813746
295,0.000820145
296,0.000817514
297,0.000825099
298,0.00083385
299,0.000836575
300,0.000816562
301,0.000812345
302,0.000807312
303,0.000808306
304,0.000803329
305,0.000804758
306,0.000801157
307,0.000800535
308,0.000797662
309,0.000803444
310,0.000803098
311,0.000801562
312,0.000790818
313,0.000793694
314,0.000682715
315,0.000174666
316,0.000610758
317,0.000803838
318,0.00081087
319,0.000845876
320,0.000888917
321,0.000898492
322,0.000877378
323,0.000854171
324,0.000835983
325,0.000816151
326,0.000802044
327,0.000791805
328,0.000788114
329,0.000793005
330,0.000788847
331,0.000785927
332,0.000783324
333,0.000784992
334,0.000785922
335,0.000792262
336,0.00081219
337,0.000797641
338,0.000790868
339,0.000814393
340,0.000731149
341,0.00028016
342,0.000609148
343,0.0008158
344,0.000810747
345,0.000803823
346,0.000793301
347,0.000791635
348,0.000780816
349,0.000787542
350,0.000678728
351,0.000123842
352,0.00059288
353,0.0008079
354,0.000809164
355,0.00080016
356,0.000802114
357,0.000804939
358,0.000806868
359,0.000805843
360,0.000811741
361,0.000813782
362,0.000809653
363,0.000805183
364,0.000807142
365,0.000808597
366,0.000809182
367,0.000808375
368,0.000800797
369,0.000793749
370,0.000795455
371,0.000790786
372,0.000788303
373,0.000788417
374,0.000786999
375,0.000788471
376,0.000787024
377,0.000786261
378,0.000788962
379,0.000789053
380,0.000791979
381,0.000800079
382,0.000801294
383,0.000801939
384,0.00080028
385,0.000796427
386,0.00079609
387,0.000794756
388,0.000789052
389,0.000783471
390,0.000780674
391,0.000779476
392,0.000787228
393,0.000806694
394,0.000825123
395,0.000832112
396,0.000802562
397,0.00078122
398,0.000775125
399,0.000772775
400,0.000773503
401,0.000789427
402,0.000803481
403,0.000814319
404,0.000790354
405,0.000769208
406,0.000763989
407,0.000775271
408,0.000666052
409,5.85842e-05
410,0.000557646
411,0.000766561
412,0.000764851
413,0.000761864
414,0.000759108
415,0.000759475
416,0.000758998
417,0.000761947
418,0.000768956
419,0.000788154
420,0.000796004
421,0.000804086
422,0.000809141
423,0.000832548
424,0.000824113
425,0.000776609
426,0.000757849
427,0.000757777
428,0.000755574
429,0.000754768
430,0.00075597
431,0.00076326
432,0.00076608
433,0.000771309
434,0.000775042
435,0.000780937
436,0.000780763
437,0.000773712
438,0.000760357
439,0.000757745
440,0.000756025
441,0.000757191
442,0.000760318
443,0.000771454
444,0.000770576
445,0.00078034
446,0.000794682
447,0.00081578
448,0.000818648
449,0.000829341
450,0.000843049
451,0.000848012
452,0.000721993
453,0.000166195
454,0.000561573
455,0.000786592
456,0.000794985
457,0.00077338
458,0.00078277
459,0.000809861
460,0.000835965
461,0.000853431
462,0.000849484
463,0.000824853
464,0.000772683
465,0.000746568
466,0.000774997
467,0.000796793
468,0.000805739
469,0.000803303
470,0.000790495
471,0.000765507
472,0.000749583
473,0.000750188
474,0.00075194
475,0.000753443
476,0.000752268
477,0.000753116
478,0.000759809
479,0.000767129
480,0.000762681
481,0.000755959
482,0.000754109
483,0.000767708
484,0.000778021
485,0.000771766
486,0.000759037
487,0.000757544
488,0.00074996
489,0.000750296
490,0.000761885
491,0.000769064
492,0.000779038
493,0.000786666
494,0.00075032
495,0.000754657
496,0.0007908
497,0.000853177
498,0.000902751
499,0.000892039
500,0.000823903
501,0.000762453
502,0.000742436
503,0.000751933
504,0.000762966
505,0.000767849
506,0.000751917
507,0.000740666
508,0.000739534
509,0.000762653
510,0.000795219
511,0.00082746
512,0.000838888
513,0.000853017
514,0.000881267
515,0.000902279
516,0.000798721
517,0.000260304
518,0.000540992
519,0.000729597
520,0.000793343
521,0.000770554
522,0.000783758
523,0.000769998
524,0.000731998
525,0.000742487
526,0.000760236
527,0.000764743
528,0.000748257
529,0.000740098
530,0.000748351
531,0.000777641
532,0.000796232
533,0.000805918
534,0.000808492
535,0.000814973
536,0.000798465
537,0.000763696
538,0.000740531
539,0.000734537
540,0.0007431
541,0.000762246
542,0.000788064
543,0.000810199
544,0.000800887
545,0.000768026
546,0.000746189
547,0.000745725
548,0.000749431
549,0.000754251
550,0.000747507
551,0.000740507
552,0.000743693
553,0.000745117
554,0.000737571
555,0.00073544
556,0.000725541
557,0.0007284
558,0.000727477
559,0.000733288
560,0.000634396
561,7.20593e-05
562,0.000545519
563,0.000736642
564,0.000728697
565,0.000728454
566,0.000728557
567,0.000728305
568,0.000730302
569,0.000729947
570,0.000728782
571,0.000732689
572,0.000734761
573,0.000756765
574,0.00075922
575,0.000735443
576,0.000724808
577,0.000743625
578,0.000724349
579,0.000783813
580,0.000735617
581,0.000726472
582,0.000725511
583,0.000732552
584,0.000727127
585,0.000737645
586,0.000734233
587,0.000728277
588,0.000722506
589,0.000725964
590,0.000729526
591,0.000725021
592,0.000721216
593,0.000728341
594,0.000729879
595,0.000723386
596,0.000725421
597,0.000723027
598,0.000779894
599,0.000899457
