2,0.00128073
3,0.00383259
4,0.00637001
5,0.00888546
6,0.0113678
7,0.0138053
8,0.0161898
9,0.0185122
10,0.0207654
11,0.0229439
12,0.025034
13,0.0270274
14,0.0289358
15,0.0307652
16,0.032515
17,0.0341876
18,0.0357836
19,0.0373024
20,0.0387426
21,0.0401053
22,0.041393
23,0.0426126
24,0.0437671
25,0.0448565
26,0.0458842
27,0.0468523
28,0.0477392
29,0.0485231
30,0.0492161
31,0.0498423
32,0.0504189
33,0.0509579
34,0.0514647
35,0.0519404
36,0.0523871
37,0.052807
38,0.0532031
39,0.0535789
40,0.0539356
41,0.0542712
42,0.0545845
43,0.0548786
44,0.0551515
45,0.0553958
46,0.0556102
47,0.0557962
48,0.0559592
49,0.0561123
50,0.0562622
51,0.0564055
52,0.0565504
53,0.0566959
54,0.0568398
55,0.0569825
56,0.0571182
57,0.0572552
58,0.057391
59,0.0575222
60,0.0576528
61,0.0577801
62,0.0579052
63,0.0580297
64,0.058153
65,0.0582735
66,0.0583937
67,0.0585141
68,0.0586335
69,0.0587528
70,0.0588708
71,0.0589871
72,0.0591007
73,0.0592129
74,0.0593246
75,0.0594362
76,0.0595463
77,0.0596548
78,0.0597628
79,0.0598697
80,0.0599757
81,0.0600805
82,0.060183
83,0.0602836
84,0.0603824
85,0.0604797
86,0.0605756
87,0.060669
88,0.0607636
89,0.0608623
90,0.0609626
91,0.0610603
92,0.0611544
93,0.0612477
94,0.0613378
95,0.0614228
96,0.0615069
97,0.0615916
98,0.0616762
99,0.061761
100,0.0618451
101,0.0619278
102,0.0620076
103,0.0620863
104,0.0621651
105,0.0622428
106,0.06232
107,0.0623998
108,0.0624791
109,0.0625534
110,0.0626271
111,0.0627033
112,0.0627816
113,0.0628605
114,0.0629402
115,0.0630205
116,0.063099
117,0.0631778
118,0.06326
119,0.0633447
120,0.0634316
121,0.0635187
122,0.0636052
123,0.0636942
124,0.0637822
125,0.0638671
126,0.0639509
127,0.064035
128,0.0641181
129,0.0641958
130,0.0642688
131,0.0643397
132,0.0644094
133,0.0644801
134,0.0645516
135,0.0646218
136,0.0646914
137,0.0647603
138,0.0648278
139,0.0648955
140,0.0649636
141,0.0650302
142,0.0650964
143,0.0651638
144,0.0652317
145,0.0652998
146,0.0653669
147,0.0654321
148,0.0654965
149,0.0655581
150,0.0656138
151,0.0656693
152,0.0657269
153,0.0657862
154,0.0658477
155,0.0659107
156,0.0659718
157,0.0660288
158,0.066088
159,0.0661507
160,0.0662135
161,0.0662755
162,0.0663384
163,0.0664033
164,0.0664697
165,0.0665338
166,0.0665945
167,0.066655
168,0.0667148
169,0.0667723
170,0.0668264
171,0.0668785
172,0.0669308
173,0.0669855
174,0.0670418
175,0.0670963
176,0.0671518
177,0.0672077
178,0.067261
179,0.0673142
180,0.0673632
181,0.0674089
182,0.0674553
183,0.067506
184,0.0675607
185,0.0676134
186,0.0676586
187,0.067699
188,0.0677531
189,0.0678133
190,0.0678664
191,0.0679198
192,0.0679728
193,0.0680229
194,0.0680693
195,0.0681146
196,0.068158
197,0.0682011
198,0.0682528
199,0.0683139
200,0.0683755
201,0.0684326
202,0.0684866
203,0.0685276
204,0.0685734
205,0.0686274
206,0.068678
207,0.068729
208,0.0687745
209,0.0688157
210,0.0688552
211,0.0688957
212,0.0689362
213,0.0689795
214,0.0690245
215,0.0690712
216,0.0691237
217,0.0691801
218,0.0692294
219,0.0692728
220,0.0693223
221,0.0693751
222,0.0694247
223,0.0694728
224,0.0695123
225,0.069549
226,0.069591
227,0.0696363
228,0.0696878
229,0.0697419
230,0.0697932
231,0.0698358
232,0.0698789
233,0.0699239
234,0.0699642
235,0.0700029
236,0.0700414
237,0.07008
238,0.070118
239,0.0701544
240,0.0701916
241,0.0702333
242,0.0702748
243,0.0703164
244,0.0703608
245,0.0704041
246,0.0704476
247,0.0704882
248,0.070524
249,0.0705582
250,0.0705912
251,0.0706259
252,0.0706658
253,0.0707084
254,0.0707514
255,0.0707902
256,0.0708239
257,0.0708579
258,0.0708892
259,0.07092
260,0.0709598
261,0.0710045
262,0.0710488
263,0.0710939
264,0.0711385
265,0.0711836
266,0.0712309
267,0.0712755
268,0.071315
269,0.0713496
270,0.0713857
271,0.0714269
272,0.0714649
273,0.0714963
274,0.0715268
275,0.0715634
276,0.071604
277,0.0716445
278,0.0716809
279,0.0717096
280,0.0717431
281,0.0717819
282,0.0718124
283,0.0718481
284,0.0718824
285,0.071911
286,0.0719422
287,0.0719751
288,0.0720159
289,0.0720567
290,0.0720907
291,0.0721238
292,0.0721609
293,0.0722032
294,0.0722483
295,0.072288
296,0.0723241
297,0.0723628
298,0.0724025
299,0.0724366
300,0.0724647
301,0.0724955
302,0.0725275
303,0.0725583
304,0.072592
305,0.0726259
306,0.072659
307,0.0726929
308,0.0727246
309,0.0727562
310,0.0727892
311,0.0728232
312,0.072861
313,0.0728994
314,0.072936
315,0.0729767
316,0.0730142
317,0.0730434
318,0.0730771
319,0.0731187
320,0.0731591
321,0.0731931
322,0.0732223
323,0.073251
324,0.0732793
325,0.0733072
326,0.0733346
327,0.073362
328,0.0733931
329,0.0734275
330,0.0734577
331,0.0734844
332,0.0735147
333,0.0735476
334,0.0735792
335,0.0736022
336,0.0736255
337,0.0736642
338,0.073709
339,0.0737488
340,0.0737836
341,0.0738161
342,0.0738464
343,0.0738753
344,0.0739049
345,0.0739333
346,0.0739616
347,0.0739895
348,0.0740157
349,0.0740467
350,0.0740789
351,0.0741055
352,0.0741246
353,0.0741482
354,0.0741807
355,0.074217
356,0.0742526
357,0.0742831
358,0.0743126
359,0.0743391
360,0.0743639
361,0.0743923
362,0.0744245
363,0.0744583
364,0.0744921
365,0.0745247
366,0.0745554
367,0.0745858
368,0.0746125
369,0.0746338
370,0.0746563
371,0.0746857
372,0.0747173
373,0.074748
374,0.0747786
375,0.0748083
376,0.0748371
377,0.074866
378,0.0748958
379,0.0749247
380,0.0749556
381,0.0749874
382,0.0750159
383,0.0750448
384,0.0750726
385,0.075099
386,0.0751268
387,0.0751537
388,0.0751793
389,0.0752053
390,0.0752313
391,0.0752574
392,0.0752902
393,0.0753244
394,0.0753565
395,0.0753853
396,0.0754053
397,0.0754243
398,0.0754477
399,0.0754742
400,0.075505
401,0.0755383
402,0.0755702
403,0.0755995
404,0.0756211
405,0.0756383
406,0.0756635
407,0.0756949
408,0.0757201
409,0.0757401
410,0.0757594
411,0.075782
412,0.07581
413,0.0758396
414,0.0758685
415,0.0758965
416,0.0759196
417,0.0759418
418,0.0759634
419,0.0759834
420,0.076007
421,0.0760313
422,0.0760554
423,0.076077
424,0.0761042
425,0.0761415
426,0.0761752
427,0.0762013
428,0.0762293
429,0.0762555
430,0.0762772
431,0.076299
432,0.0763217
433,0.076345
434,0.0763689
435,0.0763923
436,0.076417
437,0.076445
438,0.0764745
439,0.0765029
440,0.0765303
441,0.0765588
442,0.0765896
443,0.0766178
444,0.0766431
445,0.07667
446,0.0766996
447,0.0767282
448,0.0767537
449,0.0767801
450,0.0768076
451,0.0768321
452,0.0768507
453,0.0768634
454,0.076872
455,0.0768813
456,0.0769047
457,0.0769344
458,0.0769554
459,0.0769731
460,0.0769916
461,0.0770129
462,0.077037
463,0.0770646
464,0.0771
465,0.0771423
466,0.0771798
467,0.0772082
468,0.0772337
469,0.0772568
470,0.0772768
471,0.077293
472,0.0773076
473,0.0773287
474,0.0773515
475,0.0773714
476,0.077394
477,0.0774223
478,0.0774516
479,0.0774781
480,0.0774997
481,0.0775177
482,0.0775331
483,0.077547
484,0.077566
485,0.0775914
486,0.0776181
487,0.0776422
488,0.0776691
489,0.0777006
490,0.0777302
491,0.0777554
492,0.0777819
493,0.0778063
494,0.0778164
495,0.0778224
496,0.0778329
497,0.0778435
498,0.0778587
499,0.0778826
500,0.0779151
501,0.0779519
502,0.0779877
503,0.0780179
504,0.0780458
505,0.0780702
506,0.0780871
507,0.0781028
508,0.0781168
509,0.078127
510,0.07814
511,0.0781567
512,0.0781759
513,0.078196
514,0.0782131
515,0.0782324
516,0.0782572
517,0.0782965
518,0.0783453
519,0.0783571
520,0.0783573
521,0.0783844
522,0.0784018
523,0.078427
524,0.0784651
525,0.0784976
526,0.0785255
527,0.0785473
528,0.0785625
529,0.0785741
530,0.0785855
531,0.0785965
532,0.0786139
533,0.078633
534,0.0786536
535,0.078674
536,0.0786979
537,0.0787282
538,0.0787587
539,0.0787863
540,0.0788143
541,0.0788427
542,0.0788695
543,0.0788948
544,0.0789137
545,0.0789271
546,0.078942
547,0.0789614
548,0.0789842
549,0.0790064
550,0.0790249
551,0.079043
552,0.0790651
553,0.0790857
554,0.0791042
555,0.0791223
556,0.0791386
557,0.0791546
558,0.0791718
559,0.0791909
560,0.079212
561,0.0792336
562,0.0792504
563,0.0792662
564,0.0792935
565,0.0793158
566,0.079335
567,0.0793537
568,0.0793716
569,0.0793929
570,0.0794172
571,0.0794422
572,0.0794651
573,0.0794932
574,0.0795137
575,0.079526
576,0.0795329
577,0.079541
578,0.0795742
579,0.0796176
580,0.0796231
581,0.07963
582,0.0796543
583,0.0796795
584,0.079692
585,0.0797011
586,0.0797215
587,0.0797436
588,0.0797693
589,0.0797959
590,0.0798178
591,0.0798331
592,0.0798444
593,0.0798562
594,0.0798755
595,0.0799014
596,0.0799275
597,0.0799375
598,0.0799374
599,0.0799374
