2,0.963851
3,0.897889
4,0.837112
5,0.779914
6,0.725665
7,0.674095
8,0.625022
9,0.578382
10,0.534127
11,0.492211
12,0.452796
13,0.415942
14,0.381286
15,0.34862
16,0.317891
17,0.288988
18,0.261846
19,0.236437
20,0.212746
21,0.190718
22,0.170265
23,0.151225
24,0.133514
25,0.117113
26,0.10193
27,0.0879147
28,0.0754652
29,0.064985
30,0.0562146
31,0.0486744
32,0.0420251
33,0.0360327
34,0.0305923
35,0.025677
36,0.0212493
37,0.0172637
38,0.0136663
39,0.0103904
40,0.00742093
41,0.00480374
42,0.00260336
43,0.00112062
44,0.00167545
45,0.00272643
46,0.00340584
47,0.00366105
48,0.00357329
49,0.00336848
50,0.00310882
51,0.00270099
52,0.00260838
53,0.00255217
54,0.00242763
55,0.00232349
56,0.00214794
57,0.0020308
58,0.0019275
59,0.00179527
60,0.00168334
61,0.00155997
62,0.00143773
63,0.00134174
64,0.00125655
65,0.00117329
66,0.00110949
67,0.00107135
68,0.00103983
69,0.0010234
70,0.00100685
71,0.000996045
72,0.00097933
73,0.000974215
74,0.000969871
75,0.000971935
76,0.000970706
77,0.00097879
78,0.0009815
79,0.000986727
80,0.000989722
81,0.000998786
82,0.00100794
83,0.00103052
84,0.0010569
85,0.00109257
86,0.00113507
87,0.00119935
88,0.00124339
89,0.00123843
90,0.00120444
91,0.00119091
92,0.00120094
93,0.00121388
94,0.00124982
95,0.00133645
96,0.00142775
97,0.001509
98,0.0015798
99,0.00164308
100,0.00170277
101,0.00177492
102,0.0018762
103,0.00198648
104,0.00208446
105,0.00219061
106,0.00229409
107,0.00235077
108,0.00240403
109,0.00252179
110,0.0026397
111,0.00271203
112,0.0027424
113,0.00275533
114,0.00274646
115,0.00272143
116,0.00271335
117,0.00269299
118,0.00261281
119,0.00248951
120,0.00232551
121,0.00215611
122,0.00198895
123,0.00178583
124,0.00159493
125,0.00144858
126,0.00131479
127,0.00118693
128,0.00108026
129,0.00102809
130,0.00100914
131,0.00100737
132,0.00100427
133,0.000998249
134,0.000978601
135,0.000969876
136,0.000959734
137,0.000954979
138,0.000950927
139,0.00094866
140,0.00093706
141,0.000937842
142,0.000931077
143,0.000922883
144,0.00090867
145,0.000898367
146,0.000891135
147,0.000888789
148,0.000884233
149,0.000885873
150,0.000902117
151,0.000929453
152,0.000951309
153,0.000964098
154,0.000962135
155,0.000951028
156,0.000945349
157,0.000965363
158,0.000968182
159,0.000949727
160,0.00092793
161,0.000911487
162,0.000891266
163,0.000874462
164,0.000867816
165,0.000875723
166,0.000881538
167,0.000892365
168,0.000904617
169,0.0009098
170,0.000901785
171,0.000890173
172,0.000878974
173,0.000881613
174,0.000881686
175,0.000880746
176,0.000878087
177,0.000881392
178,0.000877261
179,0.000873748
180,0.000864222
181,0.000857644
182,0.000868107
183,0.000873244
184,0.000864098
185,0.000863061
186,0.000883202
187,0.000944075
188,0.000927963
189,0.000883669
190,0.000876858
191,0.000866811
192,0.00086247
193,0.000864906
194,0.000878133
195,0.00089574
196,0.000931893
197,0.000973083
198,0.000961807
199,0.000900618
200,0.000872138
201,0.000745268
202,0.000219346
203,0.000667787
204,0.000861783
205,0.000862925
206,0.000866848
207,0.000870334
208,0.000863324
209,0.000847138
210,0.00084443
211,0.000851553
212,0.000869665
213,0.000878002
214,0.000882413
215,0.000877698
216,0.000852614
217,0.00083384
218,0.000833466
219,0.000831036
220,0.000835601
221,0.000849473
222,0.000868073
223,0.000883247
224,0.000860823
225,0.000838162
226,0.00083242
227,0.000834134
228,0.000857225
229,0.000907759
230,0.000961704
231,0.000954065
232,0.00095435
233,0.00096869
234,0.00095126
235,0.000923958
236,0.000898378
237,0.000878422
238,0.000859562
239,0.000840244
240,0.000827385
241,0.000828087
242,0.000828198
243,0.000827901
244,0.000834531
245,0.000840277
246,0.000847237
247,0.000846604
248,0.000830284
249,0.000822207
250,0.000819222
251,0.000828053
252,0.000825633
253,0.000822464
254,0.000814346
255,0.000819532
256,0.000718391
257,0.000237891
258,0.000668443
259,0.000929104
260,0.000925371
261,0.000891688
262,0.000858986
263,0.000835423
264,0.000814009
265,0.000811407
266,0.000812338
267,0.000835255
268,0.000835144
269,0.000827575
270,0.000713953
271,0.00020408
272,0.000594401
273,0.000811709
274,0.000804082
275,0.000807485
276,0.000805548
277,0.000813031
278,0.000809121
279,0.000806733
280,0.000693391
281,9.25975e-05
282,0.000600032
283,0.000812581
284,0.000819479
285,0.000846436
286,0.000868593
287,0.000886149
288,0.000859539
289,0.000840137
290,0.000846244
291,0.000857385
292,0.000847622
293,0.000828978
294,0.000812685
295,0.000819291
296,0.000818532
297,0.000825462
298,0.000836905
299,0.000835861
300,0.00081435
301,0.00081249
302,0.000806171
303,0.000808201
304,0.00080331
305,0.000803845
306,0.000799782
307,0.000800817
308,0.000798439
309,0.000806347
310,0.000800946
311,0.000802557
312,0.000789615
313,0.000794052
314,0.000679703
315,0.000174584
316,0.00061089
317,0.000804193
318,0.000809141
319,0.000845633
320,0.000890068
321,0.000899097
322,0.000877226
323,0.000856182
324,0.00083546
325,0.000816633
326,0.000801037
327,0.000791189
328,0.000787727
329,0.000792068
330,0.000788469
331,0.000785161
332,0.000782616
333,0.000783474
334,0.000784162
335,0.000792963
336,0.000812957
337,0.000797912
338,0.000791445
339,0.000814484
340,0.000729924
341,0.000280496
342,0.000607375
343,0.000816556
344,0.00080943
345,0.000804958
346,0.000794573
347,0.000789637
348,0.000779004
349,0.000786557
350,0.000677932
351,0.000123149
352,0.0005936
353,0.000806921
354,0.000806439
355,0.000799657
356,0.000801157
357,0.000803611
358,0.00080695
359,0.000807004
360,0.000811319
361,0.00081264
362,0.000808395
363,0.000806033
364,0.000806175
365,0.000807467
366,0.000809788
367,0.000809107
368,0.000806017
369,0.000791274
370,0.000793211
371,0.00079148
372,0.000790134
373,0.000787489
374,0.000786894
375,0.00078751
376,0.000786879
377,0.00078675
378,0.000788951
379,0.00078979
380,0.000793671
381,0.000802691
382,0.000800863
383,0.000801285
384,0.00080175
385,0.00079656
386,0.000795076
387,0.000792693
388,0.000787229
389,0.00078481
390,0.000780681
391,0.000779253
392,0.000787344
393,0.000807289
394,0.000824246
395,0.000830961
396,0.0008032
397,0.000780846
398,0.000775322
399,0.000773484
400,0.000777358
401,0.000791443
402,0.000803476
403,0.000815169
404,0.000790547
405,0.000769015
406,0.000763662
407,0.000772811
408,0.000666525
409,5.772e-05
410,0.00055667
411,0.00076504
412,0.000764381
413,0.000761803
414,0.000756901
415,0.000759352
416,0.000756895
417,0.000763807
418,0.000768895
419,0.000789278
420,0.000794205
421,0.000804521
422,0.000810211
423,0.000833209
424,0.000822546
425,0.000777712
426,0.000757467
427,0.0007592
428,0.000753373
429,0.00075546
430,0.000755529
431,0.000762308
432,0.000765364
433,0.000773712
434,0.000775737
435,0.000782946
436,0.000782324
437,0.000774705
438,0.000761991
439,0.00075984
440,0.000755315
441,0.000755641
442,0.0007605
443,0.000770116
444,0.000770733
445,0.000779602
446,0.000794822
447,0.000815813
448,0.000817457
449,0.000831062
450,0.000842929
451,0.000848816
452,0.000719701
453,0.000165167
454,0.000562946
455,0.00078897
456,0.000794617
457,0.000773709
458,0.000783571
459,0.000808694
460,0.00083635
461,0.000851726
462,0.000848747
463,0.000827761
464,0.000774328
465,0.000747244
466,0.000775385
467,0.000795481
468,0.000804723
469,0.000803086
470,0.000788853
471,0.000764578
472,0.000750605
473,0.000749708
474,0.000750616
475,0.000754075
476,0.00075433
477,0.000754469
478,0.000761451
479,0.000766364
480,0.000762537
481,0.000754947
482,0.000752862
483,0.000768505
484,0.000777416
485,0.000772063
486,0.000760518
487,0.000757864
488,0.000750386
489,0.000750453
490,0.000759799
491,0.000767358
492,0.000780114
493,0.000789527
494,0.00075239
495,0.000756767
496,0.000792917
497,0.000854722
498,0.000903393
499,0.000891354
500,0.000825242
501,0.000763393
502,0.000739957
503,0.000749833
504,0.00075997
505,0.000769968
506,0.00075162
507,0.000741175
508,0.000737398
509,0.000762912
510,0.000796287
511,0.000825079
512,0.000839977
513,0.000852214
514,0.000880533
515,0.000901821
516,0.0007975
517,0.000259239
518,0.000545157
519,0.000731552
520,0.000794451
521,0.000769188
522,0.000786354
523,0.000769965
524,0.000731992
525,0.00074229
526,0.000759038
527,0.000762092
528,0.000747177
529,0.000736495
530,0.000744774
531,0.000778821
532,0.000798003
533,0.000809301
534,0.000809537
535,0.000811543
536,0.000798566
537,0.000763011
538,0.000741662
539,0.000738339
540,0.000743832
541,0.000762863
542,0.000784098
543,0.00080935
544,0.000797825
545,0.00076744
546,0.000746176
547,0.000745243
548,0.000747613
549,0.000753257
550,0.000746664
551,0.000740676
552,0.000742301
553,0.000746202
554,0.000737199
555,0.000734295
556,0.000726655
557,0.000727894
558,0.000725738
559,0.000732285
560,0.000627629
561,6.85682e-05
562,0.000547675
563,0.000733482
564,0.00072875
565,0.00072722
566,0.00072659
567,0.000727204
568,0.000726373
569,0.000724676
570,0.000724896
571,0.000729653
572,0.00073396
573,0.000757646
574,0.000763008
575,0.000739153
576,0.000727894
577,0.000745544
578,0.000724317
579,0.000785031
580,0.000736183
581,0.000725119
582,0.00072366
583,0.000728425
584,0.000723799
585,0.00073347
586,0.000731823
587,0.000729709
588,0.000724067
589,0.000728672
590,0.000731356
591,0.000724963
592,0.000721397
593,0.000731517
594,0.000731539
595,0.000721236
596,0.000723115
597,0.000724722
598,0.000783845
599,0.000904939
