2,0.89008
3,0.693928
4,0.52557
5,0.385052
6,0.272344
7,0.185861
8,0.122512
9,0.0783639
10,0.0490469
11,0.0304261
12,0.0190431
13,0.0122285
14,0.00805499
15,0.00555309
16,0.00427776
17,0.00358244
18,0.00294547
19,0.00261904
20,0.00265943
21,0.00267466
22,0.00258883
23,0.00245161
24,0.0023028
25,0.00214775
26,0.00200033
27,0.00186694
28,0.0017605
29,0.00164672
30,0.00152883
31,0.00140721
32,0.0013041
33,0.00119665
34,0.00115691
35,0.00104521
36,0.000594326
37,0.000951829
38,0.00119438
39,0.0011895
40,0.00120399
41,0.0012121
42,0.00120925
43,0.0011697
44,0.00113262
45,0.00096256
46,0.000344912
47,0.000788932
48,0.00103194
49,0.00102898
50,0.00104728
51,0.00108753
52,0.00111767
53,0.00110959
54,0.00109412
55,0.00107273
56,0.00106821
57,0.00105704
58,0.00104854
59,0.00103104
60,0.00102332
61,0.0010048
62,0.00100041
63,0.000991231
64,0.000993981
65,0.00099503
66,0.000994625
67,0.000984275
68,0.000985674
69,0.000839145
70,0.000271903
71,0.00086156
72,0.00108202
73,0.00107525
74,0.00106955
75,0.00104176
76,0.00101246
77,0.000994942
78,0.000973282
79,0.000963564
80,0.000961891
81,0.000967566
82,0.000972414
83,0.000977909
84,0.000972493
85,0.000967481
86,0.000959154
87,0.000954547
88,0.000913126
89,0.000611059
90,0.000612082
91,0.000649345
92,0.000777742
93,0.000905268
94,0.000935807
95,0.000940146
96,0.000937706
97,0.000939072
98,0.000940009
99,0.000942172
100,0.000921659
101,0.000735598
102,0.000700158
103,0.000724673
104,0.000735539
105,0.000820075
106,0.000966218
107,0.0010315
108,0.00107952
109,0.00113033
110,0.00116495
111,0.00121177
112,0.00128771
113,0.00136618
114,0.00143636
115,0.00148714
116,0.00150751
117,0.00154388
118,0.00160903
119,0.00165865
120,0.00165187
121,0.00156428
122,0.00144483
123,0.00133336
124,0.0012345
125,0.00115608
126,0.00107872
127,0.00102495
128,0.000998347
129,0.000979676
130,0.000968799
131,0.00096675
132,0.000960579
133,0.000946882
134,0.000929132
135,0.000847895
136,0.000668067
137,0.000594723
138,0.000596582
139,0.00061924
140,0.000609043
141,0.000673918
142,0.000697105
143,0.000712218
144,0.000716137
145,0.000708116
146,0.000738746
147,0.000826753
148,0.000870043
149,0.000886158
150,0.00089908
151,0.000935731
152,0.000967387
153,0.000972672
154,0.000965433
155,0.000955414
156,0.000947115
157,0.000965439
158,0.000968224
159,0.000949516
160,0.000925973
161,0.000912059
162,0.000892984
163,0.000875989
164,0.000867476
165,0.000873589
166,0.000882726
167,0.000891376
168,0.000902881
169,0.000896386
170,0.00076743
171,0.000714965
172,0.000713549
173,0.000723558
174,0.0007329
175,0.000688602
176,0.000578242
177,0.000574382
178,0.000682757
179,0.000723942
180,0.000709768
181,0.000700358
182,0.000701168
183,0.000760831
184,0.000834933
185,0.000858419
186,0.000883299
187,0.000945247
188,0.000927458
189,0.000882882
190,0.000875135
191,0.000869139
192,0.00086114
193,0.000864519
194,0.000875667
195,0.000897672
196,0.000931704
197,0.000976501
198,0.000957391
199,0.000894977
200,0.00081432
201,0.000709604
202,0.000665358
203,0.000696483
204,0.000571377
205,0.000553922
206,0.000608968
207,0.00063429
208,0.000612153
209,0.000623269
210,0.000632648
211,0.000623078
212,0.000662061
213,0.000684112
214,0.000690308
215,0.000679116
216,0.000652384
217,0.000648297
218,0.000664898
219,0.000710847
220,0.00079333
221,0.000843495
222,0.000864835
223,0.000883928
224,0.000860292
225,0.000838519
226,0.000833263
227,0.000834889
228,0.000857947
229,0.000906551
230,0.000963268
231,0.000953508
232,0.000954028
233,0.000966343
234,0.000952133
235,0.000875344
236,0.00077464
237,0.000732516
238,0.000704928
239,0.000675029
240,0.000674134
241,0.000754883
242,0.000812776
243,0.000825694
244,0.000834708
245,0.000837567
246,0.000846508
247,0.000843391
248,0.000831025
249,0.000818232
250,0.000820136
251,0.000825663
252,0.000827487
253,0.000819088
254,0.000816468
255,0.000815017
256,0.000827158
257,0.00084235
258,0.000863594
259,0.000808124
260,0.00044323
261,0.000649884
262,0.000785227
263,0.000806023
264,0.000813407
265,0.000808202
266,0.00081539
267,0.000831829
268,0.0008361
269,0.000824618
270,0.000820073
271,0.000831079
272,0.000840738
273,0.000803637
274,0.000638414
275,0.000637403
276,0.000638841
277,0.000540816
278,0.000575561
279,0.000614257
280,0.00061259
281,0.000639975
282,0.000659491
283,0.000667406
284,0.000679358
285,0.00070034
286,0.00073882
287,0.000758362
288,0.000742107
289,0.000716893
290,0.000715695
291,0.000720808
292,0.000729916
293,0.000714616
294,0.000706189
295,0.000714308
296,0.000716049
297,0.000726159
298,0.000737658
299,0.000743923
300,0.000732932
301,0.000728917
302,0.000752422
303,0.000768224
304,0.000791887
305,0.000800743
306,0.000801711
307,0.000798367
308,0.000799732
309,0.000803799
310,0.000799661
311,0.000784819
312,0.000656573
313,0.000681743
314,0.00070616
315,0.000713744
316,0.000730154
317,0.000770554
318,0.000799391
319,0.000805269
320,0.000805286
321,0.000779023
322,0.000751051
323,0.000726736
324,0.000716543
325,0.000717449
326,0.000712836
327,0.000704947
328,0.000711869
329,0.000711532
330,0.000704579
331,0.000700105
332,0.000692854
333,0.000692332
334,0.00071767
335,0.000742293
336,0.000812394
337,0.000789392
338,0.000803258
339,0.000813825
340,0.00082446
341,0.000827401
342,0.000823884
343,0.000816756
344,0.000760675
345,0.000736954
346,0.000716215
347,0.000700018
348,0.000680581
349,0.000677364
350,0.000682591
351,0.000691734
352,0.000696811
353,0.000697896
354,0.000708647
355,0.000713173
356,0.000721405
357,0.000717383
358,0.000717102
359,0.000710388
360,0.000714603
361,0.00071995
362,0.000724141
363,0.000725982
364,0.000729719
365,0.000738136
366,0.000739789
367,0.000743285
368,0.000732598
369,0.000726089
370,0.000723669
371,0.000723299
372,0.000718232
373,0.000727722
374,0.000727533
375,0.000720414
376,0.000717316
377,0.000720551
378,0.000719649
379,0.000717117
380,0.000717376
381,0.000725188
382,0.000728437
383,0.000717149
384,0.000702082
385,0.000688792
386,0.000674832
387,0.000667823
388,0.000658791
389,0.00064946
390,0.000644359
391,0.000645674
392,0.000658828
393,0.000687761
394,0.000728637
395,0.000768879
396,0.000770214
397,0.000770201
398,0.000772603
399,0.000770058
400,0.000777319
401,0.000789347
402,0.000804468
403,0.000812909
404,0.000791121
405,0.000758526
406,0.000684829
407,0.000678452
408,0.00068094
409,0.000663668
410,0.00064483
411,0.000641017
412,0.000634383
413,0.00061042
414,0.000581416
415,0.000562438
416,0.000578556
417,0.000600867
418,0.0005982
419,0.000584563
420,0.000654491
421,0.000692902
422,0.000702064
423,0.000719754
424,0.000706719
425,0.000661328
426,0.000644312
427,0.000645683
428,0.000645696
429,0.000644728
430,0.00064591
431,0.00064957
432,0.000653367
433,0.000655892
434,0.000664176
435,0.000664523
436,0.00066392
437,0.000646368
438,0.000634135
439,0.000630938
440,0.000631138
441,0.000640124
442,0.000654036
443,0.000663641
444,0.000652138
445,0.000571183
446,0.000605648
447,0.000630487
448,0.000681605
449,0.000733809
450,0.000765702
451,0.000768217
452,0.000735295
453,0.000680526
454,0.000649481
455,0.000644444
456,0.000643035
457,0.000656986
458,0.000696016
459,0.000722006
460,0.000742374
461,0.000749
462,0.000732695
463,0.000707754
464,0.000668497
465,0.000656287
466,0.000708253
467,0.000743795
468,0.000761671
469,0.000756046
470,0.000741884
471,0.0007109
472,0.000635901
473,0.000545251
474,0.00050461
475,0.000565923
476,0.000609647
477,0.000659312
478,0.000677933
479,0.000677289
480,0.000669918
481,0.000655813
482,0.00064849
483,0.000658
484,0.000666167
485,0.000653352
486,0.000638596
487,0.000634201
488,0.000631851
489,0.000632367
490,0.000650779
491,0.000670453
492,0.000697407
493,0.000693211
494,0.000645597
495,0.000633401
496,0.000683469
497,0.000746405
498,0.00079254
499,0.000764436
500,0.00067673
501,0.00058223
502,0.000546659
503,0.000571232
504,0.000595519
505,0.000660253
506,0.000660093
507,0.000643486
508,0.000641034
509,0.000670637
510,0.000720536
511,0.000780934
512,0.000820987
513,0.000840803
514,0.000881001
515,0.000899866
516,0.000889028
517,0.000766893
518,0.000748774
519,0.000618993
520,0.000714089
521,0.000701044
522,0.000721558
523,0.000695394
524,0.000649705
525,0.000658551
526,0.000689707
527,0.000698405
528,0.000678008
529,0.000658993
530,0.000675569
531,0.000701939
532,0.000718961
533,0.000722962
534,0.000725916
535,0.000722623
536,0.000699421
537,0.000652154
538,0.000628987
539,0.000629275
540,0.000639385
541,0.000671232
542,0.000710567
543,0.000735138
544,0.000700216
545,0.000645645
546,0.000608455
547,0.000600787
548,0.000618493
549,0.000650717
550,0.000680112
551,0.000669414
552,0.00070099
553,0.000685464
554,0.000508784
555,0.000583828
556,0.000657444
557,0.00066521
558,0.000654302
559,0.000649255
560,0.000642834
561,0.000638807
562,0.000640711
563,0.000634749
564,0.000636286
565,0.000626322
566,0.000619905
567,0.000593219
568,0.000563208
569,0.000609593
570,0.000627659
571,0.000630659
572,0.000628871
573,0.000657228
574,0.000665071
575,0.000638804
576,0.000614954
577,0.000646174
578,0.000619496
579,0.000668074
580,0.000641002
581,0.000630416
582,0.000634611
583,0.000644061
584,0.000645037
585,0.000654372
586,0.000658126
587,0.00064203
588,0.000631324
589,0.000669963
590,0.000718515
591,0.000724132
592,0.00072345
593,0.00072536
594,0.000729585
595,0.000721528
596,0.000722482
597,0.000722645
598,0.000782294
599,0.000901202
