2,0.00126442
3,0.00378499
4,0.00629275
5,0.00877994
6,0.0112351
7,0.0136483
8,0.016012
9,0.0183167
10,0.0205564
11,0.0227259
12,0.0248017
13,0.0267851
14,0.0286944
15,0.0305244
16,0.032275
17,0.0339514
18,0.0355551
19,0.0370817
20,0.0385291
21,0.0398987
22,0.041194
23,0.0424216
24,0.0435855
25,0.0446862
26,0.0457262
27,0.0467078
28,0.0476114
29,0.0484124
30,0.0491186
31,0.049752
32,0.0503336
33,0.0508786
34,0.0513917
35,0.051874
36,0.0523269
37,0.0527523
38,0.0531535
39,0.0535341
40,0.0538978
41,0.0542417
42,0.0545612
43,0.0548588
44,0.0551363
45,0.0553886
46,0.0556088
47,0.0557962
48,0.0559592
49,0.0561124
50,0.0562622
51,0.0564055
52,0.0565505
53,0.0566959
54,0.0568397
55,0.0569824
56,0.0571182
57,0.0572551
58,0.0573909
59,0.0575222
60,0.0576528
61,0.05778
62,0.0579051
63,0.0580298
64,0.058153
65,0.0582735
66,0.0583938
67,0.0585141
68,0.0586335
69,0.0587528
70,0.0588708
71,0.0589871
72,0.0591008
73,0.059213
74,0.0593247
75,0.0594363
76,0.0595463
77,0.0596549
78,0.0597627
79,0.0598697
80,0.0599757
81,0.0600805
82,0.060183
83,0.0602836
84,0.0603824
85,0.0604797
86,0.0605756
87,0.060669
88,0.0607636
89,0.0608623
90,0.0609625
91,0.0610603
92,0.0611544
93,0.0612478
94,0.0613378
95,0.0614229
96,0.061507
97,0.0615915
98,0.0616761
99,0.061761
100,0.0618451
101,0.0619278
102,0.0620077
103,0.0620863
104,0.0621649
105,0.0622427
106,0.0623199
107,0.0624003
108,0.0624798
109,0.0625534
110,0.0626272
111,0.0627033
112,0.0627816
113,0.0628605
114,0.0629401
115,0.0630205
116,0.063099
117,0.0631778
118,0.06326
119,0.0633447
120,0.0634317
121,0.0635187
122,0.0636052
123,0.0636941
124,0.0637823
125,0.0638672
126,0.063951
127,0.064035
128,0.0641181
129,0.0641959
130,0.0642688
131,0.0643397
132,0.0644094
133,0.0644801
134,0.0645516
135,0.0646219
136,0.0646913
137,0.0647604
138,0.0648279
139,0.0648956
140,0.0649636
141,0.0650302
142,0.0650963
143,0.0651638
144,0.0652317
145,0.0652998
146,0.065367
147,0.0654321
148,0.0654964
149,0.0655581
150,0.0656139
151,0.0656693
152,0.0657269
153,0.0657862
154,0.0658478
155,0.0659106
156,0.0659717
157,0.0660288
158,0.066088
159,0.0661507
160,0.0662135
161,0.0662755
162,0.0663383
163,0.0664033
164,0.0664696
165,0.0665337
166,0.0665945
167,0.0666549
168,0.0667148
169,0.0667723
170,0.0668262
171,0.0668784
172,0.0669308
173,0.0669854
174,0.0670416
175,0.0670962
176,0.0671518
177,0.0672076
178,0.067261
179,0.0673142
180,0.0673632
181,0.0674089
182,0.0674552
183,0.0675059
184,0.0675605
185,0.0676134
186,0.0676587
187,0.067699
188,0.0677532
189,0.0678134
190,0.0678664
191,0.0679198
192,0.0679728
193,0.0680229
194,0.0680694
195,0.0681146
196,0.068158
197,0.068201
198,0.0682527
199,0.0683139
200,0.0683754
201,0.0684326
202,0.0684866
203,0.0685276
204,0.0685734
205,0.0686273
206,0.0686781
207,0.068729
208,0.0687745
209,0.0688156
210,0.0688551
211,0.0688957
212,0.0689361
213,0.0689795
214,0.0690245
215,0.0690712
216,0.0691237
217,0.0691802
218,0.0692294
219,0.0692729
220,0.0693224
221,0.0693751
222,0.0694247
223,0.0694728
224,0.0695123
225,0.0695491
226,0.0695909
227,0.0696363
228,0.0696879
229,0.069742
230,0.0697933
231,0.0698358
232,0.0698789
233,0.0699239
234,0.0699642
235,0.070003
236,0.0700414
237,0.07008
238,0.0701181
239,0.0701544
240,0.0701916
241,0.0702333
242,0.0702748
243,0.0703164
244,0.0703608
245,0.0704041
246,0.0704475
247,0.0704882
248,0.0705241
249,0.0705581
250,0.0705912
251,0.0706259
252,0.0706658
253,0.0707084
254,0.0707513
255,0.0707902
256,0.0708239
257,0.0708579
258,0.0708891
259,0.07092
260,0.0709598
261,0.0710046
262,0.0710488
263,0.0710939
264,0.0711385
265,0.0711836
266,0.0712309
267,0.0712755
268,0.0713149
269,0.0713496
270,0.0713857
271,0.0714268
272,0.0714649
273,0.0714962
274,0.0715269
275,0.0715633
276,0.071604
277,0.0716445
278,0.0716809
279,0.0717096
280,0.0717431
281,0.0717816
282,0.0718124
283,0.0718483
284,0.0718825
285,0.071911
286,0.0719422
287,0.071975
288,0.072016
289,0.0720566
290,0.0720906
291,0.0721238
292,0.0721609
293,0.0722032
294,0.0722483
295,0.072288
296,0.0723241
297,0.0723627
298,0.0724024
299,0.0724366
300,0.0724648
301,0.0724956
302,0.0725275
303,0.0725583
304,0.0725921
305,0.0726259
306,0.072659
307,0.0726929
308,0.0727247
309,0.0727561
310,0.0727892
311,0.0728232
312,0.072861
313,0.0728995
314,0.0729361
315,0.0729767
316,0.0730143
317,0.0730434
318,0.0730771
319,0.0731187
320,0.0731591
321,0.0731931
322,0.0732223
323,0.073251
324,0.0732793
325,0.0733073
326,0.0733346
327,0.0733618
328,0.0733931
329,0.0734275
330,0.0734577
331,0.0734845
332,0.0735146
333,0.0735476
334,0.0735792
335,0.0736021
336,0.0736255
337,0.0736641
338,0.0737091
339,0.0737487
340,0.0737835
341,0.0738162
342,0.0738464
343,0.0738753
344,0.0739049
345,0.0739331
346,0.0739616
347,0.0739896
348,0.0740157
349,0.0740468
350,0.0740788
351,0.0741055
352,0.0741247
353,0.074148
354,0.0741805
355,0.074217
356,0.0742527
357,0.0742831
358,0.0743124
359,0.0743391
360,0.0743639
361,0.0743921
362,0.0744245
363,0.0744582
364,0.0744921
365,0.0745247
366,0.0745556
367,0.0745858
368,0.0746125
369,0.0746338
370,0.0746563
371,0.0746857
372,0.0747174
373,0.074748
374,0.0747786
375,0.0748083
376,0.0748371
377,0.0748659
378,0.0748957
379,0.0749246
380,0.0749554
381,0.0749874
382,0.0750161
383,0.0750447
384,0.0750724
385,0.075099
386,0.0751268
387,0.0751538
388,0.0751793
389,0.0752053
390,0.0752313
391,0.0752574
392,0.0752902
393,0.0753245
394,0.0753565
395,0.0753853
396,0.0754053
397,0.0754243
398,0.0754477
399,0.0754742
400,0.075505
401,0.0755382
402,0.0755702
403,0.0755995
404,0.0756211
405,0.0756382
406,0.0756635
407,0.0756948
408,0.0757201
409,0.0757401
410,0.0757594
411,0.0757818
412,0.07581
413,0.0758397
414,0.0758684
415,0.0758965
416,0.0759195
417,0.0759417
418,0.0759635
419,0.0759835
420,0.0760071
421,0.0760313
422,0.0760554
423,0.076077
424,0.0761041
425,0.0761416
426,0.0761752
427,0.0762014
428,0.0762292
429,0.0762555
430,0.0762772
431,0.0762989
432,0.0763216
433,0.0763451
434,0.0763688
435,0.0763923
436,0.076417
437,0.076445
438,0.0764746
439,0.0765028
440,0.0765303
441,0.0765588
442,0.0765896
443,0.0766178
444,0.0766431
445,0.0766699
446,0.0766995
447,0.0767282
448,0.0767538
449,0.07678
450,0.0768076
451,0.0768321
452,0.0768507
453,0.0768635
454,0.0768721
455,0.0768814
456,0.0769047
457,0.0769343
458,0.0769554
459,0.076973
460,0.0769916
461,0.0770129
462,0.077037
463,0.0770647
464,0.0770999
465,0.0771423
466,0.0771797
467,0.0772082
468,0.0772337
469,0.0772568
470,0.0772769
471,0.077293
472,0.0773078
473,0.0773287
474,0.0773514
475,0.0773714
476,0.077394
477,0.0774222
478,0.0774516
479,0.0774781
480,0.0774998
481,0.0775176
482,0.0775332
483,0.077547
484,0.0775659
485,0.0775915
486,0.0776182
487,0.0776422
488,0.0776692
489,0.0777006
490,0.0777303
491,0.0777553
492,0.0777819
493,0.0778063
494,0.0778165
495,0.0778224
496,0.0778329
497,0.0778437
498,0.0778588
499,0.0778826
500,0.077915
501,0.0779518
502,0.0779878
503,0.078018
504,0.0780459
505,0.0780702
506,0.0780872
507,0.0781027
508,0.0781166
509,0.0781268
510,0.0781399
511,0.0781566
512,0.0781758
513,0.078196
514,0.0782133
515,0.0782325
516,0.0782571
517,0.0782964
518,0.0783452
519,0.078357
520,0.0783572
521,0.0783844
522,0.0784019
523,0.078427
524,0.0784652
525,0.0784978
526,0.0785255
527,0.0785473
528,0.0785626
529,0.0785742
530,0.0785854
531,0.0785965
532,0.0786139
533,0.0786332
534,0.0786536
535,0.0786738
536,0.0786978
537,0.0787283
538,0.0787588
539,0.0787863
540,0.0788142
541,0.0788428
542,0.0788693
543,0.0788945
544,0.0789136
545,0.0789271
546,0.0789417
547,0.0789604
548,0.078984
549,0.0790063
550,0.0790247
551,0.0790427
552,0.0790636
553,0.0790843
554,0.0791038
555,0.0791222
556,0.0791373
557,0.0791547
558,0.0791739
559,0.0791925
560,0.0792139
561,0.0792355
562,0.0792509
563,0.0792669
564,0.0793009
565,0.079326
566,0.079338
567,0.0793544
568,0.0793725
569,0.0793942
570,0.0794187
571,0.0794421
572,0.0794644
573,0.0794927
574,0.0795133
575,0.0795258
576,0.0795328
577,0.079541
578,0.0795737
579,0.0796171
580,0.0796231
581,0.0796301
582,0.0796544
583,0.0796794
584,0.0796918
585,0.0797011
586,0.0797214
587,0.0797437
588,0.0797693
589,0.0797959
590,0.0798178
591,0.079833
592,0.0798445
593,0.0798563
594,0.0798758
595,0.0799014
596,0.0799275
597,0.0799376
598,0.0799377
599,0.0799376
