2,0.964312
3,0.899158
4,0.839088
5,0.782527
6,0.728866
7,0.677801
8,0.62914
9,0.582835
10,0.538816
11,0.497036
12,0.457875
13,0.421177
14,0.386446
15,0.353718
16,0.322925
17,0.293899
18,0.26656
19,0.240954
20,0.217085
21,0.194886
22,0.174255
23,0.155031
24,0.137111
25,0.120463
26,0.105022
27,0.0907265
28,0.0779393
29,0.0671166
30,0.0580829
31,0.0503974
32,0.0436457
33,0.0375316
34,0.0319652
35,0.026922
36,0.022372
37,0.0182814
38,0.0145834
39,0.0112148
40,0.00810972
41,0.00533121
42,0.00299575
43,0.00128309
44,0.0014716
45,0.00260639
46,0.00338232
47,0.00366248
48,0.00357243
49,0.00336883
50,0.00311002
51,0.00270139
52,0.00261163
53,0.00255153
54,0.00242563
55,0.00232233
56,0.00214755
57,0.00202852
58,0.00192759
59,0.00179473
60,0.00168402
61,0.00155856
62,0.00143607
63,0.00134225
64,0.00125637
65,0.00117136
66,0.00111054
67,0.00107074
68,0.00103985
69,0.00102215
70,0.00100629
71,0.00099527
72,0.000981563
73,0.000973978
74,0.000970732
75,0.000972258
76,0.00097209
77,0.000976358
78,0.000980981
79,0.000987088
80,0.000989806
81,0.000997813
82,0.00100765
83,0.00102809
84,0.00105563
85,0.0010926
86,0.00113473
87,0.00120074
88,0.00124479
89,0.00123954
90,0.00120469
91,0.00119024
92,0.0012012
93,0.00121434
94,0.00124774
95,0.00133585
96,0.00142632
97,0.00150946
98,0.00158093
99,0.00164224
100,0.00170294
101,0.0017749
102,0.00187527
103,0.00198715
104,0.00208689
105,0.00219189
106,0.00229482
107,0.00234274
108,0.0023927
109,0.00252294
110,0.0026383
111,0.00271211
112,0.0027433
113,0.00275477
114,0.00274733
115,0.00272153
116,0.00271297
117,0.00269205
118,0.00261341
119,0.00248859
120,0.00232378
121,0.00215463
122,0.00198805
123,0.00178552
124,0.00159414
125,0.00144725
126,0.00131493
127,0.00118879
128,0.00107937
129,0.00102788
130,0.00100937
131,0.00100629
132,0.00100629
133,0.00099681
134,0.000979221
135,0.000969879
136,0.000961052
137,0.000951925
138,0.000950715
139,0.000948094
140,0.000939013
141,0.000936049
142,0.00093214
143,0.000923199
144,0.000908375
145,0.000898735
146,0.000888772
147,0.000887599
148,0.000882704
149,0.000885489
150,0.000900825
151,0.000929476
152,0.000952747
153,0.000964549
154,0.000962317
155,0.000950479
156,0.00094723
157,0.000964488
158,0.000968317
159,0.000946708
160,0.000926197
161,0.000911121
162,0.000893844
163,0.00087515
164,0.000866492
165,0.000873882
166,0.000881294
167,0.000892854
168,0.000904164
169,0.000908617
170,0.00089962
171,0.000888354
172,0.000880931
173,0.000879505
174,0.000880731
175,0.000880389
176,0.000880556
177,0.000880714
178,0.000878037
179,0.000872088
180,0.000862542
181,0.000857709
182,0.000868502
183,0.000870371
184,0.000865533
185,0.00086188
186,0.000884119
187,0.000944915
188,0.000929378
189,0.000882647
190,0.000875894
191,0.000867602
192,0.000861999
193,0.000862977
194,0.000878984
195,0.000895053
196,0.000932483
197,0.000973642
198,0.000960853
199,0.000899306
200,0.000872213
201,0.000743102
202,0.000219307
203,0.000668916
204,0.000860189
205,0.000863593
206,0.000865596
207,0.00087049
208,0.000862208
209,0.000849189
210,0.000844354
211,0.00085186
212,0.000868339
213,0.000877081
214,0.0008834
215,0.000877359
216,0.000852229
217,0.000833301
218,0.000832321
219,0.000830843
220,0.000833312
221,0.000849667
222,0.000866939
223,0.000882935
224,0.000860681
225,0.000836739
226,0.000833346
227,0.000835875
228,0.000858457
229,0.000907401
230,0.000960378
231,0.000954355
232,0.00095368
233,0.00096664
234,0.000950805
235,0.000923783
236,0.000896981
237,0.000879043
238,0.000860177
239,0.000839844
240,0.000827237
241,0.000829171
242,0.00082603
243,0.000826834
244,0.000833859
245,0.000841293
246,0.000847608
247,0.000847235
248,0.000830684
249,0.000820319
250,0.000818246
251,0.000828084
252,0.000826291
253,0.000823574
254,0.000814698
255,0.000819039
256,0.000719346
257,0.00023651
258,0.000667658
259,0.000931336
260,0.000925506
261,0.000891018
262,0.000859019
263,0.000836137
264,0.000815904
265,0.00081177
266,0.000813824
267,0.000834812
268,0.000832951
269,0.000826358
270,0.000710683
271,0.000203807
272,0.000593803
273,0.000810199
274,0.00080391
275,0.000806965
276,0.000805346
277,0.000813858
278,0.000808456
279,0.000806617
280,0.000694312
281,9.55796e-05
282,0.000599295
283,0.000812087
284,0.000820258
285,0.000846978
286,0.000869067
287,0.000886886
288,0.000859475
289,0.000839772
290,0.000846129
291,0.000857544
292,0.000847949
293,0.000829069
294,0.000813364
295,0.00081873
296,0.000817646
297,0.000823566
298,0.000835299
299,0.000835711
300,0.000816987
301,0.000812453
302,0.000807344
303,0.000808132
304,0.000802759
305,0.000803917
306,0.000800042
307,0.000802131
308,0.000798483
309,0.000804285
310,0.000798792
311,0.000804524
312,0.000791825
313,0.000793135
314,0.00068093
315,0.000173881
316,0.000612317
317,0.000804289
318,0.000810001
319,0.000846835
320,0.000890607
321,0.000898497
322,0.000876476
323,0.000854694
324,0.00083431
325,0.000818662
326,0.000802158
327,0.00078949
328,0.000788509
329,0.000793269
330,0.000787813
331,0.000785616
332,0.000785257
333,0.000785777
334,0.000785095
335,0.000793659
336,0.000812599
337,0.000796742
338,0.000789732
339,0.000813776
340,0.000727749
341,0.000281568
342,0.000607228
343,0.00081582
344,0.000810886
345,0.000804027
346,0.000794635
347,0.000790899
348,0.000779227
349,0.000785125
350,0.000673776
351,0.000120318
352,0.000593813
353,0.000807634
354,0.000806804
355,0.000799944
356,0.000801275
357,0.000802313
358,0.000803853
359,0.000807508
360,0.000810331
361,0.000812937
362,0.000809146
363,0.000806696
364,0.000806738
365,0.000808064
366,0.000809145
367,0.000808974
368,0.000801625
369,0.000792505
370,0.000794473
371,0.000792316
372,0.000789127
373,0.000785305
374,0.000787562
375,0.000786902
376,0.000786235
377,0.000787277
378,0.000787936
379,0.000788349
380,0.000792256
381,0.000800994
382,0.000800587
383,0.000803727
384,0.000799976
385,0.000797351
386,0.000795225
387,0.000794136
388,0.000786894
389,0.000784095
390,0.00078017
391,0.000778237
392,0.000786588
393,0.000807413
394,0.000823922
395,0.000832109
396,0.000800426
397,0.000779056
398,0.000772783
399,0.000772361
400,0.00077522
401,0.000790504
402,0.000803634
403,0.000815261
404,0.000791231
405,0.000768548
406,0.000761474
407,0.00077357
408,0.000667063
409,5.67548e-05
410,0.000557606
411,0.000765859
412,0.000764472
413,0.000759985
414,0.000758544
415,0.000759664
416,0.000758855
417,0.000764349
418,0.000769583
419,0.000787475
420,0.000795502
421,0.0008032
422,0.000810635
423,0.000833093
424,0.00082404
425,0.000776149
426,0.000756803
427,0.000756762
428,0.000754453
429,0.000754216
430,0.000755981
431,0.000762371
432,0.000765726
433,0.00077272
434,0.0007756
435,0.000780174
436,0.000780535
437,0.000773612
438,0.000761667
439,0.000757913
440,0.000755221
441,0.000755578
442,0.000759454
443,0.000770993
444,0.000770605
445,0.000780753
446,0.000795448
447,0.00081601
448,0.00081856
449,0.00083102
450,0.000845606
451,0.000848763
452,0.000718636
453,0.000164348
454,0.000564689
455,0.00078934
456,0.000794477
457,0.000774878
458,0.00078315
459,0.000808104
460,0.00083506
461,0.000850625
462,0.000849066
463,0.000826682
464,0.000774164
465,0.000746573
466,0.000775464
467,0.000795376
468,0.000807356
469,0.00080501
470,0.000790116
471,0.000766453
472,0.00075008
473,0.000749948
474,0.00074983
475,0.000750735
476,0.00075404
477,0.00075452
478,0.000760054
479,0.000767967
480,0.000764914
481,0.000754722
482,0.000752807
483,0.000766795
484,0.000777341
485,0.000769993
486,0.000760238
487,0.000758009
488,0.000750144
489,0.000749959
490,0.000761988
491,0.000770386
492,0.000781319
493,0.000788601
494,0.000751942
495,0.000753335
496,0.000791577
497,0.000854142
498,0.000902854
499,0.000891222
500,0.000825985
501,0.000762329
502,0.000740954
503,0.000746564
504,0.000760282
505,0.000769049
506,0.000751726
507,0.00074063
508,0.000737386
509,0.00076179
510,0.000799263
511,0.000828511
512,0.000842372
513,0.000854855
514,0.000880157
515,0.00090153
516,0.000797587
517,0.000260157
518,0.000543025
519,0.000730823
520,0.000795961
521,0.000769902
522,0.000784728
523,0.000770853
524,0.00073456
525,0.000744545
526,0.000761359
527,0.000763889
528,0.000745871
529,0.000737918
530,0.000747085
531,0.000778841
532,0.000797021
533,0.000806905
534,0.0008092
535,0.000813621
536,0.000796982
537,0.000761971
538,0.000739497
539,0.000737182
540,0.000743272
541,0.000765409
542,0.000785466
543,0.000807406
544,0.000795457
545,0.00076643
546,0.000745542
547,0.000742651
548,0.000748895
549,0.000755826
550,0.000745313
551,0.000739859
552,0.000738337
553,0.000741523
554,0.000736963
555,0.000737429
556,0.000726656
557,0.000729709
558,0.000726954
559,0.000730488
560,0.000627954
561,7.32648e-05
562,0.000548148
563,0.000733233
564,0.000730266
565,0.000737416
566,0.000725518
567,0.000726386
568,0.000726866
569,0.000726165
570,0.000726489
571,0.000728224
572,0.000733075
573,0.000755421
574,0.000757204
575,0.000735581
576,0.000725679
577,0.000744382
578,0.000725995
579,0.000783239
580,0.000738798
581,0.000729679
582,0.000727142
583,0.000729878
584,0.000723717
585,0.000732086
586,0.00073205
587,0.000727509
588,0.00072305
589,0.00072849
590,0.000734832
591,0.000726357
592,0.000722201
593,0.000732711
594,0.000731961
595,0.000725177
596,0.000725067
597,0.000723233
598,0.000778154
599,0.000897776
