2,0.964741
3,0.900366
4,0.840966
5,0.784993
6,0.731856
7,0.68125
8,0.633006
9,0.587037
10,0.543301
11,0.501772
12,0.462789
13,0.426183
14,0.391514
15,0.358786
16,0.327926
17,0.298804
18,0.271379
19,0.245668
20,0.221628
21,0.199184
22,0.178278
23,0.158817
24,0.140704
25,0.123892
26,0.108301
27,0.0938508
28,0.0808308
29,0.0696856
30,0.0603674
31,0.052442
32,0.0454604
33,0.0391393
34,0.0333811
35,0.0281575
36,0.0234471
37,0.0192071
38,0.0153529
39,0.011815
40,0.00858217
41,0.00571343
42,0.00329232
43,0.00145702
44,0.00129909
45,0.00240644
46,0.00329627
47,0.00366039
48,0.00357404
49,0.00336771
50,0.0031108
51,0.00270182
52,0.0026123
53,0.00255242
54,0.00242685
55,0.00232244
56,0.00214758
57,0.00203088
58,0.00192727
59,0.00179554
60,0.00168244
61,0.00155859
62,0.00143704
63,0.00134187
64,0.00125545
65,0.00117135
66,0.00110901
67,0.00107183
68,0.0010395
69,0.00102352
70,0.00100679
71,0.000993859
72,0.000979367
73,0.000975147
74,0.000970874
75,0.000973062
76,0.000971691
77,0.000978334
78,0.000980389
79,0.000986497
80,0.000989683
81,0.00099733
82,0.00100629
83,0.00102954
84,0.00105558
85,0.00109488
86,0.00113561
87,0.00119989
88,0.00124237
89,0.00123791
90,0.00120476
91,0.00118946
92,0.00120077
93,0.00121495
94,0.00124816
95,0.00133549
96,0.00142525
97,0.00150904
98,0.00157987
99,0.00164238
100,0.00170317
101,0.0017747
102,0.00187585
103,0.00198724
104,0.00208788
105,0.00219204
106,0.00229217
107,0.00234057
108,0.00239097
109,0.0025216
110,0.00263892
111,0.00271138
112,0.00274233
113,0.00275426
114,0.00274853
115,0.00272144
116,0.00271408
117,0.00269279
118,0.00261302
119,0.00249024
120,0.00232469
121,0.00215576
122,0.00198902
123,0.00178675
124,0.00159314
125,0.00144782
126,0.00131463
127,0.00118718
128,0.0010799
129,0.00102733
130,0.00101052
131,0.00100693
132,0.0010062
133,0.0009982
134,0.000978237
135,0.000969796
136,0.000960096
137,0.00095401
138,0.000951541
139,0.000947515
140,0.000937157
141,0.000937765
142,0.000933087
143,0.000923498
144,0.000909612
145,0.000897664
146,0.000889013
147,0.000886801
148,0.000883126
149,0.000886465
150,0.000900376
151,0.000930405
152,0.000951217
153,0.00096545
154,0.000962206
155,0.000950474
156,0.000946126
157,0.000965222
158,0.00096821
159,0.000948331
160,0.000925975
161,0.000912517
162,0.000893063
163,0.000874439
164,0.000868482
165,0.000873975
166,0.000879766
167,0.000891111
168,0.000904372
169,0.000909337
170,0.000900647
171,0.000887909
172,0.000880905
173,0.000879791
174,0.000881547
175,0.000879485
176,0.000879903
177,0.000882423
178,0.000877284
179,0.000872195
180,0.000861546
181,0.000857878
182,0.000867101
183,0.000869946
184,0.000864622
185,0.000862072
186,0.000883645
187,0.000941727
188,0.00092909
189,0.000883328
190,0.000876067
191,0.000866098
192,0.000861658
193,0.000864032
194,0.000877829
195,0.00089504
196,0.000933254
197,0.000974494
198,0.000962544
199,0.000898835
200,0.000873051
201,0.00074134
202,0.000219634
203,0.000668095
204,0.000859984
205,0.000863475
206,0.000866446
207,0.00086979
208,0.000861267
209,0.000846632
210,0.000844995
211,0.000853166
212,0.000867051
213,0.000876892
214,0.00088279
215,0.000879137
216,0.00084974
217,0.000832278
218,0.000832035
219,0.00083163
220,0.000835024
221,0.000848776
222,0.000869208
223,0.000881682
224,0.000860412
225,0.000838471
226,0.000834505
227,0.000834541
228,0.000857611
229,0.000907535
230,0.000958737
231,0.000954581
232,0.00095399
233,0.00096832
234,0.000950347
235,0.000922203
236,0.000899478
237,0.000877622
238,0.000859216
239,0.000842077
240,0.000828601
241,0.000829407
242,0.000825382
243,0.000829725
244,0.000832762
245,0.000840609
246,0.000845092
247,0.000846739
248,0.000830249
249,0.000819878
250,0.000819333
251,0.0008293
252,0.000825328
253,0.00082021
254,0.000812844
255,0.000818664
256,0.000717545
257,0.00023765
258,0.000666717
259,0.00092929
260,0.000923876
261,0.000891321
262,0.000859149
263,0.000834674
264,0.000816183
265,0.000812346
266,0.000813884
267,0.000833331
268,0.000831237
269,0.00082692
270,0.000711213
271,0.00020392
272,0.00059631
273,0.00081053
274,0.000804244
275,0.000805701
276,0.000804819
277,0.000813798
278,0.000810477
279,0.000807204
280,0.000690722
281,9.29558e-05
282,0.00059988
283,0.000813315
284,0.000820474
285,0.000846392
286,0.000869713
287,0.000886359
288,0.000860383
289,0.000841866
290,0.000845841
291,0.000857214
292,0.00084818
293,0.000829948
294,0.000812874
295,0.000816547
296,0.000817889
297,0.000822205
298,0.000833846
299,0.000832798
300,0.000815474
301,0.000813002
302,0.000807728
303,0.000809328
304,0.000805604
305,0.000803528
306,0.000799243
307,0.000799113
308,0.000798511
309,0.00080514
310,0.000800865
311,0.000802706
312,0.000790313
313,0.000792578
314,0.000679427
315,0.000173411
316,0.00061344
317,0.000804519
318,0.000809652
319,0.000845596
320,0.000889467
321,0.000898326
322,0.000876076
323,0.000853676
324,0.000834358
325,0.000817843
326,0.000800897
327,0.000791789
328,0.000789044
329,0.000792969
330,0.000788887
331,0.00078552
332,0.00078424
333,0.000785195
334,0.000785316
335,0.000793125
336,0.000812761
337,0.000797197
338,0.000790279
339,0.000815295
340,0.000725406
341,0.000280299
342,0.000607637
343,0.000812711
344,0.000807914
345,0.000804828
346,0.000795137
347,0.000790469
348,0.000778804
349,0.000787395
350,0.00067718
351,0.000120678
352,0.000594449
353,0.000806287
354,0.00080533
355,0.000797463
356,0.000798778
357,0.000803497
358,0.000804667
359,0.000807705
360,0.000811834
361,0.000814258
362,0.000808958
363,0.000806995
364,0.000808165
365,0.000809685
366,0.000810214
367,0.000808906
368,0.000803056
369,0.000792996
370,0.000793464
371,0.000792089
372,0.000789608
373,0.000787919
374,0.000786343
375,0.000786148
376,0.000787121
377,0.000787306
378,0.000788219
379,0.000789284
380,0.000792532
381,0.000800389
382,0.000799461
383,0.000803164
384,0.00080099
385,0.000797135
386,0.000795393
387,0.000792605
388,0.000787982
389,0.00078259
390,0.000779801
391,0.000777938
392,0.000787329
393,0.000808681
394,0.000825084
395,0.000832342
396,0.000802529
397,0.00077997
398,0.000772589
399,0.000773057
400,0.000775504
401,0.000788282
402,0.00080416
403,0.000814681
404,0.000789636
405,0.000767849
406,0.000762622
407,0.00077432
408,0.000662875
409,5.66893e-05
410,0.000558085
411,0.000764875
412,0.000763583
413,0.000761814
414,0.000756869
415,0.000759129
416,0.000757825
417,0.000761966
418,0.000771423
419,0.000790856
420,0.000796029
421,0.00080346
422,0.000809211
423,0.000831749
424,0.000821406
425,0.000774951
426,0.000756449
427,0.000757354
428,0.000755986
429,0.000757351
430,0.000758885
431,0.000765073
432,0.000765025
433,0.000771394
434,0.000773588
435,0.000779981
436,0.000780848
437,0.000773042
438,0.000761571
439,0.000758883
440,0.000755006
441,0.00075582
442,0.000759619
443,0.000768718
444,0.000770676
445,0.000780614
446,0.00079424
447,0.000816705
448,0.000819537
449,0.000830707
450,0.000845822
451,0.000848339
452,0.000718756
453,0.000164026
454,0.000562664
455,0.000789283
456,0.000793847
457,0.000774185
458,0.000782372
459,0.000807052
460,0.000836442
461,0.00085
462,0.000849942
463,0.000826374
464,0.000774624
465,0.00074874
466,0.000777587
467,0.000797226
468,0.000805981
469,0.000803909
470,0.000789251
471,0.00076444
472,0.000749894
473,0.000750355
474,0.00075241
475,0.000752915
476,0.000753305
477,0.000752985
478,0.00075745
479,0.000764625
480,0.000762481
481,0.000755863
482,0.000754027
483,0.000768213
484,0.000778376
485,0.000770349
486,0.000760914
487,0.000757812
488,0.000750072
489,0.000750721
490,0.000761519
491,0.000768306
492,0.000781582
493,0.000790439
494,0.000750653
495,0.000754817
496,0.000792218
497,0.000852581
498,0.00090114
499,0.000891888
500,0.00082297
501,0.000763141
502,0.000742742
503,0.000749947
504,0.00075889
505,0.000767432
506,0.000750854
507,0.000741384
508,0.000736175
509,0.000764545
510,0.000797718
511,0.000828004
512,0.000839387
513,0.000852961
514,0.000882279
515,0.000903593
516,0.000798471
517,0.000258538
518,0.000545593
519,0.000731921
520,0.000795724
521,0.000769602
522,0.000786416
523,0.000770315
524,0.000735583
525,0.000744511
526,0.000762783
527,0.000763814
528,0.000745415
529,0.00073504
530,0.000747754
531,0.000779267
532,0.000796849
533,0.000807286
534,0.000809295
535,0.000814369
536,0.000796844
537,0.000760305
538,0.000736854
539,0.000733305
540,0.000738015
541,0.000761618
542,0.000784849
543,0.000808968
544,0.000799706
545,0.000768006
546,0.00074679
547,0.000744662
548,0.000749256
549,0.000751805
550,0.000746371
551,0.000741858
552,0.000737608
553,0.000737596
554,0.000738115
555,0.00073831
556,0.000727202
557,0.000729019
558,0.000726007
559,0.00073125
560,0.000628374
561,6.40772e-05
562,0.000548336
563,0.000729085
564,0.00073528
565,0.000741693
566,0.000729803
567,0.000727784
568,0.000725662
569,0.000725992
570,0.000727502
571,0.000729101
572,0.000734868
573,0.000757995
574,0.000757614
575,0.000734084
576,0.000723427
577,0.000743746
578,0.0007254
579,0.000783748
580,0.000735968
581,0.000725572
582,0.000725137
583,0.00073009
584,0.000724369
585,0.000736183
586,0.000733305
587,0.000728947
588,0.000722376
589,0.000729595
590,0.000732174
591,0.000725668
592,0.0007207
593,0.000730761
594,0.000730507
595,0.000724323
596,0.000721868
597,0.00072311
598,0.000780978
599,0.000901163
