2,0.00123647
3,0.00370033
4,0.00615071
5,0.00858396
6,0.010992
7,0.0133628
8,0.0156862
9,0.0179554
10,0.0201661
11,0.0223105
12,0.0243648
13,0.0263337
14,0.0282336
15,0.0300582
16,0.0318091
17,0.0334885
18,0.0350953
19,0.0366274
20,0.0380867
21,0.0394745
22,0.040791
23,0.0420383
24,0.0432203
25,0.0443378
26,0.045391
27,0.0463828
28,0.0473014
29,0.0481297
30,0.0488693
31,0.0495336
32,0.0501407
33,0.0507064
34,0.0512372
35,0.0517364
36,0.0522071
37,0.052652
38,0.0530705
39,0.0534606
40,0.0538283
41,0.0541787
42,0.0545089
43,0.0548169
44,0.055102
45,0.0553603
46,0.0555913
47,0.0557909
48,0.0559583
49,0.056112
50,0.0562613
51,0.0564049
52,0.0565511
53,0.0566964
54,0.0568398
55,0.0569824
56,0.0571183
57,0.0572552
58,0.057391
59,0.0575222
60,0.0576528
61,0.0577801
62,0.0579051
63,0.0580297
64,0.058153
65,0.0582736
66,0.0583938
67,0.0585141
68,0.0586334
69,0.0587528
70,0.0588708
71,0.0589871
72,0.0591007
73,0.0592129
74,0.0593247
75,0.0594369
76,0.0595473
77,0.059655
78,0.0597626
79,0.0598697
80,0.0599756
81,0.0600804
82,0.0601831
83,0.0602835
84,0.0603824
85,0.0604797
86,0.0605755
87,0.0606691
88,0.0607637
89,0.0608623
90,0.0609626
91,0.0610603
92,0.0611544
93,0.0612477
94,0.0613378
95,0.0614229
96,0.061507
97,0.0615915
98,0.0616761
99,0.061761
100,0.0618451
101,0.0619278
102,0.0620076
103,0.0620863
104,0.062165
105,0.0622428
106,0.06232
107,0.0624003
108,0.0624799
109,0.0625535
110,0.0626271
111,0.0627034
112,0.0627816
113,0.0628605
114,0.0629401
115,0.0630205
116,0.063099
117,0.0631778
118,0.06326
119,0.0633446
120,0.0634316
121,0.0635188
122,0.0636052
123,0.0636941
124,0.0637823
125,0.0638671
126,0.063951
127,0.064035
128,0.0641181
129,0.0641958
130,0.0642688
131,0.0643398
132,0.0644094
133,0.0644801
134,0.0645517
135,0.0646219
136,0.0646913
137,0.0647603
138,0.0648279
139,0.0648956
140,0.0649637
141,0.0650301
142,0.0650964
143,0.0651637
144,0.0652317
145,0.0652998
146,0.065367
147,0.0654321
148,0.0654965
149,0.0655581
150,0.0656138
151,0.0656693
152,0.0657269
153,0.0657862
154,0.0658477
155,0.0659107
156,0.0659717
157,0.0660288
158,0.066088
159,0.0661506
160,0.0662135
161,0.0662756
162,0.0663383
163,0.0664033
164,0.0664697
165,0.0665338
166,0.0665945
167,0.0666549
168,0.0667148
169,0.0667722
170,0.0668263
171,0.0668784
172,0.0669308
173,0.0669854
174,0.0670418
175,0.0670964
176,0.0671518
177,0.0672076
178,0.0672611
179,0.0673143
180,0.0673633
181,0.0674089
182,0.0674552
183,0.0675059
184,0.0675605
185,0.0676134
186,0.0676588
187,0.067699
188,0.0677531
189,0.0678134
190,0.0678664
191,0.0679198
192,0.0679728
193,0.0680228
194,0.0680694
195,0.0681146
196,0.068158
197,0.068201
198,0.0682527
199,0.0683139
200,0.0683755
201,0.0684326
202,0.0684867
203,0.0685276
204,0.0685734
205,0.0686273
206,0.068678
207,0.068729
208,0.0687745
209,0.0688156
210,0.0688552
211,0.0688957
212,0.0689361
213,0.0689795
214,0.0690245
215,0.0690712
216,0.0691237
217,0.0691801
218,0.0692293
219,0.0692729
220,0.0693223
221,0.069375
222,0.0694247
223,0.0694728
224,0.0695123
225,0.0695495
226,0.069591
227,0.0696362
228,0.0696879
229,0.0697419
230,0.0697932
231,0.0698358
232,0.069879
233,0.0699239
234,0.0699642
235,0.0700029
236,0.0700414
237,0.07008
238,0.0701181
239,0.0701544
240,0.0701916
241,0.0702333
242,0.0702749
243,0.0703164
244,0.0703608
245,0.0704042
246,0.0704475
247,0.0704883
248,0.0705241
249,0.0705582
250,0.0705911
251,0.0706259
252,0.0706657
253,0.0707084
254,0.0707513
255,0.0707902
256,0.0708239
257,0.0708578
258,0.0708891
259,0.07092
260,0.0709598
261,0.0710045
262,0.0710488
263,0.0710939
264,0.0711384
265,0.0711836
266,0.0712308
267,0.0712755
268,0.071315
269,0.0713495
270,0.0713858
271,0.0714269
272,0.0714649
273,0.0714963
274,0.0715269
275,0.0715634
276,0.071604
277,0.0716446
278,0.0716809
279,0.0717095
280,0.071743
281,0.0717817
282,0.0718125
283,0.0718481
284,0.0718825
285,0.071911
286,0.0719423
287,0.0719751
288,0.0720159
289,0.0720566
290,0.0720907
291,0.0721238
292,0.072161
293,0.0722031
294,0.0722483
295,0.072288
296,0.0723241
297,0.0723628
298,0.0724024
299,0.0724366
300,0.0724647
301,0.0724956
302,0.0725275
303,0.0725583
304,0.0725921
305,0.0726259
306,0.072659
307,0.0726929
308,0.0727247
309,0.0727561
310,0.0727892
311,0.0728232
312,0.0728609
313,0.0728994
314,0.072936
315,0.0729766
316,0.0730142
317,0.0730434
318,0.0730771
319,0.0731187
320,0.0731592
321,0.0731931
322,0.0732224
323,0.073251
324,0.0732792
325,0.0733072
326,0.0733346
327,0.073362
328,0.0733931
329,0.0734275
330,0.0734576
331,0.0734844
332,0.0735146
333,0.0735475
334,0.0735792
335,0.0736022
336,0.0736254
337,0.0736641
338,0.0737092
339,0.0737487
340,0.0737835
341,0.073816
342,0.0738464
343,0.0738752
344,0.0739049
345,0.0739331
346,0.0739616
347,0.0739896
348,0.0740158
349,0.0740467
350,0.0740789
351,0.0741055
352,0.0741247
353,0.074148
354,0.0741805
355,0.0742171
356,0.0742526
357,0.0742831
358,0.0743125
359,0.0743391
360,0.0743639
361,0.0743923
362,0.0744245
363,0.0744582
364,0.0744921
365,0.0745247
366,0.0745555
367,0.0745859
368,0.0746125
369,0.0746338
370,0.0746564
371,0.0746857
372,0.0747173
373,0.0747481
374,0.0747786
375,0.0748084
376,0.0748371
377,0.0748659
378,0.0748958
379,0.0749247
380,0.0749556
381,0.0749873
382,0.075016
383,0.0750447
384,0.0750723
385,0.0750992
386,0.0751268
387,0.0751537
388,0.0751793
389,0.0752052
390,0.0752313
391,0.0752574
392,0.0752902
393,0.0753244
394,0.0753565
395,0.0753852
396,0.0754053
397,0.0754243
398,0.0754477
399,0.0754742
400,0.075505
401,0.0755382
402,0.0755703
403,0.0755995
404,0.0756212
405,0.0756383
406,0.0756636
407,0.0756949
408,0.0757201
409,0.0757401
410,0.0757595
411,0.0757818
412,0.07581
413,0.0758397
414,0.0758685
415,0.0758965
416,0.0759195
417,0.0759418
418,0.0759634
419,0.0759834
420,0.0760071
421,0.0760312
422,0.0760554
423,0.076077
424,0.0761041
425,0.0761416
426,0.0761752
427,0.0762013
428,0.0762292
429,0.0762554
430,0.0762771
431,0.076299
432,0.0763217
433,0.0763451
434,0.0763688
435,0.0763923
436,0.076417
437,0.0764451
438,0.0764745
439,0.0765029
440,0.0765303
441,0.0765588
442,0.0765896
443,0.0766178
444,0.076643
445,0.0766699
446,0.0766995
447,0.0767283
448,0.0767537
449,0.0767801
450,0.0768076
451,0.0768321
452,0.0768507
453,0.0768634
454,0.076872
455,0.0768813
456,0.0769047
457,0.0769344
458,0.0769554
459,0.0769731
460,0.0769916
461,0.0770129
462,0.077037
463,0.0770647
464,0.0770999
465,0.0771422
466,0.0771798
467,0.0772083
468,0.0772336
469,0.0772568
470,0.0772768
471,0.0772929
472,0.0773077
473,0.0773287
474,0.0773515
475,0.0773714
476,0.077394
477,0.0774223
478,0.0774516
479,0.0774781
480,0.0774997
481,0.0775176
482,0.0775331
483,0.077547
484,0.077566
485,0.0775915
486,0.0776182
487,0.0776421
488,0.0776691
489,0.0777006
490,0.0777302
491,0.0777553
492,0.077782
493,0.0778063
494,0.0778164
495,0.0778223
496,0.0778329
497,0.0778435
498,0.0778586
499,0.0778825
500,0.077915
501,0.0779519
502,0.0779878
503,0.0780181
504,0.0780458
505,0.0780702
506,0.0780871
507,0.0781027
508,0.0781166
509,0.0781268
510,0.0781399
511,0.0781566
512,0.0781759
513,0.0781961
514,0.0782131
515,0.0782322
516,0.0782571
517,0.0782964
518,0.0783451
519,0.078357
520,0.0783572
521,0.0783844
522,0.0784019
523,0.0784271
524,0.078465
525,0.0784976
526,0.0785255
527,0.0785475
528,0.0785625
529,0.0785731
530,0.0785855
531,0.0785964
532,0.0786138
533,0.0786334
534,0.0786533
535,0.0786743
536,0.078698
537,0.0787283
538,0.0787588
539,0.0787863
540,0.0788141
541,0.0788427
542,0.0788702
543,0.0788947
544,0.0789139
545,0.0789272
546,0.0789419
547,0.0789612
548,0.0789794
549,0.0789985
550,0.0790188
551,0.079039
552,0.0790606
553,0.0790813
554,0.0790999
555,0.0791175
556,0.0791354
557,0.0791552
558,0.0791762
559,0.0791975
560,0.0792183
561,0.0792367
562,0.0792509
563,0.079273
564,0.0793078
565,0.0793275
566,0.0793378
567,0.0793541
568,0.0793723
569,0.0793942
570,0.0794185
571,0.0794405
572,0.0794641
573,0.0794928
574,0.0795135
575,0.0795259
576,0.0795328
577,0.0795408
578,0.0795736
579,0.0796173
580,0.0796231
581,0.0796299
582,0.0796541
583,0.0796795
584,0.0796917
585,0.079701
586,0.0797215
587,0.0797436
588,0.0797692
589,0.0797959
590,0.0798178
591,0.079833
592,0.0798444
593,0.0798562
594,0.0798756
595,0.0799014
596,0.0799277
597,0.0799376
598,0.0799377
599,0.0799377
