2,0.965101
3,0.901413
4,0.84272
5,0.787382
6,0.734735
7,0.684542
8,0.636685
9,0.591064
10,0.547573
11,0.506228
12,0.467424
13,0.430932
14,0.396301
15,0.363589
16,0.332699
17,0.303527
18,0.276044
19,0.250255
20,0.226074
21,0.203445
22,0.182334
23,0.162664
24,0.144339
25,0.127322
26,0.111582
27,0.097054
28,0.0839423
29,0.0725633
30,0.0628622
31,0.0545636
32,0.0473099
33,0.0407888
34,0.0348741
35,0.0295005
36,0.0246082
37,0.0201438
38,0.0161176
39,0.012566
40,0.00937835
41,0.00646764
42,0.00390595
43,0.00182878
44,0.00112676
45,0.00214768
46,0.00308325
47,0.00356989
48,0.00355781
49,0.00336365
50,0.00309506
51,0.00269128
52,0.00262138
53,0.00255971
54,0.00242793
55,0.00232243
56,0.00214807
57,0.00203039
58,0.0019281
59,0.00179476
60,0.00168356
61,0.00155911
62,0.00143771
63,0.00134163
64,0.00125644
65,0.00117207
66,0.00110998
67,0.00107159
68,0.00103927
69,0.00102319
70,0.00100595
71,0.000994006
72,0.000979757
73,0.000974304
74,0.000970091
75,0.000971078
76,0.00097107
77,0.000978765
78,0.000979947
79,0.000986544
80,0.000990606
81,0.000997354
82,0.00100799
83,0.00103041
84,0.00105612
85,0.00109424
86,0.00113532
87,0.00119907
88,0.00124265
89,0.00123733
90,0.0012038
91,0.00119044
92,0.00120075
93,0.00121339
94,0.00124831
95,0.00133584
96,0.00142699
97,0.00150971
98,0.00158143
99,0.00164269
100,0.00170222
101,0.00177428
102,0.00187613
103,0.00198593
104,0.0020862
105,0.00219125
106,0.00229202
107,0.00234366
108,0.00239263
109,0.00252034
110,0.00263913
111,0.00271175
112,0.00274157
113,0.00275533
114,0.00274742
115,0.002721
116,0.00271314
117,0.00269246
118,0.00261216
119,0.00249063
120,0.00232582
121,0.00215472
122,0.00198822
123,0.00178654
124,0.00159299
125,0.00144872
126,0.00131506
127,0.00118863
128,0.00107851
129,0.00102915
130,0.00100881
131,0.00100566
132,0.00100594
133,0.000997916
134,0.000979816
135,0.000969759
136,0.00096034
137,0.000953849
138,0.000950875
139,0.000947317
140,0.000938474
141,0.000935797
142,0.00093075
143,0.000923787
144,0.000908701
145,0.00089908
146,0.00088975
147,0.000886279
148,0.000884247
149,0.000887351
150,0.000899168
151,0.000929684
152,0.000950545
153,0.000965764
154,0.000962618
155,0.000950412
156,0.000946281
157,0.000967293
158,0.000967198
159,0.000948182
160,0.000925027
161,0.000912177
162,0.000894374
163,0.000875274
164,0.00086664
165,0.000872111
166,0.000882134
167,0.000893644
168,0.000903967
169,0.000908226
170,0.000900684
171,0.000889325
172,0.000881298
173,0.000879079
174,0.000881335
175,0.000880335
176,0.000881433
177,0.000882039
178,0.000877699
179,0.000872951
180,0.00086275
181,0.000858512
182,0.000866124
183,0.000871859
184,0.000864444
185,0.000861943
186,0.000884322
187,0.000942897
188,0.000928992
189,0.000881752
190,0.000877064
191,0.000867753
192,0.000862882
193,0.000863138
194,0.000876589
195,0.000897063
196,0.000933198
197,0.000973353
198,0.00096294
199,0.000899598
200,0.000870977
201,0.00074173
202,0.000217899
203,0.00066956
204,0.000860187
205,0.000863743
206,0.00086667
207,0.000869177
208,0.00086342
209,0.000847706
210,0.000844287
211,0.000850568
212,0.000869495
213,0.000877499
214,0.0008825
215,0.000876761
216,0.000852685
217,0.000831649
218,0.00083211
219,0.000832069
220,0.000833716
221,0.000850378
222,0.000868426
223,0.000882535
224,0.000861473
225,0.000837937
226,0.000832467
227,0.000835152
228,0.0008591
229,0.000907437
230,0.000960205
231,0.00095435
232,0.000953938
233,0.000968046
234,0.000951093
235,0.000923379
236,0.000896815
237,0.000878145
238,0.000859853
239,0.000840918
240,0.000828913
241,0.000827345
242,0.00082815
243,0.000829344
244,0.000835481
245,0.000840865
246,0.000848429
247,0.000846689
248,0.000830344
249,0.000821479
250,0.00081879
251,0.000829891
252,0.00082831
253,0.000823877
254,0.000814131
255,0.000817972
256,0.000717168
257,0.000237183
258,0.000667362
259,0.000930425
260,0.000923411
261,0.000891582
262,0.000859024
263,0.000837064
264,0.00081463
265,0.00081171
266,0.000813469
267,0.000834364
268,0.000833426
269,0.000826994
270,0.00071329
271,0.000205355
272,0.000594734
273,0.000810479
274,0.000803894
275,0.000808097
276,0.000806394
277,0.000812778
278,0.000810386
279,0.000806572
280,0.000695313
281,9.50071e-05
282,0.000596572
283,0.000813489
284,0.000820365
285,0.000848513
286,0.000866518
287,0.000884919
288,0.000858872
289,0.00084214
290,0.000845701
291,0.000856908
292,0.000847917
293,0.000830088
294,0.000814495
295,0.000818888
296,0.000817848
297,0.000824953
298,0.000834108
299,0.000834233
300,0.000816523
301,0.000813808
302,0.000805584
303,0.000807715
304,0.000804432
305,0.000805634
306,0.000799789
307,0.000802196
308,0.000797315
309,0.000805689
310,0.000800923
311,0.000803539
312,0.000790503
313,0.000794319
314,0.000680028
315,0.000173319
316,0.000610996
317,0.000805786
318,0.000810296
319,0.000847823
320,0.000890915
321,0.000898445
322,0.000878764
323,0.000856451
324,0.000836009
325,0.00081704
326,0.000800433
327,0.000788952
328,0.000789885
329,0.000792112
330,0.000788459
331,0.000785814
332,0.000784435
333,0.00078521
334,0.00078403
335,0.000793551
336,0.000812532
337,0.000796835
338,0.000792076
339,0.000814367
340,0.000729104
341,0.000279488
342,0.000605335
343,0.000813714
344,0.000808594
345,0.000804225
346,0.000792702
347,0.000792889
348,0.000779647
349,0.000788853
350,0.000678841
351,0.000122988
352,0.0005946
353,0.000806298
354,0.000809027
355,0.000800848
356,0.000801086
357,0.000804782
358,0.000805918
359,0.000805643
360,0.000813334
361,0.000813248
362,0.000810014
363,0.000804965
364,0.000806977
365,0.000808032
366,0.000809245
367,0.000810114
368,0.000803457
369,0.000792188
370,0.000793049
371,0.000792509
372,0.000790184
373,0.000787388
374,0.000789247
375,0.000787303
376,0.000786516
377,0.000785346
378,0.000788161
379,0.000789864
380,0.000795798
381,0.000800528
382,0.000800996
383,0.000803461
384,0.00080265
385,0.000798624
386,0.000796822
387,0.00079316
388,0.000787254
389,0.000781589
390,0.000780841
391,0.000779064
392,0.000787555
393,0.000807633
394,0.00082849
395,0.000833984
396,0.000802634
397,0.000780733
398,0.000773695
399,0.000772746
400,0.000775486
401,0.000789127
402,0.000804843
403,0.000814409
404,0.000793489
405,0.000768128
406,0.000763825
407,0.0007725
408,0.000666068
409,5.62609e-05
410,0.000557469
411,0.000765654
412,0.000764457
413,0.000762319
414,0.000758593
415,0.000760138
416,0.000759221
417,0.000764922
418,0.000770223
419,0.000790419
420,0.000795278
421,0.000804339
422,0.000810793
423,0.000832673
424,0.000822292
425,0.000777008
426,0.000758711
427,0.000760867
428,0.00075533
429,0.000756156
430,0.000756801
431,0.000763879
432,0.000765607
433,0.000772562
434,0.000772844
435,0.000782964
436,0.000781428
437,0.000773935
438,0.000761774
439,0.000760256
440,0.000752483
441,0.000757864
442,0.000758921
443,0.000770977
444,0.000769808
445,0.000780105
446,0.000794657
447,0.000818629
448,0.000818505
449,0.00083136
450,0.000842935
451,0.000848658
452,0.000719135
453,0.000163943
454,0.000563109
455,0.000789194
456,0.000796995
457,0.00077273
458,0.000781757
459,0.000807932
460,0.000837558
461,0.00085251
462,0.000850769
463,0.000826386
464,0.00077351
465,0.00074471
466,0.000776426
467,0.000796155
468,0.000807447
469,0.000804467
470,0.000791423
471,0.000764779
472,0.000753021
473,0.000750186
474,0.000750767
475,0.000751164
476,0.000752635
477,0.000752901
478,0.000761376
479,0.000768137
480,0.000763053
481,0.000755337
482,0.000755497
483,0.000767442
484,0.000777205
485,0.0007688
486,0.000760058
487,0.000757268
488,0.000751551
489,0.000753107
490,0.000763683
491,0.00076807
492,0.000780658
493,0.00078913
494,0.000753612
495,0.000754526
496,0.000791362
497,0.000854062
498,0.000903059
499,0.00089293
500,0.000825764
501,0.000764912
502,0.000740629
503,0.00074901
504,0.000759782
505,0.000769734
506,0.000752852
507,0.000743191
508,0.000737487
509,0.000764363
510,0.000797334
511,0.000824378
512,0.000837258
513,0.000851137
514,0.000882135
515,0.000905219
516,0.000798887
517,0.000260064
518,0.000543697
519,0.000731296
520,0.000793725
521,0.000771217
522,0.000786946
523,0.000771138
524,0.000733253
525,0.000742915
526,0.000759165
527,0.00076479
528,0.000747713
529,0.0007386
530,0.000747464
531,0.000781256
532,0.000796078
533,0.000805566
534,0.000809737
535,0.00081036
536,0.000794566
537,0.00076044
538,0.000739003
539,0.000738064
540,0.000742801
541,0.0007644
542,0.00078986
543,0.000808218
544,0.000800528
545,0.000768908
546,0.000747778
547,0.000742823
548,0.000736156
549,0.000733737
550,0.000731376
551,0.00073556
552,0.000735611
553,0.000737719
554,0.000732015
555,0.000731292
556,0.000728354
557,0.000730878
558,0.000726533
559,0.000730024
560,0.000627074
561,7.26086e-05
562,0.000551764
563,0.00072816
564,0.000743696
565,0.000742362
566,0.000727409
567,0.00072729
568,0.000726571
569,0.000725464
570,0.000727285
571,0.000727617
572,0.000732064
573,0.000756442
574,0.000761956
575,0.000739112
576,0.000725465
577,0.000744473
578,0.000724783
579,0.000781473
580,0.000734511
581,0.000723712
582,0.000725973
583,0.00073064
584,0.000725017
585,0.000733142
586,0.000733926
587,0.000730235
588,0.000724842
589,0.00072981
590,0.000732055
591,0.000724421
592,0.000720675
593,0.000728994
594,0.000731729
595,0.000723765
596,0.000723038
597,0.000723717
598,0.000778992
599,0.000900018
