2,0.965494
3,0.902467
4,0.844333
5,0.789536
6,0.737394
7,0.68768
8,0.640208
9,0.594885
10,0.551683
11,0.510565
12,0.471913
13,0.435571
14,0.401048
15,0.368352
16,0.337435
17,0.308208
18,0.280646
19,0.254741
20,0.230412
21,0.207607
22,0.186298
23,0.166436
24,0.147918
25,0.130676
26,0.114673
27,0.0998429
28,0.0862647
29,0.0743976
30,0.0644555
31,0.0560569
32,0.0487653
33,0.0422223
34,0.0362263
35,0.0307418
36,0.0257715
37,0.0212793
38,0.017215
39,0.013531
40,0.0101812
41,0.00716919
42,0.00450553
43,0.0022123
44,0.00106671
45,0.0020644
46,0.00307458
47,0.00357076
48,0.00355788
49,0.00336419
50,0.00309184
51,0.00269167
52,0.00262201
53,0.00255907
54,0.00242627
55,0.00232356
56,0.00214745
57,0.0020305
58,0.00192912
59,0.00179522
60,0.00168307
61,0.00156007
62,0.00143627
63,0.00134241
64,0.00125516
65,0.0011725
66,0.00110853
67,0.00107145
68,0.00103943
69,0.0010214
70,0.0010058
71,0.000994839
72,0.000980364
73,0.000974182
74,0.000970826
75,0.000969939
76,0.000968483
77,0.000976145
78,0.00098213
79,0.000984953
80,0.000989503
81,0.000997869
82,0.00100922
83,0.00103002
84,0.0010552
85,0.00109249
86,0.00113575
87,0.0011974
88,0.00124407
89,0.0012374
90,0.00120405
91,0.00119054
92,0.00120058
93,0.00121379
94,0.00124762
95,0.00133517
96,0.00142471
97,0.00150804
98,0.00157973
99,0.00164118
100,0.00170304
101,0.00177342
102,0.00187594
103,0.00198615
104,0.00208468
105,0.0021916
106,0.00229589
107,0.00234253
108,0.00239054
109,0.00252234
110,0.0026393
111,0.0027115
112,0.00274166
113,0.00275568
114,0.00274751
115,0.0027207
116,0.00271387
117,0.00269122
118,0.00261316
119,0.00249002
120,0.00232486
121,0.00215575
122,0.00198847
123,0.00178682
124,0.00159355
125,0.00144739
126,0.00131399
127,0.00118731
128,0.00107828
129,0.00102868
130,0.00100934
131,0.00100635
132,0.00100658
133,0.00099679
134,0.000978043
135,0.000970366
136,0.000959949
137,0.000952775
138,0.000952086
139,0.000947201
140,0.000938029
141,0.000937266
142,0.000930903
143,0.000922605
144,0.000909131
145,0.000898797
146,0.000890278
147,0.00088703
148,0.000883264
149,0.000885939
150,0.000899262
151,0.000928171
152,0.000951416
153,0.000964636
154,0.000960591
155,0.000950878
156,0.000947903
157,0.000964665
158,0.00096784
159,0.000948798
160,0.000926199
161,0.000911304
162,0.000893589
163,0.000874804
164,0.000866673
165,0.000874838
166,0.000881745
167,0.000891945
168,0.000904139
169,0.000909196
170,0.000898922
171,0.000889472
172,0.000881816
173,0.000879773
174,0.000880864
175,0.000879644
176,0.000880929
177,0.000881504
178,0.000877976
179,0.000872379
180,0.000863222
181,0.000856866
182,0.000867362
183,0.00087166
184,0.000864918
185,0.00086317
186,0.00088318
187,0.000942817
188,0.000927989
189,0.000883332
190,0.000874174
191,0.00086767
192,0.000861541
193,0.000863366
194,0.00087879
195,0.000897552
196,0.000932599
197,0.00097511
198,0.000959369
199,0.000899989
200,0.000871285
201,0.000693837
202,0.000240023
203,0.000680672
204,0.000859223
205,0.000863179
206,0.000866051
207,0.000869765
208,0.000863091
209,0.000849347
210,0.000844733
211,0.00085062
212,0.000868039
213,0.000878393
214,0.00088302
215,0.000878753
216,0.000852971
217,0.000830768
218,0.000831458
219,0.000832171
220,0.000835144
221,0.000849332
222,0.000867688
223,0.000882592
224,0.000860887
225,0.000837921
226,0.000832381
227,0.000835379
228,0.000857108
229,0.000908231
230,0.000961196
231,0.000954201
232,0.000954159
233,0.000968189
234,0.000948682
235,0.000923641
236,0.00089964
237,0.000880744
238,0.000859168
239,0.000839873
240,0.000828707
241,0.00082776
242,0.000827628
243,0.000828284
244,0.00083346
245,0.000841541
246,0.000845366
247,0.000847923
248,0.000828303
249,0.000819805
250,0.000818029
251,0.000828958
252,0.000824702
253,0.000821914
254,0.000814917
255,0.000819585
256,0.000713741
257,0.000234916
258,0.000671458
259,0.000930473
260,0.000926679
261,0.000889991
262,0.000858712
263,0.00083496
264,0.000815329
265,0.000812478
266,0.000814035
267,0.000831196
268,0.000833358
269,0.000825696
270,0.000709998
271,0.000202998
272,0.000593279
273,0.000812431
274,0.000804013
275,0.000806043
276,0.000803656
277,0.000812978
278,0.000808386
279,0.000807339
280,0.00068725
281,8.96549e-05
282,0.000604885
283,0.000813224
284,0.000820895
285,0.000846494
286,0.000867516
287,0.00088618
288,0.000858029
289,0.00084081
290,0.000846549
291,0.000857582
292,0.000847851
293,0.00082736
294,0.000816204
295,0.000820065
296,0.000818209
297,0.000825981
298,0.000835254
299,0.000832496
300,0.000816157
301,0.000812919
302,0.00080621
303,0.000807654
304,0.000801897
305,0.000804119
306,0.000800507
307,0.000801947
308,0.000800169
309,0.000803657
310,0.000799041
311,0.000802704
312,0.000793116
313,0.000792917
314,0.000675895
315,0.000171759
316,0.000614181
317,0.000806859
318,0.000810414
319,0.000847088
320,0.000889448
321,0.000898583
322,0.000878227
323,0.000855772
324,0.000835935
325,0.000817645
326,0.000800565
327,0.000791956
328,0.00078968
329,0.000792831
330,0.000788823
331,0.000785108
332,0.000782677
333,0.000785272
334,0.000783942
335,0.000791918
336,0.000810611
337,0.000794978
338,0.000790916
339,0.000814297
340,0.000725443
341,0.00028014
342,0.000607043
343,0.000813932
344,0.000810144
345,0.00080159
346,0.000793016
347,0.000791877
348,0.000781076
349,0.000786413
350,0.000673951
351,0.000118273
352,0.000596209
353,0.00080849
354,0.000807123
355,0.000800368
356,0.000801359
357,0.000804699
358,0.000806186
359,0.000806706
360,0.000809032
361,0.000811787
362,0.000810489
363,0.000805209
364,0.000805737
365,0.000806546
366,0.000809941
367,0.000811196
368,0.000801765
369,0.000793618
370,0.000792279
371,0.000790352
372,0.000788141
373,0.000786833
374,0.000786429
375,0.000790575
376,0.000787931
377,0.000786852
378,0.00078897
379,0.000789088
380,0.000791713
381,0.000800091
382,0.000802356
383,0.000803778
384,0.000801342
385,0.000796249
386,0.000794957
387,0.000792841
388,0.000786762
389,0.000783148
390,0.00078059
391,0.000780189
392,0.000788419
393,0.000807539
394,0.000824866
395,0.000830838
396,0.000800193
397,0.000777164
398,0.00077264
399,0.00077368
400,0.000774842
401,0.000790193
402,0.000804452
403,0.000815234
404,0.000792499
405,0.000769167
406,0.0007622
407,0.000773497
408,0.000661657
409,5.27819e-05
410,0.000559688
411,0.000765228
412,0.00076315
413,0.000761852
414,0.000759
415,0.00076014
416,0.000757674
417,0.000763383
418,0.000770736
419,0.000788062
420,0.000795113
421,0.000804294
422,0.000810273
423,0.000831205
424,0.000821755
425,0.000774494
426,0.000757543
427,0.000757181
428,0.000755879
429,0.000756944
430,0.000756092
431,0.000761698
432,0.000765688
433,0.000769678
434,0.000775235
435,0.000781451
436,0.000782767
437,0.000773978
438,0.000761583
439,0.000759228
440,0.00075395
441,0.000753878
442,0.00076036
443,0.000770851
444,0.000772565
445,0.000780569
446,0.000796393
447,0.000816537
448,0.000817736
449,0.000831045
450,0.000842885
451,0.000848397
452,0.000714521
453,0.000162262
454,0.00056571
455,0.0007892
456,0.000795983
457,0.000773478
458,0.000784748
459,0.000808368
460,0.000834842
461,0.000850875
462,0.000850141
463,0.000826562
464,0.000774377
465,0.000748606
466,0.000778103
467,0.000798426
468,0.000807518
469,0.000803459
470,0.000789622
471,0.000764839
472,0.000749596
473,0.000749351
474,0.000750848
475,0.0007529
476,0.000752692
477,0.000751988
478,0.000759371
479,0.000766108
480,0.000763134
481,0.000756573
482,0.000754324
483,0.000767244
484,0.0007799
485,0.00076984
486,0.000759017
487,0.00075702
488,0.000751622
489,0.000751617
490,0.000761681
491,0.000768611
492,0.000779408
493,0.000789203
494,0.000751946
495,0.000753456
496,0.000790601
497,0.000855278
498,0.000903282
499,0.000891009
500,0.000824938
501,0.000765553
502,0.000739074
503,0.000746111
504,0.000759314
505,0.000766731
506,0.000751569
507,0.000742016
508,0.000739105
509,0.000763036
510,0.000798708
511,0.000828511
512,0.000840493
513,0.000851647
514,0.000879832
515,0.000899875
516,0.000794467
517,0.000257777
518,0.000545087
519,0.000733341
520,0.000795199
521,0.00076994
522,0.00078679
523,0.000771635
524,0.00073243
525,0.00074174
526,0.000757626
527,0.000761893
528,0.000746285
529,0.000735946
530,0.000744814
531,0.000777742
532,0.000795103
533,0.000803412
534,0.000811989
535,0.000813992
536,0.000799284
537,0.000763095
538,0.000741435
539,0.000739558
540,0.000746018
541,0.000764435
542,0.000783948
543,0.000805781
544,0.000797182
545,0.000766179
546,0.000746853
547,0.00074239
548,0.000735932
549,0.000735304
550,0.000733486
551,0.000735333
552,0.000728149
553,0.000729275
554,0.000728146
555,0.000731836
556,0.000724882
557,0.000727626
558,0.000723606
559,0.000733674
560,0.000632903
561,8.21985e-05
562,0.000546576
563,0.000723937
564,0.000768577
565,0.000746648
566,0.000729474
567,0.000729796
568,0.000727378
569,0.000724295
570,0.000723399
571,0.000727156
572,0.000731128
573,0.000755965
574,0.000760955
575,0.000738085
576,0.000727216
577,0.000744327
578,0.000726644
579,0.000790137
580,0.000734125
581,0.000726941
582,0.000723895
583,0.000728693
584,0.00072315
585,0.000734844
586,0.000734186
587,0.000728966
588,0.000724091
589,0.000729749
590,0.000732625
591,0.000726055
592,0.000723841
593,0.000732437
594,0.000731941
595,0.0007231
596,0.000723894
597,0.000723713
598,0.000781424
599,0.000900586
