2,0.96588
3,0.903529
4,0.845903
5,0.791508
6,0.739831
7,0.690602
8,0.643566
9,0.598619
10,0.555718
11,0.514816
12,0.476312
13,0.440126
14,0.405706
15,0.372998
16,0.342034
17,0.312763
18,0.285127
19,0.259106
20,0.234655
21,0.211711
22,0.190239
23,0.170199
24,0.151503
25,0.134126
26,0.118062
27,0.103243
28,0.0895846
29,0.0774604
30,0.0672199
31,0.0584595
32,0.0507807
33,0.0439539
34,0.037768
35,0.0321378
36,0.0270318
37,0.0224139
38,0.0182228
39,0.0144275
40,0.0109646
41,0.00782438
42,0.00504627
43,0.00266945
44,0.00109652
45,0.00181274
46,0.0029711
47,0.00354204
48,0.00355738
49,0.00336663
50,0.00308784
51,0.00269126
52,0.00262001
53,0.00256125
54,0.00243088
55,0.00232308
56,0.00214943
57,0.00203051
58,0.00192754
59,0.00179448
60,0.00168309
61,0.00155898
62,0.00143793
63,0.00134129
64,0.00125472
65,0.00117374
66,0.00111029
67,0.00107023
68,0.00104001
69,0.00102204
70,0.00100614
71,0.000994887
72,0.000981242
73,0.000974846
74,0.000970381
75,0.000969848
76,0.000969219
77,0.000975081
78,0.00097871
79,0.000986317
80,0.000989592
81,0.000997624
82,0.0010079
83,0.00102902
84,0.00105627
85,0.00109285
86,0.00113603
87,0.00119874
88,0.00124462
89,0.00123777
90,0.00120428
91,0.0011917
92,0.00120144
93,0.00121399
94,0.00124913
95,0.00133615
96,0.00142822
97,0.00150941
98,0.00158059
99,0.00164226
100,0.00170389
101,0.00177339
102,0.00187492
103,0.00198712
104,0.00208675
105,0.00219134
106,0.00230084
107,0.0023501
108,0.00239152
109,0.00252103
110,0.00263835
111,0.00271079
112,0.00274386
113,0.00275497
114,0.0027472
115,0.00272021
116,0.00271261
117,0.00269282
118,0.00261333
119,0.00248957
120,0.00232534
121,0.00215543
122,0.00198908
123,0.00178565
124,0.00159416
125,0.00144755
126,0.00131464
127,0.00118723
128,0.00107928
129,0.00102698
130,0.00100863
131,0.00100629
132,0.00100772
133,0.000998459
134,0.000978382
135,0.000970449
136,0.000959478
137,0.000954275
138,0.000950393
139,0.000946349
140,0.000937677
141,0.000937707
142,0.000932567
143,0.000922364
144,0.000910174
145,0.000897895
146,0.000889027
147,0.000887818
148,0.000882876
149,0.000885381
150,0.000901421
151,0.000930035
152,0.000952159
153,0.000965474
154,0.000960887
155,0.000951703
156,0.000946625
157,0.000963479
158,0.000966769
159,0.000949516
160,0.000926257
161,0.000913096
162,0.000892053
163,0.000876292
164,0.000866677
165,0.000875104
166,0.000880478
167,0.000890858
168,0.000903767
169,0.000907502
170,0.000898175
171,0.000888217
172,0.000880584
173,0.000878786
174,0.00087938
175,0.000879828
176,0.000879709
177,0.000881572
178,0.00087721
179,0.000874362
180,0.000861907
181,0.000860225
182,0.000866905
183,0.000874297
184,0.000864259
185,0.000861723
186,0.000884472
187,0.000945265
188,0.000926801
189,0.00088446
190,0.000873575
191,0.000869185
192,0.000860692
193,0.000864101
194,0.00087366
195,0.000898585
196,0.000931248
197,0.000976769
198,0.00095999
199,0.000904667
200,0.000743687
201,0.000220099
202,0.000674709
203,0.000862037
204,0.000862859
205,0.00086285
206,0.000869088
207,0.000870615
208,0.000863908
209,0.000848514
210,0.000845531
211,0.000850043
212,0.000868452
213,0.000877877
214,0.000883715
215,0.000878158
216,0.000851303
217,0.000832582
218,0.000831974
219,0.000830463
220,0.000834339
221,0.000849798
222,0.000868169
223,0.000881972
224,0.000860775
225,0.000839056
226,0.000834005
227,0.000833757
228,0.00085646
229,0.000906633
230,0.000959303
231,0.000955996
232,0.000953214
233,0.000966633
234,0.000950003
235,0.000920472
236,0.000897821
237,0.000878279
238,0.000859428
239,0.000839545
240,0.000829529
241,0.000828774
242,0.00082602
243,0.000829406
244,0.000836002
245,0.0008414
246,0.000844943
247,0.000847944
248,0.000830304
249,0.000820966
250,0.000817291
251,0.000827796
252,0.000825448
253,0.000822237
254,0.000813525
255,0.000817763
256,0.00071608
257,0.000237323
258,0.000667664
259,0.000929189
260,0.000924738
261,0.000891788
262,0.000857831
263,0.000836709
264,0.0008143
265,0.000812403
266,0.000812333
267,0.000832651
268,0.000834011
269,0.000827019
270,0.000712831
271,0.000203158
272,0.000593083
273,0.00081009
274,0.000805577
275,0.000804556
276,0.000806053
277,0.000812995
278,0.000809347
279,0.000807755
280,0.000694605
281,9.75826e-05
282,0.000600566
283,0.000815156
284,0.000821668
285,0.000847259
286,0.000867944
287,0.000885984
288,0.000859552
289,0.000841492
290,0.000845466
291,0.000855781
292,0.000846728
293,0.000829491
294,0.000816133
295,0.000817695
296,0.0008186
297,0.000823615
298,0.000834581
299,0.000834351
300,0.000814696
301,0.000810694
302,0.00080662
303,0.000808999
304,0.000803461
305,0.000803456
306,0.000797997
307,0.000802349
308,0.00079911
309,0.000805278
310,0.000799206
311,0.000802519
312,0.000789822
313,0.000794181
314,0.000681584
315,0.000173673
316,0.000611601
317,0.000804777
318,0.000810687
319,0.000846997
320,0.000888863
321,0.000899999
322,0.000876877
323,0.000855469
324,0.000835252
325,0.000817057
326,0.000799947
327,0.000791153
328,0.000787339
329,0.000793672
330,0.00078669
331,0.000784347
332,0.000781675
333,0.000786296
334,0.000785016
335,0.000793266
336,0.000810973
337,0.00079827
338,0.000789986
339,0.000814482
340,0.000726966
341,0.00027925
342,0.000607083
343,0.00081479
344,0.000809712
345,0.000804315
346,0.000792912
347,0.000792847
348,0.000780231
349,0.000785817
350,0.000678726
351,0.000122784
352,0.000591907
353,0.000806747
354,0.000808775
355,0.000800182
356,0.000801182
357,0.000804847
358,0.000806226
359,0.000806499
360,0.000809753
361,0.000812021
362,0.000807584
363,0.000806305
364,0.000806473
365,0.000809745
366,0.000810188
367,0.000807988
368,0.000801289
369,0.000793253
370,0.000794974
371,0.000791024
372,0.000788845
373,0.00078876
374,0.000788609
375,0.000789148
376,0.000787288
377,0.000786843
378,0.000785829
379,0.000788491
380,0.000791858
381,0.000798767
382,0.000800111
383,0.000803395
384,0.00080116
385,0.00079745
386,0.000795386
387,0.000791798
388,0.000786836
389,0.000782339
390,0.000780695
391,0.000778306
392,0.0007883
393,0.000807267
394,0.000824961
395,0.00083355
396,0.000801736
397,0.000779648
398,0.000773262
399,0.000774037
400,0.00077499
401,0.000789719
402,0.000804222
403,0.000814631
404,0.00079024
405,0.000768198
406,0.000763348
407,0.000773979
408,0.000667474
409,5.72358e-05
410,0.000557666
411,0.000763259
412,0.00076432
413,0.000761772
414,0.000759622
415,0.000759212
416,0.000757328
417,0.000762326
418,0.000770406
419,0.000789527
420,0.000796187
421,0.000804488
422,0.000809796
423,0.000831689
424,0.000824397
425,0.000775948
426,0.000757015
427,0.000757974
428,0.000754641
429,0.000754987
430,0.00075651
431,0.000762197
432,0.000768275
433,0.000772953
434,0.000774061
435,0.000782504
436,0.000779999
437,0.000770875
438,0.000762946
439,0.000756948
440,0.000753849
441,0.000757599
442,0.000760238
443,0.000771363
444,0.000772372
445,0.000779361
446,0.000793878
447,0.000815715
448,0.000818131
449,0.000830074
450,0.000845037
451,0.000849177
452,0.000720817
453,0.000165644
454,0.000559846
455,0.000787625
456,0.000795139
457,0.00077573
458,0.000782178
459,0.000809707
460,0.000838182
461,0.000852574
462,0.000849985
463,0.000826254
464,0.000773721
465,0.000745767
466,0.000776399
467,0.000795854
468,0.000804354
469,0.000802407
470,0.000790171
471,0.000763296
472,0.000749696
473,0.000751772
474,0.000751176
475,0.000754868
476,0.000753901
477,0.00075511
478,0.000762106
479,0.00076945
480,0.000765456
481,0.000757186
482,0.000755952
483,0.000768901
484,0.000778121
485,0.000768571
486,0.000758763
487,0.000756453
488,0.000750374
489,0.000750394
490,0.000761844
491,0.00076669
492,0.000781234
493,0.000787797
494,0.000751939
495,0.000755812
496,0.000792138
497,0.000855552
498,0.00090266
499,0.000890826
500,0.000824169
501,0.000764234
502,0.000742605
503,0.000749664
504,0.000760453
505,0.000768243
506,0.000750855
507,0.000742242
508,0.000740764
509,0.000765433
510,0.000798701
511,0.000825734
512,0.000839466
513,0.000853047
514,0.000877236
515,0.000897709
516,0.000797602
517,0.00025931
518,0.000541592
519,0.000730307
520,0.000793752
521,0.000771062
522,0.000788472
523,0.000773613
524,0.000734048
525,0.000745124
526,0.000760949
527,0.000763916
528,0.000746898
529,0.000738139
530,0.000745789
531,0.000777106
532,0.000796659
533,0.000804585
534,0.000811328
535,0.000814292
536,0.000796365
537,0.000763258
538,0.0007419
539,0.000737622
540,0.000741491
541,0.000761966
542,0.000782456
543,0.000809844
544,0.000800366
545,0.000768844
546,0.000746788
547,0.000741871
548,0.000733683
549,0.000734472
550,0.000734048
551,0.000733842
552,0.000727569
553,0.000731737
554,0.000731618
555,0.000736063
556,0.000727992
557,0.000732677
558,0.000732143
559,0.000743922
560,0.000640594
561,8.82482e-05
562,0.000551365
563,0.000725381
564,0.000772476
565,0.00074359
566,0.000729429
567,0.000729335
568,0.00072789
569,0.000726467
570,0.00072433
571,0.000728426
572,0.000732705
573,0.000758833
574,0.000759974
575,0.0007349
576,0.000724346
577,0.000745914
578,0.000725373
579,0.00078897
580,0.00073261
581,0.000727522
582,0.000724497
583,0.000733323
584,0.000725657
585,0.000734165
586,0.000733494
587,0.000729161
588,0.000724647
589,0.000729603
590,0.000732913
591,0.000726067
592,0.00072185
593,0.000731586
594,0.000729257
595,0.000720322
596,0.000721273
597,0.000724265
598,0.000781436
599,0.000899543
