2,0.966164
3,0.904353
4,0.847278
5,0.793434
6,0.742228
7,0.693354
8,0.646604
9,0.601955
10,0.559402
11,0.518797
12,0.480518
13,0.444495
14,0.410199
15,0.377552
16,0.346555
17,0.317237
18,0.289542
19,0.263428
20,0.23886
21,0.215749
22,0.194106
23,0.173972
24,0.155178
25,0.137624
26,0.121296
27,0.106035
28,0.0917339
29,0.0789638
30,0.0684212
31,0.0597516
32,0.052211
33,0.0454247
34,0.0391944
35,0.0334626
36,0.0282349
37,0.0234856
38,0.0191817
39,0.0152787
40,0.0117441
41,0.00854043
42,0.00564006
43,0.00309265
44,0.00123969
45,0.00156785
46,0.00273219
47,0.00344147
48,0.003557
49,0.00336959
50,0.00308664
51,0.00269123
52,0.00262098
53,0.00256095
54,0.00242809
55,0.00232318
56,0.00214722
57,0.00203005
58,0.00192842
59,0.00179567
60,0.00168313
61,0.00155891
62,0.00143773
63,0.00134163
64,0.00125578
65,0.00117308
66,0.00110896
67,0.00107176
68,0.00103984
69,0.00102434
70,0.0010068
71,0.000996217
72,0.000979848
73,0.000975256
74,0.00097095
75,0.00097102
76,0.000968012
77,0.000976493
78,0.000981139
79,0.00098646
80,0.000989627
81,0.000996974
82,0.00100871
83,0.0010311
84,0.00105712
85,0.00109321
86,0.00113538
87,0.00119945
88,0.00124474
89,0.00123936
90,0.00120426
91,0.00119165
92,0.00120044
93,0.00121585
94,0.00124864
95,0.00133466
96,0.00142886
97,0.0015098
98,0.00158076
99,0.00164334
100,0.00170176
101,0.00177441
102,0.00187607
103,0.00198717
104,0.00208592
105,0.00219358
106,0.00229932
107,0.00235769
108,0.00240553
109,0.00252152
110,0.00263826
111,0.00271357
112,0.00274264
113,0.00275524
114,0.0027475
115,0.0027226
116,0.00271224
117,0.00269333
118,0.00261311
119,0.00248995
120,0.00232561
121,0.00215544
122,0.00198848
123,0.00178737
124,0.00159437
125,0.00144896
126,0.00131653
127,0.00118863
128,0.0010784
129,0.00102821
130,0.00101032
131,0.0010066
132,0.00100605
133,0.000998783
134,0.000978227
135,0.000970292
136,0.0009607
137,0.00095509
138,0.000948163
139,0.00094846
140,0.000938604
141,0.00093875
142,0.000930271
143,0.00092387
144,0.000908332
145,0.000898879
146,0.000890261
147,0.000889282
148,0.000884244
149,0.000885703
150,0.000900206
151,0.000929573
152,0.000952478
153,0.000968257
154,0.000962631
155,0.000950226
156,0.000946626
157,0.000966866
158,0.000967469
159,0.000950048
160,0.00092674
161,0.000914503
162,0.000891821
163,0.000875705
164,0.000866445
165,0.000874315
166,0.000879823
167,0.000894821
168,0.00090113
169,0.000908952
170,0.000899031
171,0.000890023
172,0.000878843
173,0.00088154
174,0.000879752
175,0.000881892
176,0.000878075
177,0.000882925
178,0.000875813
179,0.000876384
180,0.000862847
181,0.00086009
182,0.000866483
183,0.000875093
184,0.000865546
185,0.00086456
186,0.00088417
187,0.000946458
188,0.000926246
189,0.000884258
190,0.000874011
191,0.000870184
192,0.000859549
193,0.000867538
194,0.000874362
195,0.000898988
196,0.000929903
197,0.000977459
198,0.000958039
199,0.000903957
200,0.000744014
201,0.000220795
202,0.000673184
203,0.000863278
204,0.00086473
205,0.000862505
206,0.000868105
207,0.000870386
208,0.000863307
209,0.000848576
210,0.000845903
211,0.000852534
212,0.00086753
213,0.000877802
214,0.000882651
215,0.000877434
216,0.000852923
217,0.000833444
218,0.000832818
219,0.000830212
220,0.000834123
221,0.000849558
222,0.000867825
223,0.000884373
224,0.000862927
225,0.000837338
226,0.000832882
227,0.000834274
228,0.000858409
229,0.000908465
230,0.000960327
231,0.000955247
232,0.00095458
233,0.000966655
234,0.000949787
235,0.000921342
236,0.00089815
237,0.000879916
238,0.000860246
239,0.0008406
240,0.000828502
241,0.000828458
242,0.000828304
243,0.000829198
244,0.000833614
245,0.00084139
246,0.000846951
247,0.000847655
248,0.000832348
249,0.000820975
250,0.000818915
251,0.000829265
252,0.000823873
253,0.000821905
254,0.000815155
255,0.000817553
256,0.000715515
257,0.000236929
258,0.000669041
259,0.000931652
260,0.000926149
261,0.000892483
262,0.00085976
263,0.000837281
264,0.000815055
265,0.00081148
266,0.000812561
267,0.000833921
268,0.00083132
269,0.000826884
270,0.000709648
271,0.000201331
272,0.000594211
273,0.000809428
274,0.000804203
275,0.000805142
276,0.000807798
277,0.000814216
278,0.000809432
279,0.000805348
280,0.000693225
281,9.2628e-05
282,0.000601304
283,0.000813824
284,0.000820005
285,0.000848799
286,0.0008681
287,0.000886515
288,0.000860071
289,0.000841783
290,0.000846294
291,0.00085697
292,0.000847102
293,0.000827634
294,0.000815895
295,0.000818404
296,0.000817301
297,0.000826059
298,0.000834824
299,0.000835134
300,0.000815685
301,0.000812723
302,0.000806692
303,0.000808033
304,0.000802928
305,0.000804745
306,0.000799861
307,0.000800876
308,0.000797061
309,0.000805975
310,0.000799894
311,0.000803902
312,0.000792258
313,0.000796266
314,0.000680309
315,0.000174301
316,0.00061158
317,0.000805279
318,0.000812785
319,0.000846299
320,0.000890533
321,0.000898526
322,0.000877944
323,0.000854509
324,0.000835037
325,0.000818583
326,0.000800958
327,0.000790576
328,0.000788187
329,0.000792841
330,0.000789416
331,0.000784603
332,0.000784302
333,0.000785751
334,0.000785678
335,0.000791837
336,0.000812597
337,0.000796976
338,0.000790525
339,0.000813668
340,0.000727844
341,0.000280265
342,0.000607109
343,0.000815431
344,0.000809502
345,0.000802988
346,0.000793231
347,0.000790835
348,0.000780147
349,0.000785088
350,0.000679088
351,0.00012239
352,0.000594024
353,0.000806766
354,0.000806728
355,0.000799458
356,0.000801492
357,0.000802542
358,0.00080745
359,0.000807913
360,0.000812298
361,0.000812033
362,0.000809934
363,0.000804326
364,0.000806269
365,0.000808668
366,0.000810307
367,0.000809315
368,0.000803239
369,0.000792676
370,0.000794813
371,0.000791507
372,0.000789174
373,0.000787187
374,0.000786675
375,0.000785659
376,0.000787931
377,0.000787343
378,0.000788647
379,0.000789201
380,0.000792754
381,0.000799229
382,0.000801724
383,0.000802487
384,0.000799564
385,0.000797485
386,0.000795714
387,0.000792479
388,0.000787663
389,0.000784592
390,0.000782947
391,0.000780711
392,0.000789652
393,0.00080952
394,0.00082565
395,0.000831601
396,0.000800595
397,0.000780865
398,0.000774877
399,0.000772176
400,0.000774437
401,0.000789286
402,0.000803812
403,0.000815308
404,0.000792004
405,0.000766907
406,0.000762625
407,0.000774922
408,0.000665583
409,5.66353e-05
410,0.000556462
411,0.000764579
412,0.000765148
413,0.000763334
414,0.000758411
415,0.000758511
416,0.000758148
417,0.000763328
418,0.000771766
419,0.000790197
420,0.000796166
421,0.000805118
422,0.000808789
423,0.000832482
424,0.000822596
425,0.000776072
426,0.000756989
427,0.000758455
428,0.00075503
429,0.000756341
430,0.00075587
431,0.000764086
432,0.000768944
433,0.000771692
434,0.000776181
435,0.000780616
436,0.000780973
437,0.000773848
438,0.000759349
439,0.000756001
440,0.000751699
441,0.000755031
442,0.000759278
443,0.000770889
444,0.000769851
445,0.000781369
446,0.000795752
447,0.000817395
448,0.000817998
449,0.000830374
450,0.000843597
451,0.000849879
452,0.000719126
453,0.000165431
454,0.00056106
455,0.000789226
456,0.000794998
457,0.000774401
458,0.000780031
459,0.000807305
460,0.000834861
461,0.000852116
462,0.000850657
463,0.000826951
464,0.000774533
465,0.000746867
466,0.000778317
467,0.000797717
468,0.000805101
469,0.000804779
470,0.000789583
471,0.000763846
472,0.000751138
473,0.000749185
474,0.000750507
475,0.000751204
476,0.000753062
477,0.000754271
478,0.000759338
479,0.000768587
480,0.000764719
481,0.000755129
482,0.000754107
483,0.000766567
484,0.000777056
485,0.000768259
486,0.000760391
487,0.000759983
488,0.000755539
489,0.000753504
490,0.000762633
491,0.000768975
492,0.000780105
493,0.000788174
494,0.000750567
495,0.00075646
496,0.000793078
497,0.000854484
498,0.000903401
499,0.000891073
500,0.000826985
501,0.000761318
502,0.000740174
503,0.000747453
504,0.000760138
505,0.000770151
506,0.00075148
507,0.000740891
508,0.000736765
509,0.000763257
510,0.000797144
511,0.000825997
512,0.000840312
513,0.000853258
514,0.000880917
515,0.000903283
516,0.000796667
517,0.000252771
518,0.000538997
519,0.000731362
520,0.000795338
521,0.000769135
522,0.000787203
523,0.000773267
524,0.000735131
525,0.000746333
526,0.000762239
527,0.000766621
528,0.000748312
529,0.000738582
530,0.000746696
531,0.00077929
532,0.000793602
533,0.000803658
534,0.000811743
535,0.000812654
536,0.00079726
537,0.000762336
538,0.0007407
539,0.000739352
540,0.000744126
541,0.000765069
542,0.000789508
543,0.000808571
544,0.000797738
545,0.000766582
546,0.000745218
547,0.000741676
548,0.00073651
549,0.000736721
550,0.000738222
551,0.000735212
552,0.000728229
553,0.000731558
554,0.000735418
555,0.000740709
556,0.000730635
557,0.000733279
558,0.000732743
559,0.000743331
560,0.000641345
561,7.70578e-05
562,0.000556822
563,0.000727537
564,0.000766843
565,0.000740063
566,0.000724716
567,0.000725178
568,0.000727757
569,0.000725841
570,0.000727891
571,0.000728426
572,0.000735342
573,0.000758463
574,0.000759883
575,0.00073732
576,0.00072399
577,0.000744871
578,0.000725958
579,0.000791116
580,0.000734527
581,0.000726404
582,0.000724562
583,0.000729876
584,0.00072508
585,0.000737838
586,0.000735821
587,0.000730888
588,0.000723519
589,0.000726835
590,0.000728124
591,0.000722519
592,0.000722855
593,0.000731486
594,0.000729613
595,0.000722151
596,0.000722316
597,0.000725264
598,0.0007841
599,0.000901201
