2,0.966523
3,0.905338
4,0.848796
5,0.795416
6,0.744646
7,0.696174
8,0.649808
9,0.605467
10,0.5631
11,0.522711
12,0.484672
13,0.448762
14,0.414502
15,0.381919
16,0.350963
17,0.321624
18,0.29386
19,0.267618
20,0.242886
21,0.219677
22,0.197963
23,0.177678
24,0.158699
25,0.14095
26,0.12442
27,0.109049
28,0.094866
29,0.0822345
30,0.0713808
31,0.0620821
32,0.0540636
33,0.047013
34,0.0406455
35,0.0348182
36,0.029492
37,0.0246544
38,0.0202608
39,0.0162602
40,0.0126088
41,0.00927157
42,0.00627208
43,0.00362473
44,0.00150438
45,0.00139894
46,0.00266189
47,0.00344088
48,0.00355868
49,0.00336783
50,0.00308548
51,0.00269117
52,0.0026217
53,0.00256087
54,0.00242895
55,0.00232293
56,0.00214753
57,0.00203036
58,0.00192763
59,0.00179645
60,0.00168339
61,0.0015604
62,0.00143698
63,0.00134265
64,0.00125626
65,0.00117366
66,0.00110935
67,0.00107242
68,0.00103952
69,0.00102436
70,0.0010071
71,0.000996266
72,0.000981186
73,0.0009762
74,0.000970959
75,0.000971979
76,0.000971183
77,0.000977398
78,0.000979256
79,0.00098905
80,0.000989829
81,0.000999928
82,0.00100994
83,0.00103098
84,0.00105626
85,0.00109496
86,0.00113549
87,0.00119977
88,0.00124358
89,0.00123897
90,0.00120535
91,0.00119208
92,0.0012017
93,0.0012148
94,0.00124855
95,0.00133657
96,0.00142803
97,0.00151062
98,0.00158029
99,0.00164274
100,0.00170228
101,0.00177593
102,0.00187668
103,0.00198592
104,0.00208572
105,0.00219163
106,0.00229915
107,0.00236224
108,0.0024102
109,0.00252276
110,0.00263834
111,0.0027118
112,0.00274229
113,0.00275639
114,0.00274678
115,0.00272026
116,0.00271204
117,0.00269294
118,0.00261345
119,0.00248973
120,0.00232601
121,0.00215538
122,0.00198891
123,0.00178761
124,0.00159437
125,0.00144836
126,0.00131572
127,0.00118908
128,0.00107912
129,0.00102857
130,0.0010108
131,0.00100814
132,0.00100538
133,0.00100118
134,0.000979024
135,0.000970165
136,0.000960931
137,0.000954167
138,0.000950638
139,0.000948772
140,0.000938356
141,0.000937547
142,0.000931787
143,0.000925494
144,0.000908781
145,0.000899473
146,0.000889042
147,0.000889096
148,0.000883859
149,0.000886246
150,0.00090136
151,0.000931743
152,0.000951431
153,0.000965823
154,0.000962072
155,0.00095169
156,0.000947912
157,0.000967335
158,0.00096593
159,0.000950398
160,0.000926755
161,0.000914372
162,0.000893034
163,0.000877373
164,0.000865689
165,0.000875273
166,0.000881307
167,0.000894462
168,0.000902082
169,0.000909554
170,0.000900418
171,0.000890402
172,0.000878739
173,0.000880674
174,0.000880273
175,0.000880503
176,0.00088012
177,0.000884793
178,0.000874738
179,0.000875964
180,0.00086188
181,0.000863486
182,0.00086748
183,0.000878036
184,0.00086442
185,0.000867037
186,0.00088231
187,0.000945913
188,0.000925666
189,0.000886516
190,0.000873292
191,0.000870602
192,0.000860691
193,0.000867393
194,0.000874804
195,0.000900774
196,0.000931955
197,0.00097721
198,0.000958325
199,0.000905087
200,0.000741627
201,0.000219944
202,0.00067397
203,0.000861806
204,0.000863868
205,0.000865904
206,0.00086803
207,0.00086855
208,0.000864199
209,0.000847985
210,0.000846424
211,0.000853457
212,0.000871294
213,0.00087684
214,0.000884454
215,0.000877572
216,0.000852783
217,0.000833089
218,0.00083384
219,0.000832743
220,0.00083499
221,0.000850091
222,0.000869544
223,0.000883249
224,0.000861552
225,0.000837041
226,0.000834055
227,0.000833885
228,0.000859625
229,0.000908828
230,0.00095972
231,0.000955058
232,0.000954258
233,0.000969589
234,0.000949789
235,0.000923242
236,0.000899585
237,0.000877653
238,0.000859011
239,0.000840061
240,0.00082966
241,0.000828972
242,0.000827629
243,0.000830646
244,0.000835402
245,0.000840321
246,0.000848167
247,0.000847457
248,0.000831414
249,0.000820289
250,0.000818693
251,0.000828545
252,0.000827357
253,0.000821633
254,0.000813858
255,0.000816815
256,0.000719615
257,0.000237007
258,0.000665537
259,0.00092977
260,0.00092717
261,0.000890126
262,0.000858244
263,0.00083681
264,0.00081609
265,0.000811142
266,0.000814083
267,0.000833209
268,0.000833473
269,0.000827387
270,0.000712516
271,0.000205361
272,0.000592223
273,0.000810071
274,0.000804205
275,0.000805587
276,0.000807249
277,0.000812644
278,0.000810285
279,0.000807425
280,0.000699261
281,9.68788e-05
282,0.000598239
283,0.000811126
284,0.00081857
285,0.000846266
286,0.000868538
287,0.00088581
288,0.000860963
289,0.000841718
290,0.000845804
291,0.000856991
292,0.000849046
293,0.000830206
294,0.000813888
295,0.000817649
296,0.000816342
297,0.00082546
298,0.000834596
299,0.000833239
300,0.000814642
301,0.000812454
302,0.000806838
303,0.000807345
304,0.00080448
305,0.000804966
306,0.000801274
307,0.000801393
308,0.000798573
309,0.000804884
310,0.000800033
311,0.000801493
312,0.000791288
313,0.000793973
314,0.000681397
315,0.000174694
316,0.000609884
317,0.000804082
318,0.000812217
319,0.000846013
320,0.000890307
321,0.000899635
322,0.000876852
323,0.000854958
324,0.000835382
325,0.000818653
326,0.000800913
327,0.000791055
328,0.000788655
329,0.000791439
330,0.000789596
331,0.000784701
332,0.000782827
333,0.000786632
334,0.000783433
335,0.000792322
336,0.000811919
337,0.000796698
338,0.000789566
339,0.000814966
340,0.000728661
341,0.000281245
342,0.00060749
343,0.000814318
344,0.000809754
345,0.000804242
346,0.000795916
347,0.000791697
348,0.00078139
349,0.000785063
350,0.000674851
351,0.00011967
352,0.00059462
353,0.000809539
354,0.000805768
355,0.000798107
356,0.00080138
357,0.000804324
358,0.000804627
359,0.000804914
360,0.000811144
361,0.000811942
362,0.000809008
363,0.000804798
364,0.000804884
365,0.000808401
366,0.000809057
367,0.000809429
368,0.000800494
369,0.000792944
370,0.000794218
371,0.000792723
372,0.000788474
373,0.000787447
374,0.000787138
375,0.000788096
376,0.000786456
377,0.000786428
378,0.000785427
379,0.000785964
380,0.000790811
381,0.000801228
382,0.000802138
383,0.000803633
384,0.000799783
385,0.000795083
386,0.000795143
387,0.000793261
388,0.000785884
389,0.000785495
390,0.000782206
391,0.000780542
392,0.000786774
393,0.000807835
394,0.000824345
395,0.000833289
396,0.000799741
397,0.000780087
398,0.000773015
399,0.000772274
400,0.000775072
401,0.000791164
402,0.00080472
403,0.000816646
404,0.000791899
405,0.000769208
406,0.000762991
407,0.000775068
408,0.00066498
409,5.73714e-05
410,0.000557264
411,0.000764759
412,0.000764605
413,0.000762953
414,0.000760092
415,0.00075949
416,0.00076001
417,0.000764363
418,0.00076992
419,0.000789378
420,0.000795251
421,0.000804429
422,0.000809587
423,0.000832276
424,0.000823246
425,0.000775455
426,0.000757993
427,0.000758279
428,0.000754328
429,0.000755097
430,0.000755627
431,0.000761185
432,0.000766242
433,0.000771699
434,0.00077708
435,0.000783051
436,0.000781007
437,0.000774012
438,0.000760601
439,0.000757428
440,0.000755039
441,0.000755448
442,0.000760621
443,0.00077001
444,0.000770839
445,0.000780731
446,0.00079551
447,0.000815669
448,0.000817471
449,0.000830378
450,0.000843594
451,0.000847153
452,0.000718448
453,0.000164819
454,0.000564474
455,0.00078727
456,0.000793591
457,0.000773768
458,0.0007834
459,0.000808698
460,0.000834679
461,0.00085024
462,0.000848564
463,0.000826942
464,0.000774746
465,0.000749895
466,0.000777543
467,0.000798705
468,0.000806488
469,0.000805015
470,0.000790313
471,0.000765443
472,0.000750683
473,0.000747086
474,0.000747691
475,0.000752507
476,0.000753524
477,0.000753344
478,0.00076221
479,0.000768127
480,0.000761745
481,0.000755844
482,0.000753064
483,0.00076567
484,0.000776236
485,0.000770907
486,0.000760106
487,0.000758522
488,0.000751152
489,0.000752242
490,0.000761229
491,0.000770316
492,0.000780544
493,0.000787196
494,0.000750876
495,0.000753968
496,0.000790591
497,0.000857237
498,0.000901438
499,0.000891565
500,0.000824311
501,0.000763487
502,0.00074181
503,0.000750239
504,0.000761447
505,0.000769469
506,0.00075103
507,0.000742313
508,0.000737601
509,0.000763193
510,0.000797213
511,0.000828613
512,0.000841917
513,0.000852461
514,0.000877606
515,0.000901164
516,0.000795924
517,0.000247753
518,0.000540862
519,0.000732853
520,0.000796481
521,0.000771209
522,0.00078707
523,0.000772293
524,0.000733795
525,0.000743749
526,0.000760455
527,0.000763951
528,0.000745802
529,0.00073796
530,0.00074694
531,0.000780603
532,0.00079571
533,0.000802061
534,0.000804936
535,0.0008096
536,0.000796067
537,0.000762732
538,0.000742992
539,0.000738298
540,0.00074279
541,0.000762357
542,0.000790492
543,0.000810501
544,0.00079943
545,0.000768125
546,0.00074824
547,0.000744073
548,0.000735526
549,0.000737666
550,0.000738357
551,0.000734116
552,0.000726643
553,0.000730025
554,0.000735924
555,0.000758642
556,0.000746739
557,0.000735593
558,0.000731637
559,0.000734349
560,0.000629811
561,0.000129216
562,0.000607324
563,0.000735832
564,0.00075474
565,0.000744038
566,0.000728843
567,0.000730007
568,0.000729578
569,0.000728865
570,0.000729487
571,0.000728453
572,0.000733612
573,0.000755721
574,0.000756649
575,0.000734702
576,0.000723104
577,0.000744929
578,0.000724067
579,0.000788017
580,0.000734602
581,0.000729526
582,0.000723529
583,0.000728076
584,0.000723596
585,0.000734991
586,0.000733485
587,0.000729253
588,0.000724892
589,0.000729318
590,0.000734488
591,0.000726233
592,0.000724207
593,0.000731832
594,0.000731903
595,0.0007227
596,0.000722283
597,0.000723081
598,0.000783092
599,0.000903393
