2,0.966806
3,0.906185
4,0.85018
5,0.79729
6,0.746962
7,0.698878
8,0.65287
9,0.608849
10,0.566755
11,0.526566
12,0.488653
13,0.45281
14,0.418607
15,0.386105
16,0.355212
17,0.325864
18,0.298025
19,0.271669
20,0.246813
21,0.223492
22,0.20166
23,0.181243
24,0.162131
25,0.144239
26,0.127557
27,0.112046
28,0.0976762
29,0.0847648
30,0.0736001
31,0.0640397
32,0.0558375
33,0.0486581
34,0.0421596
35,0.0362009
36,0.030747
37,0.0257688
38,0.0212444
39,0.0171295
40,0.0133675
41,0.00992308
42,0.00680941
43,0.00408324
44,0.00185951
45,0.00117597
46,0.00232238
47,0.00318353
48,0.0035104
49,0.00340151
50,0.0030823
51,0.00269103
52,0.00262075
53,0.00255189
54,0.00242709
55,0.0023249
56,0.00214746
57,0.00203078
58,0.00192802
59,0.00179524
60,0.0016841
61,0.00156034
62,0.00143792
63,0.00134267
64,0.00125642
65,0.00117147
66,0.00110962
67,0.00107296
68,0.00103924
69,0.00102323
70,0.00100703
71,0.00099591
72,0.000979639
73,0.000975972
74,0.000972021
75,0.000973131
76,0.000968116
77,0.000977082
78,0.000981721
79,0.000988025
80,0.000989339
81,0.000997889
82,0.00100706
83,0.00103148
84,0.00105524
85,0.00109365
86,0.00113408
87,0.00119961
88,0.00124476
89,0.00123896
90,0.00120565
91,0.00119299
92,0.00120139
93,0.00121359
94,0.00124821
95,0.00133565
96,0.00142916
97,0.00150935
98,0.00158105
99,0.00164374
100,0.0017026
101,0.00177439
102,0.00187636
103,0.00198737
104,0.00208794
105,0.00219167
106,0.00229814
107,0.00236277
108,0.00241135
109,0.00252292
110,0.00263852
111,0.00271303
112,0.00274291
113,0.00275622
114,0.00274792
115,0.00272091
116,0.00271271
117,0.00269271
118,0.00261309
119,0.00248889
120,0.00232632
121,0.00215576
122,0.00198958
123,0.00178792
124,0.00159413
125,0.00144961
126,0.00131419
127,0.00118942
128,0.00107848
129,0.00102881
130,0.00100873
131,0.00100656
132,0.00100633
133,0.000999278
134,0.000979428
135,0.000970483
136,0.000958486
137,0.000954703
138,0.000949118
139,0.000949272
140,0.000938195
141,0.000938088
142,0.000931629
143,0.000923228
144,0.00090767
145,0.000899083
146,0.0008888
147,0.000889404
148,0.000883436
149,0.000887138
150,0.000901614
151,0.000932104
152,0.000951983
153,0.000966341
154,0.000959678
155,0.000951128
156,0.000946173
157,0.000965113
158,0.000968773
159,0.000949726
160,0.000926268
161,0.000913212
162,0.000893229
163,0.000877065
164,0.000864967
165,0.000875543
166,0.000880667
167,0.000894343
168,0.000901952
169,0.000909504
170,0.000899341
171,0.000889966
172,0.000880724
173,0.000881344
174,0.000878622
175,0.000880349
176,0.000876807
177,0.000881388
178,0.000876552
179,0.00087521
180,0.000861114
181,0.000861258
182,0.000867877
183,0.000873787
184,0.000864808
185,0.000867601
186,0.00088303
187,0.00094555
188,0.000927023
189,0.000886441
190,0.000874646
191,0.000869943
192,0.000859142
193,0.000866319
194,0.000875196
195,0.000899577
196,0.000929443
197,0.000977344
198,0.000958609
199,0.000904058
200,0.000742517
201,0.000220803
202,0.000673075
203,0.000863083
204,0.000864452
205,0.000864286
206,0.000866802
207,0.000869867
208,0.000864484
209,0.000847467
210,0.000845268
211,0.000853963
212,0.000869392
213,0.000877663
214,0.000882674
215,0.000878876
216,0.00085302
217,0.000832375
218,0.000834309
219,0.000832192
220,0.000835285
221,0.000849135
222,0.000867993
223,0.000882899
224,0.000862913
225,0.000837806
226,0.000834548
227,0.00083487
228,0.000857825
229,0.000907191
230,0.000959897
231,0.000954687
232,0.000953571
233,0.000968341
234,0.000949463
235,0.000921747
236,0.000899417
237,0.000879143
238,0.000861576
239,0.000840615
240,0.000829086
241,0.000829285
242,0.000828758
243,0.000827239
244,0.000833972
245,0.000840217
246,0.000848085
247,0.000847731
248,0.00083021
249,0.000820692
250,0.000818685
251,0.000830395
252,0.000827182
253,0.000822527
254,0.000813582
255,0.000819133
256,0.000720953
257,0.000236795
258,0.000668441
259,0.000930962
260,0.000924735
261,0.000892446
262,0.000858352
263,0.000837534
264,0.000817348
265,0.000812662
266,0.00081218
267,0.000834723
268,0.000832774
269,0.00082793
270,0.000711917
271,0.000202718
272,0.000594866
273,0.000809233
274,0.000804699
275,0.000804784
276,0.000806756
277,0.000815515
278,0.000809865
279,0.000806818
280,0.000692951
281,9.49421e-05
282,0.00059782
283,0.000813388
284,0.000816641
285,0.000847225
286,0.000869979
287,0.000886875
288,0.000862675
289,0.000842651
290,0.000844572
291,0.000856713
292,0.00084762
293,0.000829874
294,0.000814806
295,0.000819884
296,0.000816838
297,0.000828148
298,0.000834833
299,0.000836149
300,0.000818114
301,0.000814081
302,0.000806373
303,0.000809115
304,0.00080199
305,0.000805202
306,0.000800913
307,0.000804834
308,0.000798485
309,0.000806623
310,0.000800256
311,0.000804282
312,0.000790391
313,0.000794292
314,0.000680865
315,0.000174756
316,0.00061203
317,0.000805542
318,0.000812105
319,0.000846736
320,0.00089071
321,0.000898151
322,0.000878848
323,0.000855367
324,0.000835906
325,0.000817333
326,0.000801685
327,0.000792441
328,0.000790705
329,0.000791177
330,0.000789486
331,0.000784381
332,0.000784705
333,0.000785634
334,0.000786303
335,0.000793212
336,0.000813958
337,0.000796474
338,0.000791028
339,0.000813727
340,0.000729235
341,0.00027975
342,0.000604844
343,0.000816918
344,0.000809761
345,0.000805156
346,0.000791651
347,0.000791831
348,0.000778628
349,0.00078797
350,0.000678
351,0.000122075
352,0.000593516
353,0.000808743
354,0.000808176
355,0.000799266
356,0.000802658
357,0.000804298
358,0.000806156
359,0.000805635
360,0.000812934
361,0.00081205
362,0.000809071
363,0.000807182
364,0.00080785
365,0.000809068
366,0.000811855
367,0.000810749
368,0.000804052
369,0.000791601
370,0.000794847
371,0.000790328
372,0.000789824
373,0.000787952
374,0.000788318
375,0.000787349
376,0.00078801
377,0.000786867
378,0.00078796
379,0.000788896
380,0.000792947
381,0.000800778
382,0.000802951
383,0.000803251
384,0.00080173
385,0.000796418
386,0.00079638
387,0.000794074
388,0.000788436
389,0.000786305
390,0.000782427
391,0.00077992
392,0.000787764
393,0.000807199
394,0.000825943
395,0.000832567
396,0.000801231
397,0.000779701
398,0.000773992
399,0.000772754
400,0.000777088
401,0.000790325
402,0.000805467
403,0.00081566
404,0.000794112
405,0.000767629
406,0.000764983
407,0.000771898
408,0.000665163
409,5.72586e-05
410,0.000556119
411,0.000767057
412,0.000764477
413,0.000762869
414,0.000758489
415,0.000760707
416,0.00075996
417,0.000765692
418,0.000769486
419,0.000788471
420,0.000795979
421,0.000802675
422,0.000808881
423,0.000833151
424,0.000821566
425,0.000775114
426,0.000758798
427,0.000758401
428,0.000754959
429,0.000755934
430,0.000757242
431,0.000763325
432,0.000766806
433,0.000773648
434,0.000774763
435,0.000781593
436,0.000779377
437,0.000772732
438,0.000760634
439,0.000758417
440,0.000755732
441,0.000756764
442,0.00075975
443,0.000770577
444,0.000769747
445,0.000780871
446,0.000796565
447,0.000817363
448,0.000819297
449,0.000833096
450,0.000845031
451,0.000849776
452,0.000718797
453,0.000165922
454,0.00056397
455,0.000788578
456,0.000796477
457,0.000774187
458,0.000783063
459,0.000807427
460,0.000835979
461,0.000849885
462,0.000851147
463,0.000827695
464,0.000776601
465,0.000748862
466,0.000777
467,0.000797532
468,0.00080835
469,0.00080203
470,0.000788863
471,0.000765117
472,0.000751432
473,0.000747433
474,0.000749725
475,0.00075203
476,0.000755205
477,0.000754144
478,0.000760549
479,0.000767692
480,0.000764326
481,0.000756084
482,0.000753762
483,0.000766831
484,0.000776963
485,0.000769487
486,0.000759882
487,0.000758971
488,0.000751318
489,0.000752236
490,0.000763278
491,0.000767923
492,0.000780687
493,0.000787948
494,0.000752258
495,0.000752907
496,0.00079183
497,0.000853717
498,0.000903108
499,0.000893727
500,0.00082423
501,0.000763259
502,0.000741865
503,0.000748494
504,0.000759851
505,0.000770364
506,0.000751091
507,0.000742966
508,0.000740111
509,0.00076428
510,0.000796951
511,0.000825314
512,0.000841181
513,0.000852164
514,0.000878829
515,0.000900768
516,0.000793616
517,0.000243878
518,0.000545212
519,0.000734395
520,0.000796112
521,0.000770993
522,0.000787654
523,0.000771893
524,0.000734507
525,0.000742893
526,0.000758692
527,0.000762038
528,0.000745729
529,0.000736221
530,0.000744754
531,0.000779284
532,0.000795752
533,0.00080356
534,0.000809337
535,0.000814094
536,0.000796949
537,0.000760525
538,0.000739077
539,0.000737865
540,0.000745753
541,0.000763393
542,0.000787445
543,0.000808013
544,0.000797843
545,0.000766152
546,0.000746603
547,0.000742962
548,0.000735658
549,0.000739495
550,0.000745137
551,0.000744168
552,0.000733667
553,0.000731525
554,0.000735888
555,0.000756095
556,0.000743907
557,0.000730427
558,0.000726231
559,0.000733923
560,0.000647531
561,0.000265538
562,0.000673435
563,0.000772473
564,0.000735026
565,0.000736947
566,0.000725591
567,0.000727701
568,0.000729626
569,0.000724823
570,0.000728507
571,0.000726087
572,0.000732021
573,0.000755157
574,0.000760647
575,0.000736809
576,0.000728078
577,0.000746302
578,0.000726855
579,0.000785131
580,0.000734852
581,0.000730005
582,0.000724321
583,0.000727451
584,0.000724772
585,0.00073474
586,0.000732092
587,0.000725258
588,0.000719417
589,0.000727305
590,0.000731651
591,0.000726093
592,0.000724038
593,0.000733152
594,0.000731837
595,0.000724382
596,0.000724904
597,0.000725343
598,0.000782337
599,0.000899639
