2,0.00117609
3,0.00352127
4,0.00585899
5,0.00818395
6,0.0104853
7,0.0127555
8,0.0149875
9,0.0171745
10,0.019311
11,0.0213916
12,0.0233936
13,0.0253213
14,0.0271904
15,0.0289948
16,0.0307359
17,0.0324145
18,0.0340298
19,0.0355812
20,0.0370661
21,0.0384811
22,0.0398268
23,0.0411056
24,0.0423216
25,0.0434782
26,0.0445748
27,0.0456126
28,0.0465922
29,0.0474965
30,0.0483093
31,0.0490371
32,0.0496918
33,0.0502903
34,0.0508503
35,0.0513791
36,0.0518783
37,0.0523494
38,0.0527935
39,0.0532129
40,0.0536106
41,0.0539887
42,0.0543466
43,0.0546823
44,0.0549951
45,0.0552849
46,0.0555454
47,0.0557683
48,0.0559555
49,0.0561142
50,0.0562606
51,0.0564049
52,0.0565511
53,0.0566959
54,0.0568398
55,0.0569825
56,0.0571183
57,0.0572552
58,0.0573909
59,0.0575222
60,0.0576528
61,0.0577801
62,0.0579051
63,0.0580298
64,0.058153
65,0.0582735
66,0.0583937
67,0.0585141
68,0.0586335
69,0.0587529
70,0.0588708
71,0.0589871
72,0.0591007
73,0.0592129
74,0.0593247
75,0.0594372
76,0.059548
77,0.0596558
78,0.0597627
79,0.0598696
80,0.0599757
81,0.0600804
82,0.060183
83,0.0602835
84,0.0603824
85,0.0604797
86,0.0605755
87,0.060669
88,0.0607636
89,0.0608624
90,0.0609625
91,0.0610601
92,0.0611544
93,0.0612478
94,0.0613378
95,0.0614229
96,0.0615068
97,0.0615915
98,0.0616761
99,0.0617609
100,0.0618451
101,0.0619279
102,0.0620076
103,0.0620862
104,0.0621649
105,0.0622428
106,0.0623197
107,0.062399
108,0.0624786
109,0.0625534
110,0.0626272
111,0.0627033
112,0.0627816
113,0.0628605
114,0.0629401
115,0.0630205
116,0.063099
117,0.0631778
118,0.06326
119,0.0633447
120,0.0634316
121,0.0635187
122,0.0636052
123,0.0636941
124,0.0637823
125,0.0638671
126,0.063951
127,0.064035
128,0.0641181
129,0.0641958
130,0.0642688
131,0.0643398
132,0.0644094
133,0.0644801
134,0.0645517
135,0.0646219
136,0.0646913
137,0.0647604
138,0.0648279
139,0.0648956
140,0.0649636
141,0.0650301
142,0.0650963
143,0.0651638
144,0.0652317
145,0.0652999
146,0.065367
147,0.0654321
148,0.0654964
149,0.0655581
150,0.0656138
151,0.0656693
152,0.0657269
153,0.0657862
154,0.0658478
155,0.0659106
156,0.0659715
157,0.0660288
158,0.066088
159,0.0661506
160,0.0662135
161,0.0662754
162,0.0663382
163,0.0664033
164,0.0664696
165,0.0665337
166,0.0665945
167,0.0666549
168,0.0667147
169,0.0667721
170,0.0668262
171,0.0668783
172,0.0669307
173,0.0669855
174,0.0670415
175,0.0670959
176,0.0671517
177,0.0672073
178,0.067261
179,0.067314
180,0.0673628
181,0.0674085
182,0.0674547
183,0.0675054
184,0.0675601
185,0.0676134
186,0.0676588
187,0.067699
188,0.067753
189,0.0678132
190,0.0678664
191,0.0679197
192,0.0679728
193,0.0680228
194,0.0680693
195,0.0681147
196,0.0681579
197,0.068201
198,0.0682527
199,0.0683139
200,0.0683753
201,0.0684328
202,0.0684853
203,0.0685276
204,0.0685738
205,0.0686272
206,0.0686781
207,0.0687289
208,0.0687745
209,0.0688155
210,0.0688551
211,0.0688947
212,0.0689362
213,0.0689795
214,0.0690245
215,0.0690712
216,0.0691237
217,0.0691801
218,0.0692294
219,0.0692729
220,0.0693223
221,0.0693751
222,0.0694247
223,0.0694728
224,0.0695123
225,0.0695496
226,0.069591
227,0.0696362
228,0.0696879
229,0.0697419
230,0.0697932
231,0.0698358
232,0.0698789
233,0.0699239
234,0.0699642
235,0.0700026
236,0.0700413
237,0.07008
238,0.0701181
239,0.0701544
240,0.0701916
241,0.0702333
242,0.0702748
243,0.0703164
244,0.0703608
245,0.0704041
246,0.0704475
247,0.0704882
248,0.0705241
249,0.0705583
250,0.0705912
251,0.0706258
252,0.0706657
253,0.0707084
254,0.0707513
255,0.0707902
256,0.0708239
257,0.0708579
258,0.070889
259,0.0709201
260,0.0709598
261,0.0710045
262,0.0710488
263,0.0710938
264,0.0711385
265,0.0711837
266,0.0712309
267,0.0712755
268,0.0713149
269,0.0713495
270,0.0713857
271,0.0714268
272,0.0714648
273,0.0714962
274,0.0715269
275,0.0715634
276,0.071604
277,0.0716446
278,0.0716808
279,0.0717096
280,0.071743
281,0.0717815
282,0.0718125
283,0.0718489
284,0.071884
285,0.0719116
286,0.0719423
287,0.0719752
288,0.0720156
289,0.0720567
290,0.0720907
291,0.0721239
292,0.0721609
293,0.0722031
294,0.0722484
295,0.0722881
296,0.0723241
297,0.0723628
298,0.0724025
299,0.0724366
300,0.0724647
301,0.0724955
302,0.0725276
303,0.0725583
304,0.072592
305,0.072626
306,0.072659
307,0.0726929
308,0.0727247
309,0.0727561
310,0.0727893
311,0.0728232
312,0.072861
313,0.0728994
314,0.072936
315,0.0729767
316,0.0730142
317,0.0730433
318,0.0730771
319,0.0731188
320,0.0731592
321,0.0731931
322,0.0732223
323,0.0732509
324,0.0732793
325,0.0733073
326,0.0733346
327,0.0733619
328,0.0733931
329,0.0734275
330,0.0734577
331,0.0734844
332,0.0735147
333,0.0735475
334,0.0735791
335,0.0736023
336,0.0736255
337,0.0736641
338,0.0737091
339,0.0737487
340,0.0737835
341,0.0738161
342,0.0738464
343,0.0738753
344,0.0739048
345,0.0739332
346,0.0739616
347,0.0739896
348,0.0740157
349,0.0740468
350,0.0740789
351,0.0741055
352,0.0741248
353,0.074148
354,0.0741805
355,0.074217
356,0.0742526
357,0.0742831
358,0.0743125
359,0.074339
360,0.0743639
361,0.0743923
362,0.0744246
363,0.0744582
364,0.0744921
365,0.0745247
366,0.0745556
367,0.0745859
368,0.0746125
369,0.0746338
370,0.0746564
371,0.0746857
372,0.0747174
373,0.0747481
374,0.0747787
375,0.0748082
376,0.0748371
377,0.0748659
378,0.0748958
379,0.0749247
380,0.0749556
381,0.0749874
382,0.075016
383,0.0750448
384,0.0750723
385,0.0750991
386,0.0751268
387,0.0751538
388,0.0751793
389,0.0752053
390,0.0752314
391,0.0752574
392,0.0752902
393,0.0753244
394,0.0753565
395,0.0753852
396,0.0754053
397,0.0754243
398,0.0754476
399,0.0754742
400,0.075505
401,0.0755383
402,0.0755702
403,0.0755996
404,0.0756212
405,0.0756383
406,0.0756635
407,0.0756948
408,0.07572
409,0.0757401
410,0.0757594
411,0.0757818
412,0.0758099
413,0.0758397
414,0.0758685
415,0.0758965
416,0.0759195
417,0.0759417
418,0.0759634
419,0.0759835
420,0.0760071
421,0.0760313
422,0.0760554
423,0.076077
424,0.0761042
425,0.0761416
426,0.0761752
427,0.0762014
428,0.0762293
429,0.0762555
430,0.0762772
431,0.076299
432,0.0763217
433,0.0763451
434,0.0763688
435,0.0763923
436,0.076417
437,0.076445
438,0.0764745
439,0.0765029
440,0.0765303
441,0.0765588
442,0.0765896
443,0.0766178
444,0.076643
445,0.0766699
446,0.0766995
447,0.0767283
448,0.0767538
449,0.0767801
450,0.0768076
451,0.0768322
452,0.0768508
453,0.0768635
454,0.0768721
455,0.0768814
456,0.0769047
457,0.0769343
458,0.0769554
459,0.0769729
460,0.0769916
461,0.0770129
462,0.077037
463,0.0770646
464,0.0770999
465,0.0771422
466,0.0771797
467,0.0772082
468,0.0772337
469,0.0772568
470,0.0772769
471,0.0772931
472,0.0773078
473,0.0773287
474,0.0773514
475,0.0773714
476,0.0773941
477,0.0774222
478,0.0774516
479,0.0774781
480,0.0774998
481,0.0775176
482,0.0775331
483,0.0775471
484,0.077566
485,0.0775915
486,0.0776181
487,0.0776422
488,0.0776691
489,0.0777006
490,0.0777303
491,0.0777554
492,0.077782
493,0.0778063
494,0.0778165
495,0.0778225
496,0.0778329
497,0.0778436
498,0.0778588
499,0.0778827
500,0.0779151
501,0.0779519
502,0.0779877
503,0.0780181
504,0.0780459
505,0.0780702
506,0.0780871
507,0.0781027
508,0.0781166
509,0.0781268
510,0.07814
511,0.0781567
512,0.0781759
513,0.078196
514,0.0782135
515,0.0782326
516,0.0782577
517,0.0782977
518,0.0783457
519,0.0783571
520,0.0783573
521,0.0783845
522,0.0784019
523,0.078427
524,0.078465
525,0.0784978
526,0.0785254
527,0.0785473
528,0.0785626
529,0.0785733
530,0.0785856
531,0.0785964
532,0.0786138
533,0.0786342
534,0.0786538
535,0.078674
536,0.078698
537,0.0787283
538,0.0787587
539,0.0787862
540,0.0788144
541,0.0788427
542,0.0788703
543,0.0788947
544,0.0789139
545,0.0789274
546,0.0789428
547,0.0789613
548,0.0789795
549,0.0790012
550,0.0790236
551,0.0790428
552,0.0790596
553,0.0790773
554,0.0791021
555,0.0791296
556,0.0791472
557,0.0791591
558,0.0791749
559,0.0791908
560,0.0792036
561,0.0792148
562,0.0792242
563,0.0792543
564,0.0793042
565,0.0793261
566,0.0793358
567,0.0793523
568,0.0793701
569,0.0793943
570,0.0794184
571,0.0794397
572,0.079464
573,0.0794928
574,0.0795134
575,0.079526
576,0.0795329
577,0.0795408
578,0.0795726
579,0.0796178
580,0.0796223
581,0.0796271
582,0.0796533
583,0.0796788
584,0.0796911
585,0.0797009
586,0.0797215
587,0.0797436
588,0.079769
589,0.0797959
590,0.0798178
591,0.0798328
592,0.0798443
593,0.0798562
594,0.0798754
595,0.0799013
596,0.0799274
597,0.0799375
598,0.0799376
599,0.0799376
