2,0.967094
3,0.907009
4,0.85154
5,0.799132
6,0.749211
7,0.701505
8,0.655826
9,0.612101
10,0.570264
11,0.530241
12,0.492403
13,0.456711
14,0.422634
15,0.390149
16,0.359276
17,0.329951
18,0.302126
19,0.275785
20,0.250915
21,0.227501
22,0.205512
23,0.184916
24,0.165621
25,0.147559
26,0.130735
27,0.115111
28,0.100601
29,0.0874152
30,0.0759049
31,0.0660669
32,0.0576652
33,0.0503317
34,0.0436973
35,0.0375973
36,0.0319781
37,0.0268369
38,0.0221607
39,0.0179092
40,0.0140321
41,0.0104667
42,0.00726035
43,0.00448381
44,0.00212105
45,0.00110583
46,0.00221288
47,0.003158
48,0.0035102
49,0.00339968
50,0.00308214
51,0.00269089
52,0.00262259
53,0.00255194
54,0.00242805
55,0.00232347
56,0.00214711
57,0.00203032
58,0.00192739
59,0.00179459
60,0.00168364
61,0.00155957
62,0.00143733
63,0.0013434
64,0.00125505
65,0.00117224
66,0.00110917
67,0.00107215
68,0.00104149
69,0.00102291
70,0.00100599
71,0.000993389
72,0.000981503
73,0.000974022
74,0.000970064
75,0.000971306
76,0.000968772
77,0.000974785
78,0.000980267
79,0.000986027
80,0.000989627
81,0.000998499
82,0.00100821
83,0.00102843
84,0.00105501
85,0.00109347
86,0.00113542
87,0.00119987
88,0.00124405
89,0.0012373
90,0.0012047
91,0.00119228
92,0.00120147
93,0.00121408
94,0.00124829
95,0.0013362
96,0.00142807
97,0.00151125
98,0.00157982
99,0.00164238
100,0.00170215
101,0.00177459
102,0.00187657
103,0.00198817
104,0.00208671
105,0.00219082
106,0.00230388
107,0.00235481
108,0.00239154
109,0.00252068
110,0.0026394
111,0.00271101
112,0.00274271
113,0.00275564
114,0.00274767
115,0.00272145
116,0.00271296
117,0.00269228
118,0.00261329
119,0.00249015
120,0.00232452
121,0.00215461
122,0.00198872
123,0.00178608
124,0.0015938
125,0.00144774
126,0.00131541
127,0.00118762
128,0.00107914
129,0.00102819
130,0.00100867
131,0.00100557
132,0.00100479
133,0.000997279
134,0.000979017
135,0.000970686
136,0.000960079
137,0.000953997
138,0.000950852
139,0.000948254
140,0.000934979
141,0.000936576
142,0.000930659
143,0.000921895
144,0.000910408
145,0.000898411
146,0.000889627
147,0.000887163
148,0.000883326
149,0.00088817
150,0.000900011
151,0.000928548
152,0.000950619
153,0.000966175
154,0.00096227
155,0.000951529
156,0.00094757
157,0.000964946
158,0.000967844
159,0.000950398
160,0.000926484
161,0.000910949
162,0.000893073
163,0.000876862
164,0.000866
165,0.000874975
166,0.000881835
167,0.000892199
168,0.000901158
169,0.000908564
170,0.000898721
171,0.00088896
172,0.000880784
173,0.000879589
174,0.000879681
175,0.000879925
176,0.000878684
177,0.000883211
178,0.000875846
179,0.000875114
180,0.000861957
181,0.00086077
182,0.000868772
183,0.000874924
184,0.000863748
185,0.000864479
186,0.000882068
187,0.000945055
188,0.000925679
189,0.000885287
190,0.000873587
191,0.000869106
192,0.000859938
193,0.000867072
194,0.000874404
195,0.000899304
196,0.000931714
197,0.000977326
198,0.000958095
199,0.000903333
200,0.000742587
201,0.000220872
202,0.000674283
203,0.000863316
204,0.000863541
205,0.000864187
206,0.00086548
207,0.000869655
208,0.000863147
209,0.000848199
210,0.000845706
211,0.000854598
212,0.00086985
213,0.000878566
214,0.000882977
215,0.000878025
216,0.000853891
217,0.000831765
218,0.000834351
219,0.000831247
220,0.000834804
221,0.000849686
222,0.000869463
223,0.000881656
224,0.00086089
225,0.000838509
226,0.000834063
227,0.000834741
228,0.00085575
229,0.000908016
230,0.000960444
231,0.000954847
232,0.000955099
233,0.000968378
234,0.000949225
235,0.000920678
236,0.000900327
237,0.000879493
238,0.000860547
239,0.000839451
240,0.000829708
241,0.000828555
242,0.000828746
243,0.000828806
244,0.000832783
245,0.000840803
246,0.000847836
247,0.000846589
248,0.000830579
249,0.000821296
250,0.00081944
251,0.000828921
252,0.000825948
253,0.000823035
254,0.000814763
255,0.000818845
256,0.000720683
257,0.00023687
258,0.000668139
259,0.000930331
260,0.000927
261,0.000892785
262,0.000859138
263,0.000836051
264,0.000816869
265,0.000810825
266,0.000813646
267,0.000832859
268,0.000833812
269,0.000828923
270,0.000712069
271,0.000202788
272,0.00059347
273,0.000809853
274,0.000804976
275,0.000808406
276,0.000806561
277,0.000814562
278,0.000810346
279,0.000806797
280,0.0006944
281,9.77831e-05
282,0.000599876
283,0.000812408
284,0.000817328
285,0.000848243
286,0.000869903
287,0.000887015
288,0.000862107
289,0.000843604
290,0.000846427
291,0.00085773
292,0.000848425
293,0.000829455
294,0.000813625
295,0.000820314
296,0.000817204
297,0.00082463
298,0.000834445
299,0.000833882
300,0.000816448
301,0.000814735
302,0.000805217
303,0.000809123
304,0.000803608
305,0.000804069
306,0.000798862
307,0.000802206
308,0.000798125
309,0.000806142
310,0.000801308
311,0.000802494
312,0.000791096
313,0.000794169
314,0.000681469
315,0.00017484
316,0.000610722
317,0.000803255
318,0.000811861
319,0.000845105
320,0.00088939
321,0.000898641
322,0.000877331
323,0.000855835
324,0.000835877
325,0.000817983
326,0.000802286
327,0.000791007
328,0.000788403
329,0.000794102
330,0.000789335
331,0.000785148
332,0.000785097
333,0.000785279
334,0.000784355
335,0.000793855
336,0.000813352
337,0.000795223
338,0.000788782
339,0.000813627
340,0.000729606
341,0.000280592
342,0.000605428
343,0.000814887
344,0.000810919
345,0.000803352
346,0.000792585
347,0.000791887
348,0.000780237
349,0.00078777
350,0.00067796
351,0.000123022
352,0.000593435
353,0.000807179
354,0.000807617
355,0.000800044
356,0.00080055
357,0.00080383
358,0.000805135
359,0.000805611
360,0.000811689
361,0.000813289
362,0.00081116
363,0.000805697
364,0.000806239
365,0.000808901
366,0.000809211
367,0.000809748
368,0.000802704
369,0.000793517
370,0.000794116
371,0.000792765
372,0.000787909
373,0.000786009
374,0.000788065
375,0.000786974
376,0.000786758
377,0.000787598
378,0.000786242
379,0.000789263
380,0.000791437
381,0.000800687
382,0.000803373
383,0.000801431
384,0.000800283
385,0.000796878
386,0.000794681
387,0.000793781
388,0.000787036
389,0.000783413
390,0.000781175
391,0.000780006
392,0.000788045
393,0.000805951
394,0.000826716
395,0.000832326
396,0.000802214
397,0.000780099
398,0.000772941
399,0.00077337
400,0.000775552
401,0.000789589
402,0.000802767
403,0.000813658
404,0.00079008
405,0.000768421
406,0.00076429
407,0.000773185
408,0.000667214
409,5.94613e-05
410,0.000555777
411,0.000765617
412,0.000766421
413,0.000762184
414,0.000756807
415,0.000760246
416,0.000759501
417,0.000763775
418,0.000769409
419,0.000787942
420,0.000794024
421,0.000803414
422,0.000809313
423,0.000831889
424,0.000823537
425,0.000776876
426,0.000760766
427,0.00075943
428,0.000754178
429,0.000755838
430,0.000756775
431,0.000763435
432,0.000767135
433,0.000772735
434,0.000774848
435,0.000782043
436,0.000780353
437,0.000773437
438,0.000759853
439,0.000756787
440,0.000753205
441,0.000756459
442,0.000760842
443,0.000771416
444,0.00077069
445,0.000780278
446,0.000796001
447,0.000817937
448,0.000817865
449,0.000830475
450,0.000843828
451,0.000847023
452,0.000718322
453,0.000164274
454,0.000562659
455,0.000787091
456,0.000794644
457,0.000771494
458,0.000781617
459,0.000809099
460,0.000837185
461,0.000852159
462,0.000848355
463,0.000825982
464,0.000774673
465,0.000749038
466,0.000779265
467,0.000797985
468,0.000806412
469,0.000804344
470,0.000787572
471,0.000765485
472,0.000750517
473,0.000749623
474,0.000749956
475,0.000751733
476,0.000753303
477,0.000753195
478,0.000760245
479,0.000768065
480,0.000764525
481,0.000755738
482,0.000753652
483,0.000766422
484,0.000778668
485,0.000769156
486,0.000761239
487,0.00075896
488,0.000752059
489,0.000752118
490,0.00076234
491,0.000769268
492,0.000780543
493,0.000789081
494,0.000751302
495,0.000752213
496,0.000790272
497,0.000852463
498,0.00089996
499,0.000891702
500,0.000827338
501,0.000766532
502,0.000743515
503,0.000752181
504,0.000760272
505,0.000767412
506,0.000750121
507,0.000739979
508,0.000739166
509,0.000763041
510,0.00079776
511,0.000827392
512,0.000841048
513,0.000853265
514,0.000876366
515,0.000898774
516,0.000793955
517,0.000248292
518,0.000543447
519,0.000733816
520,0.0007954
521,0.000769408
522,0.00078654
523,0.000772225
524,0.000734736
525,0.000746008
526,0.000761064
527,0.000763035
528,0.000746561
529,0.000736721
530,0.000746069
531,0.000780205
532,0.00079548
533,0.000804209
534,0.000807677
535,0.000812906
536,0.00079712
537,0.000760722
538,0.000738842
539,0.000736741
540,0.000741648
541,0.00076406
542,0.000787382
543,0.000812049
544,0.000812516
545,0.000784632
546,0.000754236
547,0.000748994
548,0.000745699
549,0.000742815
550,0.000742171
551,0.000750743
552,0.000747978
553,0.000745924
554,0.000747817
555,0.000759362
556,0.000747769
557,0.000736546
558,0.000727249
559,0.000736146
560,0.000650383
561,0.000303741
562,0.000731107
563,0.000797146
564,0.00073147
565,0.000734603
566,0.000728264
567,0.000726908
568,0.000730065
569,0.000726914
570,0.000725383
571,0.00072414
572,0.0007312
573,0.000755454
574,0.000758839
575,0.000738192
576,0.000726255
577,0.000746264
578,0.000726904
579,0.000784446
580,0.000736025
581,0.000731901
582,0.000728773
583,0.000730029
584,0.000725657
585,0.000736681
586,0.000731983
587,0.000725963
588,0.000722946
589,0.0007285
590,0.000732186
591,0.000726114
592,0.000722308
593,0.000729208
594,0.000730765
595,0.000721956
596,0.000721774
597,0.000722564
598,0.000781302
599,0.000902875
