2,0.967392
3,0.907827
4,0.852805
5,0.800841
6,0.751334
7,0.704022
8,0.658704
9,0.615266
10,0.573632
11,0.533825
12,0.496231
13,0.460671
14,0.426674
15,0.394299
16,0.363458
17,0.334063
18,0.306148
19,0.279773
20,0.254885
21,0.231405
22,0.209285
23,0.188526
24,0.169069
25,0.150843
26,0.133827
27,0.117976
28,0.103213
29,0.0896655
30,0.0777783
31,0.0677497
32,0.059266
33,0.0518507
34,0.0451166
35,0.0388957
36,0.0331695
37,0.0279327
38,0.0231463
39,0.0187859
40,0.0148214
41,0.0112068
42,0.00792844
43,0.00498976
44,0.00247356
45,0.00106589
46,0.0019904
47,0.00302719
48,0.00350777
49,0.00340804
50,0.00308169
51,0.00269149
52,0.00261166
53,0.00255279
54,0.00242945
55,0.00232428
56,0.0021469
57,0.00203142
58,0.00192807
59,0.00179459
60,0.00168347
61,0.00155905
62,0.0014375
63,0.00134238
64,0.00125666
65,0.00117215
66,0.00110889
67,0.00107073
68,0.00103858
69,0.00102388
70,0.0010043
71,0.000994257
72,0.000981528
73,0.000974168
74,0.000970044
75,0.000971044
76,0.000970092
77,0.000975443
78,0.000981531
79,0.000985859
80,0.000990406
81,0.000998246
82,0.0010084
83,0.00103046
84,0.00105527
85,0.00109258
86,0.00113575
87,0.00119976
88,0.00124395
89,0.00123815
90,0.00120598
91,0.00119056
92,0.00120046
93,0.00121469
94,0.00124865
95,0.00133617
96,0.00142957
97,0.00151048
98,0.00158121
99,0.00164319
100,0.00170213
101,0.00177615
102,0.00187462
103,0.00198763
104,0.00208619
105,0.00219403
106,0.00229521
107,0.00237197
108,0.00243693
109,0.00252523
110,0.00263702
111,0.00271499
112,0.00274193
113,0.00275591
114,0.00274641
115,0.00272102
116,0.002713
117,0.00269287
118,0.00261393
119,0.00248921
120,0.00232527
121,0.00215572
122,0.00198945
123,0.0017869
124,0.00159432
125,0.00144742
126,0.00131377
127,0.00118745
128,0.00107934
129,0.00102779
130,0.00100948
131,0.00100545
132,0.00100567
133,0.000998829
134,0.000979416
135,0.000970427
136,0.000959382
137,0.000953049
138,0.000951591
139,0.000948977
140,0.000936358
141,0.000937514
142,0.000932788
143,0.000922809
144,0.000909435
145,0.000897273
146,0.000889278
147,0.000889774
148,0.000883574
149,0.000886035
150,0.000900729
151,0.000929517
152,0.000952208
153,0.0009647
154,0.000962708
155,0.000951385
156,0.000945253
157,0.000964923
158,0.000966029
159,0.000948737
160,0.000926596
161,0.000912912
162,0.000892288
163,0.000876034
164,0.000866431
165,0.000875127
166,0.000879994
167,0.00089361
168,0.000901691
169,0.000910348
170,0.000899092
171,0.00088936
172,0.00088134
173,0.00088097
174,0.000879052
175,0.000877993
176,0.000877131
177,0.000882722
178,0.000877156
179,0.000875006
180,0.000861063
181,0.000861979
182,0.000865826
183,0.000873919
184,0.000863909
185,0.00086511
186,0.000880359
187,0.000948554
188,0.000925765
189,0.000885195
190,0.000874675
191,0.000869736
192,0.000859978
193,0.000866624
194,0.000873411
195,0.000897324
196,0.000929647
197,0.000977309
198,0.000959654
199,0.000904179
200,0.000742875
201,0.000220399
202,0.000674409
203,0.000860917
204,0.000866205
205,0.000864786
206,0.000865719
207,0.000869678
208,0.000863031
209,0.000848751
210,0.000846075
211,0.000852338
212,0.000867598
213,0.000877855
214,0.000884719
215,0.000877699
216,0.000853187
217,0.000832527
218,0.000833447
219,0.000831509
220,0.000835934
221,0.000850422
222,0.00086814
223,0.000881836
224,0.000860096
225,0.000838279
226,0.00083383
227,0.000834621
228,0.00085765
229,0.000905962
230,0.000959622
231,0.000953092
232,0.000953578
233,0.00096714
234,0.000949435
235,0.000921281
236,0.000897642
237,0.000877557
238,0.000859211
239,0.000841154
240,0.000828736
241,0.000830017
242,0.000827898
243,0.000829296
244,0.000832581
245,0.000840658
246,0.000847316
247,0.000847596
248,0.000830301
249,0.000821211
250,0.000819072
251,0.000829987
252,0.00082583
253,0.000821517
254,0.000813642
255,0.000818214
256,0.000719258
257,0.000238508
258,0.000666666
259,0.000930655
260,0.000925008
261,0.000890522
262,0.000860583
263,0.000836265
264,0.00081605
265,0.000812976
266,0.000814131
267,0.000834057
268,0.00083168
269,0.000827165
270,0.000709571
271,0.00020245
272,0.000593251
273,0.000810255
274,0.000804643
275,0.000806353
276,0.000803796
277,0.000813446
278,0.000810717
279,0.000807351
280,0.000697884
281,0.000106046
282,0.000608659
283,0.000833671
284,0.000830819
285,0.000844665
286,0.000866668
287,0.000885319
288,0.000861809
289,0.000842013
290,0.000845621
291,0.000857008
292,0.000847436
293,0.000828985
294,0.00081492
295,0.000818025
296,0.000817191
297,0.000826255
298,0.000835948
299,0.000836088
300,0.000815965
301,0.000813545
302,0.00080682
303,0.000807711
304,0.000803044
305,0.000805697
306,0.000799607
307,0.000802025
308,0.000800133
309,0.000805367
310,0.000800474
311,0.000802899
312,0.000790264
313,0.000794723
314,0.000683822
315,0.000174674
316,0.000610616
317,0.000803953
318,0.000810916
319,0.000846077
320,0.000889015
321,0.00089977
322,0.000877803
323,0.000855251
324,0.000836412
325,0.000817581
326,0.000801078
327,0.000792014
328,0.000786633
329,0.000792764
330,0.00078849
331,0.000782259
332,0.000783015
333,0.000786699
334,0.00078703
335,0.000793944
336,0.000812403
337,0.000797488
338,0.000792382
339,0.000814325
340,0.000725883
341,0.000280171
342,0.000606786
343,0.000816519
344,0.000809222
345,0.000804121
346,0.000791321
347,0.000791
348,0.000780161
349,0.000786751
350,0.000677979
351,0.000122352
352,0.000594709
353,0.000806695
354,0.000809468
355,0.000800961
356,0.000801883
357,0.000804333
358,0.000806636
359,0.000807836
360,0.00081151
361,0.000811614
362,0.000809664
363,0.000805894
364,0.000807331
365,0.000809548
366,0.000810966
367,0.000810053
368,0.000803677
369,0.000793375
370,0.000793479
371,0.00079152
372,0.000789133
373,0.000788085
374,0.000789512
375,0.000785906
376,0.000786685
377,0.00078747
378,0.000789055
379,0.000788454
380,0.000794398
381,0.000799681
382,0.000801438
383,0.000802136
384,0.00080011
385,0.000797162
386,0.000796911
387,0.000794612
388,0.000788986
389,0.000785307
390,0.000780056
391,0.000779637
392,0.00078695
393,0.000808313
394,0.000825992
395,0.000831381
396,0.000801744
397,0.000780267
398,0.000774854
399,0.00077302
400,0.000778091
401,0.000790909
402,0.000804643
403,0.000814982
404,0.000792773
405,0.000767243
406,0.000762384
407,0.000772255
408,0.000665568
409,5.85461e-05
410,0.000555494
411,0.000764894
412,0.00076549
413,0.000762548
414,0.000761466
415,0.00076203
416,0.000758451
417,0.000764162
418,0.000770265
419,0.00078839
420,0.000795791
421,0.000803742
422,0.000809277
423,0.000830603
424,0.000820224
425,0.000774975
426,0.00075892
427,0.000758176
428,0.000754579
429,0.000756829
430,0.000755884
431,0.000764946
432,0.000766935
433,0.000773365
434,0.000775063
435,0.00078358
436,0.000783675
437,0.000775405
438,0.000761077
439,0.000759867
440,0.000754371
441,0.000756685
442,0.000759145
443,0.000770897
444,0.000771119
445,0.000781356
446,0.000795786
447,0.000817068
448,0.00081767
449,0.000831767
450,0.000843484
451,0.000851184
452,0.000718151
453,0.000164219
454,0.000567075
455,0.000788418
456,0.000796608
457,0.00077454
458,0.00078611
459,0.000810037
460,0.000836808
461,0.000848763
462,0.000848501
463,0.000825219
464,0.00077601
465,0.000747326
466,0.000777892
467,0.000796412
468,0.000806014
469,0.000802889
470,0.000787503
471,0.000763515
472,0.000751411
473,0.000749895
474,0.000750469
475,0.00075157
476,0.000753645
477,0.00075253
478,0.000761164
479,0.00076609
480,0.000764991
481,0.000755381
482,0.000753831
483,0.000769996
484,0.000780775
485,0.000773372
486,0.000762495
487,0.000758877
488,0.000751491
489,0.000749883
490,0.000761509
491,0.000767755
492,0.000781247
493,0.000788898
494,0.000752391
495,0.000756409
496,0.000791381
497,0.000853765
498,0.000901787
499,0.00089233
500,0.000824715
501,0.000762584
502,0.000739854
503,0.000748197
504,0.00075986
505,0.000768123
506,0.000753269
507,0.00074137
508,0.000737813
509,0.000763456
510,0.000799278
511,0.000829557
512,0.000840298
513,0.000851747
514,0.000874788
515,0.000898271
516,0.000797537
517,0.000247509
518,0.000543524
519,0.000732575
520,0.000795273
521,0.000773533
522,0.000786689
523,0.000771142
524,0.00073205
525,0.000742403
526,0.000760867
527,0.000762777
528,0.00074734
529,0.000738061
530,0.000746065
531,0.000778552
532,0.000794526
533,0.000805261
534,0.000804495
535,0.000812246
536,0.000798344
537,0.000761643
538,0.000739875
539,0.000739278
540,0.000743817
541,0.000763349
542,0.000787346
543,0.000813159
544,0.000813401
545,0.000787153
546,0.00075502
547,0.000750028
548,0.000745033
549,0.000743296
550,0.000742877
551,0.000750451
552,0.000747555
553,0.000745649
554,0.000745987
555,0.000757845
556,0.000747664
557,0.000734555
558,0.000729502
559,0.00075021
560,0.000681322
561,0.000392474
562,0.000783828
563,0.00082609
564,0.000724577
565,0.000726445
566,0.000725789
567,0.000729517
568,0.000735425
569,0.000727704
570,0.000729011
571,0.000727957
572,0.000730859
573,0.000756238
574,0.000756754
575,0.000737397
576,0.000727555
577,0.000744258
578,0.000725216
579,0.000778749
580,0.000732666
581,0.000730026
582,0.000726734
583,0.000728941
584,0.000726391
585,0.000736245
586,0.000735085
587,0.000727244
588,0.000722529
589,0.000730448
590,0.000733234
591,0.000724146
592,0.000720788
593,0.000731581
594,0.000731269
595,0.000720672
596,0.000723196
597,0.000723603
598,0.000783716
599,0.000900549
