2,0.967693
3,0.908661
4,0.85411
5,0.802591
6,0.753462
7,0.706463
8,0.661457
9,0.61832
10,0.576985
11,0.537446
12,0.500024
13,0.464533
14,0.430573
15,0.398169
16,0.367295
17,0.337972
18,0.310139
19,0.283747
20,0.258786
21,0.235196
22,0.212947
23,0.192044
24,0.17246
25,0.154106
26,0.136913
27,0.120858
28,0.10594
29,0.0925238
30,0.0807277
31,0.0702441
32,0.0612352
33,0.0535499
34,0.0466325
35,0.0402799
36,0.0344338
37,0.0290783
38,0.024162
39,0.0196603
40,0.0155989
41,0.0118877
42,0.00852712
43,0.00561176
44,0.00311047
45,0.00123928
46,0.00161605
47,0.00277021
48,0.00336824
49,0.00338411
50,0.00308398
51,0.00269079
52,0.0026209
53,0.0025512
54,0.00242638
55,0.00232245
56,0.00214741
57,0.00202986
58,0.00192815
59,0.00179601
60,0.00168208
61,0.00155901
62,0.00143756
63,0.00134154
64,0.00125498
65,0.00117291
66,0.00110938
67,0.00107094
68,0.00103978
69,0.00102348
70,0.00100726
71,0.000993754
72,0.000982457
73,0.000975383
74,0.000969207
75,0.000969554
76,0.000968897
77,0.00097486
78,0.000981268
79,0.000986102
80,0.000988281
81,0.000997747
82,0.00100931
83,0.00103
84,0.00105599
85,0.00109336
86,0.00113484
87,0.00119859
88,0.00124392
89,0.00123777
90,0.00120467
91,0.00119141
92,0.00119974
93,0.00121977
94,0.00124797
95,0.0013362
96,0.00143659
97,0.00151298
98,0.00157961
99,0.00164279
100,0.0017016
101,0.00177633
102,0.00187661
103,0.00198975
104,0.00208861
105,0.00219172
106,0.00229416
107,0.00234175
108,0.00239118
109,0.00251938
110,0.00263919
111,0.00271079
112,0.00274179
113,0.00275508
114,0.00274761
115,0.00272108
116,0.00271335
117,0.00269363
118,0.00261384
119,0.00249044
120,0.00232555
121,0.00215508
122,0.00198986
123,0.0017864
124,0.00159455
125,0.00144794
126,0.00131582
127,0.00118815
128,0.00107977
129,0.00102714
130,0.00100957
131,0.00100543
132,0.00100572
133,0.000997752
134,0.00097881
135,0.000969284
136,0.000961126
137,0.000953231
138,0.000951499
139,0.000947026
140,0.000937729
141,0.000935905
142,0.000932092
143,0.000923075
144,0.000909565
145,0.000898014
146,0.000888933
147,0.000886771
148,0.000884274
149,0.000886526
150,0.000900896
151,0.0009284
152,0.000950804
153,0.000966402
154,0.00096182
155,0.000951135
156,0.00094688
157,0.000965073
158,0.000967703
159,0.000948814
160,0.000927166
161,0.000912779
162,0.000892759
163,0.000875184
164,0.000866049
165,0.000874897
166,0.000880975
167,0.000893286
168,0.000901653
169,0.000908777
170,0.000900201
171,0.000889481
172,0.000880726
173,0.000881825
174,0.000879628
175,0.000880955
176,0.000879181
177,0.00088284
178,0.000876215
179,0.000872966
180,0.000861136
181,0.000860914
182,0.000868268
183,0.000874472
184,0.00086378
185,0.000865043
186,0.000881572
187,0.000945841
188,0.000925759
189,0.000885894
190,0.000873368
191,0.000871701
192,0.000860071
193,0.000868149
194,0.000875617
195,0.000899583
196,0.000928059
197,0.000977769
198,0.000959016
199,0.000903654
200,0.000744531
201,0.000221065
202,0.000674162
203,0.000863807
204,0.000865119
205,0.000861403
206,0.000867371
207,0.000870664
208,0.00086401
209,0.00084818
210,0.000844941
211,0.000854003
212,0.000870057
213,0.000878327
214,0.00088409
215,0.000877719
216,0.00085267
217,0.000832966
218,0.000834612
219,0.000832035
220,0.000834536
221,0.000849188
222,0.000868088
223,0.000881615
224,0.000861749
225,0.000837835
226,0.0008347
227,0.000835216
228,0.000856941
229,0.00090924
230,0.000960927
231,0.000954407
232,0.000954418
233,0.000968362
234,0.000949186
235,0.00091999
236,0.000896852
237,0.000878467
238,0.000859803
239,0.000839088
240,0.000829059
241,0.000828408
242,0.00082992
243,0.000829368
244,0.000834217
245,0.000840738
246,0.000847163
247,0.000845871
248,0.000832409
249,0.000819799
250,0.000817776
251,0.000827848
252,0.00082533
253,0.000822895
254,0.000815144
255,0.000817766
256,0.000715363
257,0.000236082
258,0.000668664
259,0.000932021
260,0.000926219
261,0.000891826
262,0.000855387
263,0.000835365
264,0.000815954
265,0.000811999
266,0.000813487
267,0.000831997
268,0.000833902
269,0.000826861
270,0.000708561
271,0.000203937
272,0.000596818
273,0.000810602
274,0.000804664
275,0.000805377
276,0.000804855
277,0.000812632
278,0.000808062
279,0.000807298
280,0.000696243
281,0.000105785
282,0.000610979
283,0.000835808
284,0.000830704
285,0.000844105
286,0.000863089
287,0.00088536
288,0.000862322
289,0.000842169
290,0.000844842
291,0.000856459
292,0.000847491
293,0.000829025
294,0.000814076
295,0.000818063
296,0.000818224
297,0.000825719
298,0.000835077
299,0.000835329
300,0.00081556
301,0.000811143
302,0.000806597
303,0.000809091
304,0.000801965
305,0.000803274
306,0.000799629
307,0.000803708
308,0.000800016
309,0.000805392
310,0.000799171
311,0.00080127
312,0.000789381
313,0.00079663
314,0.000682018
315,0.000172455
316,0.000612136
317,0.000802858
318,0.000809141
319,0.000846504
320,0.000890441
321,0.000898103
322,0.000875853
323,0.000856847
324,0.000834636
325,0.000816253
326,0.00080154
327,0.000793078
328,0.000788116
329,0.000795503
330,0.000788147
331,0.000784808
332,0.000783916
333,0.000786736
334,0.000782558
335,0.000792266
336,0.000812164
337,0.000796513
338,0.000790342
339,0.000813501
340,0.000726343
341,0.000279642
342,0.000608138
343,0.000815395
344,0.000811024
345,0.000802557
346,0.000791494
347,0.00079052
348,0.000779917
349,0.000788646
350,0.000677994
351,0.000122126
352,0.000594425
353,0.000807408
354,0.000806399
355,0.000800104
356,0.000800758
357,0.000802501
358,0.000806785
359,0.000807556
360,0.000810511
361,0.000812271
362,0.000809188
363,0.000805837
364,0.000805493
365,0.000810237
366,0.000808013
367,0.000810556
368,0.000802978
369,0.000793554
370,0.000793884
371,0.000792203
372,0.000789054
373,0.000786326
374,0.000788379
375,0.000787945
376,0.000787126
377,0.000787262
378,0.000789048
379,0.000786694
380,0.00079096
381,0.000800841
382,0.000801039
383,0.000802381
384,0.000801051
385,0.000797562
386,0.000796622
387,0.000793297
388,0.000787681
389,0.000782391
390,0.00078077
391,0.000780376
392,0.000785459
393,0.000807504
394,0.000827698
395,0.000833498
396,0.000803006
397,0.000780972
398,0.000772449
399,0.000771717
400,0.000775966
401,0.000791023
402,0.000804415
403,0.000815633
404,0.00079179
405,0.000767225
406,0.000761898
407,0.000772739
408,0.000662342
409,5.51888e-05
410,0.000558914
411,0.000765951
412,0.000765182
413,0.00076315
414,0.000759112
415,0.000756731
416,0.000756685
417,0.00076291
418,0.00077096
419,0.000790331
420,0.000797815
421,0.000804171
422,0.000810457
423,0.000831646
424,0.000822428
425,0.000774095
426,0.000756637
427,0.000758977
428,0.000754509
429,0.0007554
430,0.000756383
431,0.000763034
432,0.000767294
433,0.000772113
434,0.000775121
435,0.00078264
436,0.00078068
437,0.000773804
438,0.000759164
439,0.000757266
440,0.00075366
441,0.000758774
442,0.000761243
443,0.000770484
444,0.00077171
445,0.000781113
446,0.000796328
447,0.000817806
448,0.000818294
449,0.000829582
450,0.000842357
451,0.000846091
452,0.000716848
453,0.000164527
454,0.000563175
455,0.000788454
456,0.000793437
457,0.00077288
458,0.000780526
459,0.000807869
460,0.000837226
461,0.000851241
462,0.000849656
463,0.000827243
464,0.000775161
465,0.000746567
466,0.00077659
467,0.000796056
468,0.000806109
469,0.000804219
470,0.000789372
471,0.000764669
472,0.00075126
473,0.000747369
474,0.000749694
475,0.000751022
476,0.000752932
477,0.000753444
478,0.000758089
479,0.000765447
480,0.000762718
481,0.000757132
482,0.000757016
483,0.000770084
484,0.00077944
485,0.000771992
486,0.000760414
487,0.000757523
488,0.000751952
489,0.000750701
490,0.000762002
491,0.000766363
492,0.000779206
493,0.000787914
494,0.000752231
495,0.000755757
496,0.000791166
497,0.000853693
498,0.000900502
499,0.000890758
500,0.000826523
501,0.000764373
502,0.000741159
503,0.000749371
504,0.000758967
505,0.000769087
506,0.000751451
507,0.000741079
508,0.000738638
509,0.000763352
510,0.000796558
511,0.000824918
512,0.000840009
513,0.000855628
514,0.000879615
515,0.000903535
516,0.000795614
517,0.00024625
518,0.000543981
519,0.00073074
520,0.000795046
521,0.000770855
522,0.000787368
523,0.000771854
524,0.00073497
525,0.000742248
526,0.000760463
527,0.000761893
528,0.000747689
529,0.000737157
530,0.000747099
531,0.000779822
532,0.000795498
533,0.000804117
534,0.00080626
535,0.000812995
536,0.000797806
537,0.000763394
538,0.000739827
539,0.000736658
540,0.000742123
541,0.000761164
542,0.000787853
543,0.00081514
544,0.000813394
545,0.000785359
546,0.000757748
547,0.000753165
548,0.000747368
549,0.000744218
550,0.000743869
551,0.000752953
552,0.000756921
553,0.000752785
554,0.000747165
555,0.000760438
556,0.000746161
557,0.00073417
558,0.000728049
559,0.000751946
560,0.00069293
561,0.000445414
562,0.000800893
563,0.000833262
564,0.000729204
565,0.000729217
566,0.000726105
567,0.000727254
568,0.000733519
569,0.000724397
570,0.000723492
571,0.000724806
572,0.000732864
573,0.000758164
574,0.000759865
575,0.00073736
576,0.000723834
577,0.000744543
578,0.000723046
579,0.00077878
580,0.000734978
581,0.000729969
582,0.000725114
583,0.000730652
584,0.000727447
585,0.000740381
586,0.000736569
587,0.000730285
588,0.000721284
589,0.000729961
590,0.000732417
591,0.000722509
592,0.000720629
593,0.000728882
594,0.000727904
595,0.000719805
596,0.000722005
597,0.00072576
598,0.000783431
599,0.000903613
