2,0.967957
3,0.909396
4,0.855265
5,0.804066
6,0.755202
7,0.708438
8,0.663713
9,0.620975
10,0.580022
11,0.540681
12,0.50335
13,0.468033
14,0.434252
15,0.40199
16,0.371228
17,0.341919
18,0.314044
19,0.287599
20,0.262563
21,0.238895
22,0.216564
23,0.195566
24,0.175877
25,0.157414
26,0.140156
27,0.124096
28,0.109126
29,0.0951749
30,0.082707
31,0.0721406
32,0.063173
33,0.0553523
34,0.0482874
35,0.041775
36,0.0357759
37,0.0302618
38,0.0251991
39,0.0205673
40,0.0163741
41,0.0125612
42,0.00913178
43,0.00610697
44,0.00345271
45,0.00142619
46,0.00138688
47,0.00250608
48,0.00324313
49,0.00338252
50,0.0030854
51,0.00268979
52,0.00262421
53,0.00254863
54,0.00242778
55,0.00232313
56,0.00214878
57,0.00203028
58,0.00192969
59,0.00179588
60,0.00168467
61,0.00156026
62,0.00143686
63,0.00134453
64,0.00125646
65,0.00117434
66,0.00110926
67,0.00107384
68,0.00103894
69,0.00102404
70,0.00100816
71,0.000997169
72,0.00098034
73,0.000977984
74,0.000970718
75,0.000972594
76,0.000969514
77,0.000979419
78,0.000980376
79,0.000988185
80,0.000991034
81,0.00100029
82,0.0010087
83,0.00103173
84,0.00105552
85,0.00109387
86,0.00113621
87,0.00120087
88,0.00124445
89,0.00123874
90,0.00120417
91,0.00119415
92,0.00120284
93,0.00121925
94,0.00124968
95,0.00133796
96,0.0014358
97,0.00151362
98,0.00157953
99,0.00164459
100,0.00170198
101,0.00177622
102,0.00187518
103,0.0019875
104,0.00208466
105,0.00219007
106,0.002285
107,0.00232778
108,0.00238872
109,0.00252261
110,0.00263911
111,0.0027134
112,0.00274315
113,0.00275638
114,0.00274771
115,0.00272399
116,0.00271254
117,0.00269215
118,0.00261322
119,0.00248931
120,0.0023247
121,0.00215516
122,0.00198849
123,0.00178775
124,0.00159405
125,0.00144773
126,0.00131732
127,0.0011896
128,0.00107814
129,0.00102954
130,0.00101123
131,0.00100807
132,0.00100728
133,0.000999706
134,0.000979936
135,0.000972307
136,0.000961085
137,0.000954175
138,0.000951848
139,0.000950831
140,0.000937358
141,0.000938028
142,0.000931135
143,0.000923207
144,0.000909505
145,0.000899692
146,0.000889355
147,0.000889393
148,0.000884766
149,0.000888168
150,0.000903372
151,0.000931896
152,0.000950563
153,0.000967403
154,0.000962713
155,0.000952792
156,0.000946839
157,0.000967046
158,0.000968261
159,0.000950167
160,0.000927345
161,0.000915025
162,0.00089507
163,0.000878362
164,0.000864519
165,0.000875807
166,0.000879849
167,0.000894917
168,0.000904986
169,0.000911382
170,0.000898638
171,0.000889269
172,0.000881018
173,0.000883325
174,0.000880069
175,0.000883478
176,0.000879195
177,0.000884793
178,0.000875511
179,0.00087568
180,0.000861234
181,0.000861693
182,0.000868281
183,0.000875575
184,0.000866518
185,0.000867005
186,0.000884864
187,0.000945319
188,0.000926581
189,0.00088711
190,0.000874442
191,0.000872635
192,0.000860502
193,0.000867059
194,0.000876286
195,0.000899054
196,0.000930507
197,0.000977489
198,0.00095956
199,0.000903779
200,0.000743375
201,0.00022064
202,0.00067396
203,0.000862137
204,0.000867318
205,0.000861831
206,0.000867643
207,0.000870507
208,0.000866119
209,0.00084909
210,0.000846592
211,0.0008542
212,0.000871057
213,0.000878088
214,0.000883594
215,0.000878162
216,0.000855154
217,0.0008324
218,0.000834485
219,0.000832406
220,0.00083621
221,0.000849236
222,0.000868383
223,0.000881881
224,0.000862438
225,0.00083873
226,0.000835697
227,0.000835128
228,0.000860365
229,0.000907875
230,0.00096047
231,0.000955242
232,0.00095352
233,0.00096857
234,0.00095031
235,0.000921569
236,0.000900007
237,0.000881117
238,0.000861667
239,0.000839137
240,0.000830071
241,0.000830761
242,0.000830475
243,0.000827341
244,0.000836077
245,0.000841546
246,0.000848359
247,0.000846205
248,0.000831743
249,0.000820218
250,0.000820161
251,0.000829329
252,0.00082799
253,0.000823571
254,0.000816991
255,0.000818493
256,0.000722377
257,0.000237892
258,0.000668301
259,0.000932517
260,0.000925643
261,0.000892872
262,0.000858828
263,0.00083683
264,0.000816967
265,0.00081219
266,0.000812809
267,0.000835308
268,0.000832573
269,0.000828779
270,0.000717649
271,0.000204281
272,0.000594751
273,0.000809623
274,0.000804971
275,0.000806252
276,0.000808633
277,0.000814331
278,0.000810722
279,0.000808447
280,0.000693213
281,0.000105262
282,0.000611241
283,0.000834212
284,0.000831536
285,0.00084528
286,0.000864325
287,0.000886792
288,0.000863636
289,0.000844271
290,0.000846239
291,0.000859311
292,0.000847473
293,0.000829236
294,0.000814428
295,0.000819691
296,0.000818396
297,0.000828057
298,0.000833819
299,0.000836128
300,0.000814925
301,0.000813349
302,0.000806567
303,0.000809731
304,0.000805154
305,0.000806306
306,0.000800681
307,0.000803123
308,0.000797299
309,0.000805597
310,0.00079968
311,0.000805112
312,0.000789646
313,0.000793265
314,0.000679749
315,0.000174833
316,0.000613692
317,0.000803954
318,0.000811488
319,0.000847586
320,0.000890244
321,0.000897365
322,0.000878416
323,0.000855336
324,0.000835228
325,0.000817528
326,0.000802256
327,0.000792418
328,0.000790284
329,0.000792706
330,0.000790752
331,0.000788201
332,0.000785542
333,0.000787201
334,0.000787
335,0.000793167
336,0.000813191
337,0.000796227
338,0.000792767
339,0.000814115
340,0.000730515
341,0.00028192
342,0.000605794
343,0.000817092
344,0.00081004
345,0.000807671
346,0.000795264
347,0.000794361
348,0.000779268
349,0.0007876
350,0.00067572
351,0.00012131
352,0.000596963
353,0.000806789
354,0.000810029
355,0.00079778
356,0.000801518
357,0.000801712
358,0.000806275
359,0.000807843
360,0.000813094
361,0.000813489
362,0.000809792
363,0.000804376
364,0.000804975
365,0.000808535
366,0.000810972
367,0.000808753
368,0.000803476
369,0.00079252
370,0.000794889
371,0.000792441
372,0.000790994
373,0.000786538
374,0.000787351
375,0.000786903
376,0.000787954
377,0.000789128
378,0.000789701
379,0.000790823
380,0.000794641
381,0.000801051
382,0.000802001
383,0.000802766
384,0.000800783
385,0.000798202
386,0.000797235
387,0.000791853
388,0.000787436
389,0.000784073
390,0.000779725
391,0.000777954
392,0.000789403
393,0.000807219
394,0.000828596
395,0.000832442
396,0.000804078
397,0.000781842
398,0.000775514
399,0.000773199
400,0.0007754
401,0.000789101
402,0.000804425
403,0.00081399
404,0.000792701
405,0.000768943
406,0.000762927
407,0.000772005
408,0.000665001
409,5.68493e-05
410,0.000558912
411,0.000765595
412,0.000763187
413,0.00076245
414,0.000759444
415,0.000760666
416,0.000757207
417,0.0007667
418,0.000769483
419,0.000790438
420,0.0007945
421,0.000804269
422,0.00080916
423,0.0008337
424,0.000821728
425,0.000777753
426,0.000757769
427,0.00076246
428,0.000755707
429,0.000758207
430,0.000755748
431,0.000765087
432,0.000767675
433,0.000773869
434,0.000774143
435,0.000782565
436,0.000780362
437,0.000773381
438,0.00075685
439,0.000759181
440,0.000755621
441,0.000758212
442,0.000760753
443,0.000770671
444,0.000770485
445,0.000780901
446,0.000793601
447,0.000817612
448,0.000818269
449,0.000832184
450,0.000845608
451,0.00084967
452,0.000718753
453,0.000165043
454,0.000564576
455,0.000786659
456,0.000793512
457,0.000772604
458,0.00078248
459,0.000809637
460,0.000836636
461,0.000850236
462,0.000852833
463,0.000827206
464,0.000775671
465,0.000748507
466,0.000778445
467,0.000796437
468,0.000806285
469,0.000805587
470,0.000790188
471,0.000765664
472,0.000754629
473,0.00075096
474,0.000752314
475,0.000752087
476,0.00075562
477,0.000753439
478,0.000762374
479,0.000767425
480,0.000764066
481,0.00075464
482,0.00075249
483,0.000767028
484,0.000780315
485,0.000770608
486,0.000760149
487,0.000757144
488,0.000751356
489,0.000750379
490,0.00076384
491,0.000768323
492,0.000781601
493,0.000787361
494,0.000752826
495,0.000755953
496,0.000793869
497,0.000853744
498,0.000901934
499,0.00089064
500,0.00082571
501,0.000760938
502,0.000741365
503,0.000748612
504,0.000760874
505,0.000771391
506,0.000753581
507,0.000742506
508,0.000738239
509,0.000762442
510,0.000796461
511,0.000825299
512,0.000841851
513,0.00085546
514,0.00087787
515,0.000899252
516,0.000794121
517,0.000247905
518,0.000543965
519,0.000734758
520,0.00079479
521,0.000771484
522,0.00078838
523,0.000771643
524,0.000732659
525,0.000744048
526,0.000759197
527,0.000763237
528,0.000746085
529,0.000735799
530,0.000746834
531,0.000780136
532,0.000797845
533,0.000805094
534,0.000804253
535,0.000813952
536,0.000796767
537,0.000763801
538,0.000741674
539,0.000738504
540,0.000742599
541,0.000765783
542,0.000788781
543,0.000815576
544,0.000813257
545,0.000786087
546,0.000756704
547,0.000750914
548,0.000746252
549,0.000742691
550,0.000742773
551,0.000751768
552,0.000758568
553,0.000754325
554,0.000753378
555,0.000762544
556,0.000751209
557,0.000737312
558,0.000730746
559,0.000757004
560,0.000706599
561,0.000467551
562,0.000806115
563,0.000836861
564,0.00072622
565,0.00072912
566,0.000732411
567,0.000731097
568,0.000742357
569,0.000728004
570,0.000723796
571,0.000726658
572,0.000733901
573,0.000757291
574,0.000762085
575,0.000738816
576,0.000727101
577,0.000746246
578,0.00072813
579,0.000781913
580,0.000734191
581,0.000731233
582,0.000724208
583,0.000727654
584,0.000723571
585,0.000735253
586,0.00073399
587,0.000726833
588,0.000722617
589,0.000728466
590,0.000731522
591,0.000725666
592,0.000723176
593,0.000733958
594,0.000733861
595,0.00072241
596,0.000724511
597,0.00072233
598,0.000783581
599,0.000901548
