2,0.00113532
3,0.00340074
4,0.00566015
5,0.00791041
6,0.0101439
7,0.0123506
8,0.0145193
9,0.0166421
10,0.0187197
11,0.0207538
12,0.0227212
13,0.0246168
14,0.0264587
15,0.0282445
16,0.0299725
17,0.0316425
18,0.0332532
19,0.034803
20,0.036291
21,0.0377177
22,0.0390833
23,0.0403865
24,0.0416273
25,0.0428088
26,0.0439311
27,0.0449936
28,0.046001
29,0.0469562
30,0.0478344
31,0.0486126
32,0.0493056
33,0.0499363
34,0.0505249
35,0.0510818
36,0.051609
37,0.0521078
38,0.05258
39,0.0530265
40,0.0534468
41,0.0538442
42,0.0542184
43,0.0545687
44,0.0548983
45,0.0552035
46,0.0554807
47,0.0557278
48,0.0559398
49,0.0561131
50,0.0562608
51,0.0564048
52,0.0565513
53,0.0566957
54,0.0568398
55,0.0569824
56,0.0571183
57,0.0572552
58,0.057391
59,0.0575222
60,0.0576528
61,0.05778
62,0.0579052
63,0.0580298
64,0.058153
65,0.0582735
66,0.0583937
67,0.0585141
68,0.0586335
69,0.0587528
70,0.0588709
71,0.0589871
72,0.0591008
73,0.059213
74,0.059325
75,0.0594377
76,0.059548
77,0.059655
78,0.0597626
79,0.0598697
80,0.0599757
81,0.0600804
82,0.060183
83,0.0602835
84,0.0603824
85,0.0604798
86,0.0605755
87,0.0606691
88,0.0607636
89,0.0608624
90,0.0609626
91,0.0610602
92,0.0611543
93,0.0612473
94,0.0613378
95,0.0614228
96,0.0615062
97,0.0615913
98,0.0616763
99,0.0617609
100,0.0618452
101,0.0619278
102,0.0620077
103,0.0620863
104,0.0621651
105,0.0622429
106,0.0623206
107,0.0624014
108,0.0624801
109,0.0625534
110,0.0626272
111,0.0627033
112,0.0627816
113,0.0628605
114,0.0629401
115,0.0630204
116,0.063099
117,0.0631779
118,0.06326
119,0.0633447
120,0.0634317
121,0.0635188
122,0.0636052
123,0.0636941
124,0.0637823
125,0.0638671
126,0.0639509
127,0.064035
128,0.0641181
129,0.0641959
130,0.0642687
131,0.0643397
132,0.0644093
133,0.0644801
134,0.0645517
135,0.0646219
136,0.0646913
137,0.0647604
138,0.0648278
139,0.0648955
140,0.0649636
141,0.0650301
142,0.0650963
143,0.0651637
144,0.0652317
145,0.0652998
146,0.0653669
147,0.0654321
148,0.0654965
149,0.0655581
150,0.0656139
151,0.0656693
152,0.0657269
153,0.0657862
154,0.0658478
155,0.0659107
156,0.0659715
157,0.0660287
158,0.0660879
159,0.0661507
160,0.0662135
161,0.0662753
162,0.0663381
163,0.0664033
164,0.0664696
165,0.0665336
166,0.0665944
167,0.0666548
168,0.0667147
169,0.0667722
170,0.0668261
171,0.0668783
172,0.0669307
173,0.0669855
174,0.0670416
175,0.067096
176,0.0671517
177,0.0672074
178,0.0672609
179,0.0673141
180,0.0673627
181,0.0674083
182,0.0674549
183,0.0675055
184,0.06756
185,0.0676134
186,0.0676586
187,0.067699
188,0.067753
189,0.0678132
190,0.0678664
191,0.0679197
192,0.0679728
193,0.0680228
194,0.0680693
195,0.0681147
196,0.068158
197,0.0682011
198,0.0682527
199,0.0683139
200,0.0683754
201,0.0684328
202,0.0684852
203,0.0685275
204,0.0685737
205,0.0686272
206,0.068678
207,0.0687288
208,0.0687745
209,0.0688156
210,0.0688551
211,0.0688947
212,0.0689361
213,0.0689795
214,0.0690245
215,0.0690712
216,0.0691238
217,0.0691802
218,0.0692293
219,0.0692729
220,0.0693224
221,0.069375
222,0.0694247
223,0.0694727
224,0.0695123
225,0.0695495
226,0.069591
227,0.0696363
228,0.0696879
229,0.0697419
230,0.0697932
231,0.0698358
232,0.0698789
233,0.0699239
234,0.0699641
235,0.0700026
236,0.0700413
237,0.07008
238,0.0701181
239,0.0701544
240,0.0701916
241,0.0702333
242,0.0702748
243,0.0703164
244,0.0703608
245,0.0704042
246,0.0704475
247,0.0704882
248,0.0705241
249,0.0705582
250,0.0705912
251,0.0706259
252,0.0706657
253,0.0707084
254,0.0707513
255,0.0707902
256,0.0708238
257,0.0708579
258,0.0708891
259,0.07092
260,0.0709598
261,0.0710046
262,0.0710489
263,0.0710939
264,0.0711384
265,0.0711836
266,0.0712309
267,0.0712755
268,0.0713149
269,0.0713496
270,0.0713858
271,0.0714268
272,0.0714648
273,0.0714963
274,0.0715268
275,0.0715634
276,0.0716039
277,0.0716444
278,0.0716807
279,0.0717093
280,0.0717431
281,0.0717817
282,0.0718096
283,0.0718416
284,0.0718797
285,0.0719128
286,0.0719436
287,0.0719756
288,0.0720155
289,0.0720566
290,0.0720908
291,0.0721237
292,0.0721609
293,0.0722031
294,0.0722483
295,0.0722881
296,0.0723241
297,0.0723628
298,0.0724025
299,0.0724366
300,0.0724648
301,0.0724955
302,0.0725275
303,0.0725583
304,0.072592
305,0.0726259
306,0.0726589
307,0.0726929
308,0.0727247
309,0.0727561
310,0.0727893
311,0.0728232
312,0.0728606
313,0.0728988
314,0.072936
315,0.0729767
316,0.0730142
317,0.0730433
318,0.0730772
319,0.0731187
320,0.0731591
321,0.0731932
322,0.0732223
323,0.0732509
324,0.0732794
325,0.0733073
326,0.0733346
327,0.0733619
328,0.0733931
329,0.0734276
330,0.0734577
331,0.0734844
332,0.0735146
333,0.0735476
334,0.0735791
335,0.073602
336,0.0736255
337,0.0736641
338,0.0737086
339,0.0737487
340,0.0737837
341,0.0738162
342,0.0738465
343,0.0738752
344,0.0739049
345,0.0739332
346,0.0739615
347,0.0739895
348,0.0740157
349,0.0740468
350,0.0740788
351,0.0741055
352,0.0741247
353,0.074148
354,0.0741805
355,0.074217
356,0.0742526
357,0.0742831
358,0.0743124
359,0.074339
360,0.0743639
361,0.0743921
362,0.0744246
363,0.0744582
364,0.074492
365,0.0745247
366,0.0745555
367,0.0745858
368,0.0746125
369,0.0746338
370,0.0746563
371,0.0746857
372,0.0747173
373,0.074748
374,0.0747787
375,0.0748083
376,0.0748372
377,0.0748659
378,0.0748958
379,0.0749247
380,0.0749555
381,0.0749874
382,0.0750161
383,0.0750448
384,0.0750723
385,0.075099
386,0.0751268
387,0.0751537
388,0.0751793
389,0.0752052
390,0.0752313
391,0.0752574
392,0.0752902
393,0.0753244
394,0.0753566
395,0.0753852
396,0.0754053
397,0.0754243
398,0.0754477
399,0.0754742
400,0.075505
401,0.0755383
402,0.0755702
403,0.0755995
404,0.0756212
405,0.0756383
406,0.0756635
407,0.0756948
408,0.0757201
409,0.0757401
410,0.0757594
411,0.0757819
412,0.0758099
413,0.0758397
414,0.0758685
415,0.0758965
416,0.0759196
417,0.0759418
418,0.0759634
419,0.0759835
420,0.0760071
421,0.0760313
422,0.0760554
423,0.0760769
424,0.0761041
425,0.0761416
426,0.0761752
427,0.0762014
428,0.0762292
429,0.0762555
430,0.0762772
431,0.076299
432,0.0763216
433,0.0763451
434,0.0763688
435,0.0763924
436,0.0764172
437,0.0764451
438,0.0764745
439,0.076503
440,0.0765302
441,0.0765588
442,0.0765896
443,0.0766178
444,0.0766431
445,0.0766699
446,0.0766995
447,0.0767283
448,0.0767538
449,0.07678
450,0.0768077
451,0.0768322
452,0.0768508
453,0.0768635
454,0.0768721
455,0.0768814
456,0.0769047
457,0.0769343
458,0.0769554
459,0.076973
460,0.0769916
461,0.0770129
462,0.077037
463,0.0770646
464,0.0771
465,0.0771423
466,0.0771797
467,0.0772082
468,0.0772338
469,0.0772572
470,0.0772768
471,0.077293
472,0.0773078
473,0.0773288
474,0.0773514
475,0.0773714
476,0.0773941
477,0.0774222
478,0.0774516
479,0.0774781
480,0.0774998
481,0.0775176
482,0.0775331
483,0.077547
484,0.077566
485,0.0775915
486,0.0776181
487,0.0776422
488,0.0776691
489,0.0777007
490,0.0777303
491,0.0777553
492,0.0777819
493,0.0778063
494,0.0778166
495,0.0778225
496,0.0778329
497,0.0778435
498,0.0778587
499,0.0778826
500,0.0779151
501,0.0779519
502,0.0779879
503,0.0780181
504,0.0780458
505,0.0780703
506,0.0780872
507,0.0781027
508,0.0781167
509,0.0781271
510,0.0781401
511,0.0781567
512,0.0781759
513,0.078196
514,0.0782138
515,0.078233
516,0.0782578
517,0.0782974
518,0.0783455
519,0.0783571
520,0.0783573
521,0.0783845
522,0.0784018
523,0.078427
524,0.0784652
525,0.0784977
526,0.0785255
527,0.0785474
528,0.0785626
529,0.0785743
530,0.0785857
531,0.0785965
532,0.0786138
533,0.0786336
534,0.0786545
535,0.0786742
536,0.0786979
537,0.0787282
538,0.0787588
539,0.0787863
540,0.0788143
541,0.0788428
542,0.0788697
543,0.0788954
544,0.0789165
545,0.0789317
546,0.0789453
547,0.0789639
548,0.0789835
549,0.0790025
550,0.0790239
551,0.079047
552,0.0790701
553,0.0790891
554,0.0791089
555,0.0791307
556,0.0791485
557,0.0791603
558,0.0791697
559,0.0791805
560,0.0791903
561,0.0791987
562,0.0792083
563,0.0792422
564,0.0792965
565,0.0793197
566,0.079333
567,0.0793514
568,0.0793651
569,0.0793928
570,0.0794182
571,0.0794377
572,0.0794641
573,0.0794928
574,0.0795134
575,0.0795261
576,0.079533
577,0.0795408
578,0.0795726
579,0.0796169
580,0.0796221
581,0.0796271
582,0.0796531
583,0.0796788
584,0.0796911
585,0.079701
586,0.0797215
587,0.0797436
588,0.0797691
589,0.0797959
590,0.0798176
591,0.0798326
592,0.0798443
593,0.0798563
594,0.0798755
595,0.0799013
596,0.0799275
597,0.0799375
598,0.0799374
599,0.0799374
