2,0.96817
3,0.910075
4,0.856373
5,0.805552
6,0.757078
7,0.710706
8,0.666295
9,0.623767
10,0.582976
11,0.543884
12,0.506865
13,0.471728
14,0.438008
15,0.405786
16,0.375075
17,0.345801
18,0.317935
19,0.291467
20,0.266356
21,0.242602
22,0.220163
23,0.199039
24,0.179271
25,0.160714
26,0.143287
27,0.12695
28,0.11158
29,0.0972389
30,0.084442
31,0.0736242
32,0.0645716
33,0.0567454
34,0.0496842
35,0.0431547
36,0.0370855
37,0.0314718
38,0.0263192
39,0.0216324
40,0.0173867
41,0.0135166
42,0.0100001
43,0.00683343
44,0.00403722
45,0.00174403
46,0.0012524
47,0.00243738
48,0.00322753
49,0.00337911
50,0.003087
51,0.00269051
52,0.00262274
53,0.00254684
54,0.00242698
55,0.00232156
56,0.0021477
57,0.00202876
58,0.00192734
59,0.00179431
60,0.00168326
61,0.00155783
62,0.00143713
63,0.00134138
64,0.00125541
65,0.00117264
66,0.00110984
67,0.00107019
68,0.00103808
69,0.00102338
70,0.00100605
71,0.000992811
72,0.00097902
73,0.000973667
74,0.000971972
75,0.000969661
76,0.000967176
77,0.000976012
78,0.000981071
79,0.000985356
80,0.000990031
81,0.000995806
82,0.00100919
83,0.00102971
84,0.00105478
85,0.00109111
86,0.00113544
87,0.00119779
88,0.00124458
89,0.00123709
90,0.00120457
91,0.00119082
92,0.00120086
93,0.00121815
94,0.00124869
95,0.00133485
96,0.0014368
97,0.00151101
98,0.00158056
99,0.00164206
100,0.00170328
101,0.00177453
102,0.00187539
103,0.00198828
104,0.00208716
105,0.00219106
106,0.00229273
107,0.00233828
108,0.00239038
109,0.00252213
110,0.00263919
111,0.00271152
112,0.00274368
113,0.00275491
114,0.00274764
115,0.00272067
116,0.00271236
117,0.00269135
118,0.00261227
119,0.00248892
120,0.0023255
121,0.00215359
122,0.00198771
123,0.00178692
124,0.00159525
125,0.00144705
126,0.00131568
127,0.00118842
128,0.00107792
129,0.0010276
130,0.00100889
131,0.0010052
132,0.00100689
133,0.000996892
134,0.000979185
135,0.000968607
136,0.000958853
137,0.000952551
138,0.000951553
139,0.000945985
140,0.000938704
141,0.000934682
142,0.000930525
143,0.000920557
144,0.000909016
145,0.000900659
146,0.000888898
147,0.000887499
148,0.000882681
149,0.00088447
150,0.000900374
151,0.00093026
152,0.000951073
153,0.00096493
154,0.000960393
155,0.000951062
156,0.000946964
157,0.00096589
158,0.000968297
159,0.000948597
160,0.000924991
161,0.000911696
162,0.000893188
163,0.00087515
164,0.000866107
165,0.000873748
166,0.000881518
167,0.00089246
168,0.000902461
169,0.000907994
170,0.000899421
171,0.000888659
172,0.00087894
173,0.000881349
174,0.000879433
175,0.000880489
176,0.000877806
177,0.000882053
178,0.000875925
179,0.000874033
180,0.000860148
181,0.00085898
182,0.000867617
183,0.000875241
184,0.000864954
185,0.000863919
186,0.000881668
187,0.000945607
188,0.000926542
189,0.000882715
190,0.000874132
191,0.000869927
192,0.000859049
193,0.000864794
194,0.000875053
195,0.000898213
196,0.000930423
197,0.000975037
198,0.000960242
199,0.000903215
200,0.000742614
201,0.000220609
202,0.000672591
203,0.000861442
204,0.000863443
205,0.000862256
206,0.000866604
207,0.000870242
208,0.000862963
209,0.00084751
210,0.000844531
211,0.000853341
212,0.00086923
213,0.000876097
214,0.000882509
215,0.000877866
216,0.000851691
217,0.00083355
218,0.000832238
219,0.000829962
220,0.000833962
221,0.000849944
222,0.000866611
223,0.000882828
224,0.000859899
225,0.000837429
226,0.000830801
227,0.000835226
228,0.000856488
229,0.00090637
230,0.000960407
231,0.000955635
232,0.000950999
233,0.000967606
234,0.000950077
235,0.000922632
236,0.000897851
237,0.000879686
238,0.000861616
239,0.000840264
240,0.000828879
241,0.000828739
242,0.000827513
243,0.000827563
244,0.00083292
245,0.00084103
246,0.00084685
247,0.000846503
248,0.000830852
249,0.000821323
250,0.000816725
251,0.000828996
252,0.000826609
253,0.000821902
254,0.000812979
255,0.000816888
256,0.000714479
257,0.000236552
258,0.000667852
259,0.000929939
260,0.000923798
261,0.000892827
262,0.000859386
263,0.000836979
264,0.000816037
265,0.00081063
266,0.000810879
267,0.000832204
268,0.00083255
269,0.000825938
270,0.000708661
271,0.0002037
272,0.000596029
273,0.000810899
274,0.000804201
275,0.000805766
276,0.000803903
277,0.00081333
278,0.000808926
279,0.00080944
280,0.000692252
281,0.000107828
282,0.000612314
283,0.000831441
284,0.00083139
285,0.00084498
286,0.000864086
287,0.000882515
288,0.000861211
289,0.000842082
290,0.000846442
291,0.000859027
292,0.000849505
293,0.00082737
294,0.000812408
295,0.000817115
296,0.000816636
297,0.000824382
298,0.000836278
299,0.000835433
300,0.00081664
301,0.000812231
302,0.000806919
303,0.000809023
304,0.000804037
305,0.000803406
306,0.000799357
307,0.000801603
308,0.00079725
309,0.000802324
310,0.000800687
311,0.000802692
312,0.000791113
313,0.000792902
314,0.00067818
315,0.000173239
316,0.000612208
317,0.000804762
318,0.000810933
319,0.00084814
320,0.000888757
321,0.000898115
322,0.000874782
323,0.000854969
324,0.00083424
325,0.000816953
326,0.000801992
327,0.000791306
328,0.000788002
329,0.00079287
330,0.000787429
331,0.000785947
332,0.000782211
333,0.000785327
334,0.000785336
335,0.000792862
336,0.000811076
337,0.000796294
338,0.000789982
339,0.000812944
340,0.000725428
341,0.000280096
342,0.000607432
343,0.00081391
344,0.000809784
345,0.000802986
346,0.000792033
347,0.000790329
348,0.000780966
349,0.00078789
350,0.000677795
351,0.000121622
352,0.000594449
353,0.000808055
354,0.000807584
355,0.000802323
356,0.000801202
357,0.000804857
358,0.000805563
359,0.000807406
360,0.000810746
361,0.000811304
362,0.000807466
363,0.000804917
364,0.000804505
365,0.000807759
366,0.000808365
367,0.000809959
368,0.000803212
369,0.000794078
370,0.000793763
371,0.000791708
372,0.000785775
373,0.000786648
374,0.000787215
375,0.000788885
376,0.000786346
377,0.000787152
378,0.000787067
379,0.000787848
380,0.000792437
381,0.000800183
382,0.000801638
383,0.000802166
384,0.0007998
385,0.000797798
386,0.000794137
387,0.000794501
388,0.000787359
389,0.000784739
390,0.000780822
391,0.000779247
392,0.000787044
393,0.00080696
394,0.000822966
395,0.000832708
396,0.000799982
397,0.000780401
398,0.000773302
399,0.000773855
400,0.000777051
401,0.00079019
402,0.000804133
403,0.000816416
404,0.000788352
405,0.000768958
406,0.000763002
407,0.000774703
408,0.000663172
409,5.41167e-05
410,0.000560598
411,0.000765745
412,0.000764311
413,0.000762077
414,0.000758804
415,0.000760407
416,0.000759867
417,0.000765289
418,0.000769925
419,0.000788631
420,0.000795293
421,0.000801532
422,0.000808113
423,0.000831448
424,0.000820558
425,0.000774312
426,0.000755844
427,0.000758403
428,0.000755915
429,0.000756835
430,0.000757866
431,0.00076492
432,0.000766828
433,0.000772492
434,0.000775328
435,0.000781816
436,0.000780982
437,0.000770491
438,0.000760743
439,0.000757552
440,0.000753965
441,0.000756518
442,0.000759917
443,0.000772723
444,0.000769869
445,0.000778812
446,0.000794721
447,0.000816053
448,0.00081886
449,0.000831973
450,0.000844558
451,0.000848524
452,0.00071941
453,0.000164182
454,0.000564112
455,0.000789575
456,0.000796978
457,0.000775514
458,0.000783906
459,0.000809438
460,0.000835356
461,0.000849382
462,0.000848483
463,0.00082623
464,0.000774507
465,0.000745997
466,0.00077712
467,0.00079601
468,0.000805362
469,0.000805924
470,0.000788105
471,0.000765194
472,0.000750583
473,0.000751083
474,0.000749763
475,0.000750786
476,0.000753118
477,0.00075252
478,0.000758386
479,0.000766638
480,0.000762249
481,0.000757593
482,0.00075226
483,0.000768734
484,0.000778768
485,0.00077234
486,0.000761568
487,0.000756888
488,0.000749946
489,0.000752806
490,0.000763864
491,0.000769801
492,0.000781426
493,0.000787121
494,0.000750894
495,0.000752755
496,0.000791728
497,0.000854794
498,0.000902832
499,0.000890227
500,0.000825091
501,0.000762504
502,0.000740956
503,0.000748973
504,0.000760356
505,0.000769966
506,0.00075099
507,0.000740753
508,0.000738129
509,0.000763121
510,0.000797633
511,0.000827453
512,0.000837621
513,0.000851878
514,0.000877992
515,0.000901433
516,0.000793726
517,0.000246363
518,0.000543982
519,0.000732213
520,0.000795998
521,0.000771438
522,0.000790472
523,0.000774358
524,0.000736706
525,0.000743074
526,0.000759572
527,0.000762019
528,0.000745368
529,0.000735291
530,0.000743977
531,0.00077848
532,0.000794768
533,0.000804353
534,0.000803694
535,0.000812027
536,0.000796465
537,0.000763363
538,0.000741766
539,0.000739663
540,0.000742008
541,0.000763246
542,0.000787633
543,0.000814296
544,0.000813916
545,0.000784977
546,0.000756131
547,0.000752284
548,0.000749294
549,0.000744112
550,0.000742677
551,0.000754211
552,0.000762222
553,0.000756735
554,0.000750129
555,0.000759741
556,0.000747777
557,0.000734418
558,0.000730428
559,0.000755899
560,0.000702897
561,0.000468433
562,0.000820353
563,0.000855748
564,0.00073074
565,0.000725759
566,0.000728184
567,0.000727838
568,0.000735767
569,0.000724092
570,0.000724984
571,0.000723096
572,0.000732971
573,0.00075636
574,0.000761299
575,0.000737821
576,0.000726987
577,0.000745299
578,0.000727287
579,0.000781987
580,0.000733433
581,0.000726791
582,0.000723956
583,0.000731232
584,0.000727199
585,0.000737066
586,0.000736277
587,0.00072823
588,0.000722063
589,0.000726892
590,0.000732297
591,0.000723928
592,0.000719548
593,0.000728944
594,0.000725852
595,0.000716619
596,0.000721239
597,0.000727639
598,0.000784959
599,0.000905034
