2,0.96843
3,0.910729
4,0.857407
5,0.807019
6,0.758951
7,0.712937
8,0.668822
9,0.626513
10,0.585932
11,0.547031
12,0.510158
13,0.475154
14,0.44159
15,0.409476
16,0.378779
17,0.349519
18,0.321643
19,0.295126
20,0.269968
21,0.246126
22,0.223608
23,0.202435
24,0.182553
25,0.163834
26,0.146207
27,0.12969
28,0.114266
29,0.0999411
30,0.087035
31,0.0759115
32,0.0664864
33,0.0583778
34,0.0511453
35,0.0445021
36,0.0383549
37,0.0326671
38,0.0274393
39,0.0226635
40,0.0183043
41,0.0143218
42,0.0107133
43,0.00747883
44,0.0045606
45,0.00207966
46,0.00110148
47,0.00219794
48,0.00315107
49,0.00338321
50,0.00308569
51,0.00269091
52,0.00262181
53,0.00254784
54,0.00242676
55,0.00232225
56,0.002148
57,0.00202988
58,0.00192885
59,0.00179486
60,0.00168338
61,0.00155865
62,0.00143654
63,0.00134378
64,0.00125641
65,0.00117226
66,0.00111097
67,0.00107064
68,0.00103903
69,0.00102453
70,0.00100683
71,0.000995254
72,0.000980149
73,0.000975181
74,0.00096938
75,0.000971346
76,0.000969482
77,0.00097768
78,0.000981389
79,0.000986527
80,0.000989873
81,0.00099759
82,0.00100775
83,0.00103084
84,0.00105535
85,0.00109368
86,0.0011365
87,0.00119956
88,0.00124518
89,0.00123692
90,0.00120433
91,0.00119187
92,0.00120167
93,0.00121831
94,0.00124788
95,0.00133848
96,0.00143734
97,0.00151349
98,0.00157946
99,0.00164061
100,0.00170119
101,0.00177508
102,0.00187437
103,0.00198923
104,0.00208705
105,0.00219027
106,0.00228174
107,0.00232474
108,0.00238843
109,0.00252383
110,0.00263787
111,0.00271134
112,0.00274181
113,0.00275507
114,0.00274759
115,0.00272263
116,0.00271213
117,0.00269282
118,0.00261446
119,0.00249039
120,0.0023263
121,0.00215577
122,0.00198921
123,0.00178827
124,0.00159427
125,0.00144887
126,0.00131435
127,0.00118853
128,0.00107863
129,0.00102885
130,0.00101031
131,0.00100482
132,0.00100728
133,0.000998406
134,0.000979404
135,0.000969357
136,0.000959884
137,0.000954337
138,0.000949504
139,0.000947448
140,0.000937857
141,0.000935103
142,0.000932085
143,0.000922413
144,0.000908844
145,0.000898029
146,0.000890972
147,0.000887149
148,0.000882917
149,0.00088607
150,0.00090115
151,0.000929817
152,0.000951398
153,0.000965558
154,0.000962006
155,0.000951306
156,0.000945891
157,0.000964391
158,0.000968486
159,0.000948802
160,0.000926353
161,0.000913324
162,0.000892772
163,0.000875427
164,0.000865763
165,0.000873706
166,0.000880734
167,0.000894684
168,0.000902984
169,0.000907741
170,0.000899054
171,0.000890996
172,0.000879903
173,0.000879884
174,0.000881484
175,0.000881244
176,0.000879632
177,0.000882138
178,0.000877241
179,0.000874307
180,0.000860409
181,0.000860703
182,0.000865327
183,0.000874699
184,0.000864551
185,0.000864546
186,0.000882391
187,0.000945492
188,0.000927314
189,0.000884285
190,0.000873463
191,0.000869368
192,0.00085982
193,0.000866747
194,0.000877159
195,0.000898315
196,0.000930019
197,0.000975728
198,0.000957627
199,0.000903403
200,0.00074158
201,0.000220866
202,0.000675121
203,0.000861687
204,0.000864195
205,0.000865459
206,0.000865962
207,0.000868425
208,0.000865074
209,0.000847991
210,0.000845059
211,0.000853939
212,0.000867987
213,0.000878595
214,0.000882233
215,0.000876781
216,0.000851665
217,0.000833291
218,0.000833503
219,0.000831489
220,0.000833054
221,0.000849361
222,0.000866985
223,0.000881964
224,0.000859939
225,0.000839848
226,0.000830674
227,0.000835109
228,0.000856538
229,0.000908498
230,0.000959495
231,0.000954244
232,0.000954666
233,0.000968819
234,0.000949662
235,0.000920041
236,0.000896746
237,0.000877514
238,0.00085874
239,0.000839441
240,0.000828793
241,0.000828349
242,0.000827812
243,0.000828889
244,0.000833882
245,0.000840339
246,0.000847131
247,0.000847278
248,0.000830347
249,0.000819781
250,0.000816828
251,0.000828842
252,0.000825885
253,0.000824433
254,0.000812919
255,0.000817274
256,0.000715744
257,0.000237494
258,0.000670911
259,0.000930235
260,0.000924912
261,0.000891497
262,0.00086041
263,0.000836059
264,0.000813704
265,0.000809657
266,0.000813993
267,0.000833644
268,0.000832905
269,0.000827787
270,0.000710532
271,0.000203853
272,0.000596459
273,0.000811604
274,0.000806258
275,0.000806871
276,0.000804868
277,0.000813052
278,0.000808943
279,0.000808277
280,0.00069184
281,0.000105722
282,0.000612398
283,0.00083304
284,0.000831321
285,0.000844968
286,0.000865406
287,0.000883589
288,0.000862722
289,0.000841986
290,0.00084659
291,0.000857849
292,0.000848876
293,0.000827854
294,0.000812863
295,0.000817434
296,0.000817252
297,0.000824244
298,0.000834163
299,0.000835754
300,0.000815975
301,0.000812337
302,0.000806761
303,0.000807885
304,0.000803726
305,0.000805044
306,0.000800429
307,0.000802489
308,0.000797803
309,0.000804829
310,0.000799149
311,0.000801277
312,0.000789154
313,0.000792952
314,0.000680958
315,0.000174024
316,0.000612115
317,0.000804998
318,0.000810083
319,0.000846755
320,0.000888696
321,0.000899577
322,0.000876613
323,0.000854888
324,0.000833174
325,0.000817544
326,0.000800361
327,0.000789384
328,0.000787968
329,0.000793902
330,0.000786172
331,0.000784925
332,0.000784029
333,0.000785144
334,0.000784092
335,0.000793137
336,0.000811852
337,0.00079618
338,0.000790674
339,0.000813211
340,0.000725514
341,0.000279819
342,0.000608478
343,0.000813597
344,0.000808627
345,0.000804902
346,0.000793336
347,0.000789993
348,0.000779893
349,0.000786018
350,0.000675296
351,0.000120897
352,0.000595079
353,0.000808265
354,0.000806674
355,0.00080103
356,0.000801098
357,0.000803481
358,0.00080276
359,0.000806015
360,0.000810406
361,0.00081112
362,0.000809169
363,0.00080592
364,0.000805594
365,0.000810171
366,0.000809985
367,0.000810161
368,0.000802582
369,0.000789966
370,0.000792252
371,0.000790299
372,0.000788303
373,0.000786803
374,0.000787631
375,0.000787053
376,0.000787781
377,0.00078718
378,0.000787795
379,0.000788612
380,0.000792679
381,0.000801297
382,0.000800738
383,0.000802595
384,0.000799333
385,0.000795494
386,0.000793023
387,0.000793681
388,0.00078738
389,0.000784662
390,0.000780716
391,0.000779651
392,0.000787469
393,0.000807357
394,0.000826311
395,0.000832116
396,0.000801544
397,0.000780214
398,0.000774047
399,0.00077196
400,0.000774754
401,0.000789784
402,0.000804464
403,0.000815625
404,0.000789493
405,0.000767829
406,0.000760865
407,0.000774221
408,0.000665404
409,5.48542e-05
410,0.00055888
411,0.000765677
412,0.000765913
413,0.000762017
414,0.000757217
415,0.00075776
416,0.000756336
417,0.000762172
418,0.000770157
419,0.000789181
420,0.000798044
421,0.000802485
422,0.000808642
423,0.000829274
424,0.000820418
425,0.000774881
426,0.000758894
427,0.000758214
428,0.000754799
429,0.000755426
430,0.00075763
431,0.000763531
432,0.000764622
433,0.000771156
434,0.000775812
435,0.000780734
436,0.000779076
437,0.000771974
438,0.000759793
439,0.000757564
440,0.000756124
441,0.000756394
442,0.000759987
443,0.00077109
444,0.000770996
445,0.000781712
446,0.000796571
447,0.0008165
448,0.00081777
449,0.000829785
450,0.000844101
451,0.000847659
452,0.000720841
453,0.000164329
454,0.000563413
455,0.00078681
456,0.000793188
457,0.000774476
458,0.000782524
459,0.000807161
460,0.000835868
461,0.000849729
462,0.000848859
463,0.00082591
464,0.0007744
465,0.000748333
466,0.000778032
467,0.000796595
468,0.000804564
469,0.000804367
470,0.000788746
471,0.00076616
472,0.000751898
473,0.000751491
474,0.00074967
475,0.000752443
476,0.000753865
477,0.00075177
478,0.000758804
479,0.000767073
480,0.000761877
481,0.000754235
482,0.000753616
483,0.000768186
484,0.000779399
485,0.000769411
486,0.000756671
487,0.000755332
488,0.000748026
489,0.000751841
490,0.000763049
491,0.000768966
492,0.000781564
493,0.000789836
494,0.000752878
495,0.000756695
496,0.000791521
497,0.000856051
498,0.000900408
499,0.000888872
500,0.00082395
501,0.000761571
502,0.000740237
503,0.000748322
504,0.000760045
505,0.000771426
506,0.000750045
507,0.000741047
508,0.000738371
509,0.000763655
510,0.000798001
511,0.000826914
512,0.000837998
513,0.000851424
514,0.000873584
515,0.0008992
516,0.000793584
517,0.000245897
518,0.000544693
519,0.000731311
520,0.000794015
521,0.000770106
522,0.000784058
523,0.000769344
524,0.000733533
525,0.000741285
526,0.000758452
527,0.000760853
528,0.000744386
529,0.000735081
530,0.00074771
531,0.000780451
532,0.0007983
533,0.000804199
534,0.000805753
535,0.000814204
536,0.000799491
537,0.000762151
538,0.000740226
539,0.000737112
540,0.000741625
541,0.000764116
542,0.000784907
543,0.000813034
544,0.000815166
545,0.000789511
546,0.000757584
547,0.000751523
548,0.00074612
549,0.000740448
550,0.000741856
551,0.000750935
552,0.000758658
553,0.000755971
554,0.000752745
555,0.00075854
556,0.000746518
557,0.000733426
558,0.00073136
559,0.000753754
560,0.000702981
561,0.000467872
562,0.000818441
563,0.000860992
564,0.00072823
565,0.000728229
566,0.000725141
567,0.000726618
568,0.000735566
569,0.000723164
570,0.000720232
571,0.000721058
572,0.00072934
573,0.000756592
574,0.000760474
575,0.000739315
576,0.000727137
577,0.000747956
578,0.000725579
579,0.000781265
580,0.000733889
581,0.000729791
582,0.000726339
583,0.000731838
584,0.00072968
585,0.00073928
586,0.000735666
587,0.00072802
588,0.000722838
589,0.000726293
590,0.000728683
591,0.000726148
592,0.000721816
593,0.000731332
594,0.00072833
595,0.000721082
596,0.000721906
597,0.00072234
598,0.000781307
599,0.000901494
