2,0.968714
3,0.91147
4,0.858539
5,0.808534
6,0.760827
7,0.715156
8,0.671327
9,0.629249
10,0.588838
11,0.550041
12,0.513267
13,0.478407
14,0.444993
15,0.41302
16,0.382442
17,0.35321
18,0.325313
19,0.298743
20,0.273466
21,0.249464
22,0.226831
23,0.205637
24,0.185722
25,0.166912
26,0.149203
27,0.13263
28,0.117149
29,0.102674
30,0.0894422
31,0.0780032
32,0.0684066
33,0.0601429
34,0.0527374
35,0.0459462
36,0.0396822
37,0.033907
38,0.0286021
39,0.0237321
40,0.0192739
41,0.0152179
42,0.0115124
43,0.00812724
44,0.00505839
45,0.00240144
46,0.00106488
47,0.0021758
48,0.00315183
49,0.0033838
50,0.00308561
51,0.00269012
52,0.00262274
53,0.00254768
54,0.00242693
55,0.00232187
56,0.00214873
57,0.00202995
58,0.00192754
59,0.00179409
60,0.00168374
61,0.00155958
62,0.00143665
63,0.00134228
64,0.00125766
65,0.00117171
66,0.00110915
67,0.00107285
68,0.00103852
69,0.00102228
70,0.00100751
71,0.000994855
72,0.000982369
73,0.000974116
74,0.000967845
75,0.000971977
76,0.000969633
77,0.000976636
78,0.000981641
79,0.000987391
80,0.000989008
81,0.000997122
82,0.00100928
83,0.00102994
84,0.00105622
85,0.00109426
86,0.0011347
87,0.00119866
88,0.00124336
89,0.00123787
90,0.00120498
91,0.00119215
92,0.00120192
93,0.00121946
94,0.00124915
95,0.00133509
96,0.00143685
97,0.00151318
98,0.00157998
99,0.00164326
100,0.00170247
101,0.00177367
102,0.00187692
103,0.00198718
104,0.0020839
105,0.00218968
106,0.0022904
107,0.00233273
108,0.00238982
109,0.00252108
110,0.00263765
111,0.00271243
112,0.00274143
113,0.00275439
114,0.002747
115,0.00272101
116,0.00271226
117,0.00269241
118,0.00261373
119,0.00248932
120,0.00232565
121,0.00215534
122,0.00198878
123,0.00178695
124,0.0015944
125,0.00144774
126,0.00131515
127,0.0011885
128,0.0010793
129,0.00102717
130,0.00100826
131,0.00100488
132,0.00100622
133,0.000996883
134,0.000979977
135,0.000968633
136,0.000958164
137,0.000954775
138,0.000951526
139,0.000947381
140,0.00093941
141,0.000936778
142,0.000930018
143,0.000922985
144,0.000908278
145,0.000898043
146,0.000888649
147,0.000887311
148,0.000883521
149,0.000884515
150,0.000901064
151,0.000929722
152,0.000951037
153,0.000965932
154,0.000961735
155,0.000950172
156,0.000946782
157,0.000965483
158,0.000969075
159,0.000947879
160,0.000925307
161,0.000912426
162,0.000892934
163,0.00087519
164,0.000866332
165,0.000874895
166,0.000879347
167,0.000893939
168,0.000903308
169,0.000908716
170,0.000900356
171,0.000888401
172,0.000879103
173,0.000880984
174,0.000880649
175,0.000881162
176,0.00087843
177,0.000881672
178,0.000875547
179,0.000874201
180,0.000859901
181,0.000861111
182,0.000870542
183,0.000874595
184,0.000865
185,0.000863424
186,0.000880905
187,0.000945944
188,0.000926074
189,0.000884138
190,0.000871573
191,0.000870101
192,0.000860835
193,0.000867403
194,0.00087515
195,0.000899677
196,0.000928922
197,0.000976963
198,0.000958517
199,0.00090289
200,0.000744333
201,0.000220862
202,0.000671211
203,0.000861943
204,0.000865328
205,0.000863755
206,0.000868524
207,0.000870233
208,0.00086321
209,0.000847328
210,0.000844793
211,0.000853784
212,0.000868835
213,0.000877604
214,0.000882125
215,0.000877368
216,0.000852097
217,0.000832851
218,0.000832095
219,0.000829673
220,0.000836027
221,0.000849331
222,0.000867144
223,0.000882262
224,0.000860238
225,0.00083818
226,0.000833726
227,0.000837116
228,0.000856595
229,0.00090831
230,0.000960279
231,0.000954362
232,0.000951408
233,0.000967948
234,0.000949093
235,0.000921767
236,0.000899281
237,0.000877717
238,0.000861099
239,0.000839552
240,0.000829969
241,0.000828004
242,0.000827522
243,0.000829367
244,0.00083418
245,0.000839397
246,0.000847548
247,0.000848283
248,0.000830371
249,0.000823116
250,0.000817579
251,0.000829373
252,0.000825851
253,0.000821612
254,0.000813823
255,0.000818052
256,0.000717049
257,0.000236095
258,0.00066935
259,0.00092896
260,0.000926888
261,0.000891853
262,0.000860543
263,0.000836139
264,0.000814989
265,0.000810373
266,0.000812209
267,0.000833647
268,0.000833455
269,0.000828121
270,0.000710236
271,0.000202276
272,0.000596723
273,0.000809366
274,0.000802503
275,0.000804141
276,0.000806823
277,0.000812491
278,0.000809899
279,0.000806722
280,0.000693514
281,0.0001068
282,0.000611905
283,0.000832675
284,0.000830823
285,0.000843739
286,0.000864307
287,0.000884279
288,0.000862225
289,0.000842301
290,0.000843677
291,0.000859469
292,0.000848113
293,0.000826711
294,0.000814506
295,0.000819559
296,0.000816059
297,0.000826712
298,0.000834744
299,0.000834734
300,0.000816739
301,0.000814088
302,0.000807104
303,0.000807839
304,0.000803845
305,0.000804351
306,0.000800648
307,0.000800283
308,0.000799754
309,0.000804227
310,0.000800899
311,0.000805149
312,0.00079199
313,0.000792326
314,0.000676207
315,0.000173874
316,0.000613322
317,0.000804205
318,0.000810854
319,0.000846916
320,0.000889932
321,0.000899072
322,0.000876364
323,0.000855251
324,0.000834938
325,0.000816883
326,0.000800427
327,0.000791494
328,0.000788962
329,0.000791982
330,0.000788658
331,0.000781897
332,0.000782176
333,0.000786527
334,0.000786461
335,0.000792597
336,0.000812237
337,0.000796429
338,0.000792785
339,0.000814311
340,0.000727494
341,0.000279943
342,0.000607281
343,0.00081472
344,0.000809875
345,0.000803846
346,0.00079303
347,0.000790556
348,0.000778813
349,0.000784323
350,0.000676846
351,0.000121276
352,0.000595199
353,0.000806887
354,0.000806727
355,0.000800046
356,0.000801169
357,0.00080379
358,0.000805978
359,0.000806583
360,0.000811013
361,0.00081343
362,0.000809923
363,0.000806644
364,0.000805183
365,0.000807356
366,0.000809024
367,0.000809024
368,0.000803018
369,0.000792526
370,0.000793528
371,0.000792296
372,0.000788002
373,0.000788397
374,0.000788862
375,0.000787497
376,0.000788045
377,0.000786696
378,0.000786949
379,0.000788382
380,0.000793703
381,0.000801698
382,0.000801192
383,0.000801427
384,0.00079956
385,0.000796843
386,0.000795478
387,0.000794601
388,0.000788292
389,0.000782759
390,0.000782339
391,0.000779094
392,0.000786264
393,0.000806736
394,0.000823551
395,0.000833676
396,0.000800811
397,0.000780824
398,0.000774079
399,0.000772136
400,0.000774514
401,0.000790467
402,0.000805684
403,0.000814681
404,0.00079273
405,0.000767618
406,0.000763082
407,0.000775485
408,0.000666771
409,5.67841e-05
410,0.000559777
411,0.000765994
412,0.000766016
413,0.000762366
414,0.000758929
415,0.000758796
416,0.000759178
417,0.000764029
418,0.000770389
419,0.000788343
420,0.000795313
421,0.000805243
422,0.000809669
423,0.000832961
424,0.000821533
425,0.000774427
426,0.000756353
427,0.000754611
428,0.000752654
429,0.000754498
430,0.000757286
431,0.000763269
432,0.000767916
433,0.000772171
434,0.00077649
435,0.000781168
436,0.000781093
437,0.000772276
438,0.000759175
439,0.000756886
440,0.000753029
441,0.000754031
442,0.000760247
443,0.000773345
444,0.00077179
445,0.000781368
446,0.000794904
447,0.000818279
448,0.000819154
449,0.000831537
450,0.000844084
451,0.000848323
452,0.000721223
453,0.000164387
454,0.000564722
455,0.000790396
456,0.000795936
457,0.000773827
458,0.000782768
459,0.000806833
460,0.000835692
461,0.000850758
462,0.000849744
463,0.000827632
464,0.000774992
465,0.00074741
466,0.0007783
467,0.000796572
468,0.000805389
469,0.000804461
470,0.000790758
471,0.000765885
472,0.000752608
473,0.000749911
474,0.000750174
475,0.000752911
476,0.000753964
477,0.000751617
478,0.000758735
479,0.000765909
480,0.000763009
481,0.000756748
482,0.00075253
483,0.000767124
484,0.000777213
485,0.000768377
486,0.000759685
487,0.000757526
488,0.000750681
489,0.000751475
490,0.000763041
491,0.000769883
492,0.000782047
493,0.000788353
494,0.000752978
495,0.000755729
496,0.000791568
497,0.000855298
498,0.000900952
499,0.000890331
500,0.000824343
501,0.000763429
502,0.000741093
503,0.000748646
504,0.000757451
505,0.000765525
506,0.00074803
507,0.000738445
508,0.000737235
509,0.000764205
510,0.000799039
511,0.000828639
512,0.000840896
513,0.000852011
514,0.000878718
515,0.000900923
516,0.000793874
517,0.000245985
518,0.000545654
519,0.000731539
520,0.000795033
521,0.000770376
522,0.000785672
523,0.000771289
524,0.000734501
525,0.000744567
526,0.000762013
527,0.000763299
528,0.000745525
529,0.000735105
530,0.000745584
531,0.00077698
532,0.000794848
533,0.000803137
534,0.000805621
535,0.000812464
536,0.000797056
537,0.000759816
538,0.000739295
539,0.000736121
540,0.000743083
541,0.000764237
542,0.000788023
543,0.000812724
544,0.000812713
545,0.000783999
546,0.000756591
547,0.000750297
548,0.000745563
549,0.00074381
550,0.000743932
551,0.000752875
552,0.00075934
553,0.000753753
554,0.000751315
555,0.000759815
556,0.000747574
557,0.000733023
558,0.000729653
559,0.000756604
560,0.000704327
561,0.000468458
562,0.000818323
563,0.00085964
564,0.00072816
565,0.000726037
566,0.000727356
567,0.000728509
568,0.000736406
569,0.000725194
570,0.000723367
571,0.00072536
572,0.000731385
573,0.000758786
574,0.000760848
575,0.000740386
576,0.000728641
577,0.000745598
578,0.000724449
579,0.000777306
580,0.000732743
581,0.000728923
582,0.000722915
583,0.00072971
584,0.000723323
585,0.000735945
586,0.000732588
587,0.0007276
588,0.000722469
589,0.000728618
590,0.000733924
591,0.000726218
592,0.000723443
593,0.000729812
594,0.000730674
595,0.000723246
596,0.000720972
597,0.000724793
598,0.000782689
599,0.000901336
