2,0.968932
3,0.912124
4,0.859576
5,0.80993
6,0.762607
7,0.717267
8,0.673721
9,0.631872
10,0.591665
11,0.55311
12,0.516554
13,0.481812
14,0.448427
15,0.416472
16,0.385932
17,0.356745
18,0.328869
19,0.302279
20,0.276976
21,0.253007
22,0.230372
23,0.209025
24,0.188924
25,0.169983
26,0.152159
27,0.135462
28,0.119866
29,0.105361
30,0.0921674
31,0.0805951
32,0.070619
33,0.0619832
34,0.0543636
35,0.047447
36,0.0410574
37,0.035154
38,0.0297251
39,0.0247277
40,0.0201574
41,0.0159902
42,0.012153
43,0.00863267
44,0.0054607
45,0.00273043
46,0.0010588
47,0.00203
48,0.0030905
49,0.0033826
50,0.0030857
51,0.00269007
52,0.0026229
53,0.00254419
54,0.00242732
55,0.00232283
56,0.00214711
57,0.00203049
58,0.00192888
59,0.00179456
60,0.00168458
61,0.00155845
62,0.00143734
63,0.00134212
64,0.00125662
65,0.00117332
66,0.00110938
67,0.00107025
68,0.00103972
69,0.00102236
70,0.00100625
71,0.000995861
72,0.000980762
73,0.000973781
74,0.000971034
75,0.000970669
76,0.000969964
77,0.000976472
78,0.00098155
79,0.000987642
80,0.000990913
81,0.000997963
82,0.00100831
83,0.00103122
84,0.00105584
85,0.00109221
86,0.00113737
87,0.00119946
88,0.00124426
89,0.00123937
90,0.00120398
91,0.00119315
92,0.0012
93,0.00121841
94,0.0012489
95,0.00133827
96,0.00143757
97,0.00151311
98,0.00157982
99,0.00164269
100,0.00170251
101,0.00177425
102,0.00187514
103,0.00198876
104,0.00208659
105,0.00219162
106,0.00228799
107,0.00233606
108,0.00239093
109,0.00252033
110,0.00263789
111,0.00271247
112,0.00274282
113,0.00275536
114,0.00274843
115,0.00272122
116,0.00271435
117,0.00269276
118,0.00261362
119,0.00249009
120,0.00232545
121,0.00215497
122,0.0019891
123,0.00178696
124,0.00159279
125,0.00144809
126,0.00131635
127,0.00118786
128,0.00107859
129,0.00102684
130,0.00100997
131,0.00100548
132,0.00100656
133,0.00100058
134,0.000977981
135,0.00096966
136,0.000960159
137,0.000955791
138,0.000950035
139,0.000949835
140,0.000938062
141,0.000936313
142,0.000929039
143,0.000922112
144,0.000907953
145,0.000898766
146,0.000888388
147,0.000888238
148,0.000885086
149,0.000885676
150,0.000900222
151,0.000929414
152,0.000950768
153,0.000966058
154,0.000961901
155,0.000951454
156,0.000946583
157,0.000965722
158,0.000966279
159,0.000950736
160,0.000926646
161,0.000912169
162,0.000893007
163,0.000875664
164,0.00086473
165,0.000874791
166,0.000882176
167,0.000893833
168,0.000903506
169,0.000909524
170,0.000900736
171,0.000888731
172,0.000878248
173,0.000879252
174,0.00087983
175,0.000880095
176,0.000879341
177,0.000881967
178,0.000877173
179,0.000875358
180,0.000860754
181,0.000859338
182,0.000866352
183,0.000873903
184,0.000865396
185,0.000864824
186,0.000882679
187,0.000945487
188,0.000926593
189,0.000885878
190,0.000873711
191,0.000870724
192,0.00085995
193,0.000866084
194,0.000874421
195,0.000900296
196,0.000927329
197,0.000977038
198,0.000960629
199,0.000903167
200,0.000744675
201,0.000221577
202,0.000671723
203,0.000860827
204,0.000862891
205,0.000865388
206,0.000866826
207,0.000870543
208,0.000862817
209,0.00084959
210,0.000844699
211,0.000854878
212,0.000867612
213,0.000878084
214,0.000883991
215,0.000877064
216,0.000850834
217,0.000832569
218,0.000832507
219,0.000832158
220,0.000836333
221,0.000848375
222,0.000869034
223,0.000881653
224,0.000862454
225,0.000838513
226,0.000833285
227,0.00083485
228,0.000856828
229,0.000907739
230,0.000959863
231,0.000955405
232,0.000953431
233,0.000967591
234,0.000947807
235,0.0009203
236,0.000897392
237,0.000878821
238,0.000861247
239,0.000840282
240,0.000831238
241,0.000827294
242,0.000828529
243,0.000827485
244,0.000834136
245,0.000839976
246,0.000846871
247,0.000847123
248,0.000831783
249,0.000821724
250,0.000819014
251,0.000827292
252,0.000825141
253,0.000821972
254,0.00081405
255,0.000817856
256,0.000719032
257,0.000238381
258,0.000667856
259,0.000929505
260,0.00092605
261,0.000891079
262,0.000858735
263,0.000835932
264,0.000816242
265,0.000811955
266,0.000811734
267,0.000833998
268,0.000833715
269,0.000829716
270,0.000712767
271,0.000203487
272,0.000594812
273,0.00081067
274,0.000804573
275,0.000808779
276,0.000806078
277,0.000813429
278,0.000807587
279,0.000809075
280,0.0006949
281,0.000106204
282,0.000611858
283,0.000832794
284,0.000830176
285,0.000843183
286,0.000861676
287,0.000883683
288,0.000864863
289,0.000842711
290,0.000844811
291,0.00085878
292,0.000848925
293,0.000830286
294,0.000813936
295,0.000818825
296,0.000817951
297,0.000824764
298,0.000833207
299,0.000832416
300,0.000816111
301,0.000813378
302,0.000806541
303,0.000806593
304,0.000801466
305,0.000803705
306,0.000800701
307,0.000800967
308,0.000798891
309,0.000804763
310,0.000798331
311,0.000802553
312,0.000792795
313,0.000793895
314,0.000682495
315,0.000174229
316,0.000610617
317,0.000804023
318,0.000811178
319,0.000845839
320,0.000890134
321,0.000898517
322,0.000877376
323,0.000856017
324,0.000834238
325,0.000819325
326,0.000800732
327,0.000793078
328,0.000789707
329,0.000792297
330,0.000786326
331,0.000785007
332,0.00078197
333,0.000785918
334,0.000782342
335,0.00079366
336,0.000812623
337,0.000796773
338,0.000791002
339,0.000816295
340,0.00072674
341,0.000279353
342,0.000609601
343,0.000818223
344,0.000810084
345,0.000804396
346,0.000792164
347,0.000790561
348,0.000781226
349,0.000785294
350,0.000675441
351,0.000122917
352,0.000597613
353,0.00080805
354,0.000807328
355,0.000800365
356,0.00080044
357,0.000804781
358,0.000806523
359,0.000806875
360,0.000810405
361,0.000811532
362,0.000808083
363,0.000806506
364,0.000808097
365,0.000809786
366,0.00080862
367,0.000808352
368,0.000800721
369,0.000791367
370,0.000794338
371,0.000792152
372,0.000786871
373,0.000788218
374,0.000788083
375,0.000788418
376,0.000786488
377,0.000788044
378,0.000789343
379,0.000789057
380,0.000790763
381,0.000798773
382,0.000801443
383,0.000802549
384,0.000802554
385,0.000795698
386,0.000795647
387,0.000793301
388,0.000786539
389,0.000783375
390,0.000779685
391,0.000780522
392,0.000788782
393,0.000808379
394,0.00082435
395,0.000832153
396,0.000802185
397,0.000781568
398,0.000773429
399,0.000774671
400,0.000774738
401,0.000790459
402,0.000803701
403,0.000815459
404,0.000790216
405,0.00076793
406,0.000761621
407,0.000772157
408,0.000662503
409,5.59488e-05
410,0.00055797
411,0.000764216
412,0.000764329
413,0.000761304
414,0.000758997
415,0.000758538
416,0.000758251
417,0.000763514
418,0.000771062
419,0.000790413
420,0.000796748
421,0.000802457
422,0.000809257
423,0.000830959
424,0.000823777
425,0.000775012
426,0.000756989
427,0.000756519
428,0.000753471
429,0.000752515
430,0.000755008
431,0.000761942
432,0.000765098
433,0.000770516
434,0.00077257
435,0.000779698
436,0.000781579
437,0.000772398
438,0.000760713
439,0.00075867
440,0.000755419
441,0.000757178
442,0.000761134
443,0.000772653
444,0.000768613
445,0.000779067
446,0.0007959
447,0.00081592
448,0.000820016
449,0.000831112
450,0.000844043
451,0.000848342
452,0.00071866
453,0.00016373
454,0.000565418
455,0.000788487
456,0.000796096
457,0.000775017
458,0.000782932
459,0.000810126
460,0.000835917
461,0.000851525
462,0.000848917
463,0.000825347
464,0.000771692
465,0.000747746
466,0.000777573
467,0.000797157
468,0.000803374
469,0.000804312
470,0.00078606
471,0.000763357
472,0.000749564
473,0.000748133
474,0.000748523
475,0.00075428
476,0.000753807
477,0.000753472
478,0.000758537
479,0.000768038
480,0.000763082
481,0.000756641
482,0.000752645
483,0.000768378
484,0.000777686
485,0.000771481
486,0.000761024
487,0.000759536
488,0.000751042
489,0.000748841
490,0.000759682
491,0.000767863
492,0.000780702
493,0.000790278
494,0.00074996
495,0.000755377
496,0.000788807
497,0.000854312
498,0.000900092
499,0.000891852
500,0.000825311
501,0.000763795
502,0.000740216
503,0.000748892
504,0.00075849
505,0.00076589
506,0.000750704
507,0.00074149
508,0.000736908
509,0.000766048
510,0.000797882
511,0.000828612
512,0.00084074
513,0.000851598
514,0.000874431
515,0.000900584
516,0.000791968
517,0.00024676
518,0.00054604
519,0.000730694
520,0.000793616
521,0.000770703
522,0.000786498
523,0.000770544
524,0.000734457
525,0.000744262
526,0.000762806
527,0.000763085
528,0.000745511
529,0.000736837
530,0.000745521
531,0.000778884
532,0.000795966
533,0.00080609
534,0.00080613
535,0.000811666
536,0.000796324
537,0.000761032
538,0.000739471
539,0.000736457
540,0.0007432
541,0.000765236
542,0.000787492
543,0.000811567
544,0.000812594
545,0.000786222
546,0.000756762
547,0.00075193
548,0.000746354
549,0.00074121
550,0.000744247
551,0.000754699
552,0.000758373
553,0.000754539
554,0.000750819
555,0.000756992
556,0.000746172
557,0.000734629
558,0.00073223
559,0.000756213
560,0.000703363
561,0.000468219
562,0.000816135
563,0.000860699
564,0.000726756
565,0.000727551
566,0.000728264
567,0.000727515
568,0.00073833
569,0.000725006
570,0.000724119
571,0.000726681
572,0.000734972
573,0.000757148
574,0.000759772
575,0.000740184
576,0.000727302
577,0.000747956
578,0.000726489
579,0.000784891
580,0.000736363
581,0.000729149
582,0.000726066
583,0.00072681
584,0.000721311
585,0.000733502
586,0.000731995
587,0.000728004
588,0.000723614
589,0.0007275
590,0.000731442
591,0.000723971
592,0.000722106
593,0.000730498
594,0.000732459
595,0.000718465
596,0.000720657
597,0.000724512
598,0.000780899
599,0.000902987
