2,0.969107
3,0.912705
4,0.860617
5,0.811369
6,0.764343
7,0.719269
8,0.675984
9,0.634391
10,0.594429
11,0.556018
12,0.519516
13,0.484863
14,0.451632
15,0.41981
16,0.389321
17,0.360157
18,0.332318
19,0.305772
20,0.280509
21,0.25652
22,0.233798
23,0.212352
24,0.192156
25,0.173111
26,0.155149
27,0.138287
28,0.122491
29,0.107619
30,0.093788
31,0.0816847
32,0.0716356
33,0.0631592
34,0.0556495
35,0.0487274
36,0.0423012
37,0.0363326
38,0.0307918
39,0.0257027
40,0.0210382
41,0.0167658
42,0.0128288
43,0.00920988
44,0.00594748
45,0.0030411
46,0.00107996
47,0.00200988
48,0.00309092
49,0.00338237
50,0.0030875
51,0.00268925
52,0.00262228
53,0.00254543
54,0.00242605
55,0.00232243
56,0.0021484
57,0.00203042
58,0.00192779
59,0.00179463
60,0.00168403
61,0.0015585
62,0.00143781
63,0.0013428
64,0.00125666
65,0.0011721
66,0.00110922
67,0.00107107
68,0.00104035
69,0.00102256
70,0.00100589
71,0.000994365
72,0.000980583
73,0.000974622
74,0.000968778
75,0.000970566
76,0.000970269
77,0.000976333
78,0.000979826
79,0.000985603
80,0.0009895
81,0.000996914
82,0.00100804
83,0.00102954
84,0.00105798
85,0.00109343
86,0.00113505
87,0.00119986
88,0.00124412
89,0.00123865
90,0.0012175
91,0.00120394
92,0.00120243
93,0.00121388
94,0.00124773
95,0.00133589
96,0.00143587
97,0.00151105
98,0.00158002
99,0.00164349
100,0.00170169
101,0.00177494
102,0.00187642
103,0.00198796
104,0.00208619
105,0.00219087
106,0.00228945
107,0.00233751
108,0.00239154
109,0.00252071
110,0.00263918
111,0.00271167
112,0.00274246
113,0.00275574
114,0.00274649
115,0.00272171
116,0.002712
117,0.00269257
118,0.0026135
119,0.00248957
120,0.002325
121,0.00215508
122,0.00198902
123,0.00178639
124,0.00159379
125,0.0014482
126,0.00131519
127,0.00118792
128,0.00107736
129,0.00102738
130,0.00100804
131,0.00100623
132,0.00100589
133,0.000998125
134,0.000979836
135,0.000968338
136,0.000958632
137,0.000953436
138,0.000951467
139,0.000946812
140,0.000937709
141,0.000935373
142,0.000931351
143,0.000922699
144,0.000906592
145,0.000897252
146,0.000890677
147,0.000886486
148,0.000884743
149,0.000887175
150,0.000901057
151,0.00093041
152,0.000950999
153,0.000966356
154,0.000963916
155,0.000951767
156,0.000945586
157,0.000964484
158,0.000968212
159,0.000948611
160,0.000925741
161,0.000910965
162,0.000892466
163,0.000876539
164,0.000865593
165,0.000873555
166,0.000881752
167,0.000892455
168,0.000902375
169,0.000908992
170,0.000900781
171,0.00088824
172,0.000879062
173,0.000879781
174,0.000880066
175,0.000880506
176,0.00087735
177,0.000880081
178,0.000877139
179,0.00087418
180,0.000860294
181,0.000861867
182,0.000867635
183,0.000874709
184,0.000864257
185,0.000863794
186,0.000883236
187,0.000945725
188,0.000926567
189,0.000885298
190,0.000873722
191,0.000869782
192,0.000859598
193,0.000865792
194,0.00087474
195,0.000898833
196,0.000931318
197,0.000975781
198,0.000958838
199,0.000902279
200,0.000740278
201,0.000219894
202,0.000673828
203,0.000861324
204,0.000864206
205,0.000862317
206,0.000867384
207,0.00086986
208,0.000863282
209,0.00084848
210,0.000846141
211,0.000856095
212,0.000867774
213,0.000877887
214,0.000882555
215,0.000878481
216,0.000851524
217,0.000833248
218,0.000835564
219,0.000832533
220,0.000833567
221,0.000847656
222,0.000868953
223,0.000882755
224,0.000861622
225,0.000838946
226,0.000833977
227,0.000834195
228,0.000857936
229,0.000906696
230,0.000959591
231,0.000953866
232,0.000953547
233,0.00096658
234,0.000950291
235,0.000921101
236,0.000899554
237,0.000877593
238,0.000859756
239,0.000840068
240,0.000829149
241,0.000829546
242,0.00082861
243,0.000829247
244,0.000834314
245,0.000839383
246,0.000846873
247,0.000847391
248,0.000831439
249,0.000822726
250,0.000816729
251,0.000826786
252,0.000826493
253,0.000821884
254,0.000813936
255,0.000817465
256,0.000715993
257,0.000235942
258,0.000668729
259,0.000930147
260,0.000925522
261,0.000892188
262,0.000857708
263,0.000837512
264,0.000814441
265,0.000812687
266,0.000813934
267,0.000832601
268,0.000833007
269,0.000828316
270,0.000710357
271,0.000203526
272,0.000598342
273,0.000809298
274,0.000804788
275,0.000807621
276,0.000806278
277,0.000813317
278,0.000810996
279,0.00080699
280,0.00069558
281,0.000106361
282,0.000611387
283,0.000832346
284,0.000831963
285,0.00084483
286,0.000865135
287,0.000883993
288,0.000861373
289,0.000843299
290,0.000844413
291,0.00085741
292,0.000849311
293,0.000828861
294,0.000813627
295,0.000819236
296,0.000819028
297,0.000826157
298,0.000833945
299,0.000834615
300,0.000815688
301,0.000813384
302,0.000808566
303,0.000807143
304,0.000802048
305,0.000804135
306,0.000800509
307,0.000802531
308,0.000800369
309,0.000805822
310,0.000800972
311,0.000803371
312,0.000790797
313,0.000795922
314,0.000676022
315,0.000173233
316,0.000614069
317,0.000804907
318,0.000809514
319,0.000846499
320,0.000890571
321,0.000898521
322,0.00087827
323,0.000855892
324,0.00083668
325,0.000819101
326,0.00080223
327,0.000792756
328,0.000788755
329,0.000793004
330,0.000790986
331,0.000785248
332,0.000785054
333,0.000786446
334,0.000785801
335,0.000792903
336,0.000813881
337,0.000795088
338,0.000793059
339,0.000812784
340,0.000727256
341,0.000279569
342,0.000608964
343,0.00081733
344,0.000809646
345,0.000803574
346,0.000793751
347,0.000792095
348,0.000779562
349,0.000787693
350,0.000675734
351,0.000121227
352,0.000594518
353,0.000806392
354,0.00081031
355,0.000799684
356,0.00080326
357,0.000802626
358,0.00080834
359,0.000806052
360,0.000811743
361,0.000813619
362,0.000811031
363,0.000806655
364,0.000809013
365,0.000809216
366,0.000808633
367,0.000809609
368,0.000805509
369,0.000793235
370,0.000795344
371,0.000791566
372,0.000787948
373,0.000787089
374,0.000787637
375,0.000787258
376,0.000787488
377,0.000786956
378,0.000789857
379,0.000788325
380,0.000796478
381,0.000801347
382,0.000800891
383,0.0008023
384,0.000801282
385,0.000795363
386,0.000794442
387,0.000793379
388,0.000788836
389,0.00078715
390,0.000782248
391,0.000779828
392,0.000787508
393,0.000806247
394,0.000824999
395,0.000831578
396,0.000801283
397,0.000780828
398,0.000774183
399,0.000773043
400,0.000776883
401,0.000789077
402,0.000804658
403,0.000815406
404,0.000790766
405,0.000768169
406,0.000762905
407,0.000773917
408,0.000666056
409,5.65376e-05
410,0.000559772
411,0.000766885
412,0.000765199
413,0.000762138
414,0.000759157
415,0.000759266
416,0.000756518
417,0.000764189
418,0.000769398
419,0.000791343
420,0.000798087
421,0.000804825
422,0.000809482
423,0.000829973
424,0.000822262
425,0.000775814
426,0.00075762
427,0.000759595
428,0.00075538
429,0.000756807
430,0.00075545
431,0.000763423
432,0.000764805
433,0.000772127
434,0.000775032
435,0.000781833
436,0.00078109
437,0.000773241
438,0.000761399
439,0.000759672
440,0.000754238
441,0.000756936
442,0.000761035
443,0.000769383
444,0.000770125
445,0.000779711
446,0.000796336
447,0.000817355
448,0.000816832
449,0.000830183
450,0.00084229
451,0.00085003
452,0.000716842
453,0.00016326
454,0.000565963
455,0.000788047
456,0.000793769
457,0.000772614
458,0.000782478
459,0.000808425
460,0.000835754
461,0.000852059
462,0.000850467
463,0.000826868
464,0.000773795
465,0.000747985
466,0.0007777
467,0.000797978
468,0.000806405
469,0.0008052
470,0.000788511
471,0.000763812
472,0.000750952
473,0.00074936
474,0.000749903
475,0.000754106
476,0.000752526
477,0.000752439
478,0.000760081
479,0.000766734
480,0.000762095
481,0.000757249
482,0.000752981
483,0.000768315
484,0.000779955
485,0.000771222
486,0.000761102
487,0.000757089
488,0.000751176
489,0.00075042
490,0.000763088
491,0.00076916
492,0.000781874
493,0.000788095
494,0.000751758
495,0.000753458
496,0.000792264
497,0.000852986
498,0.00090368
499,0.000891737
500,0.000825939
501,0.000761914
502,0.000741358
503,0.000749481
504,0.00076014
505,0.000768096
506,0.000751056
507,0.000742029
508,0.000739298
509,0.000763933
510,0.000797658
511,0.00082585
512,0.000838505
513,0.000851875
514,0.00087866
515,0.000901553
516,0.00079248
517,0.00024718
518,0.000544238
519,0.000731846
520,0.000797711
521,0.000772895
522,0.000786883
523,0.000772547
524,0.000734366
525,0.000743172
526,0.00075955
527,0.000761818
528,0.000743349
529,0.000735356
530,0.000744413
531,0.000778077
532,0.000796689
533,0.000806485
534,0.00080701
535,0.000813954
536,0.000797591
537,0.000760973
538,0.000741865
539,0.000737337
540,0.000741302
541,0.000763855
542,0.00078636
543,0.00081224
544,0.0008133
545,0.000787778
546,0.000756517
547,0.000751026
548,0.000746688
549,0.000744083
550,0.000741861
551,0.000752072
552,0.000759023
553,0.000755314
554,0.000750486
555,0.000758651
556,0.000746941
557,0.000732646
558,0.000729939
559,0.000754916
560,0.00070229
561,0.000467696
562,0.000816594
563,0.000858897
564,0.000727296
565,0.000727298
566,0.000727979
567,0.000728086
568,0.000739282
569,0.000726579
570,0.000726594
571,0.00072484
572,0.000730843
573,0.000755291
574,0.000756114
575,0.000735978
576,0.000725623
577,0.000747499
578,0.000724787
579,0.000781164
580,0.000733459
581,0.000727268
582,0.000727375
583,0.000730701
584,0.000725204
585,0.000736725
586,0.000734029
587,0.000729843
588,0.000723842
589,0.000727687
590,0.000731726
591,0.000727076
592,0.000722955
593,0.000732031
594,0.000731716
595,0.000722113
596,0.0007217
597,0.000721463
598,0.000780743
599,0.00089964
