2,0.969382
3,0.913457
4,0.861745
5,0.812806
6,0.766059
7,0.721258
8,0.678233
9,0.636859
10,0.597068
11,0.558864
12,0.522603
13,0.488088
14,0.454891
15,0.423096
16,0.39268
17,0.363585
18,0.335786
19,0.30926
20,0.284
21,0.260002
22,0.237228
23,0.215659
24,0.195277
25,0.176059
26,0.157993
27,0.141023
28,0.125033
29,0.109946
30,0.0958739
31,0.0834516
32,0.0731665
33,0.064569
34,0.0569572
35,0.0499345
36,0.0433965
37,0.0373427
38,0.0317375
39,0.02656
40,0.0217771
41,0.0173602
42,0.0133154
43,0.00963981
44,0.00631084
45,0.00331052
46,0.00112888
47,0.00196859
48,0.00308989
49,0.00338332
50,0.00308638
51,0.00268998
52,0.00262184
53,0.00254426
54,0.00242789
55,0.00232215
56,0.00214801
57,0.00202975
58,0.00192894
59,0.00179525
60,0.00168219
61,0.00155901
62,0.0014383
63,0.00134135
64,0.00125618
65,0.00117473
66,0.00110974
67,0.00107169
68,0.00103949
69,0.00102238
70,0.00100583
71,0.000995075
72,0.000980956
73,0.000975494
74,0.00097063
75,0.000971115
76,0.000969473
77,0.000977912
78,0.000980125
79,0.000987289
80,0.000990059
81,0.000998008
82,0.00100708
83,0.00103183
84,0.00105621
85,0.00109237
86,0.00113525
87,0.0011983
88,0.00124315
89,0.0012403
90,0.0012219
91,0.00121295
92,0.0012055
93,0.00121477
94,0.00124713
95,0.00133628
96,0.00143571
97,0.00151052
98,0.00158067
99,0.0016445
100,0.0017014
101,0.00177533
102,0.00187565
103,0.00198404
104,0.00208609
105,0.00218978
106,0.00229389
107,0.00234409
108,0.00239274
109,0.00252261
110,0.00264
111,0.00271056
112,0.00274201
113,0.00275482
114,0.00274727
115,0.00272149
116,0.00271273
117,0.0026916
118,0.0026121
119,0.00248993
120,0.00232496
121,0.00215472
122,0.00198849
123,0.00178592
124,0.00159438
125,0.00144876
126,0.00131492
127,0.00118815
128,0.00107936
129,0.0010292
130,0.00100925
131,0.00100606
132,0.00100666
133,0.000999272
134,0.000979411
135,0.000968959
136,0.000960246
137,0.000954976
138,0.000950177
139,0.00094742
140,0.000939193
141,0.000936468
142,0.000930825
143,0.000923384
144,0.000906769
145,0.000899616
146,0.000890143
147,0.000888328
148,0.000883183
149,0.000885877
150,0.000902301
151,0.000929948
152,0.000951467
153,0.000966081
154,0.000962937
155,0.000949708
156,0.000947295
157,0.000965466
158,0.00096658
159,0.000949327
160,0.000927225
161,0.000912994
162,0.00089383
163,0.000875763
164,0.000863961
165,0.000874492
166,0.000881047
167,0.000894226
168,0.00090267
169,0.000909952
170,0.000900358
171,0.000890228
172,0.000878267
173,0.000881101
174,0.00087928
175,0.000880379
176,0.000877609
177,0.000881296
178,0.000876427
179,0.000875933
180,0.000862776
181,0.000861421
182,0.000867529
183,0.000875382
184,0.000863822
185,0.000864332
186,0.000883335
187,0.000946837
188,0.000925499
189,0.000885305
190,0.000874259
191,0.000871614
192,0.000860065
193,0.000866492
194,0.000875869
195,0.000900657
196,0.000929359
197,0.000976432
198,0.000958371
199,0.000903249
200,0.000743952
201,0.000220396
202,0.00067418
203,0.000861069
204,0.00086625
205,0.000864707
206,0.000866268
207,0.00086983
208,0.000863962
209,0.000846808
210,0.000845576
211,0.000852272
212,0.000868259
213,0.000880168
214,0.000882814
215,0.00087998
216,0.000852949
217,0.000830649
218,0.000833303
219,0.000830641
220,0.00083465
221,0.000848505
222,0.000867563
223,0.000882441
224,0.000860648
225,0.000838879
226,0.000834434
227,0.000833298
228,0.000857895
229,0.000908342
230,0.000959172
231,0.000952829
232,0.000952974
233,0.000967259
234,0.000949731
235,0.000919323
236,0.000899532
237,0.000880448
238,0.00085994
239,0.000842253
240,0.000829573
241,0.000828807
242,0.00082721
243,0.000827561
244,0.000833628
245,0.000841479
246,0.000845791
247,0.000849881
248,0.000830881
249,0.000820246
250,0.000818527
251,0.000827298
252,0.000825345
253,0.000822862
254,0.000812401
255,0.000817886
256,0.00071776
257,0.000236911
258,0.000669233
259,0.000928532
260,0.000924687
261,0.000891307
262,0.000858431
263,0.000834344
264,0.000816533
265,0.000810649
266,0.000813126
267,0.000832691
268,0.000834237
269,0.000826404
270,0.000710332
271,0.000202853
272,0.000596139
273,0.000809785
274,0.000802305
275,0.000808227
276,0.000805834
277,0.000813192
278,0.000808567
279,0.000806449
280,0.000695082
281,0.000107599
282,0.000610772
283,0.00083206
284,0.00083209
285,0.000844518
286,0.000863184
287,0.000883551
288,0.000862641
289,0.000841818
290,0.000844845
291,0.000857911
292,0.000847647
293,0.000828599
294,0.000814046
295,0.000818725
296,0.000818946
297,0.000824278
298,0.000833742
299,0.00083339
300,0.000816619
301,0.000812971
302,0.000807297
303,0.000807414
304,0.000804296
305,0.000804958
306,0.000801214
307,0.000800147
308,0.000798213
309,0.00080298
310,0.000798323
311,0.000801549
312,0.000790894
313,0.000794165
314,0.000678123
315,0.000173836
316,0.00061363
317,0.000803898
318,0.00081057
319,0.000846364
320,0.000890966
321,0.000898956
322,0.000876686
323,0.000854456
324,0.000834993
325,0.000819183
326,0.000799599
327,0.000788474
328,0.000786853
329,0.000791246
330,0.000787966
331,0.000784373
332,0.000783113
333,0.000785703
334,0.000783859
335,0.000793472
336,0.000812035
337,0.000797608
338,0.000790139
339,0.00081576
340,0.000724492
341,0.000278574
342,0.000611521
343,0.000815356
344,0.00080964
345,0.000804491
346,0.000794494
347,0.000790376
348,0.000777869
349,0.000784272
350,0.000677676
351,0.000122451
352,0.000594525
353,0.000807451
354,0.000807777
355,0.000797629
356,0.000801019
357,0.000802849
358,0.000804693
359,0.000806885
360,0.000812033
361,0.000812618
362,0.000810054
363,0.000806884
364,0.000806788
365,0.000807995
366,0.000809533
367,0.000808889
368,0.000803167
369,0.000793343
370,0.000793867
371,0.000791565
372,0.000789484
373,0.000787068
374,0.00078569
375,0.000786795
376,0.000786941
377,0.000786595
378,0.000787564
379,0.000789457
380,0.000791914
381,0.000801056
382,0.000802038
383,0.000803612
384,0.00080099
385,0.000796983
386,0.000796815
387,0.000792757
388,0.000787754
389,0.000782968
390,0.00078246
391,0.00078068
392,0.000788585
393,0.000806214
394,0.000823858
395,0.000830993
396,0.000800217
397,0.000780149
398,0.000773964
399,0.00077322
400,0.00077431
401,0.000789514
402,0.000803626
403,0.0008134
404,0.000789259
405,0.000769236
406,0.000761879
407,0.000772998
408,0.000661181
409,5.71172e-05
410,0.000558626
411,0.000762568
412,0.000761936
413,0.000761
414,0.000757816
415,0.000759989
416,0.000758613
417,0.000763928
418,0.000769299
419,0.000788376
420,0.000796724
421,0.000804378
422,0.000809062
423,0.00083143
424,0.00082124
425,0.000776541
426,0.000758746
427,0.000760416
428,0.000756686
429,0.00075697
430,0.000755194
431,0.000762769
432,0.000766963
433,0.000772704
434,0.000774535
435,0.000781866
436,0.000778049
437,0.0007728
438,0.000761118
439,0.000758408
440,0.000755209
441,0.000757947
442,0.000761085
443,0.000768961
444,0.000769811
445,0.00078042
446,0.000793189
447,0.000817095
448,0.000818012
449,0.000831443
450,0.000842414
451,0.000848957
452,0.000717071
453,0.000164623
454,0.000565472
455,0.000789493
456,0.00079465
457,0.000773294
458,0.000781939
459,0.000808002
460,0.000835609
461,0.000851018
462,0.00085024
463,0.000825784
464,0.000774112
465,0.000748603
466,0.000775553
467,0.000796383
468,0.000805369
469,0.000803449
470,0.000790476
471,0.000763991
472,0.00075027
473,0.000748465
474,0.000749387
475,0.000751754
476,0.000753544
477,0.000752673
478,0.000761519
479,0.000768442
480,0.000763741
481,0.000756263
482,0.000753992
483,0.000767451
484,0.000777177
485,0.000768959
486,0.000760298
487,0.000756242
488,0.000750495
489,0.000751895
490,0.000763678
491,0.000770403
492,0.00078087
493,0.000789301
494,0.000750348
495,0.000754476
496,0.000791117
497,0.000854982
498,0.000900618
499,0.000889916
500,0.000824703
501,0.000763785
502,0.000739275
503,0.000748887
504,0.000759687
505,0.000768085
506,0.000752571
507,0.000743112
508,0.000736432
509,0.000763371
510,0.000797677
511,0.000826379
512,0.000841004
513,0.000854132
514,0.000878895
515,0.000900465
516,0.000794894
517,0.000247808
518,0.000544185
519,0.000731889
520,0.000797086
521,0.000773344
522,0.000789094
523,0.000772366
524,0.000731312
525,0.000741336
526,0.000758067
527,0.000761749
528,0.000744853
529,0.000737125
530,0.000748781
531,0.000779312
532,0.000796793
533,0.000806278
534,0.000806391
535,0.000812246
536,0.000797598
537,0.00076279
538,0.000740537
539,0.000738788
540,0.000742526
541,0.000765374
542,0.00078827
543,0.000811033
544,0.000811583
545,0.000784217
546,0.000754625
547,0.000751725
548,0.000746862
549,0.000741851
550,0.000742489
551,0.00075413
552,0.000761034
553,0.000757255
554,0.000752593
555,0.000759361
556,0.000747279
557,0.000733192
558,0.000727922
559,0.000752603
560,0.000701782
561,0.000468292
562,0.000817282
563,0.000858908
564,0.000729331
565,0.000726738
566,0.000728219
567,0.00072673
568,0.000737338
569,0.000725183
570,0.000723808
571,0.000723391
572,0.000730583
573,0.000756004
574,0.000757671
575,0.000736505
576,0.000726738
577,0.000744869
578,0.000726533
579,0.000782922
580,0.000734233
581,0.000730683
582,0.000726489
583,0.000731284
584,0.000727582
585,0.000735739
586,0.000731219
587,0.000726812
588,0.000721978
589,0.000728096
590,0.000730271
591,0.000723604
592,0.00072309
593,0.000728686
594,0.000731078
595,0.000722609
596,0.000723257
597,0.000723713
598,0.000781527
599,0.000902625
