2,0.00107654
3,0.00322545
4,0.00536985
5,0.0075063
6,0.00962829
7,0.0117281
8,0.0138
9,0.0158395
10,0.0178428
11,0.0198068
12,0.0217091
13,0.0235488
14,0.0253449
15,0.0270952
16,0.0287976
17,0.030448
18,0.0320422
19,0.0335832
20,0.0350724
21,0.0365079
22,0.0378899
23,0.0392181
24,0.040491
25,0.0417098
26,0.0428759
27,0.0439868
28,0.045042
29,0.0460454
30,0.0469987
31,0.0478766
32,0.0486536
33,0.049348
34,0.049986
35,0.0505809
36,0.051141
37,0.0516698
38,0.0521715
39,0.0526494
40,0.0531046
41,0.0535385
42,0.0539527
43,0.0543444
44,0.0547108
45,0.055055
46,0.0553752
47,0.0556636
48,0.0559114
49,0.0561059
50,0.0562607
51,0.0564049
52,0.0565512
53,0.0566959
54,0.0568398
55,0.0569824
56,0.0571182
57,0.0572552
58,0.057391
59,0.0575223
60,0.0576528
61,0.05778
62,0.0579052
63,0.0580298
64,0.058153
65,0.0582735
66,0.0583937
67,0.0585141
68,0.0586335
69,0.0587529
70,0.0588708
71,0.0589871
72,0.0591008
73,0.0592129
74,0.0593248
75,0.0594376
76,0.059548
77,0.0596551
78,0.0597626
79,0.0598697
80,0.0599757
81,0.0600805
82,0.060183
83,0.0602835
84,0.0603824
85,0.0604797
86,0.0605755
87,0.0606691
88,0.0607637
89,0.0608623
90,0.060961
91,0.061058
92,0.061154
93,0.0612477
94,0.0613379
95,0.0614229
96,0.0615062
97,0.0615914
98,0.0616762
99,0.0617609
100,0.0618452
101,0.0619278
102,0.0620076
103,0.0620863
104,0.062165
105,0.0622427
106,0.0623198
107,0.0624
108,0.0624799
109,0.0625536
110,0.0626272
111,0.0627033
112,0.0627816
113,0.0628605
114,0.0629401
115,0.0630206
116,0.063099
117,0.0631778
118,0.0632599
119,0.0633447
120,0.0634316
121,0.0635188
122,0.0636052
123,0.0636941
124,0.0637823
125,0.0638671
126,0.063951
127,0.064035
128,0.0641181
129,0.0641959
130,0.0642688
131,0.0643398
132,0.0644093
133,0.0644801
134,0.0645516
135,0.0646219
136,0.0646913
137,0.0647604
138,0.0648279
139,0.0648956
140,0.0649636
141,0.0650301
142,0.0650963
143,0.0651638
144,0.0652317
145,0.0652998
146,0.0653669
147,0.0654321
148,0.0654965
149,0.065558
150,0.0656138
151,0.0656693
152,0.0657269
153,0.0657862
154,0.0658477
155,0.0659107
156,0.0659717
157,0.0660288
158,0.066088
159,0.0661507
160,0.0662135
161,0.0662754
162,0.0663383
163,0.0664033
164,0.0664696
165,0.0665337
166,0.0665945
167,0.0666549
168,0.0667147
169,0.0667721
170,0.0668261
171,0.0668783
172,0.0669306
173,0.0669854
174,0.0670417
175,0.067096
176,0.0671514
177,0.0672073
178,0.067261
179,0.0673141
180,0.0673628
181,0.0674083
182,0.0674547
183,0.0675054
184,0.06756
185,0.0676134
186,0.0676587
187,0.0676988
188,0.0677531
189,0.0678134
190,0.0678664
191,0.0679197
192,0.0679728
193,0.0680228
194,0.0680693
195,0.0681146
196,0.0681579
197,0.0682011
198,0.0682527
199,0.068314
200,0.0683754
201,0.0684327
202,0.0684852
203,0.0685276
204,0.0685738
205,0.0686272
206,0.0686781
207,0.0687289
208,0.0687745
209,0.0688156
210,0.0688551
211,0.0688947
212,0.0689362
213,0.0689795
214,0.0690245
215,0.0690712
216,0.0691237
217,0.0691801
218,0.0692294
219,0.0692728
220,0.0693224
221,0.069375
222,0.0694247
223,0.0694727
224,0.0695123
225,0.0695495
226,0.069591
227,0.0696362
228,0.0696879
229,0.069742
230,0.0697932
231,0.0698358
232,0.0698788
233,0.0699238
234,0.0699641
235,0.0700025
236,0.0700414
237,0.07008
238,0.0701181
239,0.0701543
240,0.0701916
241,0.0702333
242,0.0702747
243,0.0703164
244,0.0703608
245,0.0704042
246,0.0704475
247,0.0704882
248,0.070524
249,0.0705583
250,0.0705912
251,0.0706259
252,0.0706657
253,0.0707085
254,0.0707513
255,0.0707901
256,0.0708239
257,0.0708579
258,0.0708891
259,0.07092
260,0.0709598
261,0.0710045
262,0.0710488
263,0.0710939
264,0.0711384
265,0.0711836
266,0.0712309
267,0.0712755
268,0.071315
269,0.0713495
270,0.0713857
271,0.0714268
272,0.0714649
273,0.0714962
274,0.0715269
275,0.0715634
276,0.071604
277,0.0716444
278,0.0716806
279,0.0717095
280,0.0717432
281,0.0717816
282,0.07181
283,0.0718417
284,0.0718797
285,0.0719127
286,0.0719436
287,0.0719758
288,0.0720155
289,0.0720567
290,0.0720907
291,0.0721236
292,0.0721609
293,0.0722032
294,0.0722484
295,0.0722882
296,0.0723241
297,0.0723627
298,0.0724024
299,0.0724366
300,0.0724648
301,0.0724956
302,0.0725276
303,0.0725584
304,0.072592
305,0.0726259
306,0.072659
307,0.0726929
308,0.0727247
309,0.0727561
310,0.0727893
311,0.0728232
312,0.0728603
313,0.0728987
314,0.0729359
315,0.0729767
316,0.0730141
317,0.0730434
318,0.0730771
319,0.0731187
320,0.073159
321,0.0731931
322,0.0732223
323,0.073251
324,0.0732794
325,0.0733073
326,0.0733346
327,0.0733621
328,0.0733932
329,0.0734275
330,0.0734577
331,0.0734844
332,0.0735146
333,0.0735475
334,0.0735791
335,0.073602
336,0.0736255
337,0.0736642
338,0.0737088
339,0.0737487
340,0.0737837
341,0.0738162
342,0.0738464
343,0.0738753
344,0.0739049
345,0.0739332
346,0.0739615
347,0.0739895
348,0.0740158
349,0.0740467
350,0.0740788
351,0.0741055
352,0.0741248
353,0.074148
354,0.0741804
355,0.074217
356,0.0742527
357,0.0742832
358,0.0743125
359,0.0743391
360,0.0743639
361,0.0743922
362,0.0744244
363,0.0744583
364,0.0744919
365,0.0745245
366,0.0745555
367,0.0745858
368,0.0746125
369,0.0746338
370,0.0746564
371,0.0746857
372,0.0747173
373,0.074748
374,0.0747786
375,0.0748083
376,0.0748371
377,0.074866
378,0.0748958
379,0.0749247
380,0.0749555
381,0.0749874
382,0.075016
383,0.0750447
384,0.0750723
385,0.075099
386,0.0751268
387,0.0751537
388,0.0751793
389,0.0752053
390,0.0752314
391,0.0752574
392,0.0752903
393,0.0753244
394,0.0753566
395,0.0753853
396,0.0754053
397,0.0754243
398,0.0754477
399,0.0754742
400,0.075505
401,0.0755383
402,0.0755702
403,0.0755995
404,0.0756211
405,0.0756383
406,0.0756634
407,0.0756948
408,0.07572
409,0.0757401
410,0.0757594
411,0.0757819
412,0.07581
413,0.0758397
414,0.0758685
415,0.0758966
416,0.0759195
417,0.0759418
418,0.0759634
419,0.0759834
420,0.0760071
421,0.0760313
422,0.0760554
423,0.076077
424,0.0761042
425,0.0761416
426,0.0761752
427,0.0762014
428,0.0762293
429,0.0762555
430,0.0762772
431,0.076299
432,0.0763216
433,0.0763451
434,0.0763689
435,0.0763924
436,0.0764171
437,0.076445
438,0.0764745
439,0.0765029
440,0.0765303
441,0.0765588
442,0.0765896
443,0.0766178
444,0.076643
445,0.0766699
446,0.0766995
447,0.0767283
448,0.0767538
449,0.0767801
450,0.0768076
451,0.0768321
452,0.0768508
453,0.0768635
454,0.0768721
455,0.0768814
456,0.0769047
457,0.0769343
458,0.0769554
459,0.076973
460,0.0769917
461,0.077013
462,0.077037
463,0.0770646
464,0.0770999
465,0.0771422
466,0.0771798
467,0.0772082
468,0.0772337
469,0.0772567
470,0.0772768
471,0.077293
472,0.0773077
473,0.0773287
474,0.0773514
475,0.0773714
476,0.0773941
477,0.0774223
478,0.0774516
479,0.0774781
480,0.0774998
481,0.0775176
482,0.0775331
483,0.0775471
484,0.077566
485,0.0775915
486,0.0776182
487,0.0776424
488,0.0776691
489,0.0777007
490,0.0777303
491,0.0777554
492,0.0777819
493,0.0778064
494,0.0778165
495,0.0778224
496,0.0778329
497,0.0778436
498,0.0778588
499,0.0778826
500,0.0779151
501,0.0779519
502,0.0779877
503,0.078018
504,0.0780459
505,0.0780702
506,0.078087
507,0.0781026
508,0.0781167
509,0.0781271
510,0.0781401
511,0.0781568
512,0.0781759
513,0.0781959
514,0.0782135
515,0.0782326
516,0.0782575
517,0.0782973
518,0.0783454
519,0.078357
520,0.0783573
521,0.0783844
522,0.0784019
523,0.078427
524,0.0784652
525,0.0784977
526,0.0785256
527,0.0785473
528,0.0785626
529,0.0785742
530,0.0785856
531,0.0785965
532,0.0786138
533,0.0786335
534,0.0786544
535,0.0786742
536,0.0786979
537,0.0787282
538,0.0787588
539,0.0787862
540,0.0788143
541,0.0788428
542,0.0788698
543,0.0788954
544,0.0789164
545,0.0789317
546,0.0789453
547,0.0789638
548,0.0789834
549,0.0790025
550,0.0790238
551,0.0790471
552,0.0790701
553,0.079089
554,0.0791089
555,0.0791307
556,0.0791484
557,0.0791603
558,0.0791698
559,0.0791805
560,0.0791902
561,0.0791987
562,0.0792072
563,0.079239
564,0.0792932
565,0.0793176
566,0.0793328
567,0.0793516
568,0.0793652
569,0.0793932
570,0.0794177
571,0.0794373
572,0.079464
573,0.0794928
574,0.0795134
575,0.0795259
576,0.079533
577,0.0795409
578,0.0795727
579,0.0796169
580,0.0796224
581,0.0796271
582,0.0796533
583,0.0796788
584,0.0796911
585,0.079701
586,0.0797215
587,0.0797436
588,0.0797692
589,0.0797959
590,0.0798177
591,0.0798329
592,0.0798443
593,0.0798564
594,0.0798755
595,0.0799013
596,0.0799275
597,0.0799375
598,0.0799375
599,0.0799375
