2,0.969616
3,0.914067
4,0.862689
5,0.814076
6,0.767645
7,0.723134
8,0.680374
9,0.639255
10,0.599696
11,0.56164
12,0.525473
13,0.491113
14,0.458067
15,0.426325
16,0.395875
17,0.366761
18,0.339025
19,0.312568
20,0.287326
21,0.263309
22,0.240485
23,0.218838
24,0.198373
25,0.179045
26,0.160809
27,0.143695
28,0.127697
29,0.112724
30,0.0987315
31,0.086187
32,0.0755597
33,0.0664798
34,0.0584368
35,0.0511686
36,0.0445169
37,0.0384098
38,0.0327665
39,0.0275262
40,0.0226631
41,0.0181529
42,0.0139658
43,0.0101551
44,0.00677631
45,0.00379486
46,0.00144303
47,0.00153632
48,0.00276369
49,0.00325929
50,0.00308403
51,0.00269075
52,0.00262227
53,0.00255197
54,0.00242693
55,0.00232157
56,0.00214758
57,0.00203049
58,0.00192732
59,0.00179547
60,0.00168431
61,0.00155901
62,0.00143701
63,0.00134191
64,0.00125672
65,0.00117283
66,0.00110944
67,0.00107171
68,0.00103933
69,0.00102437
70,0.00100607
71,0.000994777
72,0.000979161
73,0.000974716
74,0.000970856
75,0.000970633
76,0.000968725
77,0.000977845
78,0.00098141
79,0.000988311
80,0.000988649
81,0.000996879
82,0.00100867
83,0.00103048
84,0.00105537
85,0.00109282
86,0.0011349
87,0.00119837
88,0.00124231
89,0.00123819
90,0.00121967
91,0.0012134
92,0.00120543
93,0.00121413
94,0.00124841
95,0.00133578
96,0.00143547
97,0.00151124
98,0.00158035
99,0.00164359
100,0.00170149
101,0.00177563
102,0.0018758
103,0.00198555
104,0.00208511
105,0.00219229
106,0.00229697
107,0.00234717
108,0.00239188
109,0.00251955
110,0.00263889
111,0.00271218
112,0.0027425
113,0.00275526
114,0.00274747
115,0.00272011
116,0.0027126
117,0.00269243
118,0.00261325
119,0.00248981
120,0.00232555
121,0.00215548
122,0.00198797
123,0.0017869
124,0.00159443
125,0.00144826
126,0.0013155
127,0.00118762
128,0.00107951
129,0.00102788
130,0.00100891
131,0.00100533
132,0.00100583
133,0.000998128
134,0.000979799
135,0.000969854
136,0.000961422
137,0.000954954
138,0.000951757
139,0.00094797
140,0.000937016
141,0.000937503
142,0.0009317
143,0.000923069
144,0.000908814
145,0.000899052
146,0.00088932
147,0.000887772
148,0.000883437
149,0.000887917
150,0.000898783
151,0.000929884
152,0.000952172
153,0.000965266
154,0.000961664
155,0.000951237
156,0.000945669
157,0.000966667
158,0.000966412
159,0.000949631
160,0.000925886
161,0.000912722
162,0.00089386
163,0.000876762
164,0.000869062
165,0.000874284
166,0.000881097
167,0.000893063
168,0.000903661
169,0.000908832
170,0.000897933
171,0.000889869
172,0.000881476
173,0.000882268
174,0.000878878
175,0.000881802
176,0.00087786
177,0.00088242
178,0.000876152
179,0.000875234
180,0.000859751
181,0.000861686
182,0.000868037
183,0.000873519
184,0.000864394
185,0.000865217
186,0.000882204
187,0.000947055
188,0.00092661
189,0.000886229
190,0.000874263
191,0.000870795
192,0.000861023
193,0.000866211
194,0.000875269
195,0.000898673
196,0.000928471
197,0.000977291
198,0.000958881
199,0.000903279
200,0.000744515
201,0.000220658
202,0.000674111
203,0.000862019
204,0.000864147
205,0.000862775
206,0.000869232
207,0.00087027
208,0.000863524
209,0.000846343
210,0.000845771
211,0.000853563
212,0.000868143
213,0.000878691
214,0.000884538
215,0.000878598
216,0.00085366
217,0.000832375
218,0.000832791
219,0.000830766
220,0.000835175
221,0.000850333
222,0.00086824
223,0.000882175
224,0.000861711
225,0.000838862
226,0.000833213
227,0.000834656
228,0.00085623
229,0.0009077
230,0.000958228
231,0.000953662
232,0.000952955
233,0.000968523
234,0.000950174
235,0.000921238
236,0.000897682
237,0.000879458
238,0.000859351
239,0.000838904
240,0.000827894
241,0.000828956
242,0.000828551
243,0.000828906
244,0.000833708
245,0.000842041
246,0.000848613
247,0.000847795
248,0.000831003
249,0.000821147
250,0.000821383
251,0.000828074
252,0.000825271
253,0.000822623
254,0.000816206
255,0.000819034
256,0.000717407
257,0.000237383
258,0.000669046
259,0.000929465
260,0.000926003
261,0.000892197
262,0.00086011
263,0.000837749
264,0.000817879
265,0.000810647
266,0.000810873
267,0.000832201
268,0.000833344
269,0.000828841
270,0.000710095
271,0.000202992
272,0.000598382
273,0.000809546
274,0.000804812
275,0.000806859
276,0.000804634
277,0.000812299
278,0.000810575
279,0.000806716
280,0.000691568
281,0.00010555
282,0.000612472
283,0.000832599
284,0.000830167
285,0.000845002
286,0.000863306
287,0.000885249
288,0.000862175
289,0.00084316
290,0.000845391
291,0.000860361
292,0.000846819
293,0.000828937
294,0.000813888
295,0.000817484
296,0.000816288
297,0.000826516
298,0.000836192
299,0.000835103
300,0.000816069
301,0.000812647
302,0.000806924
303,0.000808649
304,0.000803411
305,0.000804441
306,0.000798714
307,0.000802737
308,0.000798182
309,0.000806316
310,0.00080161
311,0.000804604
312,0.000792667
313,0.000795734
314,0.000679414
315,0.000173318
316,0.000614191
317,0.000804272
318,0.000810448
319,0.000846536
320,0.000890528
321,0.000900619
322,0.000878629
323,0.000855964
324,0.000835585
325,0.000815988
326,0.000799702
327,0.000788197
328,0.000787932
329,0.000791476
330,0.000791296
331,0.000783498
332,0.000784377
333,0.000787139
334,0.000786964
335,0.000794126
336,0.000813203
337,0.000795665
338,0.000790368
339,0.000813623
340,0.000727225
341,0.000281209
342,0.000608016
343,0.000814689
344,0.00081069
345,0.000804058
346,0.000792583
347,0.000791171
348,0.000779443
349,0.000787174
350,0.000677356
351,0.00012174
352,0.000592967
353,0.000805733
354,0.000808288
355,0.000798693
356,0.000802089
357,0.000804987
358,0.000807042
359,0.000806287
360,0.000810466
361,0.000811443
362,0.000808701
363,0.000805807
364,0.000806924
365,0.000808054
366,0.000809105
367,0.000810634
368,0.000803196
369,0.000791936
370,0.000795632
371,0.000791968
372,0.000789605
373,0.000788761
374,0.000788182
375,0.000786599
376,0.000787404
377,0.000786063
378,0.000787779
379,0.000788769
380,0.000791631
381,0.000801689
382,0.000802244
383,0.000803134
384,0.000802242
385,0.000797986
386,0.000797478
387,0.000793814
388,0.000788021
389,0.000781597
390,0.000780094
391,0.000779839
392,0.000787205
393,0.000805837
394,0.000828244
395,0.000832596
396,0.00080188
397,0.000780313
398,0.000775063
399,0.000773502
400,0.000774462
401,0.000789935
402,0.000803899
403,0.000812892
404,0.000791487
405,0.000768705
406,0.000762412
407,0.000772148
408,0.000665228
409,5.73417e-05
410,0.000556549
411,0.000765942
412,0.000764775
413,0.000761378
414,0.000758215
415,0.000762124
416,0.000759707
417,0.000763004
418,0.000771451
419,0.000791383
420,0.000796055
421,0.000804291
422,0.000811672
423,0.000831823
424,0.000822062
425,0.000774528
426,0.000757193
427,0.000758598
428,0.000754631
429,0.000756777
430,0.000756709
431,0.000763116
432,0.000764642
433,0.000771647
434,0.000773131
435,0.000781756
436,0.000779891
437,0.000774686
438,0.000760899
439,0.000759825
440,0.000754794
441,0.000759231
442,0.000763356
443,0.00077403
444,0.000772926
445,0.000780903
446,0.000795456
447,0.000818953
448,0.000817416
449,0.000830521
450,0.000843193
451,0.000850419
452,0.000716388
453,0.000164753
454,0.000564551
455,0.000789533
456,0.000795819
457,0.000774902
458,0.000783877
459,0.000808614
460,0.000835177
461,0.000850212
462,0.000849756
463,0.000825485
464,0.000771924
465,0.000746129
466,0.000777062
467,0.000798792
468,0.000807289
469,0.000804666
470,0.000790197
471,0.000763858
472,0.000750629
473,0.000751045
474,0.000751191
475,0.000753205
476,0.000755118
477,0.000752746
478,0.000759031
479,0.000765461
480,0.00076244
481,0.00075376
482,0.000753756
483,0.000767253
484,0.000779465
485,0.000770142
486,0.000760279
487,0.000758192
488,0.000751852
489,0.000753445
490,0.000764075
491,0.00076974
492,0.000781106
493,0.000788894
494,0.000751352
495,0.000754611
496,0.00079236
497,0.000853407
498,0.000902631
499,0.000890588
500,0.000825155
501,0.000762675
502,0.000740596
503,0.000748726
504,0.000762052
505,0.000768739
506,0.000750531
507,0.000740032
508,0.000739692
509,0.000763441
510,0.000795422
511,0.000825229
512,0.000840158
513,0.000854772
514,0.000878407
515,0.000900262
516,0.000795771
517,0.000249024
518,0.000545995
519,0.000730938
520,0.000795165
521,0.000772312
522,0.00078544
523,0.000771692
524,0.000732316
525,0.000742652
526,0.00076043
527,0.000764617
528,0.000747509
529,0.000738352
530,0.000746022
531,0.000779815
532,0.000794018
533,0.000805998
534,0.000805584
535,0.000812676
536,0.000796602
537,0.000759979
538,0.000738357
539,0.000737842
540,0.000744757
541,0.000765036
542,0.000787776
543,0.000812848
544,0.000810387
545,0.000783506
546,0.000755844
547,0.000748617
548,0.000745501
549,0.000745443
550,0.000744773
551,0.000756896
552,0.000761522
553,0.000756731
554,0.000750424
555,0.000758044
556,0.000749336
557,0.000734693
558,0.000732403
559,0.000754471
560,0.00070719
561,0.000467601
562,0.000817734
563,0.000859714
564,0.000730523
565,0.000727576
566,0.00072923
567,0.000728251
568,0.00073881
569,0.000725081
570,0.000725422
571,0.000727046
572,0.000735782
573,0.000760206
574,0.000760347
575,0.000738529
576,0.00072425
577,0.000743604
578,0.000726363
579,0.00078182
580,0.000733263
581,0.000729824
582,0.000726314
583,0.000731439
584,0.000725939
585,0.000735849
586,0.000732475
587,0.000726415
588,0.00072306
589,0.000727779
590,0.000733192
591,0.000722302
592,0.000719583
593,0.0007317
594,0.000733124
595,0.000725735
596,0.000723295
597,0.000723001
598,0.000778729
599,0.000898033
