2,0.872879
3,0.66773
4,0.55496
5,0.480629
6,0.398919
7,0.324267
8,0.254522
9,0.195553
10,0.148208
11,0.111975
12,0.0848971
13,0.0665018
14,0.0551909
15,0.0477983
16,0.0428405
17,0.0395719
18,0.0364169
19,0.0338587
20,0.03115
21,0.0290865
22,0.0268249
23,0.0250009
24,0.0229607
25,0.0213907
26,0.0196022
27,0.018367
28,0.0170356
29,0.01603
30,0.0149622
31,0.0141027
32,0.0131529
33,0.0123485
34,0.0114889
35,0.010795
36,0.0101194
37,0.00946945
38,0.00885217
39,0.00814346
40,0.00755234
41,0.00704763
42,0.0066748
43,0.00640824
44,0.00600892
45,0.00566739
46,0.00530797
47,0.00502695
48,0.00468756
49,0.00447329
50,0.00420721
51,0.00402404
52,0.00380377
53,0.00365715
54,0.00345349
55,0.00333068
56,0.00314579
57,0.00304631
58,0.00288195
59,0.00280038
60,0.00265031
61,0.00256193
62,0.00243871
63,0.00232137
64,0.00215345
65,0.00195116
66,0.00168442
67,0.00147487
68,0.00131946
69,0.00122402
70,0.00128397
71,0.00140155
72,0.00151437
73,0.00156876
74,0.00154362
75,0.00152347
76,0.00146412
77,0.00140934
78,0.00136473
79,0.00134076
80,0.00132579
81,0.00130713
82,0.00126029
83,0.00116478
84,0.00102359
85,0.000682137
86,0.000399692
87,0.000664004
88,0.000843479
89,0.000915736
90,0.000949949
91,0.000957039
92,0.000960384
93,0.000953875
94,0.000960063
95,0.000952897
96,0.000952849
97,0.000945241
98,0.000957852
99,0.000799318
100,0.000197936
101,0.00060092
102,0.000889809
103,0.00101299
104,0.0010696
105,0.00112919
106,0.00121069
107,0.00135372
108,0.00156694
109,0.00185899
110,0.00218185
111,0.00251299
112,0.0028205
113,0.00305257
114,0.00318626
115,0.00323434
116,0.00318139
117,0.0030455
118,0.00286762
119,0.00270469
120,0.0025266
121,0.00232243
122,0.00208075
123,0.00183145
124,0.00158228
125,0.00136241
126,0.00122002
127,0.00112532
128,0.00106287
129,0.00105124
130,0.00102544
131,0.00100223
132,0.000969235
133,0.000947605
134,0.000932829
135,0.000925752
136,0.000919488
137,0.000918478
138,0.000912362
139,0.000913234
140,0.000908149
141,0.000914375
142,0.000915255
143,0.000914552
144,0.000901097
145,0.00089591
146,0.000889325
147,0.000889314
148,0.000883872
149,0.000888673
150,0.000898829
151,0.000934438
152,0.000966559
153,0.000975407
154,0.000967152
155,0.000953995
156,0.000948338
157,0.000967129
158,0.000967279
159,0.000948955
160,0.000925391
161,0.000913793
162,0.000892696
163,0.0008768
164,0.000866142
165,0.000875682
166,0.000881831
167,0.000893168
168,0.000903009
169,0.000879834
170,0.000836964
171,0.000831662
172,0.000830359
173,0.000842017
174,0.000866936
175,0.000877967
176,0.000878238
177,0.000883152
178,0.000876944
179,0.000874607
180,0.00086265
181,0.000860046
182,0.00086846
183,0.000874291
184,0.000865989
185,0.000864175
186,0.000883143
187,0.000945269
188,0.000928369
189,0.000883756
190,0.000875049
191,0.000870402
192,0.000861926
193,0.000866666
194,0.000877012
195,0.0008966
196,0.000933042
197,0.000974795
198,0.000963103
199,0.000901663
200,0.000870744
201,0.000868173
202,0.000881211
203,0.000782804
204,0.000288367
205,0.000670733
206,0.000864032
207,0.000871337
208,0.000862555
209,0.000849662
210,0.000847605
211,0.000851237
212,0.000868703
213,0.000878851
214,0.000883048
215,0.000878106
216,0.00085449
217,0.000832878
218,0.000833698
219,0.000831163
220,0.000834268
221,0.000849482
222,0.000867001
223,0.000881706
224,0.00086135
225,0.000838297
226,0.000834821
227,0.000834546
228,0.000858664
229,0.000906905
230,0.000960885
231,0.000953432
232,0.000953974
233,0.000966226
234,0.000950634
235,0.000920622
236,0.000900037
237,0.000878074
238,0.000861252
239,0.000840783
240,0.000830357
241,0.000827208
242,0.000831629
243,0.000826624
244,0.000835356
245,0.00083921
246,0.000848569
247,0.000844888
248,0.000833269
249,0.000819045
250,0.000822293
251,0.000824323
252,0.000831493
253,0.000817997
254,0.0008183
255,0.000812743
256,0.000830438
257,0.000840715
258,0.00086436
259,0.000779835
260,0.000340322
261,0.000692961
262,0.000911732
263,0.000855555
264,0.000818396
265,0.000810297
266,0.000815968
267,0.000833172
268,0.000836942
269,0.000823619
270,0.000821795
271,0.000827382
272,0.00083881
273,0.000707682
274,6.31675e-05
275,0.000593608
276,0.000799421
277,0.00081243
278,0.000810916
279,0.000804127
280,0.000811618
281,0.000807259
282,0.000812548
283,0.00079296
284,0.000636503
285,0.000653719
286,0.000713125
287,0.000744566
288,0.000721741
289,0.000710736
290,0.000773207
291,0.000842168
292,0.000845342
293,0.000828122
294,0.000815887
295,0.000817807
296,0.000818335
297,0.000825454
298,0.000836148
299,0.00083647
300,0.000817568
301,0.000814267
302,0.000808033
303,0.000808308
304,0.00080401
305,0.000805495
306,0.0008009
307,0.000800516
308,0.000798645
309,0.00080385
310,0.00080196
311,0.000802945
312,0.000791961
313,0.000792247
314,0.00079128
315,0.000805064
316,0.000793703
317,0.000653169
318,0.000726271
319,0.00079321
320,0.0008226
321,0.0007959
322,0.000807242
323,0.000829007
324,0.000832316
325,0.000816214
326,0.000803038
327,0.00078972
328,0.00078918
329,0.000791303
330,0.00079193
331,0.000783551
332,0.000785024
333,0.000783565
334,0.000786111
335,0.000789879
336,0.000828187
337,0.000794508
338,0.000802144
339,0.000815116
340,0.000827792
341,0.000826018
342,0.000822906
343,0.000784065
344,0.000578087
345,0.000627184
346,0.000662598
347,0.000651917
348,0.000651779
349,0.000718649
350,0.000767725
351,0.000717028
352,0.000661862
353,0.000622632
354,0.000633679
355,0.000649474
356,0.000650655
357,0.000654284
358,0.000661208
359,0.000656052
360,0.000650328
361,0.000653922
362,0.000649964
363,0.000646562
364,0.000643076
365,0.000645425
366,0.000642601
367,0.000643738
368,0.000635309
369,0.000627252
370,0.000620988
371,0.000618049
372,0.000620532
373,0.000639996
374,0.000653259
375,0.000659341
376,0.000723204
377,0.000773198
378,0.000786937
379,0.000788487
380,0.000793261
381,0.0008007
382,0.000803631
383,0.000803422
384,0.000801586
385,0.000796811
386,0.000797224
387,0.000792889
388,0.000787456
389,0.000783403
390,0.000782696
391,0.000779949
392,0.000787108
393,0.000807296
394,0.000825869
395,0.000832098
396,0.000803361
397,0.000780792
398,0.000775312
399,0.000774676
400,0.000776544
401,0.000788291
402,0.000805308
403,0.000814598
404,0.000793154
405,0.000766131
406,0.000765283
407,0.000774233
408,0.000772342
409,0.000762166
410,0.000754667
411,0.000646754
412,0.000588626
413,0.000530378
414,0.000540378
415,0.000562562
416,0.00064764
417,0.000624067
418,0.000592617
419,0.000605889
420,0.00061756
421,0.000633931
422,0.000644907
423,0.00065327
424,0.000625141
425,0.00056922
426,0.000555469
427,0.000556115
428,0.000578757
429,0.000582799
430,0.000623385
431,0.000714596
432,0.000760492
433,0.000772088
434,0.000775221
435,0.000782462
436,0.000781121
437,0.000774803
438,0.000762241
439,0.000758109
440,0.000755999
441,0.000757153
442,0.000763261
443,0.000752835
444,0.000614813
445,0.000635754
446,0.000674804
447,0.00068335
448,0.000669643
449,0.000666681
450,0.000697898
451,0.000702353
452,0.00068011
453,0.000653332
454,0.00064459
455,0.000635663
456,0.000660905
457,0.000674826
458,0.000695495
459,0.000739139
460,0.000763635
461,0.000773973
462,0.000774153
463,0.000749359
464,0.00068571
465,0.000656904
466,0.000700254
467,0.000725849
468,0.000736191
469,0.000723665
470,0.000697137
471,0.00067278
472,0.000658033
473,0.00064784
474,0.000672175
475,0.000713731
476,0.000749002
477,0.000749759
478,0.000762789
479,0.000766479
480,0.000765594
481,0.00075381
482,0.000687632
483,0.000633924
484,0.000620818
485,0.000582226
486,0.000546706
487,0.000554348
488,0.000573526
489,0.000602173
490,0.000639702
491,0.000695116
492,0.000747647
493,0.00077802
494,0.000751855
495,0.000754132
496,0.00079353
497,0.000855305
498,0.00090335
499,0.000891477
500,0.00082803
501,0.000763558
502,0.000741527
503,0.000748053
504,0.000762065
505,0.000768653
506,0.000751343
507,0.000738996
508,0.000738464
509,0.000762302
510,0.000800482
511,0.000826159
512,0.000843206
513,0.000846188
514,0.000883394
515,0.000899408
516,0.00088511
517,0.000765867
518,0.000736416
519,0.000539137
520,0.00066501
521,0.00066264
522,0.000670436
523,0.000630139
524,0.000569597
525,0.000582151
526,0.000617306
527,0.00062107
528,0.000588105
529,0.000568719
530,0.000576357
531,0.000606289
532,0.000634114
533,0.000654808
534,0.000652603
535,0.000665804
536,0.000675763
537,0.000700288
538,0.000726468
539,0.000735247
540,0.000743547
541,0.000765668
542,0.000788011
543,0.000808656
544,0.000799231
545,0.000769061
546,0.000747972
547,0.000743831
548,0.000749799
549,0.000755128
550,0.000747247
551,0.000749215
552,0.000744082
553,0.000649007
554,0.000634277
555,0.000636925
556,0.000613999
557,0.000586999
558,0.000595576
559,0.000670317
560,0.000719351
561,0.000725283
562,0.000630067
563,0.000567283
564,0.000575916
565,0.000560331
566,0.00056306
567,0.000559259
568,0.000561391
569,0.000562259
570,0.000571264
571,0.000594833
572,0.000622944
573,0.000654916
574,0.000665378
575,0.000640926
576,0.000641099
577,0.000704276
578,0.00071363
579,0.000766554
580,0.000734277
581,0.000727482
582,0.000728046
583,0.000734051
584,0.000728131
585,0.000734869
586,0.000731942
587,0.000727824
588,0.000724081
589,0.000727989
590,0.000733023
591,0.00072493
592,0.000724797
593,0.000727225
594,0.000730183
595,0.000723323
596,0.000720247
597,0.000722268
598,0.000782852
599,0.000901404
