2,0.861418
3,0.648594
4,0.542059
5,0.483705
6,0.421167
7,0.362702
8,0.306965
9,0.255857
10,0.211646
11,0.174446
12,0.144328
13,0.119584
14,0.0993553
15,0.0825201
16,0.0684572
17,0.0569655
18,0.048125
19,0.0414651
20,0.0366563
21,0.0327567
22,0.0294119
23,0.0265203
24,0.0240016
25,0.0217812
26,0.0198133
27,0.0181712
28,0.0170301
29,0.0161001
30,0.0153691
31,0.0144234
32,0.0137598
33,0.0129017
34,0.012389
35,0.0117811
36,0.0113336
37,0.0105911
38,0.00967369
39,0.00865516
40,0.00767879
41,0.00723044
42,0.00700794
43,0.00667936
44,0.00629003
45,0.00580484
46,0.00539831
47,0.00506032
48,0.00473989
49,0.00452921
50,0.00422962
51,0.00406824
52,0.00380662
53,0.0036818
54,0.00350494
55,0.00338295
56,0.00323665
57,0.00307672
58,0.0029264
59,0.00274687
60,0.00258806
61,0.0024129
62,0.00224374
63,0.00206793
64,0.0019146
65,0.00175997
66,0.00161736
67,0.00147857
68,0.00138605
69,0.00129422
70,0.0013399
71,0.00146736
72,0.00166199
73,0.001799
74,0.00184796
75,0.00186182
76,0.00183062
77,0.00177993
78,0.00170889
79,0.00166152
80,0.00162268
81,0.00156697
82,0.00145605
83,0.00122463
84,0.000770236
85,0.000470277
86,0.000697726
87,0.000989548
88,0.00119718
89,0.00126876
90,0.00127462
91,0.0012427
92,0.00120547
93,0.00112361
94,0.00104157
95,0.000991438
96,0.000665382
97,0.000248748
98,0.000641688
99,0.000857162
100,0.000926001
101,0.000967739
102,0.00100156
103,0.00106712
104,0.00114927
105,0.00129565
106,0.00150234
107,0.0017343
108,0.00191122
109,0.00209034
110,0.00229679
111,0.00251448
112,0.00271769
113,0.00288241
114,0.00299499
115,0.00304395
116,0.00300884
117,0.00290577
118,0.00277093
119,0.00262922
120,0.00245912
121,0.0022611
122,0.0020459
123,0.00184118
124,0.00164362
125,0.00147108
126,0.00131037
127,0.00117153
128,0.00108137
129,0.00105159
130,0.00102606
131,0.00100314
132,0.000969234
133,0.000951897
134,0.000931895
135,0.000927289
136,0.00091961
137,0.000919774
138,0.000913222
139,0.000919546
140,0.000920268
141,0.000930101
142,0.000928176
143,0.00092187
144,0.000906492
145,0.000900668
146,0.000893223
147,0.000888245
148,0.000882921
149,0.000887263
150,0.000898052
151,0.000930524
152,0.000954591
153,0.000970929
154,0.000964171
155,0.000950692
156,0.00094782
157,0.000966294
158,0.000967024
159,0.000949992
160,0.000926779
161,0.000915847
162,0.000893523
163,0.000877468
164,0.000866758
165,0.000878232
166,0.000880921
167,0.000894005
168,0.000903567
169,0.000910982
170,0.000899891
171,0.000891254
172,0.000880764
173,0.000880369
174,0.000881218
175,0.000882195
176,0.000880097
177,0.000882607
178,0.000878946
179,0.000875922
180,0.00086279
181,0.000859443
182,0.00086833
183,0.000874292
184,0.000865097
185,0.000864985
186,0.000884819
187,0.000945604
188,0.000928997
189,0.000885317
190,0.000875744
191,0.00086885
192,0.00086343
193,0.000867026
194,0.000877156
195,0.000900114
196,0.000932271
197,0.000979098
198,0.000960095
199,0.000902522
200,0.000871174
201,0.000870964
202,0.000880425
203,0.000781647
204,0.000286766
205,0.000671728
206,0.00086496
207,0.000869162
208,0.000865341
209,0.00084835
210,0.000848944
211,0.000852806
212,0.00087052
213,0.000877571
214,0.000884814
215,0.000877761
216,0.000854893
217,0.000830984
218,0.000835226
219,0.000829352
220,0.00083719
221,0.000850222
222,0.00086938
223,0.00088161
224,0.000863291
225,0.000835987
226,0.000834319
227,0.000834313
228,0.000859022
229,0.000905691
230,0.000962718
231,0.000953299
232,0.000955203
233,0.000967068
234,0.000951889
235,0.00091982
236,0.000901721
237,0.000877899
238,0.000861983
239,0.000838369
240,0.000833536
241,0.000826717
242,0.00083176
243,0.000826848
244,0.000838923
245,0.000837391
246,0.000849949
247,0.000842411
248,0.000835253
249,0.000818255
250,0.000823853
251,0.000823595
252,0.000831597
253,0.000819426
254,0.00081978
255,0.000812564
256,0.000831212
257,0.000840911
258,0.000867636
259,0.000778469
260,0.000341133
261,0.000692198
262,0.000911067
263,0.000857412
264,0.000818313
265,0.000810018
266,0.000815701
267,0.000835179
268,0.000835833
269,0.000822258
270,0.000821094
271,0.000830605
272,0.000841833
273,0.000712102
274,6.74724e-05
275,0.000573895
276,0.000803017
277,0.000810428
278,0.000813614
279,0.000802943
280,0.000811587
281,0.000805676
282,0.000813914
283,0.000721285
284,0.000240632
285,0.000568821
286,0.000814438
287,0.000882821
288,0.000866825
289,0.000842534
290,0.000844815
291,0.000858266
292,0.000848648
293,0.000830925
294,0.00081374
295,0.000818696
296,0.000816282
297,0.000824461
298,0.000836255
299,0.00084004
300,0.000817141
301,0.000815896
302,0.000809054
303,0.000808892
304,0.000802307
305,0.000805183
306,0.000800964
307,0.00080144
308,0.000797452
309,0.000806516
310,0.000800544
311,0.000802499
312,0.000790471
313,0.000793808
314,0.000790899
315,0.000810044
316,0.000726971
317,0.000321405
318,0.000644105
319,0.000837828
320,0.000912465
321,0.000899072
322,0.000877788
323,0.000856367
324,0.000839496
325,0.000817254
326,0.000803492
327,0.000789053
328,0.000789936
329,0.000791057
330,0.000790215
331,0.000783333
332,0.000786901
333,0.000783489
334,0.000788047
335,0.000792657
336,0.000827011
337,0.000792835
338,0.000803489
339,0.000815018
340,0.000827319
341,0.000825427
342,0.000826677
343,0.00073045
344,0.000283137
345,0.000592544
346,0.000782496
347,0.000791756
348,0.000781942
349,0.000785202
350,0.00078833
351,0.000794885
352,0.000725164
353,0.000645339
354,0.000625434
355,0.000620007
356,0.000612747
357,0.000599419
358,0.000583921
359,0.00058338
360,0.000588892
361,0.000589628
362,0.00056999
363,0.000555749
364,0.00057327
365,0.000627794
366,0.000659842
367,0.000697413
368,0.000767608
369,0.000792233
370,0.000795476
371,0.000791811
372,0.0007906
373,0.000785157
374,0.00078684
375,0.000785883
376,0.000787021
377,0.000787667
378,0.000791303
379,0.000790766
380,0.000794343
381,0.000798183
382,0.000801611
383,0.000802553
384,0.000801216
385,0.000796296
386,0.000797852
387,0.000794263
388,0.000788821
389,0.000785084
390,0.000781291
391,0.000779569
392,0.000788713
393,0.000806684
394,0.000826579
395,0.000831588
396,0.000802689
397,0.000780365
398,0.000777195
399,0.000773864
400,0.00077683
401,0.000788979
402,0.000805103
403,0.00081284
404,0.000789386
405,0.000767785
406,0.000764857
407,0.000774819
408,0.000768912
409,0.000761685
410,0.000688378
411,0.000215794
412,0.000487231
413,0.000720642
414,0.000756132
415,0.000758632
416,0.000758117
417,0.000763658
418,0.000769307
419,0.00078943
420,0.000795002
421,0.000803303
422,0.000809874
423,0.00083326
424,0.000822234
425,0.000775031
426,0.000756479
427,0.000758689
428,0.000757032
429,0.000755701
430,0.000757465
431,0.000763998
432,0.00076804
433,0.000772319
434,0.000775249
435,0.000783515
436,0.000782012
437,0.000772672
438,0.000759614
439,0.0007576
440,0.00075471
441,0.000755287
442,0.000763033
443,0.000770269
444,0.000769823
445,0.000775344
446,0.000798591
447,0.00081664
448,0.000818528
449,0.000831305
450,0.000848461
451,0.000846756
452,0.000817525
453,0.000755882
454,0.000603937
455,0.000637688
456,0.000667368
457,0.000673432
458,0.000680307
459,0.000698668
460,0.00072196
461,0.000743705
462,0.000741978
463,0.000711269
464,0.00065173
465,0.000633308
466,0.000686428
467,0.000715688
468,0.000753073
469,0.000781159
470,0.000783646
471,0.000763599
472,0.000749287
473,0.000748492
474,0.000752768
475,0.000752621
476,0.000754347
477,0.000753092
478,0.000761236
479,0.000766893
480,0.000764655
481,0.000754156
482,0.000752779
483,0.000766756
484,0.000780393
485,0.000770727
486,0.0007627
487,0.000757931
488,0.000752973
489,0.000750944
490,0.000762781
491,0.000767835
492,0.000779993
493,0.000786799
494,0.000753
495,0.00075439
496,0.000792391
497,0.000855232
498,0.000903837
499,0.000892588
500,0.000827482
501,0.000763239
502,0.000743351
503,0.000749093
504,0.0007611
505,0.00076759
506,0.000750432
507,0.000739351
508,0.000736934
509,0.000761687
510,0.000797526
511,0.000825446
512,0.000843274
513,0.000846638
514,0.000883025
515,0.00089919
516,0.000882975
517,0.00076485
518,0.00073294
519,0.000539981
520,0.000643331
521,0.000641882
522,0.000641191
523,0.000591153
524,0.000538213
525,0.000567363
526,0.000608354
527,0.000618001
528,0.000624655
529,0.000692652
530,0.000744025
531,0.000777003
532,0.000796464
533,0.000803631
534,0.000808685
535,0.000810397
536,0.000796927
537,0.000760602
538,0.000742373
539,0.0007377
540,0.000742165
541,0.000764624
542,0.000789933
543,0.000810417
544,0.000796583
545,0.000765078
546,0.000745178
547,0.000742831
548,0.000749842
549,0.000752801
550,0.000748911
551,0.000748326
552,0.000753268
553,0.000744962
554,0.000738539
555,0.000734571
556,0.0007296
557,0.000728748
558,0.000731349
559,0.000732735
560,0.000728395
561,0.000722056
562,0.000623146
563,0.00055967
564,0.000575934
565,0.000574855
566,0.000591186
567,0.000596174
568,0.000599764
569,0.000597609
570,0.000633551
571,0.000687331
572,0.000725512
573,0.000752453
574,0.000762775
575,0.000739717
576,0.000728272
577,0.000746601
578,0.000726478
579,0.000768151
580,0.000733825
581,0.000726467
582,0.000725191
583,0.00073062
584,0.000725465
585,0.000736882
586,0.000734336
587,0.000728876
588,0.000723493
589,0.000728204
590,0.000731312
591,0.000721811
592,0.000720325
593,0.000727927
594,0.000729919
595,0.00072018
596,0.000721993
597,0.000722939
598,0.000784062
599,0.000905468
