2,0.902208
3,0.738062
4,0.625712
5,0.541399
6,0.457093
7,0.382173
8,0.321077
9,0.271034
10,0.23011
11,0.195267
12,0.164964
13,0.138121
14,0.11471
15,0.0945874
16,0.0777084
17,0.0638287
18,0.052485
19,0.0433068
20,0.0358444
21,0.0295795
22,0.0239916
23,0.0189517
24,0.0144541
25,0.0109105
26,0.0085526
27,0.00728144
28,0.00656255
29,0.00618729
30,0.00577057
31,0.00549237
32,0.00508965
33,0.00486805
34,0.00463277
35,0.00451503
36,0.00438258
37,0.00419321
38,0.00386546
39,0.00347316
40,0.00308539
41,0.00283737
42,0.00270852
43,0.00264802
44,0.00257737
45,0.00242645
46,0.00225371
47,0.00209252
48,0.00195403
49,0.00196984
50,0.00198944
51,0.00209021
52,0.00215556
53,0.00217529
54,0.0021936
55,0.002197
56,0.00219247
57,0.00211229
58,0.00206442
59,0.00198653
60,0.00188993
61,0.00177751
62,0.001699
63,0.00153453
64,0.00119492
65,0.000727462
66,0.000624127
67,0.000885808
68,0.00118192
69,0.00131778
70,0.00135855
71,0.00137231
72,0.00136727
73,0.00135636
74,0.00127946
75,0.0011557
76,0.00104851
77,0.00100486
78,0.000984428
79,0.000982961
80,0.000973633
81,0.000832395
82,0.000243023
83,0.000570296
84,0.00085161
85,0.000939032
86,0.000969882
87,0.000978078
88,0.000980489
89,0.000974579
90,0.000971903
91,0.000950853
92,0.000963436
93,0.000889343
94,0.000336901
95,0.00046299
96,0.00083003
97,0.000940293
98,0.000965114
99,0.000989926
100,0.0010163
101,0.0010585
102,0.00111706
103,0.00122022
104,0.00135855
105,0.00153543
106,0.001731
107,0.00191702
108,0.00207097
109,0.00222247
110,0.00236432
111,0.0025011
112,0.00262243
113,0.00271963
114,0.0027541
115,0.00276004
116,0.00276028
117,0.00271294
118,0.00261508
119,0.00249579
120,0.00236257
121,0.00221403
122,0.00202972
123,0.00185496
124,0.00165974
125,0.00146038
126,0.00131417
127,0.00118844
128,0.00108843
129,0.00105382
130,0.00102978
131,0.0010026
132,0.000970079
133,0.000953065
134,0.000932601
135,0.000930151
136,0.000922975
137,0.000920137
138,0.000914697
139,0.000917676
140,0.000919821
141,0.000928427
142,0.000929589
143,0.000921834
144,0.000905715
145,0.000901443
146,0.000891491
147,0.000890811
148,0.00088307
149,0.000886968
150,0.000898111
151,0.000927888
152,0.000954678
153,0.000969
154,0.000963714
155,0.000954522
156,0.000946932
157,0.000965013
158,0.000967478
159,0.000949831
160,0.000927763
161,0.000913465
162,0.000892611
163,0.000875285
164,0.00086709
165,0.000875676
166,0.000881246
167,0.000894089
168,0.000902913
169,0.000910276
170,0.000899636
171,0.000890854
172,0.000879161
173,0.000880062
174,0.000881796
175,0.000881324
176,0.000878531
177,0.000882454
178,0.00087872
179,0.000873143
180,0.00086348
181,0.00085936
182,0.00086918
183,0.000875084
184,0.00086401
185,0.000863647
186,0.00088239
187,0.000945652
188,0.000926435
189,0.000883026
190,0.000875971
191,0.000868632
192,0.000864331
193,0.000864971
194,0.00087855
195,0.000897548
196,0.000932776
197,0.000973828
198,0.000960867
199,0.000900323
200,0.000872081
201,0.000869641
202,0.000881043
203,0.000779791
204,0.000285263
205,0.000671697
206,0.00086564
207,0.000871165
208,0.000862715
209,0.000847968
210,0.000845495
211,0.000853429
212,0.000869654
213,0.000876737
214,0.000883793
215,0.000879014
216,0.000854043
217,0.000832733
218,0.000835036
219,0.000829249
220,0.000835549
221,0.000849489
222,0.000867302
223,0.000880827
224,0.000863338
225,0.00083635
226,0.000834614
227,0.000834294
228,0.00085917
229,0.00090498
230,0.000959871
231,0.000953085
232,0.000955718
233,0.000966429
234,0.000951256
235,0.00091924
236,0.000897923
237,0.000878243
238,0.000864795
239,0.000838346
240,0.00082908
241,0.000830089
242,0.000828964
243,0.000828555
244,0.000834191
245,0.00083929
246,0.000848779
247,0.000845074
248,0.000831685
249,0.000817984
250,0.000819787
251,0.000828185
252,0.000826586
253,0.00082174
254,0.000817095
255,0.00081626
256,0.000827398
257,0.000845777
258,0.000857516
259,0.000587693
260,0.000413585
261,0.000803589
262,0.000908298
263,0.000855784
264,0.000816946
265,0.000811791
266,0.000812941
267,0.000836364
268,0.00083307
269,0.000828601
270,0.000815399
271,0.000832745
272,0.000749326
273,0.000184862
274,0.00055117
275,0.000803007
276,0.000804606
277,0.000813198
278,0.000809749
279,0.000806609
280,0.000805492
281,0.000808805
282,0.000701638
283,0.00011381
284,0.000609593
285,0.000845955
286,0.000864821
287,0.000888229
288,0.000858645
289,0.000843363
290,0.000845569
291,0.000858603
292,0.000848279
293,0.00082921
294,0.000815307
295,0.000817878
296,0.00081672
297,0.000828071
298,0.000834341
299,0.000837063
300,0.000818423
301,0.000813988
302,0.000806237
303,0.00080755
304,0.000802105
305,0.000804862
306,0.000799569
307,0.000803418
308,0.000797869
309,0.00080343
310,0.00080019
311,0.000804192
312,0.000791816
313,0.000793077
314,0.000789928
315,0.000811399
316,0.000714986
317,0.000311649
318,0.000671932
319,0.000848729
320,0.000913561
321,0.000901008
322,0.00087745
323,0.000854601
324,0.000835702
325,0.000815668
326,0.000803138
327,0.000789176
328,0.000791694
329,0.000790488
330,0.000791908
331,0.000783754
332,0.000786137
333,0.000782657
334,0.00078734
335,0.000792938
336,0.000825849
337,0.000793458
338,0.000802154
339,0.000814716
340,0.000827532
341,0.000824833
342,0.00082524
343,0.000711685
344,0.000273794
345,0.000615481
346,0.000782279
347,0.000792054
348,0.000782157
349,0.00078416
350,0.000788334
351,0.000795381
352,0.000771079
353,0.000589045
354,0.000591978
355,0.000622413
356,0.000635533
357,0.000684226
358,0.000767247
359,0.000804085
360,0.000812679
361,0.000811481
362,0.000808723
363,0.000805819
364,0.00080903
365,0.000809716
366,0.000809886
367,0.000808593
368,0.000800001
369,0.000791778
370,0.000794348
371,0.000792168
372,0.000790299
373,0.000788724
374,0.000788595
375,0.000787108
376,0.000787123
377,0.000787459
378,0.000789317
379,0.00078696
380,0.000794569
381,0.000802524
382,0.000801391
383,0.000803873
384,0.000800954
385,0.000795531
386,0.000795066
387,0.000793669
388,0.000789482
389,0.000784542
390,0.00078179
391,0.000779304
392,0.000787336
393,0.000805865
394,0.00082663
395,0.000832205
396,0.000802981
397,0.000781746
398,0.00077434
399,0.000772989
400,0.000775881
401,0.000787911
402,0.000805375
403,0.000814375
404,0.000791036
405,0.000766798
406,0.000764856
407,0.000773575
408,0.000769607
409,0.000761909
410,0.000654879
411,0.000108392
412,0.000582385
413,0.000757038
414,0.000760218
415,0.000760209
416,0.000757993
417,0.000763888
418,0.000770456
419,0.000789987
420,0.00079462
421,0.000804723
422,0.000811105
423,0.000832254
424,0.000824216
425,0.000775761
426,0.00076038
427,0.000757241
428,0.000754539
429,0.000753978
430,0.000757985
431,0.000764052
432,0.000767077
433,0.00077089
434,0.000774824
435,0.00078031
436,0.000782616
437,0.000772642
438,0.000759239
439,0.000757156
440,0.00075556
441,0.000755868
442,0.000760745
443,0.000770043
444,0.000771256
445,0.000774897
446,0.00079621
447,0.000816469
448,0.000818526
449,0.000829526
450,0.00084685
451,0.000847517
452,0.000819295
453,0.000751759
454,0.000554241
455,0.000619604
456,0.000660264
457,0.000652266
458,0.000663021
459,0.00069536
460,0.000727607
461,0.000763009
462,0.000807812
463,0.000814107
464,0.000774188
465,0.000747577
466,0.000778387
467,0.000796435
468,0.000805861
469,0.000805025
470,0.000788097
471,0.000764069
472,0.000751137
473,0.000749956
474,0.000751882
475,0.000752827
476,0.000754119
477,0.000753237
478,0.000761726
479,0.000765865
480,0.000765218
481,0.00075588
482,0.000754886
483,0.000767516
484,0.000779673
485,0.000769297
486,0.000760904
487,0.000756666
488,0.000752896
489,0.000752341
490,0.000764391
491,0.000770281
492,0.000783149
493,0.00078879
494,0.000752905
495,0.000752734
496,0.000791335
497,0.000852702
498,0.000903645
499,0.000890621
500,0.000827216
501,0.000764322
502,0.000744042
503,0.000747702
504,0.000761907
505,0.000765417
506,0.000751881
507,0.000738669
508,0.000740251
509,0.000762204
510,0.000799886
511,0.000823116
512,0.000843023
513,0.000849417
514,0.000885479
515,0.000902574
516,0.000879964
517,0.000736822
518,0.000448308
519,0.000531104
520,0.000670216
521,0.000647047
522,0.000702719
523,0.000747001
524,0.000734035
525,0.000745981
526,0.000762081
527,0.000766157
528,0.000750269
529,0.000736498
530,0.000749749
531,0.00077782
532,0.000798612
533,0.000805125
534,0.000807386
535,0.000811888
536,0.000796035
537,0.000759758
538,0.000740772
539,0.000738176
540,0.000744263
541,0.000764035
542,0.00079015
543,0.000807081
544,0.000796682
545,0.000764199
546,0.000746131
547,0.000741299
548,0.000748379
549,0.000753849
550,0.000747771
551,0.000749562
552,0.000754924
553,0.00074672
554,0.000742249
555,0.000734337
556,0.000728586
557,0.000725872
558,0.000731585
559,0.000732108
560,0.000732741
561,0.000682064
562,0.000344768
563,0.000511244
564,0.000586675
565,0.000617885
566,0.000696252
567,0.000726268
568,0.000732323
569,0.000730459
570,0.000726208
571,0.000725918
572,0.000735578
573,0.000753079
574,0.000760877
575,0.000738509
576,0.000726026
577,0.000744061
578,0.000726624
579,0.000767712
580,0.000733157
581,0.000726362
582,0.000726085
583,0.00073097
584,0.000725484
585,0.000733969
586,0.000731447
587,0.000728495
588,0.00072455
589,0.000731458
590,0.000737441
591,0.000728154
592,0.000721905
593,0.000729886
594,0.000730204
595,0.000720484
596,0.000721432
597,0.000720411
598,0.000780625
599,0.000900676
