2,0.865871
3,0.660614
4,0.569259
5,0.528568
6,0.480569
7,0.435529
8,0.388228
9,0.341798
10,0.297933
11,0.257111
12,0.220482
13,0.188196
14,0.160512
15,0.13705
16,0.117224
17,0.100191
18,0.0856654
19,0.0734849
20,0.0633693
21,0.0549058
22,0.0478515
23,0.0420148
24,0.0372808
25,0.0333166
26,0.0301362
27,0.0276087
28,0.0256514
29,0.0240535
30,0.0227643
31,0.0214951
32,0.0203057
33,0.0191159
34,0.0178699
35,0.0167323
36,0.0155426
37,0.0144375
38,0.0133728
39,0.0123754
40,0.0116025
41,0.0109209
42,0.0103211
43,0.00982682
44,0.00921973
45,0.00871239
46,0.00814336
47,0.00765905
48,0.00719594
49,0.0067512
50,0.00635731
51,0.00597277
52,0.00562789
53,0.00532454
54,0.0050222
55,0.00480422
56,0.00454046
57,0.00432648
58,0.00408125
59,0.00385064
60,0.00360984
61,0.00337955
62,0.00309244
63,0.00286363
64,0.00260964
65,0.00244267
66,0.00228557
67,0.00217506
68,0.00213718
69,0.00212518
70,0.00222684
71,0.00227648
72,0.00228436
73,0.00224942
74,0.00218479
75,0.00210327
76,0.00196349
77,0.00176632
78,0.00146925
79,0.0011323
80,0.000941371
81,0.000923511
82,0.00103992
83,0.00120596
84,0.00130178
85,0.00133669
86,0.0013565
87,0.00136169
88,0.00135824
89,0.00130927
90,0.00112635
91,0.000631885
92,0.000451278
93,0.00070118
94,0.000852818
95,0.00092632
96,0.000960957
97,0.000996452
98,0.00101912
99,0.00106222
100,0.00111426
101,0.00118168
102,0.00126599
103,0.00139019
104,0.00152034
105,0.00168083
106,0.00184831
107,0.00201625
108,0.00215998
109,0.0022859
110,0.00241705
111,0.00254488
112,0.00263619
113,0.00270913
114,0.00274412
115,0.00276489
116,0.00275556
117,0.00270538
118,0.00260677
119,0.00248632
120,0.00235499
121,0.00220561
122,0.00202715
123,0.00184876
124,0.00165026
125,0.00148005
126,0.00133773
127,0.00119252
128,0.00108648
129,0.00104746
130,0.00102259
131,0.00100376
132,0.000978805
133,0.000961754
134,0.000943737
135,0.000934749
136,0.000924452
137,0.000919408
138,0.000912036
139,0.000918844
140,0.00092002
141,0.00092585
142,0.000927337
143,0.000924657
144,0.000904613
145,0.00090116
146,0.00089157
147,0.000889351
148,0.00088221
149,0.000887999
150,0.000899308
151,0.000929688
152,0.000954291
153,0.000970664
154,0.00096091
155,0.000950397
156,0.000946326
157,0.000965277
158,0.000970061
159,0.000949088
160,0.000928006
161,0.000912763
162,0.000893861
163,0.000874669
164,0.000867611
165,0.000875247
166,0.000881768
167,0.000893957
168,0.000903876
169,0.00091164
170,0.000900183
171,0.000890344
172,0.000881323
173,0.000880351
174,0.000880625
175,0.000881785
176,0.000880132
177,0.000881225
178,0.000878024
179,0.000876211
180,0.00086411
181,0.000859905
182,0.000868194
183,0.000874221
184,0.000863304
185,0.0008657
186,0.000884412
187,0.000944949
188,0.000928294
189,0.000885008
190,0.000875306
191,0.000868816
192,0.000862701
193,0.000864188
194,0.000877622
195,0.000897033
196,0.000932026
197,0.000977396
198,0.000963273
199,0.000901783
200,0.000871886
201,0.00086999
202,0.000880588
203,0.000777682
204,0.000285384
205,0.000675751
206,0.000862383
207,0.000871901
208,0.000864568
209,0.000847625
210,0.000846562
211,0.000851476
212,0.000868996
213,0.000878969
214,0.000882654
215,0.000877973
216,0.00085434
217,0.000835566
218,0.000832727
219,0.000828965
220,0.000834374
221,0.000850651
222,0.000870651
223,0.000881685
224,0.000861471
225,0.00083776
226,0.000834955
227,0.000834445
228,0.000858408
229,0.000908215
230,0.00096217
231,0.000953862
232,0.000953481
233,0.000968211
234,0.000950104
235,0.00092034
236,0.000898251
237,0.000879378
238,0.000862555
239,0.000838544
240,0.000830918
241,0.000828566
242,0.000829459
243,0.000828961
244,0.000835893
245,0.00084007
246,0.000847336
247,0.000847085
248,0.000833004
249,0.000819939
250,0.000820929
251,0.000828402
252,0.000827173
253,0.000821755
254,0.00081629
255,0.000816124
256,0.000827893
257,0.000846835
258,0.000757172
259,0.000347641
260,0.000674729
261,0.000898772
262,0.000900883
263,0.000859327
264,0.000818723
265,0.000813462
266,0.00081497
267,0.000836475
268,0.000833026
269,0.000830216
270,0.000818064
271,0.000833129
272,0.000731832
273,0.000171405
274,0.000564453
275,0.000803164
276,0.000805945
277,0.000814932
278,0.000811701
279,0.000807468
280,0.000805886
281,0.000807663
282,0.00069839
283,0.000113672
284,0.000612858
285,0.000844181
286,0.000868264
287,0.000888422
288,0.000859683
289,0.000842761
290,0.000844678
291,0.000859709
292,0.000849031
293,0.000829582
294,0.000813088
295,0.000820542
296,0.000816632
297,0.000826825
298,0.000835265
299,0.000838413
300,0.000818412
301,0.000814382
302,0.000805737
303,0.000808384
304,0.00080263
305,0.0008039
306,0.000800348
307,0.000803954
308,0.000798526
309,0.000805169
310,0.000799501
311,0.000803679
312,0.000791169
313,0.000794872
314,0.000788876
315,0.000809216
316,0.000720054
317,0.000262335
318,0.000609187
319,0.000842332
320,0.000912734
321,0.000901705
322,0.000876634
323,0.000855932
324,0.000837458
325,0.000817689
326,0.000801798
327,0.000791802
328,0.000790071
329,0.000792631
330,0.000789563
331,0.000785753
332,0.000784429
333,0.000784453
334,0.000784262
335,0.000793369
336,0.000824767
337,0.000796935
338,0.00080167
339,0.000818753
340,0.000823858
341,0.000829119
342,0.000725143
343,0.000260034
344,0.000590704
345,0.000800004
346,0.000791774
347,0.000792546
348,0.000781563
349,0.000785723
350,0.000784882
351,0.000798299
352,0.000698419
353,0.000174687
354,0.000589784
355,0.000795269
356,0.000801545
357,0.000802087
358,0.000806654
359,0.000809431
360,0.000812038
361,0.000812083
362,0.000809327
363,0.000806207
364,0.000808715
365,0.000807616
366,0.000810918
367,0.000808699
368,0.00080096
369,0.000792183
370,0.000794835
371,0.000791058
372,0.000788662
373,0.000786951
374,0.00078749
375,0.000788691
376,0.000787324
377,0.000787203
378,0.000790354
379,0.000789049
380,0.000794356
381,0.000799791
382,0.000801523
383,0.000802556
384,0.000802349
385,0.000797637
386,0.00079551
387,0.000792237
388,0.000788814
389,0.000785919
390,0.000781411
391,0.000778838
392,0.000789459
393,0.000808975
394,0.000825662
395,0.000831826
396,0.000802045
397,0.000779534
398,0.000773581
399,0.000772034
400,0.00077432
401,0.000788256
402,0.000804783
403,0.000816345
404,0.000791339
405,0.000768679
406,0.000764138
407,0.000774548
408,0.000769184
409,0.000763136
410,0.000651528
411,0.000106361
412,0.000586972
413,0.000755867
414,0.000760828
415,0.000759237
416,0.000760071
417,0.000761858
418,0.000771006
419,0.000790092
420,0.000797022
421,0.000801834
422,0.000809168
423,0.000832792
424,0.000822907
425,0.000775474
426,0.000757949
427,0.000756638
428,0.000755653
429,0.000754474
430,0.000756525
431,0.000761705
432,0.000767989
433,0.000770702
434,0.000775875
435,0.000781472
436,0.000783115
437,0.000774354
438,0.000763431
439,0.00075932
440,0.000755113
441,0.000755502
442,0.000762121
443,0.000770366
444,0.00076962
445,0.000775418
446,0.000796554
447,0.000814143
448,0.000819556
449,0.000830798
450,0.000849239
451,0.000846989
452,0.000818801
453,0.000712814
454,0.000301846
455,0.000534046
456,0.000661212
457,0.000721631
458,0.000777312
459,0.000807001
460,0.000837646
461,0.000850264
462,0.000851251
463,0.000826579
464,0.000773303
465,0.000746517
466,0.000777278
467,0.000795555
468,0.000805909
469,0.000805393
470,0.000789349
471,0.000764885
472,0.000749543
473,0.000748914
474,0.00075038
475,0.000753596
476,0.00075408
477,0.000753052
478,0.000758929
479,0.000765777
480,0.000764839
481,0.000755533
482,0.000754387
483,0.00076579
484,0.000780415
485,0.000770691
486,0.000761784
487,0.000756796
488,0.00075253
489,0.000750399
490,0.000762828
491,0.000768454
492,0.000781117
493,0.000786148
494,0.000750373
495,0.000752394
496,0.000791593
497,0.000853725
498,0.000901743
499,0.000891078
500,0.00082614
501,0.00076323
502,0.000743461
503,0.000747249
504,0.000762572
505,0.000766513
506,0.000754351
507,0.000740955
508,0.000739367
509,0.000762034
510,0.000799585
511,0.000823041
512,0.000842034
513,0.000848768
514,0.00088242
515,0.000898918
516,0.000875691
517,0.000685483
518,7.33883e-05
519,0.000531949
520,0.000789473
521,0.000777242
522,0.000785514
523,0.000771438
524,0.000733763
525,0.000741911
526,0.000762368
527,0.000767387
528,0.000750051
529,0.00073668
530,0.00074928
531,0.000776716
532,0.000797566
533,0.000803602
534,0.000805384
535,0.000812109
536,0.000798197
537,0.000761093
538,0.000738041
539,0.000735338
540,0.000743465
541,0.000762785
542,0.000789282
543,0.000807736
544,0.000801424
545,0.000765995
546,0.000746533
547,0.000742434
548,0.000751019
549,0.000754294
550,0.000749337
551,0.000747561
552,0.000752962
553,0.000743628
554,0.000740343
555,0.000735173
556,0.000732074
557,0.000727077
558,0.000731217
559,0.000726293
560,0.000730238
561,0.00063215
562,7.99185e-05
563,0.000557025
564,0.000727116
565,0.000726518
566,0.000728771
567,0.000729517
568,0.000728855
569,0.000726977
570,0.000726418
571,0.000728054
572,0.000733177
573,0.000756045
574,0.00075971
575,0.000737706
576,0.000725424
577,0.000745682
578,0.000724703
579,0.000771737
580,0.000733079
581,0.000727201
582,0.000725752
583,0.000733021
584,0.000725681
585,0.000736343
586,0.000734766
587,0.000729058
588,0.000723224
589,0.000728755
590,0.000734094
591,0.00072659
592,0.000721938
593,0.000727062
594,0.000727518
595,0.00071986
596,0.000718393
597,0.000722393
598,0.000783034
599,0.000903428
