2,-0.000478513
3,-0.00198566
4,-0.00354316
5,-0.00421925
6,-0.00412229
7,-0.00388446
8,-0.0038938
9,-0.00382299
10,-0.00354811
11,-0.00317116
12,-0.00283885
13,-0.00243488
14,-0.00206058
15,-0.00141083
16,-0.000408403
17,0.000636172
18,0.00198282
19,0.00356992
20,0.00448631
21,0.00774492
22,0.0116631
23,0.0140629
24,0.0159645
25,0.0181704
26,0.0202718
27,0.0222405
28,0.0242801
29,0.0265164
30,0.0287607
31,0.0308424
32,0.032866
33,0.0347169
34,0.0364323
35,0.0379271
36,0.0393005
37,0.0405726
38,0.0417705
39,0.0429121
40,0.043896
41,0.0447212
42,0.0453346
43,0.0458312
44,0.0462522
45,0.046699
46,0.0470919
47,0.0474587
48,0.0478091
49,0.048194
50,0.0485871
51,0.048996
52,0.0493884
53,0.0497593
54,0.0500973
55,0.0504426
56,0.0507836
57,0.0511455
58,0.0515524
59,0.051922
60,0.0522951
61,0.0526504
62,0.0529759
63,0.0533052
64,0.0536362
65,0.0539528
66,0.0542789
67,0.0546192
68,0.0549913
69,0.0553759
70,0.0557939
71,0.056235
72,0.0566397
73,0.0570258
74,0.0573912
75,0.0577409
76,0.0580952
77,0.0584571
78,0.0588199
79,0.0591652
80,0.0594875
81,0.0598102
82,0.0601309
83,0.0604587
84,0.0607794
85,0.0610773
86,0.0613722
87,0.0616553
88,0.0619249
89,0.0621837
90,0.0624394
91,0.0626878
92,0.0629312
93,0.0631537
94,0.0633813
95,0.0635882
96,0.0637848
97,0.0639869
98,0.0641718
99,0.0643549
100,0.0645338
101,0.0647059
102,0.064861
103,0.0650192
104,0.0651571
105,0.0652978
106,0.0654412
107,0.0655811
108,0.0657187
109,0.0658566
110,0.0659804
111,0.0661051
112,0.0662244
113,0.0663402
114,0.0664621
115,0.0665781
116,0.0666942
117,0.0668112
118,0.0669322
119,0.0670473
120,0.0671615
121,0.0672764
122,0.0673783
123,0.0674756
124,0.0675686
125,0.0676571
126,0.0677383
127,0.0678229
128,0.0679024
129,0.0679798
130,0.0680548
131,0.068122
132,0.0681966
133,0.0682714
134,0.0683429
135,0.0684106
136,0.0684789
137,0.0685509
138,0.0686205
139,0.0686921
140,0.0687579
141,0.0688242
142,0.0688958
143,0.0689649
144,0.0690373
145,0.0691061
146,0.0691812
147,0.0692462
148,0.0693246
149,0.0693932
150,0.069469
151,0.0695434
152,0.0696214
153,0.0696975
154,0.0697702
155,0.0698454
156,0.0699124
157,0.0699792
158,0.0700466
159,0.0701162
160,0.0701951
161,0.0702747
162,0.0703503
163,0.0704177
164,0.0704859
165,0.0705571
166,0.07063
167,0.070698
168,0.0707679
169,0.0708306
170,0.0709002
171,0.0709706
172,0.0710379
173,0.0710977
174,0.0711657
175,0.0712288
176,0.0712938
177,0.0713633
178,0.0714277
179,0.0715001
180,0.0715608
181,0.0716192
182,0.0716799
183,0.0717365
184,0.0717861
185,0.0718299
186,0.0718649
187,0.071909
188,0.0719375
189,0.071981
190,0.0720222
191,0.0720631
192,0.0721021
193,0.0721477
194,0.072185
195,0.072225
196,0.0722632
197,0.0722932
198,0.0723368
199,0.0723785
200,0.072418
201,0.0724594
202,0.0725048
203,0.0725494
204,0.0725952
205,0.0726369
206,0.0726865
207,0.0727362
208,0.0727831
209,0.0728266
210,0.0728727
211,0.0729159
212,0.0729683
213,0.0730142
214,0.0730618
215,0.0731117
216,0.0731519
217,0.0731993
218,0.0732402
219,0.0732811
220,0.0733194
221,0.0733558
222,0.0733885
223,0.0734285
224,0.0734578
225,0.0735011
226,0.0735369
227,0.0735861
228,0.0736305
229,0.0736837
230,0.0737446
231,0.0738038
232,0.0738682
233,0.073925
234,0.0739935
235,0.0740536
236,0.0741214
237,0.0741778
238,0.0742322
239,0.0742857
240,0.0743383
241,0.0743906
242,0.0744444
243,0.0744902
244,0.0745375
245,0.0745863
246,0.0746293
247,0.0746727
248,0.0747226
249,0.0747687
250,0.0748078
251,0.0748498
252,0.0748891
253,0.0749316
254,0.0749773
255,0.0750167
256,0.0750613
257,0.0750981
258,0.0751348
259,0.0751755
260,0.0752153
261,0.0752442
262,0.0752829
263,0.0753172
264,0.0753477
265,0.075387
266,0.0754162
267,0.0754515
268,0.0754819
269,0.0755177
270,0.0755492
271,0.0755914
272,0.0756388
273,0.0756808
274,0.0757324
275,0.075779
276,0.0758291
277,0.0758845
278,0.0759267
279,0.0759755
280,0.0760209
281,0.0760611
282,0.0761116
283,0.0761522
284,0.0761998
285,0.0762481
286,0.0762888
287,0.0763341
288,0.0763722
289,0.0764177
290,0.0764575
291,0.0764953
292,0.0765304
293,0.0765733
294,0.0766107
295,0.0766539
296,0.0766993
297,0.0767317
298,0.0767651
299,0.0767975
300,0.0768299
301,0.0768675
302,0.0769039
303,0.0769404
304,0.076972
305,0.0770052
306,0.0770412
307,0.0770751
308,0.0771128
309,0.0771493
310,0.0771792
311,0.0772121
312,0.0772433
313,0.0772736
314,0.0773084
315,0.07734
316,0.0773749
317,0.0774069
318,0.0774429
319,0.0774783
320,0.0775204
321,0.0775511
322,0.0775882
323,0.0776265
324,0.0776603
325,0.0777028
326,0.07775
327,0.0777957
328,0.0778443
329,0.0778977
330,0.0779561
331,0.078011
332,0.0780682
333,0.0781269
334,0.0781791
335,0.0782322
336,0.078284
337,0.0783245
338,0.0783605
339,0.0783825
340,0.0783917
341,0.07841
342,0.0784212
343,0.0784337
344,0.0784554
345,0.0784716
346,0.0784932
347,0.0785219
348,0.0785464
349,0.078581
350,0.078609
351,0.0786353
352,0.0786639
353,0.0786878
354,0.0787142
355,0.0787472
356,0.0787799
357,0.0788116
358,0.0788421
359,0.078877
360,0.0789135
361,0.0789475
362,0.0789843
363,0.0790142
364,0.0790446
365,0.0790767
366,0.0791127
367,0.0791489
368,0.0791934
369,0.0792359
370,0.0792838
371,0.0793294
372,0.0793795
373,0.0794311
374,0.079478
375,0.0795196
376,0.0795564
377,0.07959
378,0.0796171
379,0.0796429
380,0.0796615
381,0.0796763
382,0.0796814
383,0.0796843
384,0.0796901
385,0.0796962
386,0.079706
387,0.0797238
388,0.079734
389,0.079749
390,0.0797618
391,0.0797731
392,0.0797848
393,0.0797911
394,0.0797941
395,0.079795
396,0.0797992
397,0.0798022
398,0.0798051
399,0.079809
