2,0.000335458
3,0.000545709
4,0.000174373
5,-0.000221911
6,-0.0003788
7,-0.000498331
8,-0.000646267
9,-0.000730431
10,-0.000883149
11,-0.000881241
12,-0.000637639
13,-0.000381912
14,-7.60816e-05
15,0.000192947
16,0.000416199
17,0.000756003
18,0.00133057
19,0.00218675
20,0.00264344
21,0.00421287
22,0.00608799
23,0.00775728
24,0.00959192
25,0.0115852
26,0.0136581
27,0.0157147
28,0.017702
29,0.019666
30,0.0216489
31,0.0236648
32,0.0256718
33,0.0275725
34,0.0294174
35,0.0311349
36,0.0327302
37,0.0342335
38,0.0356331
39,0.0369173
40,0.0381351
41,0.0392507
42,0.0402685
43,0.0412223
44,0.0420843
45,0.0428677
46,0.0435991
47,0.0442754
48,0.0448928
49,0.045474
50,0.0459882
51,0.046477
52,0.0469053
53,0.0473009
54,0.0476669
55,0.0479879
56,0.0483141
57,0.0486017
58,0.0488794
59,0.0491952
60,0.0495115
61,0.049829
62,0.0501475
63,0.0504946
64,0.0508401
65,0.0511971
66,0.0515416
67,0.0519069
68,0.0522726
69,0.0526665
70,0.0530791
71,0.0535029
72,0.0539357
73,0.0543786
74,0.0548076
75,0.0552323
76,0.0556395
77,0.056034
78,0.0564161
79,0.0567973
80,0.057183
81,0.0575735
82,0.0579675
83,0.0583527
84,0.0587298
85,0.0590973
86,0.0594556
87,0.0597946
88,0.0601131
89,0.0604234
90,0.0607234
91,0.0610359
92,0.0613537
93,0.061678
94,0.0619978
95,0.062304
96,0.062599
97,0.0628673
98,0.0631135
99,0.0633346
100,0.0635445
101,0.0637515
102,0.0639634
103,0.0641742
104,0.0643915
105,0.064605
106,0.0648139
107,0.0650113
108,0.0651983
109,0.0653705
110,0.0655268
111,0.0656669
112,0.0657992
113,0.0659393
114,0.0660863
115,0.0662456
116,0.066406
117,0.0665644
118,0.0667175
119,0.0668569
120,0.0669833
121,0.0670842
122,0.067177
123,0.0672629
124,0.0673584
125,0.0674563
126,0.067568
127,0.0676696
128,0.0677794
129,0.067879
130,0.0679799
131,0.0680655
132,0.068141
133,0.0681985
134,0.0682497
135,0.0683091
136,0.0683788
137,0.0684581
138,0.0685512
139,0.0686404
140,0.0687319
141,0.0688112
142,0.0688914
143,0.0689557
144,0.069012
145,0.069062
146,0.0691045
147,0.0691669
148,0.0692361
149,0.0693213
150,0.0694117
151,0.0694996
152,0.0695863
153,0.0696739
154,0.069756
155,0.0698342
156,0.0699064
157,0.0699819
158,0.0700532
159,0.0701322
160,0.0702039
161,0.0702783
162,0.0703464
163,0.0704124
164,0.0704763
165,0.0705479
166,0.07062
167,0.0706959
168,0.0707709
169,0.0708481
170,0.070922
171,0.070994
172,0.0710575
173,0.0711103
174,0.0711601
175,0.0712077
176,0.0712619
177,0.0713304
178,0.071402
179,0.0714774
180,0.0715525
181,0.0716247
182,0.0716938
183,0.0717553
184,0.0718045
185,0.0718474
186,0.0718805
187,0.0719164
188,0.0719469
189,0.0719857
190,0.0720284
191,0.0720769
192,0.0721276
193,0.0721773
194,0.0722233
195,0.0722612
196,0.072285
197,0.0722951
198,0.0723062
199,0.072324
200,0.0723578
201,0.0724025
202,0.0724536
203,0.072508
204,0.0725669
205,0.0726254
206,0.0726817
207,0.0727238
208,0.0727619
209,0.0727875
210,0.072819
211,0.0728585
212,0.0729124
213,0.0729737
214,0.0730305
215,0.0730879
216,0.0731393
217,0.0731937
218,0.0732404
219,0.0732849
220,0.0733304
221,0.0733652
222,0.0734047
223,0.0734421
224,0.0734828
225,0.0735138
226,0.0735357
227,0.0735535
228,0.0735715
229,0.0736081
230,0.0736572
231,0.0737277
232,0.0738077
233,0.073892
234,0.0739758
235,0.0740515
236,0.0741127
237,0.0741533
238,0.0741844
239,0.074209
240,0.0742392
241,0.0742873
242,0.0743478
243,0.074418
244,0.074494
245,0.0745708
246,0.0746438
247,0.0747099
248,0.0747582
249,0.0747892
250,0.0748059
251,0.0748233
252,0.0748446
253,0.0748906
254,0.0749438
255,0.0750021
256,0.0750587
257,0.0751105
258,0.0751613
259,0.0752085
260,0.0752458
261,0.075272
262,0.0752912
263,0.0753117
264,0.0753356
265,0.0753716
266,0.0754055
267,0.0754383
268,0.0754639
269,0.0754832
270,0.0755084
271,0.075541
272,0.0755899
273,0.0756362
274,0.0756989
275,0.0757578
276,0.0758254
277,0.0758829
278,0.0759311
279,0.0759604
280,0.075983
281,0.0759997
282,0.0760292
283,0.0760734
284,0.0761311
285,0.0762001
286,0.0762736
287,0.0763452
288,0.0764097
289,0.076461
290,0.0764988
291,0.0765168
292,0.0765317
293,0.0765449
294,0.0765706
295,0.0766138
296,0.0766645
297,0.0767225
298,0.0767806
299,0.0768358
300,0.076887
301,0.0769358
302,0.0769663
303,0.0769897
304,0.0770099
305,0.0770354
306,0.0770693
307,0.0771093
308,0.0771438
309,0.0771739
310,0.0771954
311,0.0772145
312,0.0772388
313,0.0772737
314,0.0773115
315,0.0773518
316,0.0773979
317,0.0774453
318,0.0774951
319,0.0775389
320,0.0775673
321,0.0775763
322,0.0775792
323,0.0775829
324,0.077609
325,0.0776513
326,0.0777122
327,0.0777764
328,0.0778468
329,0.0779195
330,0.0779931
331,0.0780586
332,0.0781042
333,0.0781327
334,0.0781568
335,0.0781879
336,0.0782297
337,0.078285
338,0.0783379
339,0.0783798
340,0.0784066
341,0.0784305
342,0.0784485
343,0.0784766
344,0.0784948
345,0.0785121
346,0.0785295
347,0.0785534
348,0.078587
349,0.0786213
350,0.0786459
351,0.0786575
352,0.0786585
353,0.0786603
354,0.0786752
355,0.0787088
356,0.0787519
357,0.0788053
358,0.0788588
359,0.0789161
360,0.0789716
361,0.0790247
362,0.0790547
363,0.0790678
364,0.0790685
365,0.0790657
366,0.0790821
367,0.0791207
368,0.0791785
369,0.0792377
370,0.0793046
371,0.0793659
372,0.079435
373,0.0794987
374,0.0795523
375,0.0795879
376,0.0796132
377,0.0796312
378,0.0796528
379,0.0796786
380,0.0796971
381,0.0797094
382,0.0797061
383,0.0796952
384,0.0796886
385,0.0796983
386,0.079713
387,0.0797331
388,0.0797572
389,0.0797803
390,0.0798049
391,0.0798237
392,0.0798271
393,0.0798086
394,0.0797723
395,0.0797277
396,0.079697
397,0.0796812
398,0.0796782
399,0.0796813
