2,0.991264
3,0.986435
4,0.995952
5,1.00542
6,1.00878
7,1.01145
8,1.01454
9,1.01625
10,1.01928
11,1.01907
12,1.01379
13,1.00844
14,1.00215
15,0.996757
16,0.992328
17,0.985717
18,0.974683
19,0.958317
20,0.94983
21,0.920272
22,0.885391
23,0.854675
24,0.821312
25,0.785259
26,0.748223
27,0.711758
28,0.676944
29,0.642833
30,0.608688
31,0.574212
32,0.540191
33,0.50824
34,0.477527
35,0.449246
36,0.423302
37,0.399119
38,0.376902
39,0.356823
40,0.337958
41,0.320982
42,0.305745
43,0.291665
44,0.279208
45,0.268124
46,0.257954
47,0.248743
48,0.240531
49,0.232969
50,0.226505
51,0.220492
52,0.21548
53,0.210996
54,0.207009
55,0.203743
56,0.200387
57,0.19764
58,0.195067
59,0.191832
60,0.188588
61,0.185303
62,0.181992
63,0.178208
64,0.174437
65,0.170482
66,0.166713
67,0.162605
68,0.158487
69,0.153907
70,0.149031
71,0.143968
72,0.138769
73,0.133397
74,0.128264
75,0.123187
76,0.118396
77,0.113793
78,0.109394
79,0.10501
80,0.100549
81,0.096008
82,0.0914101
83,0.086956
84,0.0826251
85,0.0784406
86,0.0743994
87,0.0706465
88,0.0672208
89,0.063917
90,0.0607724
91,0.0574165
92,0.0539886
93,0.0504478
94,0.0469923
95,0.0437156
96,0.0406289
97,0.0379178
98,0.0355907
99,0.0336025
100,0.0317933
101,0.0300114
102,0.0281577
103,0.0263249
104,0.0243822
105,0.0224922
106,0.0206757
107,0.0190321
108,0.0175655
109,0.0162744
110,0.0152692
111,0.014441
112,0.0137546
113,0.0129286
114,0.0120269
115,0.0109086
116,0.00982927
117,0.00871304
118,0.0077892
119,0.00696912
120,0.00646942
121,0.0060848
122,0.00606704
123,0.00583274
124,0.0057764
125,0.00537036
126,0.0051123
127,0.00465477
128,0.0044008
129,0.0040568
130,0.0039167
131,0.00371294
132,0.00388325
133,0.00386307
134,0.00417968
135,0.00412405
136,0.00427973
137,0.00407066
138,0.00395532
139,0.00371447
140,0.00369741
141,0.0034309
142,0.00349365
143,0.00345487
144,0.00366446
145,0.00359412
146,0.0040398
147,0.00384465
148,0.00400767
149,0.00364311
150,0.00365315
151,0.00330935
152,0.00341928
153,0.00305665
154,0.00330575
155,0.0029657
156,0.00323413
157,0.00301148
158,0.00324965
159,0.00298285
160,0.00324706
161,0.00300408
162,0.00324006
163,0.0030228
164,0.00315707
165,0.00300433
166,0.00312266
167,0.00298338
168,0.00324246
169,0.00309398
170,0.003345
171,0.0032798
172,0.00344045
173,0.00318981
174,0.00323902
175,0.00286162
176,0.00295121
177,0.0027737
178,0.00307231
179,0.00296498
180,0.00324072
181,0.00315792
182,0.00338658
183,0.00319705
184,0.00314183
185,0.00281127
186,0.00254084
187,0.00234343
188,0.0021165
189,0.00220048
190,0.00204206
191,0.00233529
192,0.00224503
193,0.00252702
194,0.00228518
195,0.00260073
196,0.00216258
197,0.00267234
198,0.00228813
199,0.0029232
200,0.00256236
201,0.00310004
202,0.00264177
203,0.00304256
204,0.00257254
205,0.00307086
206,0.00244317
207,0.00304845
208,0.0026536
209,0.00334676
210,0.00298453
211,0.00354056
212,0.00298481
213,0.00335949
214,0.00281026
215,0.00321568
216,0.0026812
217,0.00322014
218,0.00265888
219,0.00322093
220,0.00271034
221,0.00335477
222,0.00288152
223,0.00346383
224,0.00300563
225,0.00371191
226,0.00346683
227,0.00423771
228,0.0040779
229,0.00459028
230,0.0041322
231,0.00429133
232,0.00347049
233,0.00361526
234,0.00273581
235,0.00315452
236,0.00239754
237,0.00314625
238,0.00250962
239,0.00331751
240,0.0027372
241,0.00334482
242,0.0026062
243,0.00304059
244,0.00220044
245,0.00288352
246,0.0021214
247,0.00283499
248,0.00221384
249,0.00295305
250,0.00217384
251,0.00290123
252,0.00229586
253,0.00298716
254,0.00219599
255,0.00294977
256,0.00219579
257,0.00297187
258,0.00220685
259,0.00299447
260,0.0022741
261,0.00298461
262,0.00230923
263,0.00310634
264,0.00232855
265,0.00314597
266,0.00239561
267,0.00322997
268,0.00250293
269,0.00339011
270,0.00275378
271,0.00350055
272,0.0027209
273,0.00339197
274,0.00249107
275,0.00313165
276,0.00222785
277,0.00299295
278,0.0022462
279,0.00300892
280,0.00232492
281,0.00315105
282,0.00238131
283,0.00309125
284,0.00224646
285,0.00288515
286,0.00216149
287,0.00294505
288,0.00240921
289,0.00315464
290,0.00252096
291,0.00304049
292,0.00234645
293,0.00294982
294,0.00216937
295,0.00289357
296,0.00223461
297,0.00295407
298,0.00243033
299,0.00313702
300,0.00266263
301,0.00325914
302,0.00271908
303,0.00317732
304,0.002572
305,0.00302757
306,0.00250824
307,0.00304226
308,0.00250757
309,0.00299872
310,0.00252481
311,0.00292806
312,0.00240597
313,0.00292752
314,0.00236536
315,0.0029387
316,0.00238762
317,0.00299062
318,0.00254989
319,0.00303607
320,0.00262161
321,0.00303933
322,0.00237915
323,0.00292384
324,0.00230286
325,0.00288062
326,0.00229413
327,0.00293955
328,0.00256733
329,0.00322977
330,0.00312539
331,0.0037844
332,0.00352522
333,0.00378587
334,0.00341267
335,0.00370381
336,0.00344545
337,0.00393382
338,0.00382507
339,0.00418629
340,0.00384844
341,0.00402115
342,0.00360603
343,0.00383179
344,0.00340539
345,0.00355099
346,0.00312358
347,0.0033719
348,0.0030555
349,0.00337183
350,0.00302806
351,0.00314694
352,0.00263041
353,0.00279254
354,0.00237077
355,0.00272832
356,0.00236707
357,0.00286829
358,0.00264313
359,0.0030972
360,0.00303546
361,0.00347471
362,0.00323574
363,0.00331282
364,0.00287126
365,0.00278847
366,0.00253032
367,0.00281439
368,0.00271346
369,0.00312882
370,0.00326558
371,0.00372186
372,0.00394766
373,0.00445393
374,0.00458449
375,0.00472901
376,0.00457723
377,0.00452603
378,0.00433546
379,0.00439171
380,0.00418001
381,0.00410948
382,0.00367701
383,0.0033773
384,0.00297519
385,0.00295151
386,0.00269333
387,0.00275732
388,0.002607
389,0.00268902
390,0.00251518
391,0.00260351
392,0.00248035
393,0.00244011
394,0.00244834
395,0.00294292
396,0.00329967
397,0.00374182
398,0.00408592
399,0.00441251
