2,-0.000240054
3,-0.000537927
4,-0.000734314
5,-0.00106127
6,-0.00132424
7,-0.00141086
8,-0.00153509
9,-0.00167011
10,-0.00183997
11,-0.00195826
12,-0.00177721
13,-0.00152175
14,-0.00126147
15,-0.00098533
16,-0.00057358
17,2.77648e-05
18,0.00088741
19,0.00183388
20,0.00232126
21,0.00405558
22,0.00626538
23,0.00814175
24,0.0100841
25,0.0119171
26,0.0136283
27,0.0155898
28,0.0176644
29,0.0196849
30,0.0215632
31,0.0233767
32,0.0253241
33,0.0273273
34,0.0292009
35,0.0309029
36,0.0324693
37,0.0339393
38,0.035357
39,0.0366904
40,0.037894
41,0.0389718
42,0.039978
43,0.0409127
44,0.0417803
45,0.0425637
46,0.0432869
47,0.0439586
48,0.0445534
49,0.0451262
50,0.0456562
51,0.0461232
52,0.0465572
53,0.0469567
54,0.047325
55,0.0476533
56,0.0479743
57,0.0482631
58,0.0485617
59,0.0488652
60,0.049177
61,0.0494906
62,0.0498254
63,0.0501757
64,0.0505241
65,0.0508569
66,0.0512135
67,0.0515807
68,0.0519528
69,0.0523532
70,0.0527653
71,0.053195
72,0.053637
73,0.0540768
74,0.0545151
75,0.0549423
76,0.055352
77,0.0557539
78,0.0561395
79,0.0565245
80,0.0569164
81,0.0573172
82,0.057718
83,0.0581137
84,0.0584965
85,0.0588731
86,0.0592367
87,0.0595832
88,0.0599045
89,0.0602226
90,0.0605309
91,0.0608508
92,0.0611776
93,0.0615087
94,0.0618373
95,0.0621533
96,0.0624565
97,0.0627337
98,0.0629872
99,0.0632152
100,0.0634272
101,0.0636457
102,0.0638591
103,0.0640796
104,0.0643032
105,0.0645224
106,0.0647359
107,0.0649396
108,0.0651325
109,0.0653085
110,0.0654697
111,0.065614
112,0.0657489
113,0.0658921
114,0.0660468
115,0.0662073
116,0.0663715
117,0.0665315
118,0.0666861
119,0.0668321
120,0.066957
121,0.0670633
122,0.0671524
123,0.0672437
124,0.067336
125,0.0674387
126,0.06755
127,0.0676574
128,0.0677646
129,0.0678675
130,0.0679656
131,0.0680542
132,0.0681274
133,0.0681856
134,0.0682381
135,0.0682998
136,0.0683706
137,0.0684519
138,0.0685467
139,0.0686352
140,0.0687267
141,0.0688084
142,0.0688853
143,0.0689506
144,0.0690072
145,0.0690581
146,0.0691022
147,0.0691625
148,0.0692333
149,0.0693207
150,0.0694081
151,0.0694942
152,0.0695786
153,0.069666
154,0.0697492
155,0.0698244
156,0.0699015
157,0.0699756
158,0.0700548
159,0.0701297
160,0.0702085
161,0.070278
162,0.0703494
163,0.0704101
164,0.0704778
165,0.0705466
166,0.0706221
167,0.0706948
168,0.0707764
169,0.0708504
170,0.0709255
171,0.070997
172,0.0710618
173,0.071114
174,0.0711592
175,0.0712087
176,0.0712616
177,0.0713267
178,0.0714017
179,0.0714756
180,0.0715555
181,0.0716282
182,0.0717044
183,0.0717663
184,0.0718167
185,0.0718521
186,0.0718784
187,0.0719061
188,0.0719355
189,0.0719754
190,0.0720256
191,0.0720795
192,0.0721332
193,0.0721833
194,0.0722273
195,0.0722607
196,0.0722827
197,0.0722909
198,0.0722985
199,0.0723199
200,0.0723514
201,0.0724005
202,0.0724498
203,0.0725059
204,0.0725601
205,0.0726233
206,0.0726757
207,0.0727212
208,0.0727573
209,0.0727836
210,0.0728129
211,0.0728565
212,0.0729122
213,0.0729727
214,0.0730294
215,0.0730844
216,0.0731339
217,0.0731873
218,0.0732329
219,0.0732828
220,0.0733266
221,0.0733678
222,0.073405
223,0.0734467
224,0.0734842
225,0.0735166
226,0.0735378
227,0.0735511
228,0.0735711
229,0.0736015
230,0.0736527
231,0.0737212
232,0.0738004
233,0.0738865
234,0.0739717
235,0.0740489
236,0.0741085
237,0.0741497
238,0.0741794
239,0.0742009
240,0.0742303
241,0.0742786
242,0.0743399
243,0.0744125
244,0.0744901
245,0.0745669
246,0.0746412
247,0.0747055
248,0.0747544
249,0.0747838
250,0.0748021
251,0.0748176
252,0.0748433
253,0.0748866
254,0.0749424
255,0.0750034
256,0.0750612
257,0.0751123
258,0.0751631
259,0.0752073
260,0.075245
261,0.0752709
262,0.0752923
263,0.0753134
264,0.075339
265,0.0753733
266,0.0754062
267,0.0754381
268,0.0754653
269,0.0754808
270,0.0755046
271,0.0755417
272,0.0755824
273,0.0756355
274,0.0756915
275,0.0757576
276,0.0758217
277,0.0758822
278,0.0759289
279,0.0759576
280,0.0759773
281,0.075993
282,0.0760202
283,0.0760662
284,0.0761266
285,0.0761947
286,0.0762691
287,0.0763427
288,0.0764074
289,0.0764622
290,0.0764985
291,0.0765175
292,0.0765323
293,0.0765441
294,0.0765726
295,0.0766146
296,0.0766677
297,0.0767254
298,0.0767823
299,0.0768369
300,0.0768882
301,0.0769362
302,0.07697
303,0.0769909
304,0.0770128
305,0.0770391
306,0.0770738
307,0.0771141
308,0.0771497
309,0.0771762
310,0.0771987
311,0.0772161
312,0.0772428
313,0.0772739
314,0.0773154
315,0.0773541
316,0.0774015
317,0.0774478
318,0.0774997
319,0.0775417
320,0.0775696
321,0.0775776
322,0.0775787
323,0.0775847
324,0.0776064
325,0.0776528
326,0.0777112
327,0.0777782
328,0.0778483
329,0.0779217
330,0.0779952
331,0.0780598
332,0.0781047
333,0.078131
334,0.0781542
335,0.0781858
336,0.0782274
337,0.0782869
338,0.0783384
339,0.0783799
340,0.0784077
341,0.0784296
342,0.0784477
343,0.0784742
344,0.0784949
345,0.0785086
346,0.0785278
347,0.0785531
348,0.0785851
349,0.0786224
350,0.0786454
351,0.0786554
352,0.0786559
353,0.0786578
354,0.078674
355,0.0787053
356,0.0787524
357,0.0788037
358,0.0788613
359,0.0789167
360,0.0789744
361,0.0790265
362,0.0790553
363,0.0790685
364,0.079067
365,0.0790666
366,0.0790799
367,0.0791226
368,0.0791804
369,0.0792432
370,0.0793087
371,0.0793703
372,0.07944
373,0.0795053
374,0.0795604
375,0.0795943
376,0.0796173
377,0.0796365
378,0.0796565
379,0.0796834
380,0.0797014
381,0.0797114
382,0.0797084
383,0.0796969
384,0.0796898
385,0.0796987
386,0.0797134
387,0.0797339
388,0.0797535
389,0.0797807
390,0.0798029
391,0.0798256
392,0.0798237
393,0.079808
394,0.0797658
395,0.079723
396,0.0796873
397,0.0796771
398,0.0796732
399,0.0796741
