2,1.0065
3,1.01362
4,1.01785
5,1.02501
6,1.03027
7,1.0317
8,1.03376
9,1.03621
10,1.03924
11,1.04126
12,1.03699
13,1.03138
14,1.02583
15,1.02009
16,1.0118
17,0.999972
18,0.983275
19,0.965244
20,0.956142
21,0.923542
22,0.882304
23,0.847766
24,0.812338
25,0.779261
26,0.748879
27,0.714215
28,0.677818
29,0.64272
30,0.61051
31,0.579729
32,0.546859
33,0.513085
34,0.481901
35,0.453788
36,0.428394
37,0.404723
38,0.382201
39,0.361156
40,0.342598
41,0.3262
42,0.311132
43,0.297319
44,0.284767
45,0.273628
46,0.263541
47,0.254361
48,0.24652
49,0.239055
50,0.232281
51,0.226585
52,0.221443
53,0.216876
54,0.212796
55,0.209404
56,0.206098
57,0.203318
58,0.200364
59,0.197311
60,0.194108
61,0.190884
62,0.187288
63,0.183431
64,0.179592
65,0.176016
66,0.172039
67,0.167886
68,0.163648
69,0.158957
70,0.154062
71,0.148909
72,0.143536
73,0.138227
74,0.132911
75,0.127802
76,0.122949
77,0.118232
78,0.113761
79,0.109308
80,0.104741
81,0.100025
82,0.0953106
83,0.0906877
84,0.0862603
85,0.0819339
86,0.0777916
87,0.0739302
88,0.0704493
89,0.06703
90,0.0637451
91,0.0602679
92,0.0566976
93,0.0530457
94,0.0494573
95,0.0460213
96,0.0427925
97,0.0399654
98,0.0375129
99,0.035422
100,0.0335802
101,0.031619
102,0.0297502
103,0.0277519
104,0.0257208
105,0.0237271
106,0.0218495
107,0.0201177
108,0.0185703
109,0.0172276
110,0.0161767
111,0.0152399
112,0.0145606
113,0.0136177
114,0.0126167
115,0.0114478
116,0.0103133
117,0.00919844
118,0.00824882
119,0.00731619
120,0.00684257
121,0.00643881
122,0.00643244
123,0.00611188
124,0.00605217
125,0.00562756
126,0.00526568
127,0.00483572
128,0.00456427
129,0.00422585
130,0.00407377
131,0.00392049
132,0.00403466
133,0.00398436
134,0.0043097
135,0.00430743
136,0.00441823
137,0.00419421
138,0.0040636
139,0.0037746
140,0.00371477
141,0.00348638
142,0.00357673
143,0.00347476
144,0.00372896
145,0.00368077
146,0.00409784
147,0.00395258
148,0.00405257
149,0.00373035
150,0.00380199
151,0.00338993
152,0.00346563
153,0.00317009
154,0.00333367
155,0.00316738
156,0.00332179
157,0.00311783
158,0.00332145
159,0.00306715
160,0.00329053
161,0.0030873
162,0.00322824
163,0.00308104
164,0.00310536
165,0.00288452
166,0.00312368
167,0.00290947
168,0.00324005
169,0.00314506
170,0.00341997
171,0.00334486
172,0.0034803
173,0.00331121
174,0.00327659
175,0.00297283
176,0.00305448
177,0.00282906
178,0.00297752
179,0.00298097
180,0.00322324
181,0.0032718
182,0.00343511
183,0.00352536
184,0.00331164
185,0.0031029
186,0.00263764
187,0.00244661
188,0.00215813
189,0.00217379
190,0.00217718
191,0.00245212
192,0.00234964
193,0.00264897
194,0.00242053
195,0.00271184
196,0.00229837
197,0.00268435
198,0.00228231
199,0.00307077
200,0.00261091
201,0.0031751
202,0.00272375
203,0.0031352
204,0.00263334
205,0.00305459
206,0.00256452
207,0.00310573
208,0.00270301
209,0.0034131
210,0.00306378
211,0.00358655
212,0.00303001
213,0.00339441
214,0.00286254
215,0.00335234
216,0.00282202
217,0.00328594
218,0.002732
219,0.00328461
220,0.00281821
221,0.00333995
222,0.00291326
223,0.00352103
224,0.00306495
225,0.00374484
226,0.00347122
227,0.0042685
228,0.00409708
229,0.00468921
230,0.00424072
231,0.00441395
232,0.00363208
233,0.0037245
234,0.00283409
235,0.00318916
236,0.00253482
237,0.00317061
238,0.0026002
239,0.00345859
240,0.00290441
241,0.0034292
242,0.0027258
243,0.00308629
244,0.00236882
245,0.00286722
246,0.00222841
247,0.00285958
248,0.00235078
249,0.00288562
250,0.00232285
251,0.00291158
252,0.00234236
253,0.00295162
254,0.00228022
255,0.00292177
256,0.00228309
257,0.00287988
258,0.0023655
259,0.00299727
260,0.00238492
261,0.00303081
262,0.00239942
263,0.00306434
264,0.00246179
265,0.00307469
266,0.00251276
267,0.0031564
268,0.00261781
269,0.00331635
270,0.00287832
271,0.00342576
272,0.00288616
273,0.00329992
274,0.00265883
275,0.00305552
276,0.00238162
277,0.00292324
278,0.00239971
279,0.00292338
280,0.00242778
281,0.0030461
282,0.00254716
283,0.00301279
284,0.00240319
285,0.00281184
286,0.00231061
287,0.00284681
288,0.00250472
289,0.0030657
290,0.00262924
291,0.00295968
292,0.00243949
293,0.00282554
294,0.00231246
295,0.00275438
296,0.00234606
297,0.00288004
298,0.00248238
299,0.00302444
300,0.00276957
301,0.00318718
302,0.00280206
303,0.00305904
304,0.00269186
305,0.00296325
306,0.00261891
307,0.00299241
308,0.0026351
309,0.00292164
310,0.00258603
311,0.00285923
312,0.00247355
313,0.00283399
314,0.00251093
315,0.00282253
316,0.00255629
317,0.00287728
318,0.00268304
319,0.00298477
320,0.00270136
321,0.0028874
322,0.00247618
323,0.00288148
324,0.0024763
325,0.00278435
326,0.0024785
327,0.00278016
328,0.00272145
329,0.00314743
330,0.00330888
331,0.00366514
332,0.00367931
333,0.0037068
334,0.00348678
335,0.00360811
336,0.0035408
337,0.00385426
338,0.00397139
339,0.00412855
340,0.00393984
341,0.00395299
342,0.00371534
343,0.00372586
344,0.00352135
345,0.00345454
346,0.003209
347,0.00327263
348,0.00314652
349,0.00331386
350,0.00312014
351,0.00304923
352,0.0027528
353,0.00271081
354,0.00246062
355,0.0026069
356,0.00246851
357,0.00274103
358,0.00275584
359,0.00305917
360,0.00314128
361,0.00343974
362,0.00336662
363,0.00323018
364,0.0029886
365,0.00278723
366,0.00261685
367,0.00271787
368,0.00281004
369,0.00313081
370,0.00333137
371,0.00372692
372,0.00405516
373,0.0044639
374,0.00470893
375,0.00478025
376,0.00467663
377,0.00456177
378,0.00443417
379,0.00443868
380,0.00427562
381,0.0040735
382,0.00375574
383,0.00333075
384,0.00303149
385,0.00285916
386,0.0027767
387,0.00273274
388,0.00264124
389,0.00267576
390,0.00260899
391,0.00261301
392,0.00251542
393,0.00243374
394,0.00252834
395,0.00297112
396,0.00341545
397,0.00379012
398,0.00412434
399,0.00457788
