2,0.000545097
3,0.000837056
4,0.000364906
5,2.24242e-05
6,-0.00027108
7,-0.000408453
8,-0.000416428
9,-0.000460483
10,-0.000435735
11,-0.000339816
12,-0.000292515
13,-0.000203288
14,4.05037e-05
15,0.000312441
16,0.000603938
17,0.00113345
18,0.00164472
19,0.00244175
20,0.00288051
21,0.00431098
22,0.00618872
23,0.00784147
24,0.00956777
25,0.0115218
26,0.0136727
27,0.0158834
28,0.0178716
29,0.0197215
30,0.0215023
31,0.0232972
32,0.0252205
33,0.027089
34,0.0288831
35,0.0305902
36,0.0322021
37,0.0337049
38,0.0351007
39,0.0364037
40,0.0376188
41,0.0387086
42,0.0397086
43,0.0406579
44,0.0415085
45,0.0422802
46,0.0429989
47,0.0436494
48,0.044262
49,0.0448065
50,0.0453256
51,0.0458037
52,0.0462251
53,0.0466199
54,0.0469822
55,0.0473279
56,0.0476434
57,0.0479348
58,0.0482383
59,0.0485297
60,0.048857
61,0.0491858
62,0.0495004
63,0.0498363
64,0.0501905
65,0.0505377
66,0.0508934
67,0.0512506
68,0.051634
69,0.0520377
70,0.0524511
71,0.0528836
72,0.0533294
73,0.0537745
74,0.0542224
75,0.0546537
76,0.0550693
77,0.0554713
78,0.0558616
79,0.0562577
80,0.0566571
81,0.057063
82,0.0574743
83,0.057877
84,0.0582697
85,0.0586522
86,0.0590203
87,0.0593717
88,0.0596997
89,0.0600234
90,0.0603408
91,0.0606646
92,0.0609992
93,0.0613361
94,0.0616738
95,0.0619931
96,0.0623036
97,0.0625872
98,0.0628523
99,0.0630895
100,0.0633118
101,0.0635343
102,0.0637591
103,0.0639842
104,0.0642151
105,0.0644359
106,0.064658
107,0.0648656
108,0.0650672
109,0.0652473
110,0.065411
111,0.065566
112,0.0657091
113,0.0658593
114,0.0660159
115,0.0661757
116,0.0663368
117,0.0664993
118,0.0666532
119,0.0667976
120,0.066926
121,0.0670363
122,0.0671296
123,0.0672269
124,0.0673149
125,0.067422
126,0.0675312
127,0.0676441
128,0.0677479
129,0.0678545
130,0.0679498
131,0.0680404
132,0.0681145
133,0.0681762
134,0.0682268
135,0.0682906
136,0.0683643
137,0.0684497
138,0.0685408
139,0.0686335
140,0.0687209
141,0.068806
142,0.0688823
143,0.0689478
144,0.069002
145,0.069052
146,0.0691011
147,0.0691591
148,0.0692317
149,0.0693153
150,0.0694034
151,0.0694901
152,0.0695744
153,0.0696604
154,0.0697389
155,0.069819
156,0.0698955
157,0.0699741
158,0.0700491
159,0.0701287
160,0.070208
161,0.0702798
162,0.0703478
163,0.0704116
164,0.0704744
165,0.0705477
166,0.0706194
167,0.070699
168,0.0707735
169,0.0708573
170,0.0709311
171,0.0710072
172,0.071067
173,0.0711193
174,0.0711683
175,0.0712192
176,0.0712731
177,0.0713373
178,0.071405
179,0.0714791
180,0.0715463
181,0.0716135
182,0.0716768
183,0.0717339
184,0.0717911
185,0.071837
186,0.0718825
187,0.0719257
188,0.0719673
189,0.0720079
190,0.0720481
191,0.072087
192,0.0721271
193,0.0721671
194,0.0722091
195,0.0722399
196,0.0722677
197,0.0722801
198,0.0723005
199,0.0723243
200,0.0723558
201,0.0724012
202,0.0724531
203,0.072506
204,0.0725615
205,0.072619
206,0.0726726
207,0.0727149
208,0.0727527
209,0.0727769
210,0.0728113
211,0.0728515
212,0.0729104
213,0.0729684
214,0.0730303
215,0.0730791
216,0.0731301
217,0.0731813
218,0.0732315
219,0.0732772
220,0.0733241
221,0.0733661
222,0.0734079
223,0.0734493
224,0.0734884
225,0.073516
226,0.0735385
227,0.0735506
228,0.0735692
229,0.0735988
230,0.0736501
231,0.0737173
232,0.0737977
233,0.0738849
234,0.0739657
235,0.0740448
236,0.0741016
237,0.0741447
238,0.0741714
239,0.0741928
240,0.0742202
241,0.0742714
242,0.0743346
243,0.0744079
244,0.0744827
245,0.0745629
246,0.0746367
247,0.0747045
248,0.0747481
249,0.0747806
250,0.0747961
251,0.0748173
252,0.0748406
253,0.0748865
254,0.0749429
255,0.0750036
256,0.0750626
257,0.0751142
258,0.0751639
259,0.0752087
260,0.0752478
261,0.0752717
262,0.0752932
263,0.0753121
264,0.0753402
265,0.0753745
266,0.0754077
267,0.0754385
268,0.07546
269,0.0754793
270,0.0755028
271,0.0755377
272,0.0755827
273,0.0756313
274,0.0756916
275,0.075756
276,0.0758192
277,0.0758813
278,0.0759221
279,0.0759527
280,0.0759728
281,0.0759877
282,0.0760153
283,0.0760605
284,0.0761221
285,0.0761917
286,0.0762657
287,0.0763398
288,0.0764069
289,0.0764618
290,0.0764991
291,0.0765184
292,0.0765283
293,0.0765448
294,0.0765734
295,0.0766164
296,0.0766721
297,0.0767262
298,0.0767855
299,0.0768387
300,0.0768899
301,0.076935
302,0.0769701
303,0.0769934
304,0.0770158
305,0.077042
306,0.0770745
307,0.0771194
308,0.077154
309,0.0771839
310,0.0772018
311,0.077218
312,0.0772438
313,0.0772778
314,0.0773162
315,0.0773593
316,0.0774023
317,0.0774529
318,0.0775047
319,0.0775452
320,0.0775723
321,0.0775767
322,0.0775792
323,0.0775829
324,0.0776081
325,0.0776506
326,0.0777111
327,0.0777761
328,0.0778514
329,0.0779228
330,0.077995
331,0.0780606
332,0.0781043
333,0.0781313
334,0.0781526
335,0.0781818
336,0.0782268
337,0.078287
338,0.0783385
339,0.0783807
340,0.0784051
341,0.0784275
342,0.0784463
343,0.0784737
344,0.0784898
345,0.0785069
346,0.0785264
347,0.0785534
348,0.078584
349,0.0786198
350,0.0786437
351,0.0786534
352,0.0786569
353,0.0786543
354,0.0786695
355,0.0787026
356,0.0787527
357,0.0788056
358,0.0788604
359,0.0789211
360,0.0789761
361,0.0790284
362,0.0790598
363,0.0790671
364,0.0790661
365,0.0790638
366,0.0790841
367,0.0791224
368,0.0791827
369,0.0792453
370,0.079315
371,0.0793803
372,0.079445
373,0.0795131
374,0.0795654
375,0.0796027
376,0.0796221
377,0.0796386
378,0.0796589
379,0.0796835
380,0.0797058
381,0.0797113
382,0.0797104
383,0.0796947
384,0.0796923
385,0.0796982
386,0.0797145
387,0.0797294
388,0.0797554
389,0.0797784
390,0.0798059
391,0.0798227
392,0.0798236
393,0.0798011
394,0.0797639
395,0.0797153
396,0.0796831
397,0.0796682
398,0.0796693
399,0.0796708
