2,0.98563
3,0.97907
4,0.991353
5,0.999649
6,1.00639
7,1.00938
8,1.00944
9,1.01028
10,1.00968
11,1.00759
12,1.00655
13,1.00474
14,0.999737
15,0.994288
16,0.988631
17,0.978264
18,0.968562
19,0.953424
20,0.94522
21,0.918294
22,0.88331
23,0.852952
24,0.821643
25,0.786448
26,0.747963
27,0.708708
28,0.673855
29,0.641813
30,0.611312
31,0.580892
32,0.548321
33,0.517061
34,0.487172
35,0.45912
36,0.432722
37,0.408591
38,0.386315
39,0.365964
40,0.347032
41,0.330515
42,0.315499
43,0.301481
44,0.289182
45,0.278241
46,0.268257
47,0.259452
48,0.251286
49,0.244285
50,0.237702
51,0.231835
52,0.2269
53,0.222402
54,0.218423
55,0.214727
56,0.211521
57,0.208688
58,0.20564
59,0.20279
60,0.199323
61,0.195837
62,0.19256
63,0.188937
64,0.184991
65,0.181178
66,0.177207
67,0.173206
68,0.168772
69,0.164024
70,0.159105
71,0.153891
72,0.148459
73,0.14304
74,0.137578
75,0.132382
76,0.127437
77,0.122703
78,0.118147
79,0.113515
80,0.108818
81,0.10403
82,0.0991316
83,0.0943956
84,0.089797
85,0.0853825
86,0.0811609
87,0.0772165
88,0.0736228
89,0.0701031
90,0.0666858
91,0.0631456
92,0.0594497
93,0.0557099
94,0.0519656
95,0.0485049
96,0.0451433
97,0.0422353
98,0.0395608
99,0.037357
100,0.0353497
101,0.0333123
102,0.031295
103,0.0291904
104,0.0270719
105,0.0250527
106,0.0230214
107,0.0212513
108,0.0195119
109,0.0181477
110,0.0169984
111,0.0159257
112,0.0151202
113,0.0140665
114,0.0130821
115,0.0118688
116,0.0108492
117,0.00961357
118,0.00871541
119,0.00771479
120,0.00724347
121,0.00667199
122,0.00665448
123,0.00624386
124,0.00631078
125,0.00579442
126,0.00552056
127,0.00495002
128,0.0048018
129,0.00430143
130,0.00428657
131,0.00400634
132,0.00416608
133,0.0041252
134,0.00446728
135,0.0043642
136,0.00453359
137,0.00424227
138,0.00417766
139,0.0037903
140,0.00383109
141,0.00352062
142,0.00360708
143,0.00351952
144,0.00382763
145,0.0037892
146,0.00406615
147,0.00399935
148,0.00408221
149,0.0038279
150,0.00372049
151,0.0034621
152,0.00349902
153,0.00330368
154,0.00333323
155,0.00323092
156,0.00328356
157,0.00322132
158,0.00324597
159,0.00316389
160,0.00331601
161,0.00328172
162,0.00322217
163,0.00319523
164,0.00319613
165,0.00315823
166,0.00312309
167,0.00312912
168,0.00321388
169,0.00326058
170,0.00334916
171,0.00342581
172,0.00341816
173,0.00328823
174,0.00313291
175,0.00298142
176,0.00288962
177,0.00281468
178,0.00295255
179,0.0029998
180,0.00316073
181,0.00307467
182,0.00323254
183,0.00304667
184,0.00310882
185,0.00284438
186,0.00272756
187,0.00260387
188,0.00248467
189,0.00247587
190,0.00238276
191,0.00243964
192,0.00241751
193,0.00243401
194,0.00239693
195,0.00254736
196,0.00239416
197,0.00272275
198,0.00256422
199,0.00289817
200,0.0027659
201,0.0030622
202,0.00285032
203,0.00305649
204,0.00282274
205,0.00298126
206,0.00275
207,0.00305214
208,0.00287466
209,0.00325587
210,0.00322348
211,0.00349882
212,0.00320354
213,0.00335705
214,0.00301028
215,0.00327467
216,0.00294817
217,0.00323338
218,0.00295035
219,0.00318501
220,0.00292114
221,0.00326218
222,0.0030357
223,0.00335017
224,0.00317642
225,0.00368666
226,0.00355112
227,0.00418461
228,0.004227
229,0.00465165
230,0.00439046
231,0.00437171
232,0.00374271
233,0.00363239
234,0.00302602
235,0.0030877
236,0.00267172
237,0.00314328
238,0.00280557
239,0.00336239
240,0.00307912
241,0.00340381
242,0.00286949
243,0.00305961
244,0.00243087
245,0.0027679
246,0.00239933
247,0.00283529
248,0.00239412
249,0.00277959
250,0.00238277
251,0.00282118
252,0.00243108
253,0.00292262
254,0.00238203
255,0.00284658
256,0.00240097
257,0.00280206
258,0.00245593
259,0.00289038
260,0.00245339
261,0.00291052
262,0.00244126
263,0.00300968
264,0.00249449
265,0.00297904
266,0.0025743
267,0.00310868
268,0.00270576
269,0.00330332
270,0.00294415
271,0.00341203
272,0.0029314
273,0.00327199
274,0.00271262
275,0.00301308
276,0.00243268
277,0.00292758
278,0.00241028
279,0.0029407
280,0.00250418
281,0.00306797
282,0.00257832
283,0.00304929
284,0.00243279
285,0.00278604
286,0.00229851
287,0.00288365
288,0.00248476
289,0.00304388
290,0.00262201
291,0.00296208
292,0.00246441
293,0.00283746
294,0.00228322
295,0.00282534
296,0.00237516
297,0.00289562
298,0.00256362
299,0.00310139
300,0.0027539
301,0.0032114
302,0.00286378
303,0.00315213
304,0.00264551
305,0.00301512
306,0.0025801
307,0.00302748
308,0.00265431
309,0.00305224
310,0.0026162
311,0.00291226
312,0.00244604
313,0.00286153
314,0.00244335
315,0.00290574
316,0.00245868
317,0.00295519
318,0.00266864
319,0.00309791
320,0.0026681
321,0.00295612
322,0.00247634
323,0.00288818
324,0.00239221
325,0.00284388
326,0.00239844
327,0.00287627
328,0.00263785
329,0.0032037
330,0.00323088
331,0.00377076
332,0.0036225
333,0.00373827
334,0.00349888
335,0.00360838
336,0.00345995
337,0.00395717
338,0.00391564
339,0.00417619
340,0.00386999
341,0.00396137
342,0.00362364
343,0.00378073
344,0.00343856
345,0.00351636
346,0.00316897
347,0.00333972
348,0.003115
349,0.00331647
350,0.00307735
351,0.00309549
352,0.00271971
353,0.00275279
354,0.00241789
355,0.00266086
356,0.00242865
357,0.00282495
358,0.00271328
359,0.00311472
360,0.00310063
361,0.00350205
362,0.00335848
363,0.00328401
364,0.00291789
365,0.00282508
366,0.00259751
367,0.00275915
368,0.00277522
369,0.00319388
370,0.00336281
371,0.00381647
372,0.00408426
373,0.00457102
374,0.00475887
375,0.00487875
376,0.00469527
377,0.00461155
378,0.00446341
379,0.00444149
380,0.00429417
381,0.00412914
382,0.00375644
383,0.00334943
384,0.00303103
385,0.00289349
386,0.00275059
387,0.00272286
388,0.00264246
389,0.00268189
390,0.0025784
391,0.00255444
392,0.00251269
393,0.0024845
394,0.00252204
395,0.00303343
396,0.00344628
397,0.00391435
398,0.00416885
399,0.00453575
