2,-0.000608187
3,-0.00113326
4,-0.00129437
5,-0.00175144
6,-0.00208955
7,-0.00233373
8,-0.00243939
9,-0.00244502
10,-0.00242431
11,-0.00233712
12,-0.00225917
13,-0.00212712
14,-0.0019567
15,-0.00157553
16,-0.000978575
17,-0.000462714
18,0.000175485
19,0.00101852
20,0.00184176
21,0.00373536
22,0.00603329
23,0.00785954
24,0.00971918
25,0.0117302
26,0.0137417
27,0.0157016
28,0.0174333
29,0.0192293
30,0.0210803
31,0.022909
32,0.0247319
33,0.0265625
34,0.0283894
35,0.0301625
36,0.0318461
37,0.0333929
38,0.0347876
39,0.0361102
40,0.0373585
41,0.0384402
42,0.0394517
43,0.0403701
44,0.041203
45,0.0419698
46,0.0426917
47,0.043352
48,0.0439478
49,0.0444915
50,0.0449958
51,0.0454588
52,0.0459018
53,0.0462906
54,0.0466557
55,0.0469997
56,0.0473321
57,0.0476204
58,0.0479155
59,0.0482127
60,0.0485347
61,0.0488464
62,0.0491757
63,0.0495042
64,0.0498619
65,0.0502132
66,0.0505701
67,0.0509285
68,0.0513186
69,0.0517271
70,0.0521426
71,0.0525838
72,0.0530314
73,0.0534773
74,0.0539297
75,0.054362
76,0.0547883
77,0.0551938
78,0.0555945
79,0.0559913
80,0.0563999
81,0.0568138
82,0.0572328
83,0.0576445
84,0.0580431
85,0.0584303
86,0.0588075
87,0.0591608
88,0.0594965
89,0.0598232
90,0.0601496
91,0.0604848
92,0.060825
93,0.0611688
94,0.0615094
95,0.0618418
96,0.0621548
97,0.0624479
98,0.0627173
99,0.0629621
100,0.0631975
101,0.0634274
102,0.0636606
103,0.063891
104,0.0641263
105,0.0643559
106,0.0645819
107,0.0647941
108,0.0650019
109,0.0651869
110,0.0653594
111,0.0655167
112,0.065669
113,0.0658237
114,0.0659845
115,0.0661455
116,0.0663083
117,0.066464
118,0.0666138
119,0.0667559
120,0.0668887
121,0.0670029
122,0.067105
123,0.0672033
124,0.0673041
125,0.0674038
126,0.0675183
127,0.0676266
128,0.0677368
129,0.0678391
130,0.0679393
131,0.068026
132,0.0681011
133,0.0681615
134,0.0682185
135,0.0682813
136,0.0683576
137,0.0684419
138,0.0685382
139,0.068628
140,0.0687191
141,0.0687996
142,0.0688767
143,0.0689419
144,0.0689989
145,0.06905
146,0.0690964
147,0.0691583
148,0.0692286
149,0.0693153
150,0.0693994
151,0.0694839
152,0.0695636
153,0.0696526
154,0.0697328
155,0.0698145
156,0.0698867
157,0.0699698
158,0.0700497
159,0.0701318
160,0.0702079
161,0.070281
162,0.0703501
163,0.0704107
164,0.0704723
165,0.0705425
166,0.0706192
167,0.0706991
168,0.0707788
169,0.0708602
170,0.0709356
171,0.0710137
172,0.0710754
173,0.0711253
174,0.071166
175,0.0712087
176,0.0712525
177,0.0713177
178,0.0713873
179,0.0714649
180,0.0715392
181,0.0716174
182,0.0716898
183,0.0717552
184,0.0718086
185,0.0718474
186,0.0718845
187,0.0719247
188,0.0719622
189,0.0720059
190,0.0720516
191,0.0720965
192,0.0721414
193,0.0721803
194,0.0722174
195,0.0722449
196,0.0722642
197,0.0722787
198,0.0722877
199,0.072312
200,0.0723495
201,0.0723994
202,0.0724509
203,0.0725022
204,0.0725602
205,0.0726177
206,0.072669
207,0.0727131
208,0.0727463
209,0.072774
210,0.0728061
211,0.0728518
212,0.0729052
213,0.0729681
214,0.0730242
215,0.0730755
216,0.0731265
217,0.073178
218,0.0732233
219,0.0732746
220,0.0733204
221,0.0733678
222,0.0734076
223,0.0734503
224,0.0734884
225,0.0735169
226,0.0735372
227,0.0735473
228,0.0735661
229,0.0735951
230,0.0736491
231,0.0737117
232,0.0737957
233,0.0738769
234,0.0739668
235,0.0740395
236,0.0741004
237,0.0741361
238,0.074166
239,0.0741851
240,0.0742147
241,0.074265
242,0.074329
243,0.0744021
244,0.0744811
245,0.0745583
246,0.0746344
247,0.0746976
248,0.0747454
249,0.0747755
250,0.0747956
251,0.0748091
252,0.0748376
253,0.0748854
254,0.0749418
255,0.0750053
256,0.075063
257,0.0751152
258,0.0751665
259,0.0752098
260,0.0752482
261,0.0752719
262,0.0752909
263,0.0753165
264,0.0753412
265,0.0753765
266,0.075406
267,0.0754398
268,0.0754579
269,0.0754813
270,0.0754994
271,0.075537
272,0.0755794
273,0.075631
274,0.0756905
275,0.075752
276,0.0758174
277,0.0758776
278,0.0759219
279,0.075946
280,0.0759661
281,0.0759816
282,0.0760102
283,0.0760559
284,0.0761163
285,0.0761877
286,0.0762628
287,0.0763392
288,0.0764049
289,0.076463
290,0.0764969
291,0.0765204
292,0.0765282
293,0.0765454
294,0.0765718
295,0.076617
296,0.0766716
297,0.0767281
298,0.0767869
299,0.0768396
300,0.0768901
301,0.0769368
302,0.0769724
303,0.0769933
304,0.0770156
305,0.0770431
306,0.0770804
307,0.0771237
308,0.0771591
309,0.0771855
310,0.0772054
311,0.0772221
312,0.0772467
313,0.0772798
314,0.0773211
315,0.0773604
316,0.0774084
317,0.077458
318,0.0775078
319,0.0775498
320,0.077573
321,0.0775791
322,0.0775774
323,0.077583
324,0.0776061
325,0.0776519
326,0.0777135
327,0.0777788
328,0.0778518
329,0.0779247
330,0.0779974
331,0.0780615
332,0.0781026
333,0.078126
334,0.0781504
335,0.0781799
336,0.0782281
337,0.0782834
338,0.0783411
339,0.07838
340,0.0784077
341,0.0784262
342,0.078446
343,0.0784705
344,0.0784899
345,0.0785068
346,0.078525
347,0.0785493
348,0.0785851
349,0.0786213
350,0.0786415
351,0.0786504
352,0.0786489
353,0.0786536
354,0.0786667
355,0.0787011
356,0.0787514
357,0.0788024
358,0.0788646
359,0.0789233
360,0.0789799
361,0.0790295
362,0.0790572
363,0.0790665
364,0.0790648
365,0.0790643
366,0.0790812
367,0.0791261
368,0.0791855
369,0.0792507
370,0.0793182
371,0.079385
372,0.0794534
373,0.0795215
374,0.0795757
375,0.0796054
376,0.0796269
377,0.0796433
378,0.0796627
379,0.0796858
380,0.0797055
381,0.0797114
382,0.0797101
383,0.0796971
384,0.0796906
385,0.0796976
386,0.0797143
387,0.0797324
388,0.0797556
389,0.0797779
390,0.0798037
391,0.0798201
392,0.0798234
393,0.0797973
394,0.0797572
395,0.0797098
396,0.0796758
397,0.079666
398,0.0796646
399,0.0796662
