2,1.01632
3,1.02865
4,1.03135
5,1.04114
6,1.04775
7,1.05224
8,1.05362
9,1.05292
10,1.05181
11,1.04932
12,1.04715
13,1.0439
14,1.04005
15,1.03205
16,1.02
17,1.00974
18,0.997288
19,0.981157
20,0.965396
21,0.929785
22,0.886829
23,0.853384
24,0.819629
25,0.783369
26,0.747383
27,0.712634
28,0.68246
29,0.65135
30,0.619661
31,0.588577
32,0.557883
33,0.527284
34,0.496863
35,0.467587
36,0.439939
37,0.41491
38,0.39261
39,0.371769
40,0.352305
41,0.335763
42,0.320557
43,0.306989
44,0.294909
45,0.284021
46,0.273914
47,0.264892
48,0.256952
49,0.249925
50,0.243558
51,0.237876
52,0.232509
53,0.228088
54,0.22404
55,0.220323
56,0.216783
57,0.213981
58,0.211048
59,0.208076
60,0.204663
61,0.201443
62,0.197895
63,0.19438
64,0.19036
65,0.186453
66,0.182438
67,0.17841
68,0.173853
69,0.169016
70,0.16404
71,0.158683
72,0.153199
73,0.147775
74,0.142208
75,0.137009
76,0.131865
77,0.127087
78,0.122351
79,0.117702
80,0.112846
81,0.107925
82,0.102904
83,0.0980181
84,0.0933192
85,0.0888245
86,0.0844578
87,0.0804798
88,0.0767604
89,0.0731986
90,0.0696267
91,0.0659184
92,0.0621296
93,0.0582701
94,0.0544905
95,0.0508075
96,0.047425
97,0.0443408
98,0.0416193
99,0.0392935
100,0.0370718
101,0.0349449
102,0.0327587
103,0.0306138
104,0.028426
105,0.0262724
106,0.0242109
107,0.0223178
108,0.0205455
109,0.019041
110,0.0177983
111,0.0166598
112,0.015718
113,0.0146062
114,0.0134998
115,0.0122959
116,0.0111969
117,0.0100667
118,0.00917418
119,0.00823821
120,0.00762974
121,0.00713975
122,0.00696048
123,0.00661907
124,0.00645584
125,0.00603913
126,0.00571205
127,0.00518948
128,0.0049208
129,0.00449041
130,0.00443201
131,0.00410298
132,0.00429487
133,0.00423442
134,0.00459715
135,0.00452545
136,0.00461474
137,0.00429532
138,0.00426841
139,0.00387306
140,0.00388219
141,0.00362991
142,0.00370736
143,0.00361024
144,0.00384316
145,0.00374465
146,0.00421532
147,0.00402461
148,0.00417345
149,0.00383235
150,0.00384557
151,0.00354779
152,0.00363764
153,0.0033549
154,0.00344508
155,0.00320694
156,0.00332051
157,0.00320395
158,0.00332111
159,0.00316894
160,0.00334411
161,0.00321854
162,0.00334496
163,0.00324054
164,0.0032885
165,0.00319964
166,0.0032542
167,0.00320918
168,0.00339382
169,0.00334333
170,0.00351867
171,0.00356508
172,0.00350005
173,0.00337774
174,0.00322818
175,0.00301311
176,0.00281815
177,0.00273706
178,0.00274735
179,0.00287201
180,0.00298488
181,0.00310773
182,0.00318755
183,0.00331479
184,0.00312554
185,0.00305169
186,0.00269018
187,0.00265935
188,0.00248993
189,0.00239122
190,0.00250309
191,0.00248465
192,0.00251481
193,0.0025063
194,0.00249918
195,0.00260718
196,0.0023448
197,0.00270525
198,0.00256502
199,0.00297643
200,0.002804
201,0.00304598
202,0.00283689
203,0.00308957
204,0.00281511
205,0.00301065
206,0.00278495
207,0.0031238
208,0.00295784
209,0.00340387
210,0.00329232
211,0.00357528
212,0.00325152
213,0.00340443
214,0.00307158
215,0.00336443
216,0.00299986
217,0.00333518
218,0.00303388
219,0.00331132
220,0.00300198
221,0.00334638
222,0.00309518
223,0.00341803
224,0.00317238
225,0.00366
226,0.00361148
227,0.00425344
228,0.00427876
229,0.0047062
230,0.00439886
231,0.00444446
232,0.00380579
233,0.00375857
234,0.00304137
235,0.0031861
236,0.002737
237,0.00317279
238,0.00289502
239,0.0034225
240,0.00322585
241,0.00345688
242,0.00295303
243,0.00304397
244,0.00255237
245,0.00277531
246,0.00242804
247,0.00269083
248,0.00251349
249,0.00281575
250,0.00247558
251,0.00287772
252,0.00254183
253,0.00283585
254,0.00244025
255,0.00279072
256,0.00244052
257,0.00279502
258,0.00254901
259,0.00286041
260,0.00260542
261,0.00293056
262,0.0025626
263,0.00299641
264,0.00257488
265,0.00296395
266,0.00265454
267,0.00303605
268,0.00275975
269,0.00324228
270,0.00298492
271,0.00337899
272,0.0029679
273,0.00333479
274,0.00280028
275,0.00305573
276,0.00254186
277,0.00280284
278,0.00240758
279,0.00289772
280,0.00255636
281,0.00302154
282,0.00268646
283,0.00301268
284,0.00249639
285,0.00279989
286,0.00239377
287,0.00281677
288,0.00260594
289,0.00296085
290,0.00272882
291,0.00296694
292,0.00257194
293,0.00275076
294,0.00240284
295,0.00274417
296,0.0024124
297,0.00280988
298,0.00260883
299,0.00299294
300,0.00278635
301,0.00318828
302,0.00293545
303,0.00307879
304,0.00276892
305,0.00299605
306,0.00273071
307,0.00302557
308,0.00271897
309,0.00293106
310,0.00265008
311,0.00283112
312,0.00251922
313,0.00283671
314,0.00257228
315,0.00286605
316,0.00262036
317,0.00292768
318,0.00273927
319,0.00300925
320,0.00278881
321,0.00291646
322,0.00253843
323,0.00279422
324,0.00248795
325,0.00285266
326,0.00250893
327,0.00283065
328,0.00275957
329,0.00316064
330,0.00330827
331,0.00371564
332,0.003632
333,0.00367326
334,0.00349675
335,0.00357358
336,0.00356022
337,0.00388859
338,0.00398516
339,0.00417831
340,0.00392662
341,0.00393314
342,0.00370204
343,0.00370762
344,0.00348666
345,0.00348414
346,0.00321641
347,0.00325823
348,0.00313462
349,0.00331016
350,0.00307063
351,0.0030487
352,0.00270528
353,0.0026667
354,0.00243386
355,0.00262563
356,0.00249647
357,0.00275859
358,0.00275899
359,0.00311439
360,0.00319415
361,0.00348336
362,0.00337828
363,0.00327003
364,0.00290856
365,0.00280691
366,0.0025685
367,0.00276843
368,0.00282517
369,0.0032336
370,0.00345811
371,0.00386024
372,0.00418268
373,0.00470077
374,0.00486889
375,0.00489271
376,0.00476304
377,0.00464762
378,0.0045225
379,0.0044674
380,0.0043246
381,0.00410611
382,0.00375109
383,0.00340631
384,0.00301455
385,0.00292522
386,0.00276517
387,0.00272978
388,0.00265803
389,0.0026443
390,0.00261368
391,0.00256282
392,0.00247557
393,0.00243326
394,0.00249937
395,0.00306732
396,0.003518
397,0.00392894
398,0.00422239
399,0.00453032
