2,0.980615
3,0.970002
4,0.981696
5,0.991378
6,0.999455
7,1.0044
8,1.00693
9,1.00912
10,1.00921
11,1.00508
12,1.00406
13,1.00292
14,0.999107
15,0.99401
16,0.985921
17,0.976564
18,0.963173
19,0.943801
20,0.937099
21,0.910694
22,0.878642
23,0.847917
24,0.815886
25,0.78266
26,0.749807
27,0.717382
28,0.68708
29,0.656953
30,0.623736
31,0.589326
32,0.557062
33,0.52684
34,0.49941
35,0.472056
36,0.446139
37,0.42176
38,0.398797
39,0.377921
40,0.359145
41,0.341941
42,0.326782
43,0.312699
44,0.300435
45,0.289032
46,0.27897
47,0.270063
48,0.26232
49,0.255034
50,0.248588
51,0.243266
52,0.238211
53,0.233183
54,0.229353
55,0.226121
56,0.222542
57,0.219051
58,0.21594
59,0.212883
60,0.209604
61,0.20669
62,0.203172
63,0.199472
64,0.195544
65,0.191728
66,0.187768
67,0.183441
68,0.178935
69,0.174157
70,0.1691
71,0.163564
72,0.158032
73,0.152416
74,0.146813
75,0.141416
76,0.136295
77,0.131448
78,0.126678
79,0.121851
80,0.116838
81,0.111803
82,0.106671
83,0.101637
84,0.0968173
85,0.0922011
86,0.0877492
87,0.0836703
88,0.079885
89,0.0761906
90,0.0725546
91,0.0687276
92,0.0648675
93,0.0608358
94,0.0569529
95,0.0531534
96,0.0497004
97,0.0464913
98,0.0436631
99,0.0411582
100,0.038864
101,0.0366361
102,0.0342944
103,0.0320685
104,0.0296882
105,0.0275535
106,0.0253614
107,0.0233494
108,0.0214975
109,0.0199089
110,0.0186235
111,0.0174646
112,0.016423
113,0.0152561
114,0.0140715
115,0.012841
116,0.0116426
117,0.0105137
118,0.00953684
119,0.00867029
120,0.00804454
121,0.00751667
122,0.00731361
123,0.00695928
124,0.00675729
125,0.00626827
126,0.0058931
127,0.00536215
128,0.0050288
129,0.00464883
130,0.00451653
131,0.00428601
132,0.00440453
133,0.00437451
134,0.00467383
135,0.00459642
136,0.0046504
137,0.00441404
138,0.00428783
139,0.00390512
140,0.00392028
141,0.00367126
142,0.00373724
143,0.00365393
144,0.00387595
145,0.0039256
146,0.00414602
147,0.00410651
148,0.00418538
149,0.00393224
150,0.00385595
151,0.00364558
152,0.00360302
153,0.00348189
154,0.00345283
155,0.00330392
156,0.00332224
157,0.00324635
158,0.00331286
159,0.00323168
160,0.00333347
161,0.0032504
162,0.00330524
163,0.00318809
164,0.00316093
165,0.00310465
166,0.00313367
167,0.0031135
168,0.00323147
169,0.00336858
170,0.00349029
171,0.00356367
172,0.00354611
173,0.00338098
174,0.00322073
175,0.00298715
176,0.0028311
177,0.00279843
178,0.00286066
179,0.00294055
180,0.0030996
181,0.00319731
182,0.0033125
183,0.00326874
184,0.00326325
185,0.00308445
186,0.00282707
187,0.0027189
188,0.00251088
189,0.00252472
190,0.00244987
191,0.00247031
192,0.00243858
193,0.00244925
194,0.00243559
195,0.002515
196,0.00241264
197,0.00271145
198,0.00264126
199,0.00296675
200,0.0028634
201,0.00310529
202,0.00289232
203,0.00311214
204,0.00287018
205,0.00310307
206,0.00283597
207,0.00316164
208,0.00304788
209,0.00341279
210,0.00334098
211,0.00361124
212,0.00336177
213,0.00344032
214,0.00318752
215,0.0033625
216,0.00318699
217,0.00331444
218,0.00316777
219,0.00325097
220,0.00308452
221,0.00330002
222,0.00315445
223,0.00333844
224,0.00321597
225,0.00362868
226,0.00366765
227,0.00422135
228,0.00435737
229,0.00462486
230,0.00448403
231,0.0044088
232,0.0038915
233,0.00363883
234,0.00319274
235,0.00319147
236,0.00284205
237,0.00320583
238,0.00301294
239,0.00346652
240,0.00331967
241,0.00347521
242,0.00308302
243,0.00305705
244,0.0026709
245,0.00277815
246,0.00255069
247,0.00271419
248,0.00254249
249,0.00272912
250,0.00253933
251,0.00276945
252,0.00267717
253,0.00273702
254,0.00255986
255,0.00272745
256,0.00260481
257,0.00273101
258,0.00271607
259,0.00277894
260,0.00264132
261,0.0027779
262,0.00266529
263,0.00274684
264,0.00271021
265,0.00286964
266,0.00275509
267,0.00296757
268,0.00291966
269,0.00316571
270,0.00316216
271,0.00328907
272,0.00313915
273,0.00314487
274,0.00293449
275,0.00286321
276,0.00269966
277,0.00273171
278,0.00270364
279,0.00277814
280,0.00273787
281,0.00296918
282,0.0028937
283,0.0029152
284,0.00266741
285,0.00262362
286,0.00257883
287,0.00264515
288,0.00273092
289,0.00283622
290,0.00290157
291,0.00276489
292,0.0027017
293,0.00262042
294,0.00257813
295,0.00261475
296,0.00263174
297,0.0027
298,0.00282391
299,0.00287915
300,0.00296658
301,0.00309541
302,0.00307607
303,0.00295407
304,0.00291423
305,0.00283781
306,0.00287088
307,0.00290689
308,0.0029829
309,0.00287401
310,0.0028613
311,0.00272546
312,0.00272771
313,0.00270711
314,0.00273268
315,0.0026987
316,0.00280387
317,0.00281727
318,0.00294168
319,0.0028909
320,0.00298698
321,0.00275663
322,0.00277417
323,0.00269182
324,0.00268934
325,0.00263387
326,0.00269276
327,0.00267709
328,0.0029299
329,0.00305652
330,0.00345877
331,0.00360877
332,0.00378564
333,0.00361231
334,0.00354074
335,0.00348315
336,0.00362922
337,0.00379795
338,0.00411918
339,0.0040511
340,0.00406834
341,0.00383829
342,0.00380096
343,0.00359983
344,0.00358608
345,0.00336366
346,0.00329825
347,0.00317175
348,0.00323606
349,0.00321427
350,0.00320518
351,0.00295752
352,0.00283653
353,0.00257693
354,0.00255933
355,0.00246457
356,0.00261432
357,0.00266868
358,0.00286712
359,0.00303345
360,0.00330237
361,0.00346595
362,0.00342658
363,0.00317736
364,0.0029672
365,0.00274941
366,0.00267252
367,0.00269955
368,0.00291172
369,0.00321895
370,0.00356634
371,0.00392535
372,0.00432599
373,0.0047088
374,0.00495265
375,0.00494415
376,0.00486626
377,0.00463787
378,0.00455712
379,0.00444383
380,0.00437753
381,0.00407394
382,0.00374888
383,0.00336423
384,0.00310107
385,0.00286039
386,0.00282351
387,0.00271443
388,0.00268317
389,0.00265004
390,0.00267642
391,0.00255432
392,0.0024833
393,0.00241382
394,0.00259026
395,0.00316682
396,0.0035226
397,0.00403916
398,0.00426826
399,0.00462201
