2,0.993804
3,0.993628
4,1.00529
5,1.0111
6,1.01418
7,1.01633
8,1.01684
9,1.01782
10,1.01656
11,1.01438
12,1.01001
13,1.00582
14,1.00567
15,1.00875
16,1.00688
17,0.997973
18,0.982347
19,0.961233
20,0.950087
21,0.916909
22,0.876503
23,0.846636
24,0.817865
25,0.786314
26,0.755184
27,0.723831
28,0.690629
29,0.656366
30,0.622157
31,0.589966
32,0.55996
33,0.531045
34,0.502537
35,0.474275
36,0.448356
37,0.424479
38,0.401964
39,0.380867
40,0.362121
41,0.345746
42,0.330874
43,0.317515
44,0.305282
45,0.29398
46,0.284037
47,0.275196
48,0.267142
49,0.260337
50,0.253971
51,0.248558
52,0.243621
53,0.239125
54,0.235073
55,0.23129
56,0.227593
57,0.224447
58,0.221416
59,0.218351
60,0.214969
61,0.211678
62,0.208466
63,0.204788
64,0.201016
65,0.19731
66,0.19318
67,0.188861
68,0.184514
69,0.179549
70,0.174361
71,0.168852
72,0.163137
73,0.157331
74,0.151616
75,0.146086
76,0.140908
77,0.135954
78,0.131162
79,0.126148
80,0.121061
81,0.115863
82,0.110598
83,0.105387
84,0.100466
85,0.0957098
86,0.0912157
87,0.0870196
88,0.0831428
89,0.0793825
90,0.0755611
91,0.0717211
92,0.0676388
93,0.0635843
94,0.0594806
95,0.0556633
96,0.0520062
97,0.0487326
98,0.0458072
99,0.0431838
100,0.0407676
101,0.0383642
102,0.0359785
103,0.0335222
104,0.0311263
105,0.0287861
106,0.0266102
107,0.0244441
108,0.0225224
109,0.0208581
110,0.0195204
111,0.0182688
112,0.0171731
113,0.0159668
114,0.0147299
115,0.0134216
116,0.0121857
117,0.010997
118,0.00999521
119,0.00906851
120,0.00842289
121,0.00785228
122,0.00760906
123,0.00720892
124,0.00696879
125,0.00644483
126,0.00607756
127,0.00545412
128,0.00519872
129,0.00480469
130,0.00466112
131,0.00445484
132,0.00453067
133,0.00456339
134,0.00473127
135,0.00471026
136,0.00474943
137,0.00445374
138,0.0042618
139,0.00402793
140,0.003979
141,0.00374312
142,0.00374414
143,0.00373594
144,0.00391077
145,0.00397
146,0.00421352
147,0.00419106
148,0.0041325
149,0.00394528
150,0.0039624
151,0.00366914
152,0.00366356
153,0.00353368
154,0.00348228
155,0.00334163
156,0.00334729
157,0.00325931
158,0.00314505
159,0.00320803
160,0.00315891
161,0.0031873
162,0.0031739
163,0.00326589
164,0.00316273
165,0.0032202
166,0.00316272
167,0.00333424
168,0.00329975
169,0.00358351
170,0.00354398
171,0.00373471
172,0.00360274
173,0.00355743
174,0.00306025
175,0.00301277
176,0.00267587
177,0.00268941
178,0.0026063
179,0.00284217
180,0.00285472
181,0.00310111
182,0.00314557
183,0.00324865
184,0.00312888
185,0.00306369
186,0.00283672
187,0.00265165
188,0.00263165
189,0.00254204
190,0.00261608
191,0.00239722
192,0.00252691
193,0.00239822
194,0.00253613
195,0.00248786
196,0.00260504
197,0.00267301
198,0.00280703
199,0.00290079
200,0.00298256
201,0.0030234
202,0.00305454
203,0.00300963
204,0.00302867
205,0.00294381
206,0.00299578
207,0.0031121
208,0.00321976
209,0.00342163
210,0.00353234
211,0.00357806
212,0.00350473
213,0.00338568
214,0.00334983
215,0.00339775
216,0.00342444
217,0.00333665
218,0.00333735
219,0.00324908
220,0.00328784
221,0.00326785
222,0.00331251
223,0.00324477
224,0.00339696
225,0.00359517
226,0.00380203
227,0.00412897
228,0.00444471
229,0.00459796
230,0.00458716
231,0.00433927
232,0.00401577
233,0.00358621
234,0.00335972
235,0.00309142
236,0.00306289
237,0.00310697
238,0.00323696
239,0.00342057
240,0.00353638
241,0.00343094
242,0.00324232
243,0.00302019
244,0.00281114
245,0.0026126
246,0.00268647
247,0.00257595
248,0.0026854
249,0.00257715
250,0.00269636
251,0.00265107
252,0.00278954
253,0.0026474
254,0.00273763
255,0.00263994
256,0.00264301
257,0.00258061
258,0.00275717
259,0.00264047
260,0.00279744
261,0.00266503
262,0.00278257
263,0.00271731
264,0.00280047
265,0.00279267
266,0.00287336
267,0.00294516
268,0.00300108
269,0.00313984
270,0.00319694
271,0.00326822
272,0.00321991
273,0.00312677
274,0.00300571
275,0.00283351
276,0.00276922
277,0.00266031
278,0.00271796
279,0.00274313
280,0.00286673
281,0.00293135
282,0.00298136
283,0.00290354
284,0.00278372
285,0.00259255
286,0.00263944
287,0.00256672
288,0.00282719
289,0.00282504
290,0.00294968
291,0.00275853
292,0.00276748
293,0.00257743
294,0.00267359
295,0.00258825
296,0.00269416
297,0.00267738
298,0.0028294
299,0.00283351
300,0.00309472
301,0.00299982
302,0.00310632
303,0.00295818
304,0.0029845
305,0.00281015
306,0.00302271
307,0.00288148
308,0.0029921
309,0.00284563
310,0.00294816
311,0.00267948
312,0.00277362
313,0.00268894
314,0.00281479
315,0.00270129
316,0.0028368
317,0.00284845
318,0.00299124
319,0.00292017
320,0.00303476
321,0.00277749
322,0.00272773
323,0.00272395
324,0.0027025
325,0.00262487
326,0.00269759
327,0.00272063
328,0.00296315
329,0.00310574
330,0.00347582
331,0.00360171
332,0.00379574
333,0.0035876
334,0.0036246
335,0.00342593
336,0.00366661
337,0.0038265
338,0.00409022
339,0.00407053
340,0.00406835
341,0.00384699
342,0.00379658
343,0.00361484
344,0.00355848
345,0.00333861
346,0.00331459
347,0.00320413
348,0.00328035
349,0.00317958
350,0.00317974
351,0.00292648
352,0.00278026
353,0.00258143
354,0.0025422
355,0.00254044
356,0.00263625
357,0.00265299
358,0.00288798
359,0.00309141
360,0.00335042
361,0.00346499
362,0.00346376
363,0.00319475
364,0.0030071
365,0.00272272
366,0.0026792
367,0.0027125
368,0.00297322
369,0.0032122
370,0.00361964
371,0.00399164
372,0.00444455
373,0.00476567
374,0.00508084
375,0.00500867
376,0.00495835
377,0.00466805
378,0.00458542
379,0.00446095
380,0.00436928
381,0.00408631
382,0.00376272
383,0.00336862
384,0.00310864
385,0.0029107
386,0.00285138
387,0.00267755
388,0.00267766
389,0.00266899
390,0.0026787
391,0.00255657
392,0.00250057
393,0.00244269
394,0.00259542
395,0.00314755
396,0.00363853
397,0.00403278
398,0.00430265
399,0.00463248
