2,0.000238143
3,0.000258954
4,-0.000209991
5,-0.000460919
6,-0.000606118
7,-0.000711831
8,-0.000746127
9,-0.000800912
10,-0.000750777
11,-0.000655702
12,-0.000442632
13,-0.000245235
14,-0.000236471
15,-0.000390622
16,-0.000290143
17,0.000175411
18,0.000986386
19,0.00209491
20,0.00266776
21,0.00442759
22,0.00658264
23,0.00821682
24,0.00980181
25,0.0115615
26,0.0133123
27,0.0150951
28,0.0169969
29,0.01897
30,0.0209565
31,0.0228387
32,0.0246161
33,0.0263407
34,0.0280589
35,0.0297704
36,0.0313607
37,0.0328427
38,0.0342522
39,0.0355901
40,0.0367944
41,0.0378696
42,0.0388588
43,0.039763
44,0.0406032
45,0.041393
46,0.0421042
47,0.042751
48,0.0433516
49,0.043879
50,0.0443817
51,0.0448271
52,0.045242
53,0.0456328
54,0.0459965
55,0.0463423
56,0.0466827
57,0.0469901
58,0.0472896
59,0.0475893
60,0.0479092
61,0.048223
62,0.0485306
63,0.0488665
64,0.0492079
65,0.049545
66,0.0499083
67,0.0502828
68,0.0506584
69,0.051073
70,0.051501
71,0.0519498
72,0.0524109
73,0.0528787
74,0.0533402
75,0.0537912
76,0.0542191
77,0.054634
78,0.0550374
79,0.0554559
80,0.0558783
81,0.0563089
82,0.0567426
83,0.0571739
84,0.0575864
85,0.0579889
86,0.0583744
87,0.0587402
88,0.059086
89,0.0594238
90,0.0597662
91,0.0601091
92,0.0604674
93,0.0608244
94,0.0611838
95,0.0615262
96,0.0618558
97,0.0621625
98,0.0624431
99,0.0627074
100,0.0629544
101,0.0632031
102,0.0634481
103,0.0636998
104,0.0639467
105,0.0641898
106,0.0644234
107,0.0646548
108,0.0648711
109,0.0650664
110,0.0652419
111,0.0654083
112,0.065568
113,0.0657303
114,0.0658984
115,0.0660682
116,0.0662368
117,0.0663993
118,0.0665554
119,0.0666981
120,0.066833
121,0.0669481
122,0.0670542
123,0.0671562
124,0.0672579
125,0.0673691
126,0.0674843
127,0.067603
128,0.0677106
129,0.0678148
130,0.0679124
131,0.0679995
132,0.0680762
133,0.0681398
134,0.0681978
135,0.0682661
136,0.0683433
137,0.0684331
138,0.0685278
139,0.0686191
140,0.0687078
141,0.0687929
142,0.0688664
143,0.0689318
144,0.0689907
145,0.0690418
146,0.069094
147,0.0691532
148,0.0692278
149,0.0693096
150,0.0693936
151,0.0694764
152,0.0695543
153,0.0696371
154,0.0697187
155,0.0697991
156,0.0698774
157,0.0699617
158,0.070047
159,0.0701298
160,0.0702111
161,0.0702838
162,0.0703472
163,0.0704063
164,0.0704704
165,0.0705376
166,0.0706202
167,0.0707002
168,0.070783
169,0.0708684
170,0.0709507
171,0.0710251
172,0.0710868
173,0.0711337
174,0.0711684
175,0.0712082
176,0.0712509
177,0.071308
178,0.0713803
179,0.0714571
180,0.0715352
181,0.0716133
182,0.0716856
183,0.0717491
184,0.0718045
185,0.0718483
186,0.0718913
187,0.0719306
188,0.0719748
189,0.0720146
190,0.0720553
191,0.0720949
192,0.0721335
193,0.0721721
194,0.0722075
195,0.0722337
196,0.072254
197,0.072268
198,0.072283
199,0.0723104
200,0.0723514
201,0.0723992
202,0.0724539
203,0.0725032
204,0.0725576
205,0.0726133
206,0.0726622
207,0.0727031
208,0.0727391
209,0.072767
210,0.0727993
211,0.0728416
212,0.0729019
213,0.072961
214,0.0730187
215,0.0730654
216,0.0731137
217,0.0731646
218,0.0732135
219,0.0732657
220,0.0733158
221,0.0733644
222,0.0734085
223,0.0734545
224,0.0734894
225,0.0735153
226,0.0735355
227,0.0735478
228,0.0735636
229,0.0735954
230,0.0736421
231,0.0737111
232,0.0737902
233,0.0738765
234,0.0739576
235,0.0740349
236,0.0740899
237,0.0741273
238,0.0741501
239,0.0741704
240,0.0742008
241,0.0742509
242,0.0743196
243,0.0743944
244,0.0744712
245,0.0745488
246,0.0746266
247,0.0746898
248,0.0747366
249,0.0747628
250,0.0747856
251,0.0748026
252,0.0748345
253,0.0748794
254,0.074942
255,0.075003
256,0.0750676
257,0.0751194
258,0.0751686
259,0.0752136
260,0.075251
261,0.0752756
262,0.0752963
263,0.075318
264,0.0753465
265,0.0753793
266,0.0754097
267,0.0754384
268,0.0754554
269,0.0754761
270,0.0754973
271,0.0755352
272,0.075578
273,0.0756281
274,0.0756874
275,0.0757547
276,0.0758174
277,0.0758735
278,0.0759142
279,0.0759376
280,0.0759524
281,0.0759695
282,0.0759985
283,0.0760457
284,0.0761097
285,0.0761803
286,0.0762598
287,0.0763353
288,0.0764079
289,0.0764645
290,0.0764993
291,0.0765179
292,0.0765267
293,0.0765435
294,0.0765746
295,0.0766233
296,0.0766742
297,0.0767314
298,0.0767865
299,0.0768417
300,0.0768928
301,0.07694
302,0.0769741
303,0.0769989
304,0.0770222
305,0.0770501
306,0.0770908
307,0.0771312
308,0.0771691
309,0.0771933
310,0.0772121
311,0.0772285
312,0.0772525
313,0.0772886
314,0.0773306
315,0.0773724
316,0.0774191
317,0.0774702
318,0.0775175
319,0.0775588
320,0.0775771
321,0.0775795
322,0.0775764
323,0.0775814
324,0.0776061
325,0.0776497
326,0.077715
327,0.077783
328,0.0778561
329,0.07793
330,0.0780003
331,0.0780614
332,0.0781026
333,0.0781255
334,0.0781467
335,0.0781775
336,0.0782253
337,0.0782851
338,0.0783418
339,0.07838
340,0.0784049
341,0.078425
342,0.0784421
343,0.0784663
344,0.0784842
345,0.078502
346,0.0785204
347,0.078549
348,0.0785806
349,0.0786172
350,0.0786339
351,0.0786451
352,0.0786399
353,0.0786431
354,0.0786598
355,0.0786955
356,0.0787512
357,0.0788061
358,0.078867
359,0.0789264
360,0.0789842
361,0.0790354
362,0.0790596
363,0.0790658
364,0.0790603
365,0.0790625
366,0.0790813
367,0.0791269
368,0.079191
369,0.0792589
370,0.0793298
371,0.0794001
372,0.0794702
373,0.079533
374,0.0795896
375,0.0796168
376,0.0796379
377,0.0796474
378,0.0796678
379,0.0796861
380,0.0797063
381,0.079712
382,0.0797075
383,0.0796979
384,0.0796926
385,0.0797016
386,0.0797181
387,0.079733
388,0.0797556
389,0.079778
390,0.079806
391,0.0798199
392,0.0798161
393,0.0797915
394,0.0797465
395,0.0797013
396,0.0796674
397,0.0796563
398,0.0796576
399,0.0796597
