2,0.976708
3,0.966074
4,0.983995
5,0.994767
6,0.998635
7,1.00047
8,1.00117
9,1.00276
10,1.00337
11,1.00278
12,0.999282
13,0.992995
14,0.989044
15,0.982882
16,0.973638
17,0.964648
18,0.951308
19,0.933928
20,0.932899
21,0.909482
22,0.880658
23,0.849673
24,0.816638
25,0.785053
26,0.753452
27,0.723113
28,0.695117
29,0.666483
30,0.635842
31,0.603372
32,0.569355
33,0.535948
34,0.5059
35,0.477011
36,0.450062
37,0.426537
38,0.404969
39,0.384726
40,0.366215
41,0.349492
42,0.334667
43,0.320998
44,0.308864
45,0.29818
46,0.288334
47,0.279639
48,0.272054
49,0.265293
50,0.259241
51,0.253505
52,0.248763
53,0.244412
54,0.240405
55,0.23668
56,0.232985
57,0.229648
58,0.226575
59,0.223293
60,0.219967
61,0.216801
62,0.213703
63,0.210257
64,0.206531
65,0.202498
66,0.198617
67,0.194366
68,0.189746
69,0.184777
70,0.179478
71,0.173808
72,0.168061
73,0.162301
74,0.156509
75,0.150872
76,0.145532
77,0.140456
78,0.13547
79,0.130401
80,0.125155
81,0.119809
82,0.114467
83,0.109133
84,0.104072
85,0.0992267
86,0.0946214
87,0.0903118
88,0.0864003
89,0.0824293
90,0.0785858
91,0.0745419
92,0.0704435
93,0.0662232
94,0.0620483
95,0.0580911
96,0.0543393
97,0.050946
98,0.047867
99,0.0452002
100,0.0426324
101,0.0401673
102,0.0376202
103,0.0351133
104,0.0325828
105,0.030146
106,0.0277647
107,0.0256244
108,0.0235371
109,0.0218666
110,0.0204365
111,0.0191628
112,0.0179444
113,0.0166948
114,0.0154253
115,0.0140291
116,0.0127539
117,0.0115061
118,0.0104435
119,0.00950271
120,0.00874249
121,0.00822667
122,0.00787815
123,0.00755087
124,0.00723647
125,0.00675895
126,0.00625622
127,0.00574955
128,0.00534406
129,0.00499481
130,0.00475525
131,0.00458405
132,0.0046713
133,0.004683
134,0.00487149
135,0.00484917
136,0.00476383
137,0.00458901
138,0.00433943
139,0.00411402
140,0.00393926
141,0.00387151
142,0.003824
143,0.00381196
144,0.00391569
145,0.00404264
146,0.00417635
147,0.00420592
148,0.0041976
149,0.00405435
150,0.00387897
151,0.00376955
152,0.00364245
153,0.00360348
154,0.00343955
155,0.00344083
156,0.00325839
157,0.00326621
158,0.00310015
159,0.00322531
160,0.00307787
161,0.00325231
162,0.00305863
163,0.00324244
164,0.00295388
165,0.00319962
166,0.00301677
167,0.00323313
168,0.00322765
169,0.00351665
170,0.00346657
171,0.00375665
172,0.00352707
173,0.00353418
174,0.00300971
175,0.00303466
176,0.00249869
177,0.00271619
178,0.00252838
179,0.00290194
180,0.00287853
181,0.00322645
182,0.00328796
183,0.00339489
184,0.00331609
185,0.00316145
186,0.00294933
187,0.00267308
188,0.00259262
189,0.00243984
190,0.00254282
191,0.00237212
192,0.00259082
193,0.00237998
194,0.0025713
195,0.00239753
196,0.00270755
197,0.00257335
198,0.00290204
199,0.00286565
200,0.00308108
201,0.002974
202,0.00309249
203,0.00300827
204,0.00314818
205,0.00297183
206,0.00315807
207,0.00306123
208,0.00336124
209,0.00334067
210,0.00367269
211,0.00352596
212,0.00364087
213,0.00341976
214,0.00355796
215,0.00339561
216,0.0035188
217,0.0033359
218,0.00344484
219,0.00321238
220,0.0033724
221,0.00313115
222,0.00331007
223,0.00316332
224,0.00345282
225,0.00349477
226,0.00386833
227,0.00413388
228,0.00453004
229,0.00457061
230,0.00463608
231,0.00430901
232,0.00409688
233,0.00354127
234,0.00341131
235,0.00305785
236,0.00313593
237,0.0030716
238,0.00336236
239,0.00342324
240,0.00361
241,0.00345366
242,0.00335433
243,0.00297861
244,0.00301198
245,0.00263955
246,0.00281058
247,0.00252532
248,0.00278639
249,0.00246642
250,0.00277255
251,0.00260036
252,0.00289857
253,0.00266133
254,0.00278594
255,0.00257913
256,0.00276048
257,0.00258836
258,0.00282324
259,0.00261382
260,0.00281634
261,0.00255807
262,0.00280685
263,0.00261644
264,0.00287249
265,0.00278397
266,0.00290009
267,0.00287429
268,0.00310251
269,0.00308486
270,0.00330485
271,0.00318872
272,0.00330549
273,0.00304637
274,0.003091
275,0.00275554
276,0.00290148
277,0.00263095
278,0.00287206
279,0.00272154
280,0.00291032
281,0.00301872
282,0.00306431
283,0.00290597
284,0.00288667
285,0.0025832
286,0.00271989
287,0.002542
288,0.00292559
289,0.00279257
290,0.00299417
291,0.00265356
292,0.00279829
293,0.00258733
294,0.00271872
295,0.00254188
296,0.00277272
297,0.00268991
298,0.00291819
299,0.00282455
300,0.00317837
301,0.00300087
302,0.0031765
303,0.00289914
304,0.00304051
305,0.00280036
306,0.00306287
307,0.00292
308,0.00314113
309,0.00282981
310,0.00298723
311,0.00267408
312,0.00287102
313,0.0026869
314,0.00287175
315,0.00271748
316,0.00294639
317,0.00282376
318,0.00306541
319,0.00294238
320,0.00307932
321,0.00277417
322,0.00282741
323,0.00271859
324,0.00270254
325,0.00258636
326,0.00274852
327,0.00268555
328,0.00301674
329,0.00309191
330,0.00352114
331,0.0035982
332,0.00383997
333,0.00356195
334,0.00362128
335,0.00340622
336,0.00367783
337,0.00377689
338,0.00415336
339,0.00405742
340,0.00411665
341,0.00380309
342,0.00377721
343,0.00358749
344,0.00353945
345,0.00334896
346,0.00330739
347,0.0031871
348,0.00325574
349,0.00314318
350,0.00319074
351,0.00286881
352,0.00280498
353,0.0025691
354,0.00257839
355,0.002514
356,0.002627
357,0.00265489
358,0.00294597
359,0.00309419
360,0.0033933
361,0.00346503
362,0.00349711
363,0.00317948
364,0.00297211
365,0.00266744
366,0.00273602
367,0.00267656
368,0.00300479
369,0.00326192
370,0.0036869
371,0.00402323
372,0.00449358
373,0.00486089
374,0.00512278
375,0.00508793
376,0.00498087
377,0.00471423
378,0.0046046
379,0.00447596
380,0.00439488
381,0.00408354
382,0.00376336
383,0.00333838
384,0.00312211
385,0.00291712
386,0.00282833
387,0.00276052
388,0.0026781
389,0.00263903
390,0.00265438
391,0.0025542
392,0.00254336
393,0.00246122
394,0.00261172
395,0.00320878
396,0.00366593
397,0.00408854
398,0.00432141
399,0.00472821
