2,1.02217
3,1.04797
4,1.05739
5,1.06342
6,1.067
7,1.06929
8,1.07006
9,1.06821
10,1.06231
11,1.05739
12,1.05323
13,1.0468
14,1.03883
15,1.02978
16,1.01903
17,1.0084
18,0.994176
19,0.975548
20,0.965229
21,0.933929
22,0.890931
23,0.855197
24,0.828832
25,0.807357
26,0.78324
27,0.756204
28,0.726067
29,0.694843
30,0.661632
31,0.625382
32,0.59051
33,0.558927
34,0.53185
35,0.507411
36,0.482534
37,0.45541
38,0.428734
39,0.404272
40,0.382876
41,0.364688
42,0.34958
43,0.335365
44,0.321645
45,0.30865
46,0.297641
47,0.287993
48,0.279617
49,0.27209
50,0.265549
51,0.260113
52,0.255058
53,0.250406
54,0.246048
55,0.242373
56,0.238589
57,0.235416
58,0.231963
59,0.228579
60,0.225065
61,0.221972
62,0.218901
63,0.215782
64,0.212082
65,0.208364
66,0.204216
67,0.199872
68,0.195128
69,0.190093
70,0.18462
71,0.178871
72,0.172953
73,0.167125
74,0.161236
75,0.155563
76,0.150084
77,0.144928
78,0.13968
79,0.134553
80,0.129176
81,0.123647
82,0.118262
83,0.11287
84,0.107742
85,0.102697
86,0.098073
87,0.0936379
88,0.0895498
89,0.0855205
90,0.081512
91,0.0773306
92,0.0731073
93,0.0687948
94,0.0645654
95,0.0604112
96,0.0565723
97,0.0530412
98,0.0499084
99,0.0471017
100,0.0445348
101,0.0419116
102,0.0393769
103,0.036643
104,0.0340613
105,0.031442
106,0.0290456
107,0.0267471
108,0.0247352
109,0.0228869
110,0.0214212
111,0.0199972
112,0.0187932
113,0.0174179
114,0.0161092
115,0.0146865
116,0.0133636
117,0.012083
118,0.0110382
119,0.00996992
120,0.00928412
121,0.00860482
122,0.00844874
123,0.00799189
124,0.00768068
125,0.00706094
126,0.0066066
127,0.00591736
128,0.00558321
129,0.00512821
130,0.00500549
131,0.0047264
132,0.00484483
133,0.004814
134,0.00499944
135,0.00492069
136,0.00494116
137,0.00464024
138,0.00454664
139,0.00420076
140,0.00422531
141,0.0039719
142,0.0039754
143,0.00388111
144,0.00409951
145,0.0040696
146,0.00433643
147,0.00430542
148,0.00429301
149,0.00407316
150,0.00412478
151,0.00388327
152,0.003859
153,0.00365104
154,0.00359871
155,0.00344912
156,0.00339314
157,0.003265
158,0.00322115
159,0.00322182
160,0.00315325
161,0.00322912
162,0.00314864
163,0.0031886
164,0.00305687
165,0.00312731
166,0.00320619
167,0.00325857
168,0.00337319
169,0.00358089
170,0.00364621
171,0.00380718
172,0.00371511
173,0.00361057
174,0.00317134
175,0.00307693
176,0.00272947
177,0.00273034
178,0.00261344
179,0.00290159
180,0.0029571
181,0.00330702
182,0.00330988
183,0.0034846
184,0.00327691
185,0.00329935
186,0.00297559
187,0.00276745
188,0.00263361
189,0.00252582
190,0.00263379
191,0.00244038
192,0.00261012
193,0.00240128
194,0.00264353
195,0.00251999
196,0.00265485
197,0.00279346
198,0.00291366
199,0.00304998
200,0.00313085
201,0.00312273
202,0.00315913
203,0.00310889
204,0.00316277
205,0.00311189
206,0.00319175
207,0.00321558
208,0.00335904
209,0.00362236
210,0.00375278
211,0.00376353
212,0.00379656
213,0.0036272
214,0.00362708
215,0.00357722
216,0.00366143
217,0.00351219
218,0.00351149
219,0.00343649
220,0.0034691
221,0.00339755
222,0.00341425
223,0.00342791
224,0.00353747
225,0.00366598
226,0.00397445
227,0.00418189
228,0.00453192
229,0.00458887
230,0.00457453
231,0.00428196
232,0.0040178
233,0.00369338
234,0.00347566
235,0.00322598
236,0.00323428
237,0.00320388
238,0.00346342
239,0.0035178
240,0.00364259
241,0.0035032
242,0.00337727
243,0.00303281
244,0.00308167
245,0.00270312
246,0.00283304
247,0.00254616
248,0.00282864
249,0.00268701
250,0.00289568
251,0.00282714
252,0.00292516
253,0.00275091
254,0.00286866
255,0.0025794
256,0.00281719
257,0.00259534
258,0.00297465
259,0.00268491
260,0.00292942
261,0.00275487
262,0.00298972
263,0.00277124
264,0.00299107
265,0.00279193
266,0.002978
267,0.00284794
268,0.00316868
269,0.00312396
270,0.00339732
271,0.00323185
272,0.00330363
273,0.003174
274,0.00319676
275,0.00297601
276,0.00298083
277,0.00271427
278,0.00294674
279,0.00275687
280,0.00305428
281,0.00297705
282,0.00311162
283,0.00284279
284,0.00296403
285,0.00262066
286,0.00284367
287,0.00261395
288,0.00296083
289,0.00268429
290,0.00303909
291,0.00263441
292,0.00294566
293,0.00259128
294,0.00282427
295,0.00252509
296,0.0029099
297,0.00267
298,0.00301719
299,0.00279653
300,0.00318828
301,0.00292773
302,0.0033279
303,0.00290912
304,0.00317474
305,0.00280994
306,0.00318879
307,0.00290625
308,0.00323011
309,0.00281731
310,0.00297338
311,0.00262555
312,0.00293718
313,0.00264346
314,0.00295909
315,0.00276809
316,0.00311319
317,0.0028485
318,0.00325212
319,0.00285136
320,0.00313185
321,0.00265401
322,0.00291537
323,0.00264202
324,0.00287818
325,0.00264408
326,0.00287019
327,0.00264432
328,0.0031364
329,0.00307157
330,0.00359097
331,0.00355616
332,0.00387959
333,0.00355412
334,0.00369523
335,0.00342992
336,0.00371718
337,0.00379401
338,0.00417864
339,0.00404139
340,0.00409063
341,0.00373862
342,0.00378512
343,0.0035216
344,0.00361652
345,0.0033004
346,0.0033644
347,0.00313292
348,0.0033736
349,0.00313316
350,0.00325304
351,0.00281529
352,0.00286164
353,0.00247855
354,0.00263286
355,0.00246567
356,0.00274906
357,0.00265791
358,0.00304661
359,0.0030887
360,0.00351783
361,0.00350751
362,0.00360028
363,0.00316842
364,0.00306677
365,0.00266715
366,0.00277431
367,0.00274522
368,0.00310468
369,0.00326896
370,0.00374341
371,0.0040712
372,0.00461309
373,0.00494035
374,0.00525886
375,0.00516364
376,0.00506517
377,0.00471992
378,0.00468917
379,0.00447603
380,0.00443239
381,0.0040743
382,0.00375732
383,0.00328287
384,0.00308557
385,0.00288687
386,0.00287015
387,0.00273422
388,0.00277811
389,0.00269987
390,0.00269678
391,0.00259387
392,0.00256349
393,0.00242733
394,0.00263237
395,0.00324142
396,0.00371009
397,0.00411841
398,0.00439824
399,0.00472608
