2,-0.00101605
3,-0.00211347
4,-0.00250066
5,-0.00296414
6,-0.00328463
7,-0.00336334
8,-0.00333921
9,-0.00325474
10,-0.00306665
11,-0.00288308
12,-0.00271783
13,-0.00255967
14,-0.00233153
15,-0.00206539
16,-0.00154643
17,-0.001045
18,-0.000342576
19,0.000489119
20,0.00125438
21,0.00294505
22,0.00495854
23,0.00656861
24,0.00807397
25,0.00950012
26,0.0109999
27,0.0126
28,0.0142254
29,0.0160509
30,0.0179198
31,0.019851
32,0.0216092
33,0.023307
34,0.0250935
35,0.026975
36,0.0288063
37,0.0305163
38,0.0321201
39,0.0336294
40,0.0350096
41,0.0363007
42,0.0374623
43,0.03854
44,0.039472
45,0.0402988
46,0.0410511
47,0.0417731
48,0.0424039
49,0.0429661
50,0.0434628
51,0.0439281
52,0.0443612
53,0.0447593
54,0.0451318
55,0.0454752
56,0.0457885
57,0.046095
58,0.0464051
59,0.0467178
60,0.0470235
61,0.0473277
62,0.0476117
63,0.0479103
64,0.0482141
65,0.0485544
66,0.0489214
67,0.0493089
68,0.0497116
69,0.0501403
70,0.0505761
71,0.0510408
72,0.0514972
73,0.0519834
74,0.0524517
75,0.0529189
76,0.0533617
77,0.0538049
78,0.05424
79,0.0546836
80,0.0551301
81,0.0555874
82,0.0560322
83,0.056472
84,0.0568993
85,0.057323
86,0.0577271
87,0.0581116
88,0.0584816
89,0.0588408
90,0.0592024
91,0.0595683
92,0.059947
93,0.0603247
94,0.0607034
95,0.0610679
96,0.0614177
97,0.0617419
98,0.0620473
99,0.0623294
100,0.0625969
101,0.0628651
102,0.0631301
103,0.0634059
104,0.0636724
105,0.0639378
106,0.0641878
107,0.0644351
108,0.06466
109,0.0648702
110,0.0650577
111,0.0652409
112,0.0654139
113,0.0655906
114,0.0657712
115,0.0659533
116,0.0661233
117,0.0662987
118,0.066456
119,0.0666117
120,0.0667469
121,0.0668713
122,0.0669792
123,0.0670831
124,0.0671928
125,0.0673088
126,0.0674362
127,0.0675591
128,0.0676727
129,0.0677795
130,0.0678775
131,0.0679653
132,0.0680439
133,0.0681103
134,0.0681778
135,0.0682459
136,0.0683304
137,0.068417
138,0.0685102
139,0.0685989
140,0.0686835
141,0.0687659
142,0.0688462
143,0.0689108
144,0.0689805
145,0.0690312
146,0.0690914
147,0.0691516
148,0.0692253
149,0.0693026
150,0.0693838
151,0.0694597
152,0.0695369
153,0.0696176
154,0.0697035
155,0.0697873
156,0.0698711
157,0.0699561
158,0.0700434
159,0.0701303
160,0.0702118
161,0.0702793
162,0.0703409
163,0.0703954
164,0.0704568
165,0.0705294
166,0.070614
167,0.070702
168,0.0707926
169,0.0708814
170,0.0709676
171,0.0710393
172,0.0710981
173,0.0711377
174,0.0711641
175,0.0711915
176,0.0712347
177,0.0712866
178,0.0713638
179,0.071446
180,0.0715353
181,0.0716207
182,0.0717013
183,0.0717654
184,0.0718234
185,0.0718611
186,0.0718959
187,0.0719253
188,0.0719612
189,0.0719993
190,0.0720413
191,0.0720837
192,0.0721254
193,0.0721677
194,0.0722065
195,0.0722361
196,0.0722576
197,0.0722695
198,0.0722837
199,0.0723073
200,0.0723413
201,0.0723893
202,0.0724421
203,0.0724946
204,0.0725492
205,0.072608
206,0.0726616
207,0.0727049
208,0.0727391
209,0.0727624
210,0.0727897
211,0.0728262
212,0.0728761
213,0.0729345
214,0.0729933
215,0.0730433
216,0.0730962
217,0.0731543
218,0.073212
219,0.0732674
220,0.0733153
221,0.0733634
222,0.0734046
223,0.0734433
224,0.0734796
225,0.0735048
226,0.0735214
227,0.0735395
228,0.0735555
229,0.0735972
230,0.0736522
231,0.0737223
232,0.0737983
233,0.0738758
234,0.0739505
235,0.0740171
236,0.0740683
237,0.0741053
238,0.0741325
239,0.074162
240,0.0741941
241,0.0742524
242,0.0743185
243,0.0743909
244,0.0744609
245,0.0745344
246,0.074601
247,0.0746642
248,0.0747153
249,0.0747461
250,0.0747676
251,0.0747926
252,0.0748288
253,0.0748798
254,0.0749402
255,0.0750033
256,0.0750596
257,0.0751146
258,0.0751657
259,0.0752146
260,0.0752574
261,0.0752845
262,0.0753042
263,0.0753209
264,0.0753466
265,0.0753724
266,0.0754035
267,0.0754264
268,0.0754474
269,0.0754686
270,0.0755008
271,0.0755391
272,0.0755878
273,0.07564
274,0.075688
275,0.0757463
276,0.0757997
277,0.075848
278,0.0758892
279,0.0759126
280,0.0759323
281,0.0759629
282,0.0760007
283,0.0760578
284,0.076124
285,0.0761921
286,0.0762585
287,0.0763232
288,0.0763895
289,0.0764398
290,0.0764793
291,0.0765007
292,0.07652
293,0.0765454
294,0.0765856
295,0.0766374
296,0.0766914
297,0.0767442
298,0.076792
299,0.0768356
300,0.0768822
301,0.0769284
302,0.0769715
303,0.0769989
304,0.0770286
305,0.0770609
306,0.0771053
307,0.0771461
308,0.0771792
309,0.0772049
310,0.0772152
311,0.077234
312,0.0772588
313,0.0773018
314,0.077349
315,0.0773929
316,0.077436
317,0.0774827
318,0.0775245
319,0.0775626
320,0.0775817
321,0.0775841
322,0.0775782
323,0.0775896
324,0.0776173
325,0.0776686
326,0.0777315
327,0.0777971
328,0.0778643
329,0.0779289
330,0.0779934
331,0.0780525
332,0.0780945
333,0.0781231
334,0.0781458
335,0.0781802
336,0.0782316
337,0.0782913
338,0.078346
339,0.0783811
340,0.0784003
341,0.0784143
342,0.0784283
343,0.0784522
344,0.0784751
345,0.0784971
346,0.0785195
347,0.0785476
348,0.0785857
349,0.0786185
350,0.0786387
351,0.0786382
352,0.0786302
353,0.0786292
354,0.0786493
355,0.0786895
356,0.0787495
357,0.0788109
358,0.0788767
359,0.0789378
360,0.0789977
361,0.0790445
362,0.079072
363,0.0790714
364,0.0790639
365,0.0790633
366,0.0790851
367,0.0791366
368,0.0792018
369,0.0792696
370,0.0793433
371,0.0794142
372,0.0794849
373,0.0795568
374,0.0796071
375,0.0796363
376,0.0796467
377,0.0796576
378,0.0796733
379,0.0796936
380,0.0797112
381,0.0797129
382,0.0797018
383,0.0796865
384,0.0796793
385,0.079692
386,0.0797123
387,0.0797357
388,0.0797598
389,0.0797889
390,0.0798135
391,0.0798322
392,0.0798246
393,0.0797955
394,0.07974
395,0.0796915
396,0.0796517
397,0.079644
398,0.0796439
399,0.0796489
