2,0.965652
3,0.94604
4,0.964809
5,0.973592
6,0.979886
7,0.984626
8,0.987169
9,0.990641
10,0.989429
11,0.987968
12,0.986447
13,0.983136
14,0.982155
15,0.977183
16,0.968995
17,0.958003
18,0.943632
19,0.931167
20,0.933961
21,0.925345
22,0.910074
23,0.890398
24,0.872544
25,0.849366
26,0.823424
27,0.794549
28,0.764142
29,0.733782
30,0.703605
31,0.673192
32,0.642007
33,0.610959
34,0.580654
35,0.551307
36,0.523178
37,0.496696
38,0.470769
39,0.44633
40,0.423371
41,0.401298
42,0.379574
43,0.358785
44,0.341108
45,0.326532
46,0.313566
47,0.302625
48,0.291961
49,0.283558
50,0.276414
51,0.270316
52,0.264959
53,0.260321
54,0.255911
55,0.251508
56,0.248076
57,0.244942
58,0.241808
59,0.238382
60,0.234969
61,0.231851
62,0.229001
63,0.226178
64,0.222528
65,0.218903
66,0.214575
67,0.209539
68,0.204584
69,0.199325
70,0.194116
71,0.188362
72,0.182547
73,0.176305
74,0.170151
75,0.164254
76,0.158789
77,0.153316
78,0.147844
79,0.142155
80,0.136444
81,0.13068
82,0.12513
83,0.119841
84,0.114697
85,0.109547
86,0.104606
87,0.0998648
88,0.0954767
89,0.0911334
90,0.0869425
91,0.0826008
92,0.078174
93,0.0735838
94,0.0691794
95,0.0648986
96,0.0609151
97,0.0572153
98,0.0538075
99,0.0507478
100,0.0478381
101,0.0450151
102,0.0421882
103,0.0392914
104,0.0364788
105,0.0338515
106,0.0313504
107,0.0289454
108,0.0268129
109,0.0248385
110,0.0232495
111,0.021678
112,0.0202768
113,0.0187663
114,0.0173062
115,0.01581
116,0.0144011
117,0.0131023
118,0.0119197
119,0.0108656
120,0.0100093
121,0.00935466
122,0.00896718
123,0.00852155
124,0.00817907
125,0.00751522
126,0.00697035
127,0.00629552
128,0.00589593
129,0.0054268
130,0.00527035
131,0.0050443
132,0.00506018
133,0.00499561
134,0.00517932
135,0.00506007
136,0.00495262
137,0.00475519
138,0.00456353
139,0.00443486
140,0.00434107
141,0.00420577
142,0.00413442
143,0.00415424
144,0.0041894
145,0.00425383
146,0.00427911
147,0.00428074
148,0.00420943
149,0.00417358
150,0.0040169
151,0.00394935
152,0.00385345
153,0.00379475
154,0.00356382
155,0.00353838
156,0.00329674
157,0.00333328
158,0.00311906
159,0.00329132
160,0.00308917
161,0.00324897
162,0.00297371
163,0.00309953
164,0.0028611
165,0.00302982
166,0.00291472
167,0.00325089
168,0.00318814
169,0.00368426
170,0.00364061
171,0.00396975
172,0.0036607
173,0.00361139
174,0.00305529
175,0.00298294
176,0.0024922
177,0.00267565
178,0.00248398
179,0.00292197
180,0.00296173
181,0.00335949
182,0.00346584
183,0.00360267
184,0.00353742
185,0.003325
186,0.00312877
187,0.00281368
188,0.00266829
189,0.00241807
190,0.00262162
191,0.00230849
192,0.00271402
193,0.00239284
194,0.00278461
195,0.00244363
196,0.00283382
197,0.00264621
198,0.00309841
199,0.00309392
200,0.00335973
201,0.00323598
202,0.00342764
203,0.00321248
204,0.00341282
205,0.00311989
206,0.0033749
207,0.0031511
208,0.00352654
209,0.00355137
210,0.00395239
211,0.00397492
212,0.00414625
213,0.00397978
214,0.00408393
215,0.00384904
216,0.00392705
217,0.00360407
218,0.00369085
219,0.00330929
220,0.00359693
221,0.00333609
222,0.00360941
223,0.0034516
224,0.00379139
225,0.00376389
226,0.00417217
227,0.00424624
228,0.00462579
229,0.00455054
230,0.0045857
231,0.00418576
232,0.00407273
233,0.00362071
234,0.00365551
235,0.00333265
236,0.0035283
237,0.00338398
238,0.00361499
239,0.00360972
240,0.00378588
241,0.00361937
242,0.00356896
243,0.00315675
244,0.00331935
245,0.00287347
246,0.00315416
247,0.00262084
248,0.00303619
249,0.00259604
250,0.00304917
251,0.00269486
252,0.00308821
253,0.00273025
254,0.00296446
255,0.00261935
256,0.00305714
257,0.00257907
258,0.00306562
259,0.00256139
260,0.0030596
261,0.00263304
262,0.00303649
263,0.00262392
264,0.00311525
265,0.0028178
266,0.00322306
267,0.0029377
268,0.00332235
269,0.00320305
270,0.00344719
271,0.00318771
272,0.00333871
273,0.0029831
274,0.00328008
275,0.00283831
276,0.00313738
277,0.0028786
278,0.00315865
279,0.00287282
280,0.00323822
281,0.00301886
282,0.00312958
283,0.00278012
284,0.00297549
285,0.00254837
286,0.0029459
287,0.00250556
288,0.00304391
289,0.00263774
290,0.00309576
291,0.00263988
292,0.00296332
293,0.00257505
294,0.0029874
295,0.00259434
296,0.00314965
297,0.00271327
298,0.00320306
299,0.00274346
300,0.00323881
301,0.00281865
302,0.00330182
303,0.00291703
304,0.00328259
305,0.00286978
306,0.0032775
307,0.00293532
308,0.00336736
309,0.00285077
310,0.00325086
311,0.00262467
312,0.0029945
313,0.00267804
314,0.00304846
315,0.00276746
316,0.00314173
317,0.00288862
318,0.00322207
319,0.00288148
320,0.00320708
321,0.00272308
322,0.00296552
323,0.0027036
324,0.00291675
325,0.00256957
326,0.00293299
327,0.00270227
328,0.00316246
329,0.00302837
330,0.00349972
331,0.00342157
332,0.00379912
333,0.00352198
334,0.0037703
335,0.00352303
336,0.00392371
337,0.00396627
338,0.00431966
339,0.00406719
340,0.00409421
341,0.00371152
342,0.0037076
343,0.00347895
344,0.00355104
345,0.00328728
346,0.00345832
347,0.00324176
348,0.00346294
349,0.00327804
350,0.00338222
351,0.0028825
352,0.00295025
353,0.00261068
354,0.00270276
355,0.00249348
356,0.002772
357,0.00274513
358,0.00315386
359,0.00319442
360,0.00363071
361,0.0036507
362,0.00376338
363,0.00332704
364,0.00327602
365,0.0027529
366,0.00293758
367,0.00284526
368,0.00320087
369,0.00338335
370,0.00386609
371,0.00419268
372,0.00470587
373,0.00505175
374,0.00539401
375,0.00529517
376,0.00516625
377,0.00485995
378,0.00478585
379,0.00457721
380,0.00452203
381,0.00413984
382,0.00379527
383,0.00326717
384,0.00300016
385,0.00285981
386,0.00276017
387,0.00275551
388,0.00283644
389,0.00275931
390,0.00278179
391,0.0026941
392,0.00261635
393,0.00250622
394,0.00270025
395,0.00330928
396,0.00384224
397,0.00432168
398,0.00455003
399,0.00483748
