2,0.00130038
3,0.00215312
4,0.00146596
5,0.0011342
6,0.000895749
7,0.000702476
8,0.000607492
9,0.000457489
10,0.00053197
11,0.000612448
12,0.000704241
13,0.000880374
14,0.000948655
15,0.00121858
16,0.0016519
17,0.00224766
18,0.00301432
19,0.00369428
20,0.00354853
21,0.00402504
22,0.00485386
23,0.00593475
24,0.00694047
25,0.00823211
26,0.00970166
27,0.0113359
28,0.0130766
29,0.0148194
30,0.016577
31,0.0183562
32,0.0201945
33,0.0220348
34,0.0238476
35,0.0256165
36,0.027321
37,0.0289512
38,0.0305473
39,0.0320807
40,0.0335134
41,0.0349191
42,0.0362805
43,0.0376096
44,0.0387426
45,0.0397058
46,0.0405718
47,0.0413259
48,0.0420606
49,0.0426649
50,0.043193
51,0.0436636
52,0.0440862
53,0.0444683
54,0.0448411
55,0.0452076
56,0.0455229
57,0.045815
58,0.0461103
59,0.0464241
60,0.046735
61,0.0470301
62,0.0473081
63,0.0475845
64,0.0479117
65,0.0482379
66,0.048607
67,0.0490212
68,0.0494294
69,0.049858
70,0.0502833
71,0.0507429
72,0.0512074
73,0.0516978
74,0.0521852
75,0.0526547
76,0.0530992
77,0.0535423
78,0.0539874
79,0.0544453
80,0.0549056
81,0.0553694
82,0.0558199
83,0.0562541
84,0.0566792
85,0.0571043
86,0.057517
87,0.0579165
88,0.0582941
89,0.0586678
90,0.0590323
91,0.0594063
92,0.0597861
93,0.0601768
94,0.0605544
95,0.0609255
96,0.0612756
97,0.0616097
98,0.0619221
99,0.0622126
100,0.0624936
101,0.062767
102,0.0630444
103,0.0633214
104,0.0635972
105,0.0638576
106,0.0641144
107,0.0643587
108,0.0645911
109,0.0648042
110,0.0649989
111,0.0651842
112,0.0653643
113,0.0655459
114,0.0657294
115,0.065911
116,0.0660912
117,0.0662619
118,0.0664247
119,0.0665783
120,0.0667214
121,0.0668464
122,0.0669594
123,0.0670663
124,0.0671751
125,0.0672963
126,0.0674203
127,0.0675447
128,0.0676587
129,0.067766
130,0.0678617
131,0.0679509
132,0.0680306
133,0.0681022
134,0.0681681
135,0.0682429
136,0.0683283
137,0.0684169
138,0.0685089
139,0.0685925
140,0.0686742
141,0.068752
142,0.0688316
143,0.0689006
144,0.0689691
145,0.069027
146,0.069091
147,0.0691548
148,0.0692295
149,0.069304
150,0.0693831
151,0.0694562
152,0.0695301
153,0.0696085
154,0.0696967
155,0.0697813
156,0.0698711
157,0.06996
158,0.0700451
159,0.0701353
160,0.0702138
161,0.0702836
162,0.070339
163,0.0703926
164,0.0704492
165,0.0705224
166,0.0706045
167,0.0706979
168,0.0707878
169,0.0708855
170,0.0709699
171,0.0710442
172,0.0711
173,0.0711373
174,0.0711638
175,0.0711934
176,0.0712325
177,0.071289
178,0.0713642
179,0.0714491
180,0.0715375
181,0.0716239
182,0.0717011
183,0.0717685
184,0.0718263
185,0.0718681
186,0.0719014
187,0.0719304
188,0.0719593
189,0.0719954
190,0.0720322
191,0.0720735
192,0.0721163
193,0.0721596
194,0.0722026
195,0.0722361
196,0.0722587
197,0.0722722
198,0.0722848
199,0.0723035
200,0.0723356
201,0.0723849
202,0.0724356
203,0.072493
204,0.0725468
205,0.0726088
206,0.0726642
207,0.0727113
208,0.0727414
209,0.0727656
210,0.0727848
211,0.0728181
212,0.072868
213,0.0729221
214,0.0729781
215,0.0730319
216,0.0730875
217,0.0731496
218,0.0732126
219,0.0732695
220,0.0733203
221,0.0733615
222,0.0733995
223,0.0734362
224,0.0734712
225,0.0734967
226,0.0735162
227,0.0735397
228,0.073559
229,0.0736004
230,0.073657
231,0.0737263
232,0.0738027
233,0.0738748
234,0.0739475
235,0.0740079
236,0.0740643
237,0.0740986
238,0.0741312
239,0.0741571
240,0.0741992
241,0.0742503
242,0.0743159
243,0.0743855
244,0.0744544
245,0.0745245
246,0.0745933
247,0.0746565
248,0.0747071
249,0.074744
250,0.0747668
251,0.0747912
252,0.0748284
253,0.0748777
254,0.0749348
255,0.0749979
256,0.075054
257,0.0751101
258,0.0751639
259,0.0752152
260,0.0752626
261,0.0752938
262,0.0753084
263,0.0753204
264,0.0753406
265,0.0753646
266,0.0753971
267,0.0754189
268,0.0754442
269,0.0754681
270,0.0755035
271,0.0755443
272,0.0755946
273,0.0756428
274,0.0756901
275,0.0757383
276,0.0757874
277,0.075834
278,0.0758727
279,0.0759032
280,0.0759317
281,0.0759619
282,0.0760096
283,0.0760667
284,0.0761339
285,0.0761988
286,0.0762567
287,0.0763172
288,0.0763744
289,0.0764274
290,0.076467
291,0.0764984
292,0.0765187
293,0.076551
294,0.0765936
295,0.076645
296,0.0766961
297,0.0767472
298,0.0767851
299,0.0768328
300,0.0768732
301,0.0769243
302,0.0769663
303,0.0770021
304,0.077033
305,0.0770653
306,0.0771071
307,0.0771481
308,0.0771844
309,0.0772033
310,0.0772165
311,0.0772329
312,0.077264
313,0.0773067
314,0.0773556
315,0.0773998
316,0.0774423
317,0.0774843
318,0.077525
319,0.07756
320,0.0775781
321,0.0775835
322,0.0775869
323,0.0775949
324,0.0776282
325,0.077678
326,0.0777393
327,0.0778032
328,0.0778625
329,0.0779233
330,0.0779857
331,0.0780429
332,0.0780902
333,0.0781219
334,0.0781501
335,0.0781869
336,0.0782386
337,0.0783
338,0.0783492
339,0.0783812
340,0.0783962
341,0.0784109
342,0.0784233
343,0.0784465
344,0.0784709
345,0.0784969
346,0.0785225
347,0.0785528
348,0.0785888
349,0.0786222
350,0.0786405
351,0.0786412
352,0.0786314
353,0.0786249
354,0.0786434
355,0.0786868
356,0.0787502
357,0.0788156
358,0.0788806
359,0.0789404
360,0.079003
361,0.0790508
362,0.0790763
363,0.0790769
364,0.0790693
365,0.0790674
366,0.0790925
367,0.0791394
368,0.0792054
369,0.0792768
370,0.0793462
371,0.0794181
372,0.0794888
373,0.0795577
374,0.0796117
375,0.0796413
376,0.079653
377,0.0796613
378,0.0796763
379,0.0796963
380,0.0797125
381,0.0797139
382,0.0796997
383,0.0796816
384,0.0796709
385,0.079688
386,0.0797048
387,0.0797366
388,0.0797614
389,0.0797918
390,0.0798169
391,0.0798369
392,0.0798296
393,0.0797984
394,0.079744
395,0.0796896
396,0.0796477
397,0.0796351
398,0.0796362
399,0.0796431
