2,0.00045161
3,0.000380707
4,-0.000644921
5,-0.00140178
6,-0.001678
7,-0.00158727
8,-0.00151946
9,-0.00144664
10,-0.00149374
11,-0.00134565
12,-0.00083569
13,-0.000520842
14,8.89104e-05
15,0.000980353
16,0.00191425
17,0.00303335
18,0.00444673
19,0.00588934
20,0.00589796
21,0.00732313
22,0.00894204
23,0.0105887
24,0.0121407
25,0.0138142
26,0.0157741
27,0.0180384
28,0.0204498
29,0.0227156
30,0.0245334
31,0.0261445
32,0.0279492
33,0.0299148
34,0.0319011
35,0.0338547
36,0.0357333
37,0.0374611
38,0.0389765
39,0.0403869
40,0.041684
41,0.042753
42,0.043694
43,0.0445346
44,0.0453214
45,0.0460563
46,0.0467335
47,0.0473133
48,0.0478493
49,0.0482742
50,0.0486318
51,0.0489938
52,0.0493521
53,0.0496681
54,0.0499936
55,0.050331
56,0.0506508
57,0.0510173
58,0.0513494
59,0.051712
60,0.0520562
61,0.0523884
62,0.0527189
63,0.0530318
64,0.0533667
65,0.0536939
66,0.0540398
67,0.0543975
68,0.0547598
69,0.0551503
70,0.055553
71,0.0559733
72,0.0563921
73,0.0567918
74,0.0571755
75,0.0575421
76,0.0578995
77,0.0582562
78,0.0586077
79,0.0589513
80,0.0592806
81,0.0596042
82,0.0599321
83,0.0602553
84,0.0605754
85,0.0608991
86,0.061198
87,0.0614816
88,0.0617503
89,0.0620169
90,0.0622741
91,0.0625336
92,0.0627873
93,0.063029
94,0.0632492
95,0.0634713
96,0.0636821
97,0.0638948
98,0.0640869
99,0.0642724
100,0.064442
101,0.0646049
102,0.064764
103,0.0649273
104,0.0650842
105,0.0652393
106,0.0653889
107,0.065538
108,0.0656778
109,0.0658147
110,0.0659366
111,0.0660596
112,0.0661762
113,0.0662967
114,0.0664211
115,0.0665504
116,0.0666712
117,0.0667938
118,0.0669144
119,0.0670358
120,0.0671548
121,0.0672567
122,0.0673527
123,0.0674415
124,0.0675291
125,0.0676199
126,0.0677132
127,0.0678059
128,0.0678918
129,0.0679788
130,0.0680602
131,0.0681354
132,0.0682056
133,0.0682683
134,0.0683276
135,0.0683911
136,0.0684612
137,0.0685327
138,0.068606
139,0.0686853
140,0.0687566
141,0.0688336
142,0.0689069
143,0.0689803
144,0.069037
145,0.0690965
146,0.0691532
147,0.069221
148,0.0693003
149,0.0693789
150,0.069462
151,0.0695448
152,0.0696237
153,0.0697021
154,0.06978
155,0.0698511
156,0.0699166
157,0.0699762
158,0.0700462
159,0.0701147
160,0.0701938
161,0.070268
162,0.0703444
163,0.070412
164,0.0704868
165,0.0705549
166,0.0706294
167,0.0706958
168,0.0707644
169,0.0708281
170,0.0708987
171,0.0709712
172,0.0710441
173,0.0711059
174,0.0711641
175,0.071222
176,0.0712848
177,0.0713512
178,0.0714243
179,0.0714944
180,0.0715612
181,0.0716313
182,0.0716948
183,0.0717568
184,0.0718012
185,0.0718369
186,0.0718593
187,0.0718891
188,0.0719207
189,0.0719613
190,0.0720103
191,0.0720614
192,0.0721128
193,0.0721653
194,0.0722098
195,0.0722517
196,0.0722824
197,0.072299
198,0.0723209
199,0.0723475
200,0.0723871
201,0.0724376
202,0.0724881
203,0.0725433
204,0.0725988
205,0.0726576
206,0.0727121
207,0.0727589
208,0.072794
209,0.0728231
210,0.0728529
211,0.0728921
212,0.0729424
213,0.0729979
214,0.0730556
215,0.0731059
216,0.07316
217,0.0732053
218,0.0732584
219,0.0732962
220,0.0733266
221,0.0733578
222,0.0733806
223,0.0734138
224,0.0734544
225,0.0734942
226,0.0735367
227,0.0735785
228,0.073624
229,0.0736796
230,0.0737444
231,0.073802
232,0.0738626
233,0.0739245
234,0.0739897
235,0.0740572
236,0.0741201
237,0.0741775
238,0.0742229
239,0.0742738
240,0.0743184
241,0.0743737
242,0.0744314
243,0.0744896
244,0.0745384
245,0.0745866
246,0.0746401
247,0.074692
248,0.0747378
249,0.0747788
250,0.0748082
251,0.0748391
252,0.0748718
253,0.0749164
254,0.0749668
255,0.075012
256,0.0750594
257,0.0751015
258,0.0751441
259,0.0751884
260,0.0752315
261,0.0752593
262,0.0752826
263,0.0753079
264,0.0753343
265,0.0753713
266,0.0754049
267,0.0754437
268,0.0754765
269,0.075509
270,0.0755481
271,0.0755934
272,0.0756424
273,0.0756852
274,0.075729
275,0.0757728
276,0.0758258
277,0.0758777
278,0.0759295
279,0.0759731
280,0.076014
281,0.0760543
282,0.0760986
283,0.0761522
284,0.0762042
285,0.0762499
286,0.0762961
287,0.0763313
288,0.0763828
289,0.0764255
290,0.0764677
291,0.0765007
292,0.0765307
293,0.0765631
294,0.0766061
295,0.0766491
296,0.0766955
297,0.0767337
298,0.0767654
299,0.0767998
300,0.076834
301,0.0768743
302,0.0769125
303,0.0769407
304,0.0769695
305,0.0770035
306,0.0770386
307,0.0770829
308,0.0771202
309,0.077153
310,0.0771773
311,0.077204
312,0.0772372
313,0.077275
314,0.0773142
315,0.0773464
316,0.0773753
317,0.0774122
318,0.0774526
319,0.0774917
320,0.0775242
321,0.0775573
322,0.0775803
323,0.0776107
324,0.0776482
325,0.0776951
326,0.0777478
327,0.0777955
328,0.0778517
329,0.0779031
330,0.0779658
331,0.0780237
332,0.0780785
333,0.0781276
334,0.0781698
335,0.0782193
336,0.0782681
337,0.078319
338,0.0783556
339,0.0783821
340,0.0783956
341,0.0784083
342,0.0784223
343,0.0784397
344,0.0784636
345,0.0784823
346,0.0785024
347,0.0785288
348,0.0785668
349,0.0785992
350,0.0786287
351,0.0786475
352,0.078659
353,0.0786732
354,0.0786945
355,0.078728
356,0.0787685
357,0.078807
358,0.0788462
359,0.0788918
360,0.0789322
361,0.078978
362,0.0790098
363,0.0790318
364,0.0790434
365,0.0790605
366,0.0790899
367,0.0791367
368,0.0791874
369,0.0792402
370,0.0792916
371,0.0793377
372,0.0793918
373,0.0794474
374,0.0794963
375,0.0795299
376,0.0795552
377,0.079581
378,0.0796099
379,0.0796435
380,0.0796706
381,0.0796854
382,0.0796842
383,0.0796762
384,0.0796733
385,0.079686
386,0.0797056
387,0.0797198
388,0.0797428
389,0.0797568
390,0.0797795
391,0.0798025
392,0.0798146
393,0.0798159
394,0.0797945
395,0.0797755
396,0.0797659
397,0.0797705
398,0.0797852
399,0.0797908
