2,1.00877
3,1.01622
4,1.02479
5,1.03754
6,1.04563
7,1.05021
8,1.05415
9,1.0611
10,1.06341
11,1.05942
12,1.05215
13,1.04287
14,1.03087
15,1.01783
16,1.00545
17,0.991391
18,0.972161
19,0.949936
20,0.939004
21,0.900367
22,0.858927
23,0.831097
24,0.804572
25,0.777679
26,0.749207
27,0.718563
28,0.685772
29,0.649681
30,0.613155
31,0.579819
32,0.547753
33,0.517272
34,0.485574
35,0.45292
36,0.420598
37,0.388446
38,0.358444
39,0.332264
40,0.309437
41,0.289838
42,0.270735
43,0.25482
44,0.240515
45,0.227739
46,0.216816
47,0.20766
48,0.200311
49,0.194365
50,0.188731
51,0.184546
52,0.180626
53,0.17723
54,0.174082
55,0.170898
56,0.167709
57,0.164133
58,0.160471
59,0.156584
60,0.15309
61,0.14995
62,0.146726
63,0.143592
64,0.139739
65,0.135969
66,0.132097
67,0.128274
68,0.12433
69,0.119937
70,0.115376
71,0.110374
72,0.105249
73,0.100352
74,0.0956937
75,0.0911995
76,0.0869949
77,0.0830406
78,0.0790352
79,0.075267
80,0.0715489
81,0.0680557
82,0.0644119
83,0.0610616
84,0.0575853
85,0.0541345
86,0.0507351
87,0.047871
88,0.0450893
89,0.0425935
90,0.0399307
91,0.0373965
92,0.0346316
93,0.0321901
94,0.0298983
95,0.0280333
96,0.026049
97,0.0242628
98,0.0225799
99,0.0211719
100,0.0197909
101,0.0186437
102,0.0175071
103,0.0164704
104,0.0152156
105,0.0141553
106,0.0130472
107,0.012038
108,0.0111231
109,0.0104299
110,0.00991858
111,0.00947445
112,0.00888845
113,0.00836965
114,0.00761715
115,0.00696099
116,0.00627432
117,0.00587641
118,0.00520183
119,0.00480562
120,0.00419246
121,0.00421147
122,0.00379731
123,0.00405242
124,0.00357403
125,0.00387238
126,0.00321732
127,0.00354678
128,0.00292878
129,0.0033989
130,0.00285854
131,0.00339726
132,0.00302642
133,0.00354869
134,0.00318276
135,0.00363626
136,0.00327516
137,0.00359349
138,0.00317551
139,0.00341008
140,0.00312544
141,0.00332245
142,0.00302947
143,0.00330741
144,0.00313401
145,0.00348768
146,0.00340815
147,0.00358064
148,0.00326213
149,0.00341149
150,0.00291313
151,0.00315237
152,0.00282073
153,0.00304242
154,0.00267794
155,0.00309453
156,0.00269714
157,0.00311356
158,0.00263738
159,0.00309218
160,0.00265061
161,0.00309707
162,0.00266878
163,0.00315266
164,0.00267686
165,0.00315968
166,0.00271675
167,0.00318174
168,0.00279937
169,0.00327113
170,0.00293996
171,0.00340254
172,0.00300045
173,0.00343934
174,0.00288272
175,0.00321233
176,0.0027463
177,0.00314156
178,0.00284985
179,0.00337416
180,0.00313588
181,0.00358031
182,0.00338721
183,0.00367492
184,0.00319786
185,0.00304505
186,0.00238931
187,0.0020548
188,0.00182176
189,0.00169624
190,0.00190179
191,0.001751
192,0.002244
193,0.00192268
194,0.00236086
195,0.00192835
196,0.00228579
197,0.00175628
198,0.00227993
199,0.00204793
200,0.00253519
201,0.00212188
202,0.00243725
203,0.00199038
204,0.00235966
205,0.00174269
206,0.00231378
207,0.00179936
208,0.00228145
209,0.00217089
210,0.00265978
211,0.0025464
212,0.00283795
213,0.00250064
214,0.00259022
215,0.00238532
216,0.00236532
217,0.00223543
218,0.00234892
219,0.00233271
220,0.00244726
221,0.00277647
222,0.00290947
223,0.00317404
224,0.00319022
225,0.00332014
226,0.00331875
227,0.00357574
228,0.00333169
229,0.00348582
230,0.00306775
231,0.00312567
232,0.00266167
233,0.00283091
234,0.00231432
235,0.00258961
236,0.00204213
237,0.00254835
238,0.00201923
239,0.00265698
240,0.00204805
241,0.00262906
242,0.00196559
243,0.00257187
244,0.00194711
245,0.00259939
246,0.00204492
247,0.00264077
248,0.00208556
249,0.00273618
250,0.00205827
251,0.00270885
252,0.0021313
253,0.00286841
254,0.00210249
255,0.00283057
256,0.00223558
257,0.00284188
258,0.00225058
259,0.00286912
260,0.00220951
261,0.00282263
262,0.00222197
263,0.00286779
264,0.00236169
265,0.00295851
266,0.00251547
267,0.00304804
268,0.00254213
269,0.00304632
270,0.00255274
271,0.00292401
272,0.00249132
273,0.00282242
274,0.00247459
275,0.00278562
276,0.00245335
277,0.00269951
278,0.0024976
279,0.00274986
280,0.00248967
281,0.00263711
282,0.00246764
283,0.00260513
284,0.00245852
285,0.00259596
286,0.0024557
287,0.0026495
288,0.00257586
289,0.00265692
290,0.0025922
291,0.00273813
292,0.00256075
293,0.00264083
294,0.00255447
295,0.00264202
296,0.00261925
297,0.00270105
298,0.00266653
299,0.00269462
300,0.0025748
301,0.00272494
302,0.00253349
303,0.0027242
304,0.00253168
305,0.0026971
306,0.00245732
307,0.00277633
308,0.00261742
309,0.00284533
310,0.00262921
311,0.00280432
312,0.00238846
313,0.00276387
314,0.00238845
315,0.00275544
316,0.00242287
317,0.00280068
318,0.00236755
319,0.00283589
320,0.00241649
321,0.00295406
322,0.00235682
323,0.0029219
324,0.0023429
325,0.00288666
326,0.00244994
327,0.00298305
328,0.00256929
329,0.00313237
330,0.00286514
331,0.00349721
332,0.00327245
333,0.00373132
334,0.00346718
335,0.00387267
336,0.0037377
337,0.00419557
338,0.00394079
339,0.00418264
340,0.0036555
341,0.00381384
342,0.00328494
343,0.00359016
344,0.00307883
345,0.00338016
346,0.00292112
347,0.00329807
348,0.00297949
349,0.00333055
350,0.00301303
351,0.003162
352,0.00269292
353,0.00288438
354,0.00251585
355,0.00275578
356,0.00254056
357,0.00286161
358,0.00273671
359,0.00303024
360,0.00307626
361,0.00323164
362,0.00320539
363,0.00308293
364,0.00291449
365,0.00277846
366,0.00279089
367,0.00282759
368,0.00301089
369,0.00310826
370,0.00331769
371,0.00345191
372,0.00377006
373,0.0039781
374,0.00421443
375,0.0041416
376,0.00419227
377,0.00403953
378,0.00406698
379,0.00401094
380,0.00416534
381,0.0038224
382,0.00364771
383,0.00317682
384,0.00310072
385,0.00286093
386,0.00294418
387,0.00274914
388,0.00287254
389,0.00275708
390,0.00284198
391,0.00275427
392,0.0028427
393,0.00269607
394,0.00273588
395,0.00286612
396,0.0031074
397,0.00331893
398,0.00336842
399,0.00381952
