2,-0.000320406
3,-0.000640238
4,-0.00101687
5,-0.00158806
6,-0.00199036
7,-0.00222638
8,-0.0024523
9,-0.00280655
10,-0.00295313
11,-0.00279563
12,-0.00246907
13,-0.00203273
14,-0.00144906
15,-0.000801681
16,-0.000170992
17,0.000560173
18,0.00157128
19,0.00276253
20,0.00334743
21,0.00542647
22,0.0076775
23,0.0092149
24,0.0106923
25,0.0122038
26,0.0138104
27,0.015561
28,0.0174465
29,0.0195583
30,0.021681
31,0.0236755
32,0.0255857
33,0.0274357
34,0.0293642
35,0.0313565
36,0.0333451
37,0.035337
38,0.037197
39,0.0388534
40,0.0402941
41,0.0415737
42,0.0428103
43,0.043875
44,0.0448303
45,0.0457035
46,0.0464665
47,0.0471194
48,0.0476561
49,0.0481207
50,0.0485517
51,0.0489142
52,0.0492492
53,0.049562
54,0.0498554
55,0.0501533
56,0.0504531
57,0.0507854
58,0.051113
59,0.0514659
60,0.0517889
61,0.0520935
62,0.0524034
63,0.052708
64,0.0530571
65,0.053401
66,0.0537516
67,0.0541009
68,0.0544556
69,0.05484
70,0.0552331
71,0.0556565
72,0.056084
73,0.0565009
74,0.0568992
75,0.0572892
76,0.0576601
77,0.058015
78,0.0583722
79,0.058717
80,0.0590546
81,0.0593821
82,0.0597145
83,0.060033
84,0.0603548
85,0.0606803
86,0.0609962
87,0.0612837
88,0.0615589
89,0.0618206
90,0.0620875
91,0.0623515
92,0.0626253
93,0.0628807
94,0.0631234
95,0.0633402
96,0.063563
97,0.0637727
98,0.0639753
99,0.0641577
100,0.0643403
101,0.0645068
102,0.0646726
103,0.064831
104,0.0650021
105,0.0651638
106,0.0653256
107,0.0654828
108,0.0656326
109,0.0657651
110,0.0658878
111,0.0660053
112,0.066126
113,0.0662522
114,0.0663821
115,0.0665188
116,0.0666453
117,0.0667699
118,0.0668924
119,0.0670176
120,0.0671336
121,0.0672343
122,0.0673259
123,0.0674113
124,0.0674996
125,0.0675923
126,0.0676905
127,0.0677847
128,0.0678791
129,0.0679715
130,0.0680587
131,0.0681332
132,0.0682005
133,0.0682567
134,0.068317
135,0.068378
136,0.0684457
137,0.0685223
138,0.0686031
139,0.0686816
140,0.0687575
141,0.0688366
142,0.068909
143,0.0689772
144,0.0690339
145,0.0690904
146,0.0691369
147,0.0692044
148,0.0692796
149,0.0693687
150,0.0694544
151,0.0695408
152,0.0696247
153,0.0697054
154,0.0697817
155,0.0698544
156,0.0699173
157,0.06998
158,0.0700483
159,0.070118
160,0.0701956
161,0.0702697
162,0.0703417
163,0.070409
164,0.0704795
165,0.0705504
166,0.0706224
167,0.0706936
168,0.0707625
169,0.0708324
170,0.070906
171,0.0709766
172,0.0710486
173,0.0711117
174,0.07116
175,0.0712111
176,0.071273
177,0.0713395
178,0.0714144
179,0.0714915
180,0.0715665
181,0.0716428
182,0.0717126
183,0.0717749
184,0.0718162
185,0.0718415
186,0.0718555
187,0.0718748
188,0.0719021
189,0.0719471
190,0.0719991
191,0.0720585
192,0.0721218
193,0.0721809
194,0.0722302
195,0.0722718
196,0.0722896
197,0.0723049
198,0.0723082
199,0.0723291
200,0.0723618
201,0.0724149
202,0.0724738
203,0.0725372
204,0.0726017
205,0.0726678
206,0.0727277
207,0.0727716
208,0.0728009
209,0.07282
210,0.0728402
211,0.0728752
212,0.0729256
213,0.0729823
214,0.0730436
215,0.073102
216,0.0731624
217,0.0732175
218,0.0732676
219,0.0733083
220,0.0733393
221,0.0733564
222,0.0733822
223,0.073409
224,0.07345
225,0.0734902
226,0.0735299
227,0.0735689
228,0.0736175
229,0.0736732
230,0.0737363
231,0.0738008
232,0.0738633
233,0.0739254
234,0.0739919
235,0.0740576
236,0.0741173
237,0.0741709
238,0.074216
239,0.0742568
240,0.0743064
241,0.074358
242,0.074419
243,0.0744789
244,0.0745359
245,0.0745932
246,0.0746475
247,0.0747037
248,0.0747489
249,0.0747862
250,0.0748102
251,0.0748321
252,0.0748625
253,0.0749075
254,0.0749563
255,0.0750062
256,0.0750578
257,0.0751022
258,0.0751556
259,0.0752024
260,0.0752434
261,0.0752706
262,0.0752884
263,0.0752992
264,0.0753267
265,0.075358
266,0.075395
267,0.0754332
268,0.0754687
269,0.0755049
270,0.0755469
271,0.0755928
272,0.0756432
273,0.0756879
274,0.0757266
275,0.0757687
276,0.0758181
277,0.0758738
278,0.0759241
279,0.0759648
280,0.0760064
281,0.0760482
282,0.0760959
283,0.0761513
284,0.0762049
285,0.0762505
286,0.0762944
287,0.0763363
288,0.0763824
289,0.0764285
290,0.0764702
291,0.0765043
292,0.0765336
293,0.0765625
294,0.0766045
295,0.0766519
296,0.0766938
297,0.076735
298,0.0767655
299,0.0767978
300,0.0768372
301,0.0768762
302,0.0769159
303,0.0769461
304,0.0769751
305,0.0770039
306,0.0770462
307,0.0770867
308,0.0771226
309,0.0771538
310,0.0771774
311,0.0772037
312,0.0772333
313,0.0772746
314,0.0773129
315,0.0773489
316,0.0773831
317,0.0774191
318,0.0774592
319,0.0774995
320,0.0775336
321,0.0775555
322,0.0775752
323,0.077603
324,0.0776392
325,0.0776903
326,0.0777447
327,0.0777981
328,0.0778486
329,0.0779067
330,0.0779656
331,0.0780324
332,0.0780788
333,0.0781277
334,0.0781685
335,0.0782129
336,0.0782658
337,0.0783139
338,0.0783529
339,0.0783807
340,0.0783915
341,0.0784066
342,0.0784187
343,0.0784442
344,0.0784657
345,0.0784911
346,0.0785139
347,0.0785408
348,0.0785779
349,0.0786154
350,0.07864
351,0.0786486
352,0.0786512
353,0.0786604
354,0.0786798
355,0.0787143
356,0.0787609
357,0.0788059
358,0.0788535
359,0.0789025
360,0.0789552
361,0.0789965
362,0.0790291
363,0.0790411
364,0.0790452
365,0.0790529
366,0.0790807
367,0.0791254
368,0.0791857
369,0.0792394
370,0.0792926
371,0.0793441
372,0.0793998
373,0.0794596
374,0.0795046
375,0.079539
376,0.0795627
377,0.0795854
378,0.079616
379,0.0796483
380,0.0796772
381,0.0796866
382,0.0796814
383,0.0796723
384,0.0796662
385,0.0796807
386,0.0796994
387,0.0797251
388,0.0797477
389,0.0797724
390,0.0797983
391,0.0798244
392,0.0798369
393,0.0798237
394,0.0797949
395,0.0797608
396,0.0797424
397,0.0797434
398,0.0797549
399,0.0797621
