2,0.991861
3,0.988908
4,0.99893
5,1.0074
6,1.01552
7,1.02507
8,1.032
9,1.03443
10,1.03285
11,1.0287
12,1.02525
13,1.0202
14,1.01261
15,1.00388
16,0.996878
17,0.988484
18,0.980614
19,0.972437
20,0.966686
21,0.938481
22,0.899036
23,0.865421
24,0.831743
25,0.796712
26,0.762038
27,0.726944
28,0.689636
29,0.651628
30,0.614139
31,0.577966
32,0.542815
33,0.508959
34,0.475567
35,0.442832
36,0.411728
37,0.383264
38,0.356637
39,0.331281
40,0.308548
41,0.288593
42,0.270164
43,0.253571
44,0.239028
45,0.226994
46,0.216154
47,0.206802
48,0.199159
49,0.192651
50,0.1871
51,0.182762
52,0.179146
53,0.17604
54,0.173398
55,0.171175
56,0.168928
57,0.166141
58,0.16289
59,0.159742
60,0.156599
61,0.153425
62,0.150348
63,0.147113
64,0.143503
65,0.139639
66,0.135921
67,0.131927
68,0.127869
69,0.123419
70,0.118948
71,0.114112
72,0.109239
73,0.104275
74,0.0995704
75,0.0949628
76,0.0907063
77,0.0865425
78,0.0826643
79,0.0786499
80,0.0749475
81,0.0711654
82,0.0677162
83,0.0642018
84,0.0608238
85,0.0572749
86,0.0538726
87,0.0506374
88,0.0478738
89,0.0451491
90,0.0426228
91,0.0399254
92,0.0372927
93,0.0345354
94,0.0320474
95,0.0297686
96,0.0277744
97,0.0258843
98,0.0242719
99,0.022757
100,0.0214022
101,0.0200857
102,0.0188248
103,0.0176703
104,0.0164146
105,0.0152335
106,0.0140164
107,0.0129527
108,0.0118477
109,0.011023
110,0.0104832
111,0.0100699
112,0.00958073
113,0.00897303
114,0.00829848
115,0.00743772
116,0.00675152
117,0.00605299
118,0.00554621
119,0.00497705
120,0.00460676
121,0.00438005
122,0.00431481
123,0.00412723
124,0.004083
125,0.00390955
126,0.00366411
127,0.00358034
128,0.00330471
129,0.00330476
130,0.00305102
131,0.00317234
132,0.00312906
133,0.00333556
134,0.00333324
135,0.00353021
136,0.00345809
137,0.00354676
138,0.00331363
139,0.00338029
140,0.00314079
141,0.00328901
142,0.00311244
143,0.00330796
144,0.00324904
145,0.00343469
146,0.00358019
147,0.00361876
148,0.00341167
149,0.00339897
150,0.00310241
151,0.00308342
152,0.00292504
153,0.00295556
154,0.00279866
155,0.00301199
156,0.00282866
157,0.0029026
158,0.00279022
159,0.00293653
160,0.00283546
161,0.00291426
162,0.00285204
163,0.00291608
164,0.0029459
165,0.00289782
166,0.0029712
167,0.00298328
168,0.00307093
169,0.00304433
170,0.0031978
171,0.0031628
172,0.00330724
173,0.00315556
174,0.00316083
175,0.00289215
176,0.00295345
177,0.00279994
178,0.00313903
179,0.00301872
180,0.00344002
181,0.00349961
182,0.00380191
183,0.00365867
184,0.00351214
185,0.00287739
186,0.0023403
187,0.00184112
188,0.0014926
189,0.0015998
190,0.00146641
191,0.00203152
192,0.00179655
193,0.00239642
194,0.00203377
195,0.00253259
196,0.00184543
197,0.00248802
198,0.00180369
199,0.00279349
200,0.00213876
201,0.0029504
202,0.00207925
203,0.00275268
204,0.0018107
205,0.00261763
206,0.00175179
207,0.00269879
208,0.00185051
209,0.00299939
210,0.00240778
211,0.00329273
212,0.00259558
213,0.00318226
214,0.00234485
215,0.00294498
216,0.00206863
217,0.00282877
218,0.00206415
219,0.00287817
220,0.00229969
221,0.00322443
222,0.00276252
223,0.00357083
224,0.00303966
225,0.00372039
226,0.00326519
227,0.00392484
228,0.00342355
229,0.00388414
230,0.0031101
231,0.00351542
232,0.00270369
233,0.00312673
234,0.00234799
235,0.00293245
236,0.00209755
237,0.00282206
238,0.00213839
239,0.00292669
240,0.00225217
241,0.00282878
242,0.00215333
243,0.00270358
244,0.00205184
245,0.00268391
246,0.00213755
247,0.00277083
248,0.00229123
249,0.00284396
250,0.00229316
251,0.00286039
252,0.00235118
253,0.00287019
254,0.00232862
255,0.00285663
256,0.00226659
257,0.00283473
258,0.00237233
259,0.00288509
260,0.00236919
261,0.0029607
262,0.00240155
263,0.00303012
264,0.00249862
265,0.0031193
266,0.00258895
267,0.00310046
268,0.00255679
269,0.00314201
270,0.0025532
271,0.00311673
272,0.00257382
273,0.0030686
274,0.00251731
275,0.00301226
276,0.0024529
277,0.0029483
278,0.00234696
279,0.0028816
280,0.0023666
281,0.00287496
282,0.00234548
283,0.00284896
284,0.0023063
285,0.00283706
286,0.00239118
287,0.00286748
288,0.00249809
289,0.00288574
290,0.00252687
291,0.00293783
292,0.00254434
293,0.00281707
294,0.00256941
295,0.00282395
296,0.00256514
297,0.00285436
298,0.00252963
299,0.00283812
300,0.00260866
301,0.00282383
302,0.00267172
303,0.00287265
304,0.00265559
305,0.00274152
306,0.00263084
307,0.00273184
308,0.00269192
309,0.0026843
310,0.00264406
311,0.00264421
312,0.00257078
313,0.00260405
314,0.00264585
315,0.00261068
316,0.00266879
317,0.00260673
318,0.0027118
319,0.00258623
320,0.00273776
321,0.00260711
322,0.00270294
323,0.00253621
324,0.00267258
325,0.00249037
326,0.00270008
327,0.00256375
328,0.00286578
329,0.00278489
330,0.00320983
331,0.00325053
332,0.00360615
333,0.00345486
334,0.00376645
335,0.00354275
336,0.00390967
337,0.00385962
338,0.00412261
339,0.00382482
340,0.00390193
341,0.00353067
342,0.00355612
343,0.003265
344,0.00341215
345,0.0031761
346,0.00331298
347,0.00304966
348,0.00326549
349,0.00310805
350,0.00322732
351,0.00282423
352,0.00280619
353,0.00256688
354,0.00257038
355,0.00252867
356,0.00266644
357,0.00266663
358,0.00282351
359,0.00291314
360,0.00313813
361,0.00322358
362,0.00327897
363,0.00305253
364,0.00288464
365,0.0027201
366,0.00267869
367,0.00274976
368,0.00280249
369,0.00307905
370,0.00324678
371,0.00348572
372,0.00372118
373,0.00405198
374,0.00420396
375,0.00434182
376,0.00418399
377,0.00417714
378,0.00408103
379,0.00410327
380,0.00402324
381,0.00389972
382,0.00350662
383,0.00321651
384,0.00288155
385,0.002868
386,0.00275347
387,0.00280768
388,0.00269219
389,0.00273156
390,0.00269675
391,0.00273248
392,0.00265243
393,0.00258098
394,0.00252208
395,0.002839
396,0.00307091
397,0.0034079
398,0.00354967
399,0.00382077
