2,0.000312302
3,0.000446825
4,4.95866e-05
5,-0.000310565
6,-0.000672278
7,-0.0011124
8,-0.00144871
9,-0.00158341
10,-0.00153141
11,-0.00135096
12,-0.00119905
13,-0.000967305
14,-0.000599977
15,-0.000170695
16,0.000180292
17,0.000604664
18,0.00101759
19,0.00144298
20,0.00175359
21,0.00324357
22,0.00535221
23,0.00717256
24,0.00901957
25,0.010959
26,0.0128979
27,0.0148812
28,0.0170003
29,0.0191783
30,0.0213452
31,0.0234555
32,0.0255261
33,0.027537
34,0.0295386
35,0.0315092
36,0.0334051
37,0.0351544
38,0.0368155
39,0.0384047
40,0.0398552
41,0.041146
42,0.0423573
43,0.0434638
44,0.0444547
45,0.0452994
46,0.0460777
47,0.0467685
48,0.0473578
49,0.047881
50,0.048347
51,0.0487407
52,0.0490897
53,0.0494072
54,0.0496971
55,0.0499585
56,0.0502227
57,0.0505164
58,0.0508393
59,0.051153
60,0.0514688
61,0.0517821
62,0.0520922
63,0.0524084
64,0.0527497
65,0.0531035
66,0.0534506
67,0.0538117
68,0.0541793
69,0.054568
70,0.0549606
71,0.0553732
72,0.0557906
73,0.056211
74,0.0566174
75,0.0570144
76,0.0573921
77,0.057761
78,0.0581149
79,0.0584734
80,0.0588153
81,0.0591584
82,0.0594838
83,0.0598104
84,0.0601302
85,0.0604577
86,0.0607785
87,0.061086
88,0.0613655
89,0.061639
90,0.0619016
91,0.0621723
92,0.0624411
93,0.0627163
94,0.0629742
95,0.0632164
96,0.0634409
97,0.0636578
98,0.0638575
99,0.064048
100,0.064229
101,0.0644059
102,0.0645801
103,0.0647462
104,0.0649188
105,0.0650865
106,0.0652558
107,0.0654167
108,0.0655777
109,0.0657208
110,0.0658446
111,0.0659608
112,0.066079
113,0.0662059
114,0.0663393
115,0.0664819
116,0.0666167
117,0.0667506
118,0.0668722
119,0.0669981
120,0.0671104
121,0.0672108
122,0.0673005
123,0.0673894
124,0.0674783
125,0.0675724
126,0.0676666
127,0.0677638
128,0.0678613
129,0.0679563
130,0.0680475
131,0.0681296
132,0.0681984
133,0.0682533
134,0.0683108
135,0.0683682
136,0.0684358
137,0.0685136
138,0.0685966
139,0.0686767
140,0.0687561
141,0.0688335
142,0.0689061
143,0.0689729
144,0.0690303
145,0.0690802
146,0.0691319
147,0.0691941
148,0.0692692
149,0.069356
150,0.0694442
151,0.0695335
152,0.0696177
153,0.069704
154,0.0697818
155,0.0698552
156,0.0699201
157,0.0699851
158,0.0700506
159,0.0701218
160,0.0701955
161,0.0702717
162,0.0703415
163,0.0704083
164,0.0704767
165,0.0705466
166,0.0706188
167,0.0706933
168,0.0707633
169,0.0708375
170,0.0709106
171,0.0709827
172,0.071048
173,0.0711078
174,0.0711551
175,0.0712036
176,0.0712616
177,0.0713297
178,0.071407
179,0.0714881
180,0.0715682
181,0.0716522
182,0.0717237
183,0.0717869
184,0.0718266
185,0.0718464
186,0.071858
187,0.0718686
188,0.071896
189,0.071936
190,0.0719949
191,0.0720592
192,0.072123
193,0.0721857
194,0.0722393
195,0.0722793
196,0.0722982
197,0.0723044
198,0.072307
199,0.0723212
200,0.0723547
201,0.0724025
202,0.0724634
203,0.0725314
204,0.0726013
205,0.0726703
206,0.0727284
207,0.0727733
208,0.0728005
209,0.0728181
210,0.0728377
211,0.0728697
212,0.0729174
213,0.0729756
214,0.073037
215,0.0731011
216,0.0731631
217,0.0732181
218,0.0732706
219,0.0733095
220,0.0733399
221,0.0733622
222,0.0733861
223,0.0734143
224,0.073453
225,0.0734914
226,0.0735286
227,0.0735638
228,0.0736075
229,0.0736588
230,0.073726
231,0.0737904
232,0.0738596
233,0.0739244
234,0.0739926
235,0.0740573
236,0.0741188
237,0.0741698
238,0.0742142
239,0.0742482
240,0.0742937
241,0.0743438
242,0.0744041
243,0.0744661
244,0.0745309
245,0.0745941
246,0.0746547
247,0.0747116
248,0.0747564
249,0.0747925
250,0.0748122
251,0.0748314
252,0.074858
253,0.0749009
254,0.0749466
255,0.0750041
256,0.0750531
257,0.0751076
258,0.0751588
259,0.0752081
260,0.0752463
261,0.0752741
262,0.0752884
263,0.0753014
264,0.0753236
265,0.0753543
266,0.0753905
267,0.0754309
268,0.0754665
269,0.0755013
270,0.0755428
271,0.0755904
272,0.0756341
273,0.0756776
274,0.075723
275,0.0757663
276,0.075817
277,0.0758708
278,0.0759219
279,0.0759649
280,0.0760061
281,0.0760413
282,0.07609
283,0.0761399
284,0.0761952
285,0.0762441
286,0.0762935
287,0.0763393
288,0.0763893
289,0.0764343
290,0.0764758
291,0.07651
292,0.0765372
293,0.076564
294,0.0766002
295,0.0766418
296,0.0766894
297,0.0767318
298,0.0767676
299,0.0768044
300,0.0768448
301,0.0768859
302,0.0769245
303,0.0769532
304,0.0769814
305,0.07701
306,0.0770459
307,0.0770879
308,0.0771243
309,0.0771541
310,0.07718
311,0.0772029
312,0.0772334
313,0.0772714
314,0.0773107
315,0.0773477
316,0.0773862
317,0.077424
318,0.0774664
319,0.0775078
320,0.0775391
321,0.0775622
322,0.077577
323,0.0776014
324,0.0776338
325,0.0776835
326,0.0777359
327,0.0777941
328,0.0778484
329,0.0779093
330,0.0779711
331,0.0780379
332,0.0780861
333,0.0781322
334,0.0781691
335,0.0782102
336,0.0782574
337,0.0783063
338,0.0783479
339,0.0783745
340,0.0783917
341,0.0784066
342,0.0784252
343,0.0784498
344,0.0784726
345,0.0784972
346,0.0785242
347,0.0785482
348,0.0785855
349,0.0786166
350,0.0786412
351,0.078649
352,0.0786525
353,0.0786571
354,0.0786772
355,0.0787103
356,0.0787562
357,0.0788051
358,0.0788563
359,0.0789084
360,0.0789628
361,0.0790068
362,0.0790368
363,0.0790488
364,0.0790511
365,0.0790543
366,0.0790794
367,0.0791228
368,0.0791765
369,0.0792351
370,0.079292
371,0.0793469
372,0.0794064
373,0.0794669
374,0.0795141
375,0.0795513
376,0.0795707
377,0.0795954
378,0.0796214
379,0.0796528
380,0.0796766
381,0.0796882
382,0.0796826
383,0.0796714
384,0.0796691
385,0.0796823
386,0.0797045
387,0.0797272
388,0.0797557
389,0.0797823
390,0.0798109
391,0.0798327
392,0.0798418
393,0.0798262
394,0.0797932
395,0.0797554
396,0.0797336
397,0.0797242
398,0.0797314
399,0.079736
