2,0.000479358
3,0.000861319
4,0.00066991
5,0.000575861
6,0.000356599
7,8.3501e-05
8,-4.85081e-05
9,-0.000224397
10,-0.000374994
11,-0.000542151
12,-0.000667658
13,-0.000685892
14,-0.000539274
15,-0.000321283
16,-3.15039e-05
17,0.000459079
18,0.00117483
19,0.00203882
20,0.00247371
21,0.0039663
22,0.00586247
23,0.00775168
24,0.0097192
25,0.0117177
26,0.0137873
27,0.0158654
28,0.0179298
29,0.0199775
30,0.0220163
31,0.024053
32,0.0260945
33,0.0280971
34,0.0300119
35,0.0318355
36,0.0335557
37,0.0351654
38,0.0367044
39,0.0381328
40,0.039452
41,0.0406848
42,0.0418149
43,0.0428661
44,0.0438584
45,0.0447261
46,0.0455199
47,0.0462287
48,0.0468419
49,0.0474221
50,0.0479301
51,0.048343
52,0.0487331
53,0.0490915
54,0.0493986
55,0.0496906
56,0.0499542
57,0.0502046
58,0.0504817
59,0.0507816
60,0.0510938
61,0.0514288
62,0.0517643
63,0.0521069
64,0.0524579
65,0.0528015
66,0.0531485
67,0.0535063
68,0.0538739
69,0.0542544
70,0.0546482
71,0.05506
72,0.0554776
73,0.055898
74,0.0563131
75,0.056713
76,0.0570975
77,0.0574659
78,0.057823
79,0.0581785
80,0.0585278
81,0.0588764
82,0.0592215
83,0.0595661
84,0.059902
85,0.0602341
86,0.0605571
87,0.0608641
88,0.0611504
89,0.0614322
90,0.0617011
91,0.0619758
92,0.0622552
93,0.0625389
94,0.0628105
95,0.0630678
96,0.0633059
97,0.0635348
98,0.0637426
99,0.0639336
100,0.0641116
101,0.0642915
102,0.0644639
103,0.0646428
104,0.0648243
105,0.0650067
106,0.0651819
107,0.0653595
108,0.0655217
109,0.0656689
110,0.065798
111,0.0659143
112,0.066036
113,0.0661596
114,0.0662972
115,0.0664368
116,0.0665812
117,0.0667209
118,0.0668533
119,0.0669804
120,0.0670896
121,0.0671914
122,0.0672784
123,0.0673671
124,0.0674511
125,0.0675475
126,0.0676462
127,0.0677488
128,0.0678487
129,0.0679491
130,0.06804
131,0.068122
132,0.0681931
133,0.0682472
134,0.0682992
135,0.0683521
136,0.0684179
137,0.0684959
138,0.0685836
139,0.0686664
140,0.068755
141,0.0688324
142,0.0689094
143,0.0689711
144,0.069033
145,0.069075
146,0.0691297
147,0.0691833
148,0.0692603
149,0.0693405
150,0.0694368
151,0.0695222
152,0.0696183
153,0.0697011
154,0.0697853
155,0.0698573
156,0.0699286
157,0.0699921
158,0.0700529
159,0.0701212
160,0.0701913
161,0.0702689
162,0.0703387
163,0.0704115
164,0.0704758
165,0.0705524
166,0.0706203
167,0.0706936
168,0.0707658
169,0.0708401
170,0.0709121
171,0.0709832
172,0.0710488
173,0.0711023
174,0.0711491
175,0.0712008
176,0.0712534
177,0.0713219
178,0.0713984
179,0.071483
180,0.0715669
181,0.0716503
182,0.0717286
183,0.0717929
184,0.0718325
185,0.0718562
186,0.0718677
187,0.0718793
188,0.071901
189,0.071943
190,0.0719962
191,0.07206
192,0.0721219
193,0.0721842
194,0.0722366
195,0.0722742
196,0.0722942
197,0.0723013
198,0.0723119
199,0.0723283
200,0.0723582
201,0.0724031
202,0.0724605
203,0.0725265
204,0.0725939
205,0.0726571
206,0.0727153
207,0.0727586
208,0.0727932
209,0.0728131
210,0.0728366
211,0.0728702
212,0.0729186
213,0.0729778
214,0.0730359
215,0.0730963
216,0.0731573
217,0.0732179
218,0.0732665
219,0.0733056
220,0.0733382
221,0.0733626
222,0.0733931
223,0.0734259
224,0.0734655
225,0.0734999
226,0.0735306
227,0.0735557
228,0.0735935
229,0.0736367
230,0.0737035
231,0.0737724
232,0.073853
233,0.073922
234,0.0739981
235,0.0740618
236,0.0741238
237,0.07417
238,0.07421
239,0.0742403
240,0.0742801
241,0.0743291
242,0.0743872
243,0.0744533
244,0.0745217
245,0.074593
246,0.0746567
247,0.0747197
248,0.0747626
249,0.074794
250,0.0748113
251,0.0748287
252,0.0748539
253,0.0748969
254,0.0749457
255,0.0750009
256,0.0750543
257,0.0751089
258,0.0751581
259,0.0752079
260,0.0752469
261,0.0752761
262,0.0752917
263,0.0753066
264,0.0753261
265,0.0753592
266,0.0753953
267,0.0754344
268,0.0754642
269,0.0754967
270,0.0755329
271,0.075575
272,0.0756192
273,0.0756664
274,0.0757189
275,0.0757707
276,0.0758263
277,0.0758809
278,0.0759288
279,0.0759687
280,0.0760026
281,0.0760331
282,0.07607
283,0.0761192
284,0.0761757
285,0.0762361
286,0.076291
287,0.0763468
288,0.076399
289,0.0764512
290,0.0764863
291,0.0765139
292,0.0765333
293,0.0765546
294,0.0765875
295,0.0766263
296,0.0766727
297,0.0767252
298,0.0767723
299,0.0768204
300,0.0768633
301,0.0769082
302,0.0769389
303,0.0769665
304,0.076989
305,0.0770132
306,0.0770458
307,0.0770865
308,0.0771238
309,0.0771585
310,0.0771821
311,0.0772043
312,0.0772353
313,0.0772698
314,0.0773092
315,0.0773453
316,0.0773888
317,0.0774298
318,0.0774764
319,0.077519
320,0.0775472
321,0.0775656
322,0.0775781
323,0.077596
324,0.077626
325,0.0776681
326,0.0777262
327,0.077784
328,0.0778501
329,0.0779142
330,0.077984
331,0.0780494
332,0.0780985
333,0.0781367
334,0.0781681
335,0.078201
336,0.0782467
337,0.0782927
338,0.0783379
339,0.0783722
340,0.0783971
341,0.0784185
342,0.0784419
343,0.0784637
344,0.0784846
345,0.0785051
346,0.0785265
347,0.0785513
348,0.0785804
349,0.0786115
350,0.0786354
351,0.0786505
352,0.0786573
353,0.0786628
354,0.078681
355,0.0787168
356,0.0787569
357,0.078807
358,0.0788551
359,0.0789094
360,0.078965
361,0.0790123
362,0.0790411
363,0.0790524
364,0.0790548
365,0.0790561
366,0.0790787
367,0.0791187
368,0.0791719
369,0.0792299
370,0.0792898
371,0.0793512
372,0.0794117
373,0.0794713
374,0.0795223
375,0.0795572
376,0.0795848
377,0.0795992
378,0.0796259
379,0.0796515
380,0.0796782
381,0.0796891
382,0.079686
383,0.0796786
384,0.0796746
385,0.0796899
386,0.0797062
387,0.0797319
388,0.0797552
389,0.0797842
390,0.0798109
391,0.0798303
392,0.079836
393,0.0798212
394,0.0797911
395,0.079755
396,0.0797327
397,0.0797191
398,0.0797199
399,0.0797199
