2,1.00136
3,1.00539
4,1.01154
5,1.01793
6,1.02544
7,1.03085
8,1.03157
9,1.02954
10,1.02529
11,1.0202
12,1.01695
13,1.0177
14,1.01612
15,1.01268
16,1.00906
17,1.00363
18,0.994732
19,0.978501
20,0.963913
21,0.926487
22,0.881965
23,0.847034
24,0.814253
25,0.77963
26,0.741947
27,0.703001
28,0.665944
29,0.632079
30,0.597747
31,0.564034
32,0.530743
33,0.497434
34,0.465031
35,0.435506
36,0.40896
37,0.384361
38,0.361267
39,0.339734
40,0.320451
41,0.302093
42,0.285392
43,0.27027
44,0.256872
45,0.244905
46,0.233578
47,0.223838
48,0.215304
49,0.207891
50,0.201569
51,0.1957
52,0.191012
53,0.186953
54,0.183645
55,0.180979
56,0.178747
57,0.176464
58,0.17405
59,0.171279
60,0.168086
61,0.164646
62,0.161176
63,0.157186
64,0.153214
65,0.149515
66,0.145705
67,0.141927
68,0.137895
69,0.133585
70,0.128993
71,0.124199
72,0.119257
73,0.114304
74,0.109395
75,0.10461
76,0.100076
77,0.0958223
78,0.0917265
79,0.087704
80,0.0837343
81,0.0797641
82,0.0757662
83,0.0718768
84,0.0680215
85,0.0642759
86,0.060638
87,0.0573929
88,0.0543823
89,0.051526
90,0.0487612
91,0.0459375
92,0.042938
93,0.0398988
94,0.036975
95,0.0343365
96,0.0319095
97,0.0296827
98,0.0278637
99,0.0262804
100,0.0248525
101,0.0234859
102,0.022148
103,0.0207588
104,0.0192218
105,0.0176829
106,0.016215
107,0.0147907
108,0.0136077
109,0.0125651
110,0.0120091
111,0.0114125
112,0.0110532
113,0.0103271
114,0.0096498
115,0.00865051
116,0.00785528
117,0.00690886
118,0.0062579
119,0.00555647
120,0.00526979
121,0.00491443
122,0.00493942
123,0.00469693
124,0.00470733
125,0.00443151
126,0.0042788
127,0.00390936
128,0.00371956
129,0.00345851
130,0.0033653
131,0.00326301
132,0.0033653
133,0.00343104
134,0.00371404
135,0.00378683
136,0.00390336
137,0.00374932
138,0.00362224
139,0.00344246
140,0.003359
141,0.00324494
142,0.00331365
143,0.00319896
144,0.00337863
145,0.00342438
146,0.00368841
147,0.00371599
148,0.00371348
149,0.00350211
150,0.00336447
151,0.00314159
152,0.00307186
153,0.00291788
154,0.00290277
155,0.00285984
156,0.00292374
157,0.00284866
158,0.00291068
159,0.00283653
160,0.00285033
161,0.00281755
162,0.00289121
163,0.00288017
164,0.00290901
165,0.0028631
166,0.00293138
167,0.00292804
168,0.00297406
169,0.00310918
170,0.00310852
171,0.00323298
172,0.00318356
173,0.00319597
174,0.00294466
175,0.00292665
176,0.00270755
177,0.00284917
178,0.00285799
179,0.00313706
180,0.0032507
181,0.0036233
182,0.0037078
183,0.00381217
184,0.00353536
185,0.00311267
186,0.00248878
187,0.00199263
188,0.00175901
189,0.0015876
190,0.00182303
191,0.00191593
192,0.00223443
193,0.00224406
194,0.00245597
195,0.00226942
196,0.00243451
197,0.00219713
198,0.00240526
199,0.00257177
200,0.00263898
201,0.00264586
202,0.00269116
203,0.0026046
204,0.00251154
205,0.00247414
206,0.00239516
207,0.00250819
208,0.00254064
209,0.00276717
210,0.00289876
211,0.00311806
212,0.00294154
213,0.00299597
214,0.00281613
215,0.00279023
216,0.00261732
217,0.00268872
218,0.0025635
219,0.00274765
220,0.0027206
221,0.00303582
222,0.00299871
223,0.00329547
224,0.0032064
225,0.00347099
226,0.00353454
227,0.00393526
228,0.00397139
229,0.0041609
230,0.00386921
231,0.00367235
232,0.00321379
233,0.00312151
234,0.00264285
235,0.00268406
236,0.00238325
237,0.00269588
238,0.00241456
239,0.00281277
240,0.00256065
241,0.00283992
242,0.00246466
243,0.00262996
244,0.0022368
245,0.00258842
246,0.00221716
247,0.00265687
248,0.00237622
249,0.00272762
250,0.00233416
251,0.00273942
252,0.00236301
253,0.00283495
254,0.00229333
255,0.00275758
256,0.00229455
257,0.00272316
258,0.00233313
259,0.00286475
260,0.00235765
261,0.00288498
262,0.00234147
263,0.00301763
264,0.00241931
265,0.00309403
266,0.0024844
267,0.00310962
268,0.00249868
269,0.00324573
270,0.00263157
271,0.0033119
272,0.00260457
273,0.00316957
274,0.00240575
275,0.00304919
276,0.00227123
277,0.00298869
278,0.00221378
279,0.00290282
280,0.00220065
281,0.0030159
282,0.00225184
283,0.00295654
284,0.00217897
285,0.00290277
286,0.00217622
287,0.00300749
288,0.002325
289,0.00309517
290,0.00245592
291,0.00303846
292,0.00231069
293,0.0029493
294,0.00219263
295,0.00299486
296,0.00213793
297,0.00297788
298,0.00226773
299,0.00311429
300,0.00247415
301,0.00325504
302,0.00250459
303,0.00317856
304,0.00239484
305,0.00305745
306,0.0022784
307,0.00307367
308,0.00227628
309,0.003092
310,0.00219426
311,0.0030459
312,0.00216539
313,0.00307369
314,0.0021376
315,0.00305162
316,0.0021533
317,0.00307587
318,0.00223621
319,0.00316057
320,0.00230741
321,0.00317149
322,0.00213413
323,0.0031061
324,0.0020782
325,0.00305017
326,0.00206542
327,0.00311954
328,0.0023012
329,0.00340686
330,0.00285304
331,0.00385809
332,0.00338063
333,0.00397552
334,0.00332298
335,0.00394479
336,0.0033482
337,0.00409697
338,0.00360401
339,0.00425196
340,0.00363541
341,0.0041174
342,0.00341357
343,0.00391006
344,0.00322695
345,0.00369041
346,0.00300732
347,0.00348372
348,0.00285411
349,0.00345415
350,0.00281877
351,0.00327729
352,0.00248228
353,0.00299139
354,0.00222195
355,0.00289264
356,0.00226999
357,0.00299774
358,0.00250374
359,0.00320934
360,0.00284444
361,0.00354269
362,0.00305207
363,0.00341391
364,0.0026962
365,0.00298788
366,0.00237968
367,0.00297339
368,0.00253649
369,0.00322667
370,0.00300662
371,0.00365912
372,0.00367784
373,0.00429489
374,0.00424133
375,0.00454678
376,0.00432021
377,0.0043624
378,0.00408342
379,0.00421096
380,0.00397646
381,0.00399251
382,0.00346513
383,0.00337256
384,0.0028791
385,0.00294966
386,0.0026471
387,0.00285982
388,0.00258972
389,0.00275792
390,0.00260345
391,0.00273168
392,0.00246352
393,0.00253248
394,0.00236864
395,0.00288575
396,0.00305855
397,0.00351098
398,0.00373971
399,0.00414367
