2,-4.57114e-05
3,-0.000208011
4,-0.000472217
5,-0.000760988
6,-0.00111177
7,-0.00137805
8,-0.00143441
9,-0.00136068
10,-0.00117588
11,-0.000945079
12,-0.000799057
13,-0.000843004
14,-0.000770841
15,-0.000603959
16,-0.000424253
17,-0.000149551
18,0.000304684
19,0.00115139
20,0.00190944
21,0.00388729
22,0.00626518
23,0.00816265
24,0.00996768
25,0.0118908
26,0.0140003
27,0.0161971
28,0.0183054
29,0.0202623
30,0.0222557
31,0.0242362
32,0.0262035
33,0.0281881
34,0.0301345
35,0.0319228
36,0.0335613
37,0.035087
38,0.0365453
39,0.0379105
40,0.0391601
41,0.0403572
42,0.0414641
43,0.0424812
44,0.0434026
45,0.0442415
46,0.0450439
47,0.0457555
48,0.046396
49,0.0469702
50,0.0474816
51,0.0479651
52,0.0483759
53,0.0487505
54,0.0490787
55,0.0493675
56,0.0496272
57,0.0498907
58,0.0501602
59,0.0504523
60,0.050767
61,0.0510976
62,0.051428
63,0.051791
64,0.0521516
65,0.0524957
66,0.0528456
67,0.0531937
68,0.0535563
69,0.0539369
70,0.0543338
71,0.0547441
72,0.0551625
73,0.0555826
74,0.0559986
75,0.0564079
76,0.0567998
77,0.0571756
78,0.0575396
79,0.0578999
80,0.0582553
81,0.0586117
82,0.0589691
83,0.0593204
84,0.0596681
85,0.0600095
86,0.0603425
87,0.0606518
88,0.0609438
89,0.0612271
90,0.0615022
91,0.0617827
92,0.0620725
93,0.0623668
94,0.0626514
95,0.0629179
96,0.0631698
97,0.0634086
98,0.0636204
99,0.0638161
100,0.0640016
101,0.0641814
102,0.0643606
103,0.0645425
104,0.0647328
105,0.0649246
106,0.0651113
107,0.0652941
108,0.0654641
109,0.0656188
110,0.0657474
111,0.0658708
112,0.0659856
113,0.0661155
114,0.0662515
115,0.0664005
116,0.0665465
117,0.0666915
118,0.0668291
119,0.0669584
120,0.0670731
121,0.0671701
122,0.0672593
123,0.0673448
124,0.0674315
125,0.0675246
126,0.0676269
127,0.0677334
128,0.067832
129,0.0679368
130,0.0680286
131,0.0681176
132,0.0681833
133,0.0682407
134,0.0682876
135,0.0683422
136,0.0684047
137,0.0684837
138,0.0685728
139,0.0686605
140,0.0687492
141,0.0688315
142,0.0689079
143,0.0689732
144,0.0690302
145,0.0690753
146,0.0691243
147,0.0691782
148,0.0692528
149,0.0693356
150,0.069427
151,0.0695183
152,0.0696105
153,0.0697001
154,0.0697822
155,0.0698565
156,0.0699289
157,0.0699919
158,0.0700581
159,0.0701216
160,0.0701953
161,0.0702646
162,0.0703433
163,0.0704086
164,0.0704787
165,0.0705486
166,0.0706215
167,0.0706944
168,0.070769
169,0.0708414
170,0.0709135
171,0.0709839
172,0.0710462
173,0.0711026
174,0.0711482
175,0.0711944
176,0.0712485
177,0.0713189
178,0.0713962
179,0.0714786
180,0.0715645
181,0.0716504
182,0.0717268
183,0.0717898
184,0.0718363
185,0.0718603
186,0.0718739
187,0.0718843
188,0.0719072
189,0.0719438
190,0.0719992
191,0.0720595
192,0.0721243
193,0.0721847
194,0.0722346
195,0.0722731
196,0.0722974
197,0.0723035
198,0.072312
199,0.0723276
200,0.0723589
201,0.072406
202,0.0724598
203,0.0725211
204,0.0725868
205,0.0726474
206,0.0727063
207,0.0727514
208,0.0727853
209,0.0728062
210,0.0728345
211,0.0728683
212,0.0729209
213,0.0729751
214,0.0730372
215,0.0730947
216,0.0731545
217,0.0732122
218,0.0732595
219,0.0733014
220,0.0733378
221,0.0733658
222,0.073397
223,0.0734314
224,0.0734696
225,0.0735052
226,0.0735307
227,0.0735532
228,0.0735814
229,0.0736262
230,0.0736842
231,0.0737619
232,0.073837
233,0.0739182
234,0.0739928
235,0.0740659
236,0.0741222
237,0.0741744
238,0.0742043
239,0.0742366
240,0.0742704
241,0.0743181
242,0.0743759
243,0.0744437
244,0.0745161
245,0.0745889
246,0.074657
247,0.0747187
248,0.0747648
249,0.0747977
250,0.0748144
251,0.0748267
252,0.074852
253,0.074893
254,0.0749436
255,0.0749995
256,0.0750533
257,0.0751073
258,0.0751575
259,0.0752091
260,0.0752437
261,0.0752753
262,0.0752944
263,0.075307
264,0.0753332
265,0.0753608
266,0.0753995
267,0.0754321
268,0.0754659
269,0.0754907
270,0.0755246
271,0.0755641
272,0.0756093
273,0.0756585
274,0.0757144
275,0.0757696
276,0.0758301
277,0.0758846
278,0.0759343
279,0.0759701
280,0.0759982
281,0.0760247
282,0.0760585
283,0.076108
284,0.0761626
285,0.0762255
286,0.0762891
287,0.0763527
288,0.0764069
289,0.0764574
290,0.0764928
291,0.0765195
292,0.0765328
293,0.0765499
294,0.0765763
295,0.0766174
296,0.0766643
297,0.0767224
298,0.0767759
299,0.0768251
300,0.0768739
301,0.0769184
302,0.0769511
303,0.0769741
304,0.076995
305,0.0770158
306,0.0770499
307,0.0770883
308,0.0771257
309,0.0771583
310,0.077184
311,0.0772059
312,0.0772347
313,0.0772693
314,0.077308
315,0.0773483
316,0.0773891
317,0.0774352
318,0.0774818
319,0.0775232
320,0.0775532
321,0.07757
322,0.0775774
323,0.077591
324,0.0776172
325,0.0776607
326,0.0777194
327,0.0777813
328,0.0778481
329,0.077918
330,0.0779896
331,0.0780542
332,0.078104
333,0.0781384
334,0.0781668
335,0.0781978
336,0.0782378
337,0.0782872
338,0.078335
339,0.078373
340,0.078402
341,0.0784247
342,0.0784477
343,0.0784709
344,0.0784928
345,0.078509
346,0.07853
347,0.0785507
348,0.0785813
349,0.0786135
350,0.0786369
351,0.0786513
352,0.078657
353,0.0786655
354,0.0786827
355,0.078716
356,0.0787577
357,0.0788054
358,0.0788555
359,0.0789121
360,0.0789638
361,0.079016
362,0.0790428
363,0.0790592
364,0.0790585
365,0.0790598
366,0.0790788
367,0.0791175
368,0.0791703
369,0.0792295
370,0.079289
371,0.0793505
372,0.0794154
373,0.0794765
374,0.0795298
375,0.0795633
376,0.079591
377,0.0796054
378,0.0796331
379,0.0796563
380,0.0796809
381,0.0796908
382,0.0796921
383,0.0796829
384,0.0796796
385,0.0796918
386,0.0797112
387,0.0797318
388,0.0797597
389,0.0797833
390,0.0798107
391,0.0798308
392,0.0798352
393,0.0798197
394,0.0797867
395,0.0797515
396,0.0797257
397,0.0797127
398,0.0797091
399,0.0797093
