2,0.997914
3,0.99917
4,1.00779
5,1.01614
6,1.02433
7,1.03168
8,1.03404
9,1.03309
10,1.0306
11,1.02816
12,1.02594
13,1.02209
14,1.0156
15,1.00856
16,0.998559
17,0.990567
18,0.983612
19,0.969498
20,0.957166
21,0.919946
22,0.879016
23,0.847666
24,0.815753
25,0.781012
26,0.745333
27,0.708967
28,0.672927
29,0.637782
30,0.601199
31,0.564525
32,0.529019
33,0.49649
34,0.466493
35,0.438853
36,0.411734
37,0.386792
38,0.363714
39,0.342681
40,0.32359
41,0.306461
42,0.290377
43,0.27572
44,0.262756
45,0.250991
46,0.240081
47,0.230612
48,0.222175
49,0.214695
50,0.207994
51,0.202308
52,0.197326
53,0.192977
54,0.18951
55,0.186533
56,0.183766
57,0.181582
58,0.178984
59,0.176248
60,0.173138
61,0.169665
62,0.166058
63,0.16228
64,0.158606
65,0.154754
66,0.150786
67,0.146786
68,0.142795
69,0.138476
70,0.133961
71,0.12917
72,0.12417
73,0.119039
74,0.114038
75,0.109201
76,0.104626
77,0.100243
78,0.0960859
79,0.0919747
80,0.0879558
81,0.0837996
82,0.0796792
83,0.0755863
84,0.0717047
85,0.0677951
86,0.0640873
87,0.0606238
88,0.0575703
89,0.0545481
90,0.051757
91,0.0487764
92,0.0457651
93,0.0425272
94,0.0394447
95,0.0365425
96,0.0339943
97,0.0316614
98,0.0297193
99,0.0280373
100,0.0265953
101,0.025094
102,0.0236307
103,0.0221671
104,0.0205269
105,0.0188914
106,0.0173073
107,0.0158091
108,0.0144863
109,0.0134211
110,0.0126549
111,0.0121507
112,0.011658
113,0.0110379
114,0.0102137
115,0.00929956
116,0.00828647
117,0.00736026
118,0.00662036
119,0.00587026
120,0.00551472
121,0.00522068
122,0.00517221
123,0.00497139
124,0.0050254
125,0.00459436
126,0.00442942
127,0.00406557
128,0.00389739
129,0.00353762
130,0.0035764
131,0.00332968
132,0.00352539
133,0.00347828
134,0.00385142
135,0.00379458
136,0.0041245
137,0.00380273
138,0.00381654
139,0.00341383
140,0.00349568
141,0.00321684
142,0.00337557
143,0.00320227
144,0.00350551
145,0.00334933
146,0.00388472
147,0.00363967
148,0.00389825
149,0.00340719
150,0.00354593
151,0.00296189
152,0.00328986
153,0.00277356
154,0.00309724
155,0.00270884
156,0.00309557
157,0.00269707
158,0.00312834
159,0.00262567
160,0.00309177
161,0.00263118
162,0.00309588
163,0.00266486
164,0.00309351
165,0.00270241
166,0.00313921
167,0.00276781
168,0.00325292
169,0.0029193
170,0.00337919
171,0.00306828
172,0.00337353
173,0.00301146
174,0.00321218
175,0.00272008
176,0.0029644
177,0.00264165
178,0.00304535
179,0.00293612
180,0.00344721
181,0.00347615
182,0.00387314
183,0.00382389
184,0.00369688
185,0.00314198
186,0.00264485
187,0.002086
188,0.00174357
189,0.00183021
190,0.00162676
191,0.00223742
192,0.00200506
193,0.00259382
194,0.00223026
195,0.00267637
196,0.00208633
197,0.00267659
198,0.00205364
199,0.00295186
200,0.00236705
201,0.00307925
202,0.00236993
203,0.00303272
204,0.00226582
205,0.00288491
206,0.00216542
207,0.00294236
208,0.00231334
209,0.00314839
210,0.00269463
211,0.00343053
212,0.00275305
213,0.00326913
214,0.0026197
215,0.0031579
216,0.00240007
217,0.00306156
218,0.0023646
219,0.0031552
220,0.0024518
221,0.00332541
222,0.00279949
223,0.00353683
224,0.00297711
225,0.00374185
226,0.00337686
227,0.00420652
228,0.00391526
229,0.00445287
230,0.00382232
231,0.00403262
232,0.0031315
233,0.00349564
234,0.00250855
235,0.00302869
236,0.00219109
237,0.00294751
238,0.00225983
239,0.00313298
240,0.00244965
241,0.00317997
242,0.00229558
243,0.0029368
244,0.00198907
245,0.00283421
246,0.00199356
247,0.00292155
248,0.00212997
249,0.00294311
250,0.00209968
251,0.0029486
252,0.00219354
253,0.00299483
254,0.00210117
255,0.0029713
256,0.00214961
257,0.00298349
258,0.00213647
259,0.00304805
260,0.00215195
261,0.00305864
262,0.00223433
263,0.00312657
264,0.00227868
265,0.00319219
266,0.00232584
267,0.0032336
268,0.00239975
269,0.00339881
270,0.00263281
271,0.00339354
272,0.00254689
273,0.00331401
274,0.00239039
275,0.00310197
276,0.00223454
277,0.00301744
278,0.00223239
279,0.00303801
280,0.00221648
281,0.0030756
282,0.00226227
283,0.00304955
284,0.00216638
285,0.00296332
286,0.0021072
287,0.0030576
288,0.00237257
289,0.00317765
290,0.0024797
291,0.00308309
292,0.00229527
293,0.0029661
294,0.00217813
295,0.00293509
296,0.00219669
297,0.00295692
298,0.00238735
299,0.0031354
300,0.00252995
301,0.00326772
302,0.00265287
303,0.00316058
304,0.00245904
305,0.00300729
306,0.00236404
307,0.00302998
308,0.00237997
309,0.00302891
310,0.00233461
311,0.00292955
312,0.00224871
313,0.00295275
314,0.00230693
315,0.00289225
316,0.00230715
317,0.0029815
318,0.00236224
319,0.0030544
320,0.00251465
321,0.00297754
322,0.00223057
323,0.00293128
324,0.00224439
325,0.00289793
326,0.00223063
327,0.00292341
328,0.00244243
329,0.00324889
330,0.00302203
331,0.00371562
332,0.00346206
333,0.00388107
334,0.00344372
335,0.00372177
336,0.00342257
337,0.00395045
338,0.00373989
339,0.00413323
340,0.00376443
341,0.00398823
342,0.00358419
343,0.00380972
344,0.00336686
345,0.00360473
346,0.00308512
347,0.00335978
348,0.00300775
349,0.0033942
350,0.00295473
351,0.00321059
352,0.00265979
353,0.00282441
354,0.00235923
355,0.00277745
356,0.00244511
357,0.0028538
358,0.00259761
359,0.00315009
360,0.00301227
361,0.00342472
362,0.00317797
363,0.00329202
364,0.00285904
365,0.00287643
366,0.00253129
367,0.00284807
368,0.00265942
369,0.00312923
370,0.00312922
371,0.00364584
372,0.00377787
373,0.00428101
374,0.00438935
375,0.00460755
376,0.00433754
377,0.00439822
378,0.00417019
379,0.00424483
380,0.0040398
381,0.00399278
382,0.00360058
383,0.00333935
384,0.0029422
385,0.00295776
386,0.00273956
387,0.00276967
388,0.00267748
389,0.00275128
390,0.00262244
391,0.00268339
392,0.00247331
393,0.00249064
394,0.00244761
395,0.00285985
396,0.00308774
397,0.00357444
398,0.00384718
399,0.00418461
