2,-0.000362086
3,-0.000885104
4,-0.00120684
5,-0.00156074
6,-0.0019211
7,-0.00204099
8,-0.00209027
9,-0.00218295
10,-0.0021554
11,-0.00211027
12,-0.00189278
13,-0.00157246
14,-0.00124986
15,-0.00100366
16,-0.000772228
17,-0.000177576
18,0.000774553
19,0.00193495
20,0.00260803
21,0.00456294
22,0.00702906
23,0.00883845
24,0.0103079
25,0.0119432
26,0.0138172
27,0.0157461
28,0.0177975
29,0.0198442
30,0.0217364
31,0.0236076
32,0.0254359
33,0.0272618
34,0.029055
35,0.0307736
36,0.032458
37,0.0340792
38,0.0356741
39,0.0371615
40,0.038481
41,0.0396629
42,0.0407553
43,0.0417345
44,0.0426495
45,0.043485
46,0.0442346
47,0.0449308
48,0.0455816
49,0.0461702
50,0.0466917
51,0.0471789
52,0.0476087
53,0.0480125
54,0.0483601
55,0.0486796
56,0.0489658
57,0.0492587
58,0.0495417
59,0.0498313
60,0.0501485
61,0.0504826
62,0.0508017
63,0.051143
64,0.0514944
65,0.0518556
66,0.0522002
67,0.0525643
68,0.0529272
69,0.053304
70,0.0537056
71,0.0541233
72,0.0545527
73,0.0549842
74,0.0554112
75,0.0558235
76,0.0562204
77,0.0566037
78,0.056976
79,0.0573455
80,0.0577139
81,0.0580898
82,0.058466
83,0.0588383
84,0.0591977
85,0.0595534
86,0.0598964
87,0.0602242
88,0.0605274
89,0.0608263
90,0.0611129
91,0.0614095
92,0.0617091
93,0.0620223
94,0.0623244
95,0.0626189
96,0.0628885
97,0.063148
98,0.0633724
99,0.0635803
100,0.0637705
101,0.063966
102,0.0641579
103,0.0643555
104,0.0645597
105,0.0647653
106,0.0649609
107,0.0651543
108,0.0653382
109,0.0654994
110,0.0656459
111,0.0657703
112,0.065897
113,0.0660232
114,0.0661685
115,0.0663184
116,0.0664784
117,0.06663
118,0.0667774
119,0.0669108
120,0.067031
121,0.0671284
122,0.0672184
123,0.0673035
124,0.0673926
125,0.0674896
126,0.0675978
127,0.0676993
128,0.0678074
129,0.0679048
130,0.0680058
131,0.0680914
132,0.0681656
133,0.0682178
134,0.0682717
135,0.0683225
136,0.0683889
137,0.0684703
138,0.0685568
139,0.0686511
140,0.068739
141,0.0688249
142,0.068902
143,0.0689673
144,0.0690223
145,0.0690689
146,0.0691134
147,0.069172
148,0.069242
149,0.0693278
150,0.0694191
151,0.069509
152,0.0695973
153,0.0696882
154,0.0697724
155,0.0698453
156,0.0699203
157,0.06999
158,0.0700555
159,0.0701293
160,0.0702001
161,0.0702734
162,0.0703441
163,0.0704103
164,0.0704793
165,0.0705472
166,0.0706236
167,0.070694
168,0.07077
169,0.0708422
170,0.0709161
171,0.0709856
172,0.0710498
173,0.0711012
174,0.0711501
175,0.071194
176,0.0712491
177,0.0713152
178,0.0713919
179,0.0714768
180,0.071559
181,0.0716439
182,0.0717191
183,0.071782
184,0.0718321
185,0.0718608
186,0.0718801
187,0.0718991
188,0.0719194
189,0.0719592
190,0.0720076
191,0.0720637
192,0.0721218
193,0.0721822
194,0.0722329
195,0.0722734
196,0.0722928
197,0.0723021
198,0.0723106
199,0.0723299
200,0.0723587
201,0.072403
202,0.0724569
203,0.0725133
204,0.0725757
205,0.0726354
206,0.0726916
207,0.0727368
208,0.0727711
209,0.0727995
210,0.0728246
211,0.0728647
212,0.0729147
213,0.0729757
214,0.0730362
215,0.0730905
216,0.0731486
217,0.0731998
218,0.0732516
219,0.0732925
220,0.0733356
221,0.0733655
222,0.0734019
223,0.07344
224,0.0734758
225,0.0735104
226,0.0735308
227,0.0735534
228,0.0735764
229,0.0736144
230,0.0736684
231,0.0737431
232,0.0738185
233,0.0739055
234,0.0739824
235,0.0740604
236,0.0741192
237,0.0741679
238,0.0741965
239,0.0742251
240,0.0742532
241,0.0743028
242,0.0743614
243,0.0744304
244,0.0745045
245,0.0745778
246,0.0746513
247,0.0747162
248,0.0747645
249,0.0747933
250,0.0748135
251,0.0748266
252,0.0748508
253,0.0748906
254,0.074943
255,0.0749983
256,0.075056
257,0.0751062
258,0.0751599
259,0.0752054
260,0.0752464
261,0.075272
262,0.0752945
263,0.0753099
264,0.0753346
265,0.0753664
266,0.0754035
267,0.0754362
268,0.0754649
269,0.0754854
270,0.0755153
271,0.0755526
272,0.075596
273,0.0756472
274,0.075704
275,0.0757686
276,0.0758269
277,0.075887
278,0.0759344
279,0.075969
280,0.0759923
281,0.0760121
282,0.0760449
283,0.0760869
284,0.0761482
285,0.0762118
286,0.0762812
287,0.0763479
288,0.0764105
289,0.0764635
290,0.076499
291,0.0765184
292,0.0765349
293,0.0765419
294,0.0765727
295,0.0766094
296,0.0766629
297,0.0767201
298,0.076778
299,0.0768297
300,0.0768828
301,0.0769278
302,0.0769625
303,0.0769826
304,0.0770035
305,0.0770261
306,0.0770597
307,0.0770983
308,0.0771352
309,0.0771674
310,0.0771882
311,0.0772091
312,0.0772357
313,0.0772714
314,0.0773067
315,0.0773496
316,0.0773922
317,0.0774416
318,0.0774867
319,0.077536
320,0.0775593
321,0.0775747
322,0.0775773
323,0.077589
324,0.0776081
325,0.0776571
326,0.0777123
327,0.0777774
328,0.0778477
329,0.0779199
330,0.077991
331,0.0780592
332,0.0781042
333,0.0781392
334,0.0781623
335,0.0781928
336,0.0782315
337,0.0782849
338,0.078335
339,0.0783754
340,0.0784033
341,0.0784267
342,0.0784495
343,0.0784769
344,0.0784945
345,0.0785145
346,0.0785317
347,0.0785532
348,0.0785856
349,0.0786194
350,0.0786426
351,0.0786571
352,0.0786612
353,0.0786636
354,0.0786816
355,0.0787123
356,0.0787571
357,0.0788033
358,0.0788585
359,0.0789106
360,0.0789698
361,0.0790201
362,0.0790523
363,0.079066
364,0.0790654
365,0.0790636
366,0.0790822
367,0.0791162
368,0.0791726
369,0.0792318
370,0.0792956
371,0.0793588
372,0.0794249
373,0.079488
374,0.0795416
375,0.0795784
376,0.0796029
377,0.0796186
378,0.0796431
379,0.0796695
380,0.0796891
381,0.0797034
382,0.0796998
383,0.0796918
384,0.0796865
385,0.0796976
386,0.0797141
387,0.0797328
388,0.0797604
389,0.0797821
390,0.0798078
391,0.0798256
392,0.079831
393,0.0798148
394,0.0797793
395,0.0797415
396,0.0797099
397,0.0796945
398,0.0796922
399,0.0796935
