2,1.00992
3,1.02248
4,1.02941
5,1.03677
6,1.04414
7,1.04593
8,1.04632
9,1.0477
10,1.04654
11,1.04512
12,1.04022
13,1.03336
14,1.02668
15,1.02161
16,1.01702
17,1.00543
18,0.987107
19,0.964944
20,0.951892
21,0.91504
22,0.868966
23,0.83582
24,0.809349
25,0.78015
26,0.746786
27,0.71281
28,0.676852
29,0.641277
30,0.608771
31,0.57692
32,0.546147
33,0.515597
34,0.485853
35,0.457707
36,0.430127
37,0.40409
38,0.378351
39,0.354852
40,0.334051
41,0.316021
42,0.299259
43,0.284796
44,0.271257
45,0.259273
46,0.248673
47,0.239054
48,0.230197
49,0.222435
50,0.215797
51,0.209671
52,0.204598
53,0.199913
54,0.196163
55,0.192872
56,0.190128
57,0.187284
58,0.184538
59,0.181732
60,0.178438
61,0.174873
62,0.171545
63,0.167849
64,0.163974
65,0.159962
66,0.156184
67,0.152114
68,0.148035
69,0.143749
70,0.139048
71,0.134111
72,0.128963
73,0.123809
74,0.118699
75,0.113848
76,0.109214
77,0.104817
78,0.10058
79,0.0964078
80,0.0922223
81,0.087927
82,0.0836203
83,0.0793831
84,0.0753477
85,0.0713519
86,0.0675602
87,0.0639979
88,0.0608238
89,0.0577061
90,0.0547725
91,0.0516731
92,0.0485281
93,0.04518
94,0.0419813
95,0.0389086
96,0.0362017
97,0.0336385
98,0.0316559
99,0.0298602
100,0.0283813
101,0.0267566
102,0.0252318
103,0.0235919
104,0.0218481
105,0.0200986
106,0.0184587
107,0.0169155
108,0.0154732
109,0.014396
110,0.0135325
111,0.0129445
112,0.0123808
113,0.0117467
114,0.0108891
115,0.00989896
116,0.00884233
117,0.0078324
118,0.0070316
119,0.00624916
120,0.00589265
121,0.00551715
122,0.00553926
123,0.00530286
124,0.00533342
125,0.00491554
126,0.00472317
127,0.00433216
128,0.00413957
129,0.00380622
130,0.00377943
131,0.0034502
132,0.00372234
133,0.00363219
134,0.004013
135,0.00400645
136,0.0042105
137,0.00387155
138,0.00395921
139,0.003527
140,0.00362096
141,0.00329076
142,0.00353215
143,0.00327044
144,0.00361348
145,0.00349331
146,0.00395377
147,0.00373852
148,0.0039769
149,0.00352963
150,0.00363795
151,0.00311503
152,0.00331789
153,0.00293905
154,0.00318099
155,0.00282762
156,0.00318495
157,0.00281805
158,0.00315666
159,0.002788
160,0.00313511
161,0.00280316
162,0.00316344
163,0.00276443
164,0.00315892
165,0.00279067
166,0.00321663
167,0.00283071
168,0.00326962
169,0.00294191
170,0.00338475
171,0.0030993
172,0.00344601
173,0.00301776
174,0.0032875
175,0.00266978
176,0.00300027
177,0.00258125
178,0.00307371
179,0.00289223
180,0.00345002
181,0.00336835
182,0.00377099
183,0.00357968
184,0.00354438
185,0.00303711
186,0.00252385
187,0.00221344
188,0.00177168
189,0.00201334
190,0.00168401
191,0.00233555
192,0.00196134
193,0.00262558
194,0.00222767
195,0.00272246
196,0.00206595
197,0.00267293
198,0.00206771
199,0.00296532
200,0.00245312
201,0.00314758
202,0.00252106
203,0.00310427
204,0.00238003
205,0.00300189
206,0.00226344
207,0.00304831
208,0.00246865
209,0.00323809
210,0.00278365
211,0.00349978
212,0.00287047
213,0.00336392
214,0.00264736
215,0.00321064
216,0.00249059
217,0.00315171
218,0.00245888
219,0.00323141
220,0.00255353
221,0.00337898
222,0.00282954
223,0.00356422
224,0.00300125
225,0.00375436
226,0.00341755
227,0.00423995
228,0.00393884
229,0.00455383
230,0.00396117
231,0.00419631
232,0.00326601
233,0.00353127
234,0.00258716
235,0.00314568
236,0.00227372
237,0.00308393
238,0.00231281
239,0.00328782
240,0.00255786
241,0.00326219
242,0.00239657
243,0.00305927
244,0.00204561
245,0.00288601
246,0.00207254
247,0.00294672
248,0.00216481
249,0.00297986
250,0.00212001
251,0.00305921
252,0.00216479
253,0.00304697
254,0.00211961
255,0.00302379
256,0.00216683
257,0.0030197
258,0.0021555
259,0.00308753
260,0.00226847
261,0.00308361
262,0.00225906
263,0.00316105
264,0.00233901
265,0.00321701
266,0.00240646
267,0.00324026
268,0.00246634
269,0.00340481
270,0.00270065
271,0.00347883
272,0.00265501
273,0.00334621
274,0.00249093
275,0.00314842
276,0.00225585
277,0.00300058
278,0.00226802
279,0.00299994
280,0.00225787
281,0.0031071
282,0.0022853
283,0.00307615
284,0.00220227
285,0.00295257
286,0.0021992
287,0.00302978
288,0.00237608
289,0.00317995
290,0.00253856
291,0.00314416
292,0.0023555
293,0.00301978
294,0.00221075
295,0.00293725
296,0.00219327
297,0.00298682
298,0.00241232
299,0.00312542
300,0.00259587
301,0.00327877
302,0.00268389
303,0.00316865
304,0.00257323
305,0.00304104
306,0.00238423
307,0.003046
308,0.00242762
309,0.00304023
310,0.00236981
311,0.00294925
312,0.00226079
313,0.00296321
314,0.00231094
315,0.002926
316,0.00235654
317,0.00300261
318,0.00242942
319,0.0031
320,0.00250574
321,0.00298855
322,0.00231661
323,0.00292782
324,0.00228506
325,0.00285786
326,0.00226962
327,0.00291711
328,0.00252989
329,0.00326028
330,0.00309327
331,0.00376201
332,0.00352226
333,0.00383052
334,0.00345955
335,0.00373203
336,0.00344648
337,0.00394551
338,0.00377801
339,0.00415868
340,0.00379017
341,0.00399823
342,0.00361519
343,0.00384453
344,0.00339684
345,0.00359482
346,0.00312838
347,0.00337726
348,0.00307889
349,0.00337863
350,0.00297342
351,0.00318072
352,0.00269432
353,0.00284446
354,0.00241063
355,0.00272469
356,0.00244783
357,0.00288062
358,0.00261907
359,0.00310369
360,0.00304461
361,0.00346681
362,0.00319755
363,0.00331464
364,0.00288536
365,0.00285827
366,0.00253155
367,0.00282241
368,0.0026861
369,0.00311506
370,0.00317934
371,0.0036601
372,0.00382905
373,0.00432851
374,0.00444188
375,0.00465208
376,0.00444929
377,0.00441985
378,0.00425674
379,0.00430341
380,0.00409927
381,0.00406395
382,0.00362032
383,0.00336641
384,0.00296144
385,0.00291482
386,0.00273209
387,0.00278957
388,0.00266593
389,0.00274584
390,0.00260901
391,0.00263875
392,0.00250149
393,0.0024382
394,0.00244966
395,0.00287191
396,0.00320324
397,0.00365218
398,0.00392143
399,0.00426642
