2,1.00248
3,1.00629
4,1.01178
5,1.02028
6,1.02953
7,1.03618
8,1.03796
9,1.0375
10,1.03611
11,1.03251
12,1.0275
13,1.02106
14,1.01413
15,1.00835
16,1.00366
17,1
18,0.989962
19,0.969908
20,0.955829
21,0.921251
22,0.878927
23,0.845523
24,0.814489
25,0.778658
26,0.74029
27,0.703774
28,0.669924
29,0.63932
30,0.60893
31,0.576824
32,0.54249
33,0.508685
34,0.477095
35,0.448188
36,0.421928
37,0.397283
38,0.374173
39,0.353182
40,0.334547
41,0.317154
42,0.301551
43,0.28761
44,0.274653
45,0.263369
46,0.252644
47,0.243266
48,0.234823
49,0.227447
50,0.220648
51,0.214734
52,0.209864
53,0.205433
54,0.201134
55,0.197933
56,0.195105
57,0.192245
58,0.18954
59,0.18663
60,0.183408
61,0.180057
62,0.176573
63,0.172761
64,0.169098
65,0.165328
66,0.161372
67,0.157424
68,0.153125
69,0.148646
70,0.143926
71,0.13893
72,0.133779
73,0.128513
74,0.123412
75,0.118443
76,0.113737
77,0.109255
78,0.105009
79,0.100683
80,0.0963936
81,0.0919369
82,0.0874861
83,0.0831542
84,0.078957
85,0.0749193
86,0.0709509
87,0.0673133
88,0.0639396
89,0.0608315
90,0.0577297
91,0.0545978
92,0.0512284
93,0.047854
94,0.0444118
95,0.0412991
96,0.0383531
97,0.0357856
98,0.033573
99,0.0317276
100,0.0300549
101,0.0283827
102,0.0266582
103,0.0248874
104,0.0230641
105,0.0212862
106,0.0195697
107,0.0179595
108,0.0165375
109,0.0152935
110,0.0143665
111,0.0136419
112,0.0130599
113,0.012297
114,0.0115
115,0.0103758
116,0.00940361
117,0.00824309
118,0.00742445
119,0.0065239
120,0.00620057
121,0.00581182
122,0.00580703
123,0.00551583
124,0.00559805
125,0.00511801
126,0.00491506
127,0.00443001
128,0.00435926
129,0.00387406
130,0.00387066
131,0.00360565
132,0.00382732
133,0.00369084
134,0.00415431
135,0.00407212
136,0.00427554
137,0.00399899
138,0.00394913
139,0.00356577
140,0.00366353
141,0.00336509
142,0.00352241
143,0.0033103
144,0.00364741
145,0.00354294
146,0.00397612
147,0.00382112
148,0.00396041
149,0.00362367
150,0.00360756
151,0.00326771
152,0.00332999
153,0.00303175
154,0.00321376
155,0.00293185
156,0.00311469
157,0.00295644
158,0.00311168
159,0.00289765
160,0.00311231
161,0.00291481
162,0.00306458
163,0.002879
164,0.00304579
165,0.00287047
166,0.00299815
167,0.00287751
168,0.00315869
169,0.00308156
170,0.0032554
171,0.00328154
172,0.0033572
173,0.00321338
174,0.00321814
175,0.00296194
176,0.00287713
177,0.00282701
178,0.00295326
179,0.00309502
180,0.00327359
181,0.00351269
182,0.00359883
183,0.00372881
184,0.00355373
185,0.0032277
186,0.00264972
187,0.00224133
188,0.00191698
189,0.00193738
190,0.00198518
191,0.00224317
192,0.00221807
193,0.00253866
194,0.00245103
195,0.00261242
196,0.00230054
197,0.00257366
198,0.00225422
199,0.00287539
200,0.00261808
201,0.00307467
202,0.0026629
203,0.00302721
204,0.00258218
205,0.00292884
206,0.00249272
207,0.0029635
208,0.00266091
209,0.00322467
210,0.00294405
211,0.00341807
212,0.00295808
213,0.00331405
214,0.00279137
215,0.00316492
216,0.00266251
217,0.00309479
218,0.00262207
219,0.00315546
220,0.00274008
221,0.00337017
222,0.00291371
223,0.00346667
224,0.00308987
225,0.00373294
226,0.00345323
227,0.00418823
228,0.00405902
229,0.00454362
230,0.00407401
231,0.00424101
232,0.00341184
233,0.00356532
234,0.00272211
235,0.00311446
236,0.00235738
237,0.00306121
238,0.0024819
239,0.00327576
240,0.00274346
241,0.00325522
242,0.00247198
243,0.00304836
244,0.00221475
245,0.00288077
246,0.00213937
247,0.00291076
248,0.00225428
249,0.00295595
250,0.00217713
251,0.00300366
252,0.00227116
253,0.00305585
254,0.00220223
255,0.00298118
256,0.00215344
257,0.00302922
258,0.00223373
259,0.00308787
260,0.00228707
261,0.00310506
262,0.00224085
263,0.00317372
264,0.00235279
265,0.00324129
266,0.0023355
267,0.00325753
268,0.00243452
269,0.00343291
270,0.0027269
271,0.0035367
272,0.00263867
273,0.00340732
274,0.00247549
275,0.00319827
276,0.00219758
277,0.00307091
278,0.002237
279,0.00309041
280,0.00219102
281,0.00315383
282,0.0023326
283,0.00314443
284,0.00212907
285,0.00304897
286,0.00209774
287,0.00310393
288,0.002327
289,0.00323353
290,0.00246468
291,0.00323691
292,0.00227825
293,0.00307438
294,0.00210279
295,0.00306098
296,0.00208555
297,0.00310412
298,0.00229884
299,0.00323089
300,0.00255527
301,0.00340043
302,0.00267318
303,0.00331572
304,0.00249419
305,0.00319835
306,0.00234293
307,0.00315289
308,0.00235637
309,0.00319762
310,0.00234967
311,0.00306497
312,0.00219029
313,0.0030658
314,0.00225959
315,0.00310839
316,0.00223982
317,0.00318659
318,0.0023551
319,0.00322696
320,0.00243341
321,0.00315173
322,0.00223409
323,0.00311382
324,0.00210931
325,0.00311776
326,0.00217511
327,0.003051
328,0.0024075
329,0.00335283
330,0.00301905
331,0.00388374
332,0.00345628
333,0.00394024
334,0.00333461
335,0.00382324
336,0.00337881
337,0.00403865
338,0.0037323
339,0.00428252
340,0.00374032
341,0.00412084
342,0.00357528
343,0.00389286
344,0.00338706
345,0.00369802
346,0.00307184
347,0.00346683
348,0.0029922
349,0.0034927
350,0.00290451
351,0.00324105
352,0.00257444
353,0.00292955
354,0.00226804
355,0.00285442
356,0.00236622
357,0.00291873
358,0.00256678
359,0.0032431
360,0.00295738
361,0.00353404
362,0.00318973
363,0.00338981
364,0.00282239
365,0.00295561
366,0.00245766
367,0.00289115
368,0.00264089
369,0.00318123
370,0.00315036
371,0.00375885
372,0.00384858
373,0.00444085
374,0.00447807
375,0.00472053
376,0.0045246
377,0.00451748
378,0.00425669
379,0.00439691
380,0.00414367
381,0.0040712
382,0.00361916
383,0.00339476
384,0.00296742
385,0.00296827
386,0.00269543
387,0.00279129
388,0.00261106
389,0.00271465
390,0.00257324
391,0.00261884
392,0.0024663
393,0.00245234
394,0.00244879
395,0.0029089
396,0.00326106
397,0.00371589
398,0.00398898
399,0.00434317
