2,-8.61276e-05
3,-0.00024394
4,-0.000481754
5,-0.00085768
6,-0.00128191
7,-0.00160668
8,-0.00171837
9,-0.00172388
10,-0.00168028
11,-0.00152873
12,-0.00129834
13,-0.000997261
14,-0.000662891
15,-0.000382389
16,-0.000148406
17,3.38193e-05
18,0.000552945
19,0.00159762
20,0.00233742
21,0.00416826
22,0.00643352
23,0.00825248
24,0.00996718
25,0.0119608
26,0.0141082
27,0.0161696
28,0.0181004
29,0.0198708
30,0.0216438
31,0.0235317
32,0.0255545
33,0.0275645
34,0.0294577
35,0.0312141
36,0.0328241
37,0.0343584
38,0.0358072
39,0.0371435
40,0.03835
41,0.0394889
42,0.040529
43,0.0414736
44,0.0423648
45,0.0431609
46,0.0439237
47,0.0446111
48,0.0452409
49,0.045811
50,0.0463453
51,0.0468277
52,0.047248
53,0.047641
54,0.0480243
55,0.048343
56,0.0486364
57,0.0489316
58,0.0492167
59,0.0495137
60,0.0498275
61,0.0501504
62,0.0504791
63,0.0508293
64,0.0511679
65,0.0515143
66,0.0518702
67,0.0522272
68,0.0526037
69,0.0529928
70,0.0533956
71,0.0538165
72,0.0542463
73,0.0546843
74,0.0551108
75,0.0555304
76,0.0559315
77,0.0563206
78,0.0566924
79,0.0570714
80,0.0574454
81,0.0578324
82,0.0582166
83,0.0585954
84,0.0589639
85,0.0593229
86,0.0596761
87,0.060009
88,0.0603241
89,0.060623
90,0.0609194
91,0.0612187
92,0.0615316
93,0.0618466
94,0.0621638
95,0.0624616
96,0.0627456
97,0.0630069
98,0.0632439
99,0.063457
100,0.063658
101,0.0638579
102,0.0640627
103,0.0642679
104,0.0644796
105,0.0646835
106,0.064888
107,0.0650808
108,0.0652666
109,0.065435
110,0.0655864
111,0.0657204
112,0.0658489
113,0.0659828
114,0.066126
115,0.0662832
116,0.0664417
117,0.0665985
118,0.0667481
119,0.0668861
120,0.0670072
121,0.0671058
122,0.0671981
123,0.0672847
124,0.0673753
125,0.067474
126,0.0675804
127,0.0676865
128,0.0677895
129,0.0678916
130,0.0679902
131,0.0680812
132,0.0681522
133,0.068211
134,0.0682593
135,0.0683164
136,0.0683827
137,0.0684627
138,0.068554
139,0.0686447
140,0.0687353
141,0.0688209
142,0.0688948
143,0.0689628
144,0.0690163
145,0.0690665
146,0.0691111
147,0.0691686
148,0.0692414
149,0.0693218
150,0.0694174
151,0.0695011
152,0.0695942
153,0.0696803
154,0.0697646
155,0.0698403
156,0.0699157
157,0.0699867
158,0.0700557
159,0.0701309
160,0.0702032
161,0.0702762
162,0.0703455
163,0.0704106
164,0.0704763
165,0.0705477
166,0.0706223
167,0.0706935
168,0.0707702
169,0.0708433
170,0.0709178
171,0.0709888
172,0.0710522
173,0.0711064
174,0.0711513
175,0.0711985
176,0.0712495
177,0.0713185
178,0.0713936
179,0.0714789
180,0.0715577
181,0.0716431
182,0.0717159
183,0.0717847
184,0.071832
185,0.0718603
186,0.0718802
187,0.0718979
188,0.0719202
189,0.0719568
190,0.0720092
191,0.0720666
192,0.0721265
193,0.0721837
194,0.0722346
195,0.0722716
196,0.0722927
197,0.0722967
198,0.0723092
199,0.0723248
200,0.0723553
201,0.0723989
202,0.0724551
203,0.0725105
204,0.0725706
205,0.0726322
206,0.0726845
207,0.0727307
208,0.0727678
209,0.0727916
210,0.0728219
211,0.0728603
212,0.0729154
213,0.0729757
214,0.0730347
215,0.0730882
216,0.0731442
217,0.0731991
218,0.0732443
219,0.0732903
220,0.0733313
221,0.0733678
222,0.0734024
223,0.0734421
224,0.0734803
225,0.0735111
226,0.0735354
227,0.0735524
228,0.0735754
229,0.0736096
230,0.073663
231,0.0737328
232,0.0738156
233,0.0738964
234,0.0739804
235,0.0740559
236,0.0741158
237,0.0741602
238,0.0741933
239,0.0742159
240,0.0742454
241,0.0742962
242,0.0743544
243,0.074424
244,0.0744984
245,0.0745755
246,0.0746483
247,0.0747137
248,0.0747588
249,0.074795
250,0.0748076
251,0.0748269
252,0.0748452
253,0.0748915
254,0.0749409
255,0.0750013
256,0.0750555
257,0.0751104
258,0.0751583
259,0.0752082
260,0.075245
261,0.0752735
262,0.075294
263,0.0753113
264,0.0753362
265,0.0753682
266,0.0754056
267,0.0754361
268,0.0754643
269,0.0754825
270,0.075512
271,0.0755466
272,0.0755939
273,0.0756404
274,0.0757027
275,0.0757626
276,0.075827
277,0.0758859
278,0.0759325
279,0.0759648
280,0.0759888
281,0.0760056
282,0.076036
283,0.0760799
284,0.0761397
285,0.0762077
286,0.0762766
287,0.0763471
288,0.0764085
289,0.0764645
290,0.0764992
291,0.0765191
292,0.0765311
293,0.0765465
294,0.0765714
295,0.0766127
296,0.0766608
297,0.0767209
298,0.0767782
299,0.0768353
300,0.0768848
301,0.0769323
302,0.0769658
303,0.0769874
304,0.0770081
305,0.0770317
306,0.077063
307,0.077104
308,0.0771395
309,0.0771695
310,0.0771922
311,0.0772126
312,0.0772389
313,0.0772709
314,0.0773101
315,0.0773492
316,0.0773939
317,0.0774417
318,0.0774944
319,0.0775355
320,0.0775639
321,0.0775755
322,0.0775786
323,0.0775852
324,0.0776099
325,0.0776537
326,0.0777119
327,0.077778
328,0.0778474
329,0.0779206
330,0.0779917
331,0.0780588
332,0.0781058
333,0.0781358
334,0.0781612
335,0.078189
336,0.0782308
337,0.0782845
338,0.0783363
339,0.0783773
340,0.0784058
341,0.0784273
342,0.0784528
343,0.0784748
344,0.0784976
345,0.0785123
346,0.0785311
347,0.078553
348,0.0785877
349,0.0786186
350,0.0786458
351,0.0786555
352,0.0786618
353,0.0786622
354,0.078678
355,0.0787116
356,0.0787555
357,0.0788047
358,0.078857
359,0.0789122
360,0.0789689
361,0.0790221
362,0.0790527
363,0.0790673
364,0.0790682
365,0.0790656
366,0.0790812
367,0.0791215
368,0.0791737
369,0.0792361
370,0.0792976
371,0.0793648
372,0.079428
373,0.0794934
374,0.0795457
375,0.0795831
376,0.079608
377,0.0796262
378,0.0796465
379,0.0796752
380,0.0796945
381,0.0797058
382,0.0797023
383,0.0796914
384,0.079689
385,0.0796974
386,0.0797136
387,0.0797348
388,0.0797563
389,0.0797801
390,0.0798068
391,0.079824
392,0.0798277
393,0.0798119
394,0.079777
395,0.0797347
396,0.0797033
397,0.0796881
398,0.0796859
399,0.0796851
