2,-0.00107889
3,-0.00263794
4,-0.00371074
5,-0.00438423
6,-0.00417089
7,-0.00374241
8,-0.00314326
9,-0.00238392
10,-0.00158808
11,-0.000967594
12,-0.000594099
13,-0.000371974
14,9.9631e-05
15,0.000597798
16,0.000982914
17,0.00137962
18,0.00186223
19,0.00263515
20,0.00241129
21,0.0054611
22,0.00986821
23,0.0129946
24,0.014995
25,0.016551
26,0.0181529
27,0.0198343
28,0.021597
29,0.0235195
30,0.0253555
31,0.0272447
32,0.0292389
33,0.0312437
34,0.0331679
35,0.0349877
36,0.0366563
37,0.0381465
38,0.0394857
39,0.0407139
40,0.0418362
41,0.0428717
42,0.0438032
43,0.0446531
44,0.0453933
45,0.0459845
46,0.0464229
47,0.0468078
48,0.0471317
49,0.0474657
50,0.0478228
51,0.0481663
52,0.0485096
53,0.0488605
54,0.0492425
55,0.0496369
56,0.0500489
57,0.0504321
58,0.0508279
59,0.0512348
60,0.0516511
61,0.0520522
62,0.0524579
63,0.0528673
64,0.0532727
65,0.053689
66,0.0541089
67,0.0545514
68,0.0549695
69,0.0553914
70,0.0557908
71,0.0561872
72,0.0565767
73,0.0569286
74,0.0573017
75,0.0576726
76,0.0580371
77,0.0584162
78,0.0587848
79,0.0591646
80,0.0595111
81,0.0598294
82,0.0601534
83,0.0604445
84,0.0607564
85,0.0610646
86,0.0613606
87,0.0616397
88,0.0619045
89,0.062168
90,0.062434
91,0.0626779
92,0.0629307
93,0.0631674
94,0.0633953
95,0.0636012
96,0.0637926
97,0.063985
98,0.0641767
99,0.0643582
100,0.0645304
101,0.0647047
102,0.064865
103,0.0650185
104,0.0651644
105,0.0652912
106,0.0654282
107,0.0655684
108,0.0657112
109,0.0658564
110,0.0659964
111,0.0661225
112,0.0662471
113,0.0663549
114,0.0664541
115,0.0665601
116,0.0666703
117,0.0667913
118,0.066909
119,0.0670326
120,0.0671548
121,0.0672738
122,0.0673847
123,0.0674909
124,0.0675839
125,0.0676759
126,0.0677612
127,0.067834
128,0.0679147
129,0.0679931
130,0.0680647
131,0.0681399
132,0.068208
133,0.0682924
134,0.0683607
135,0.0684121
136,0.0684765
137,0.0685437
138,0.0686176
139,0.06868
140,0.0687419
141,0.0688069
142,0.0688783
143,0.0689597
144,0.0690211
145,0.0690861
146,0.0691567
147,0.0692405
148,0.0693154
149,0.0693958
150,0.0694885
151,0.06957
152,0.0696327
153,0.0696942
154,0.069758
155,0.0698184
156,0.0698941
157,0.069966
158,0.0700462
159,0.0701222
160,0.0702035
161,0.0702707
162,0.070343
163,0.0704065
164,0.0704774
165,0.0705447
166,0.0706193
167,0.0706959
168,0.07076
169,0.0708269
170,0.0708934
171,0.0709696
172,0.0710421
173,0.071111
174,0.0711786
175,0.07124
176,0.0713035
177,0.071368
178,0.0714297
179,0.0714977
180,0.0715583
181,0.0716163
182,0.0716696
183,0.0717239
184,0.0717802
185,0.071826
186,0.0718683
187,0.0719084
188,0.0719451
189,0.0719832
190,0.0720238
191,0.0720657
192,0.0721117
193,0.0721531
194,0.0721984
195,0.0722406
196,0.072276
197,0.0723083
198,0.0723452
199,0.0723792
200,0.0724184
201,0.0724655
202,0.0725053
203,0.0725479
204,0.0725874
205,0.0726369
206,0.0726863
207,0.0727299
208,0.0727763
209,0.0728208
210,0.0728655
211,0.0729203
212,0.072976
213,0.0730309
214,0.073076
215,0.0731192
216,0.0731525
217,0.0731933
218,0.0732324
219,0.0732722
220,0.0733122
221,0.0733527
222,0.0733882
223,0.073423
224,0.0734601
225,0.0734988
226,0.0735345
227,0.0735775
228,0.0736295
229,0.0736816
230,0.0737439
231,0.0738018
232,0.0738625
233,0.0739266
234,0.0739992
235,0.0740574
236,0.0741163
237,0.0741757
238,0.0742331
239,0.0742945
240,0.0743428
241,0.0743946
242,0.0744379
243,0.0744872
244,0.0745324
245,0.074582
246,0.0746301
247,0.0746775
248,0.0747296
249,0.0747698
250,0.0748115
251,0.0748521
252,0.07489
253,0.0749279
254,0.0749715
255,0.0750115
256,0.0750552
257,0.0750977
258,0.0751353
259,0.0751781
260,0.0752168
261,0.0752498
262,0.0752797
263,0.0753147
264,0.0753488
265,0.0753842
266,0.0754161
267,0.0754536
268,0.0754864
269,0.0755212
270,0.0755581
271,0.0755939
272,0.0756313
273,0.0756771
274,0.0757238
275,0.0757748
276,0.0758318
277,0.0758783
278,0.0759291
279,0.0759776
280,0.0760215
281,0.0760651
282,0.0761193
283,0.0761644
284,0.0762053
285,0.0762469
286,0.0762861
287,0.0763247
288,0.0763681
289,0.0764123
290,0.0764548
291,0.0764916
292,0.0765366
293,0.0765727
294,0.0766111
295,0.0766551
296,0.0766948
297,0.0767351
298,0.0767682
299,0.0768068
300,0.0768369
301,0.0768689
302,0.0769088
303,0.0769357
304,0.0769669
305,0.0769992
306,0.0770324
307,0.0770749
308,0.0771133
309,0.0771477
310,0.077179
311,0.0772139
312,0.0772427
313,0.0772792
314,0.0773097
315,0.0773449
316,0.0773767
317,0.077406
318,0.0774408
319,0.0774711
320,0.0775096
321,0.0775468
322,0.0775866
323,0.077626
324,0.0776682
325,0.0777072
326,0.0777542
327,0.0777966
328,0.0778436
329,0.0778936
330,0.0779475
331,0.0780052
332,0.0780653
333,0.0781267
334,0.0781823
335,0.0782432
336,0.0782935
337,0.0783335
338,0.0783641
339,0.0783845
340,0.0783931
341,0.0784083
342,0.0784147
343,0.0784339
344,0.0784494
345,0.0784696
346,0.0784965
347,0.0785211
348,0.0785532
349,0.0785825
350,0.0786098
351,0.0786343
352,0.0786618
353,0.078685
354,0.0787189
355,0.0787455
356,0.0787762
357,0.0788057
358,0.078839
359,0.0788735
360,0.0789126
361,0.0789489
362,0.078984
363,0.0790191
364,0.0790514
365,0.0790781
366,0.0791129
367,0.0791467
368,0.0791896
369,0.0792337
370,0.0792784
371,0.0793304
372,0.0793809
373,0.0794317
374,0.079481
375,0.0795266
376,0.0795668
377,0.0795985
378,0.0796251
379,0.0796464
380,0.0796653
381,0.0796731
382,0.0796824
383,0.0796911
384,0.0796896
385,0.0797032
386,0.0797112
387,0.0797228
388,0.0797291
389,0.0797447
390,0.0797601
391,0.0797749
392,0.0797869
393,0.0797947
394,0.0797948
395,0.079798
396,0.0797987
397,0.0798045
398,0.0798102
399,0.07981
