2,6.65019e-05
3,0.000146015
4,0.000223725
5,0.000302416
6,0.000369812
7,0.000368641
8,0.000321221
9,0.000220886
10,6.70926e-05
11,-0.000105755
12,-0.000250047
13,-0.000313077
14,-0.000337765
15,-0.000336916
16,-0.000300508
17,-0.000268318
18,-0.000205773
19,1.70425e-05
20,0.000409747
21,0.00235927
22,0.00525347
23,0.00790068
24,0.0106427
25,0.013397
26,0.0160634
27,0.0185768
28,0.0209726
29,0.0232585
30,0.025399
31,0.0273927
32,0.0293168
33,0.0310747
34,0.0327906
35,0.0344007
36,0.0359372
37,0.0373747
38,0.0386754
39,0.0399127
40,0.0410164
41,0.0420173
42,0.0429521
43,0.0437733
44,0.0445087
45,0.0451373
46,0.0457246
47,0.0462344
48,0.0466771
49,0.0470812
50,0.0474409
51,0.0477654
52,0.0480569
53,0.0483251
54,0.0485475
55,0.0487394
56,0.0489289
57,0.0491041
58,0.0492755
59,0.0494431
60,0.0496393
61,0.0498347
62,0.0500444
63,0.0502989
64,0.0505566
65,0.0508445
66,0.0511424
67,0.0514469
68,0.0517549
69,0.0520637
70,0.0523989
71,0.0527693
72,0.0531736
73,0.0535946
74,0.0540245
75,0.0544672
76,0.0548988
77,0.055336
78,0.0557784
79,0.0561955
80,0.056599
81,0.0569907
82,0.0573693
83,0.0577424
84,0.0581089
85,0.058486
86,0.0588602
87,0.0592263
88,0.0595724
89,0.059918
90,0.0602543
91,0.0605837
92,0.0609136
93,0.0612455
94,0.061551
95,0.0618388
96,0.0621134
97,0.0623827
98,0.0626476
99,0.062906
100,0.0631566
101,0.0633997
102,0.063626
103,0.0638445
104,0.0640581
105,0.0642718
106,0.0644762
107,0.0646836
108,0.0648853
109,0.0650766
110,0.0652552
111,0.0654312
112,0.0656059
113,0.0657712
114,0.0659341
115,0.0660882
116,0.0662383
117,0.0663744
118,0.0665098
119,0.0666379
120,0.0667691
121,0.0668945
122,0.0670216
123,0.0671462
124,0.0672669
125,0.0673861
126,0.0675007
127,0.0676133
128,0.0677129
129,0.0678116
130,0.0679044
131,0.0679964
132,0.0680827
133,0.0681704
134,0.0682484
135,0.0683337
136,0.0684095
137,0.0684924
138,0.0685672
139,0.0686379
140,0.0687012
141,0.0687664
142,0.0688276
143,0.0688881
144,0.0689486
145,0.0690143
146,0.0690785
147,0.0691457
148,0.0692187
149,0.0692992
150,0.0693883
151,0.0694801
152,0.0695713
153,0.0696566
154,0.0697393
155,0.069822
156,0.0699011
157,0.0699779
158,0.0700528
159,0.0701305
160,0.0702061
161,0.0702849
162,0.0703546
163,0.0704261
164,0.070494
165,0.0705618
166,0.0706233
167,0.0706893
168,0.0707488
169,0.070808
170,0.0708634
171,0.0709264
172,0.0709907
173,0.0710576
174,0.0711303
175,0.0712007
176,0.0712735
177,0.0713467
178,0.0714234
179,0.0714971
180,0.0715715
181,0.0716385
182,0.0717061
183,0.0717588
184,0.0718105
185,0.0718505
186,0.0718924
187,0.0719333
188,0.0719729
189,0.0720121
190,0.0720493
191,0.0720832
192,0.0721177
193,0.0721479
194,0.0721862
195,0.0722153
196,0.072251
197,0.072278
198,0.0723102
199,0.0723461
200,0.0723829
201,0.0724216
202,0.0724607
203,0.0724986
204,0.0725437
205,0.0725899
206,0.0726411
207,0.0726958
208,0.0727478
209,0.0728004
210,0.0728519
211,0.0729083
212,0.0729642
213,0.0730201
214,0.0730737
215,0.0731275
216,0.0731749
217,0.0732231
218,0.0732637
219,0.073301
220,0.0733335
221,0.0733712
222,0.0733961
223,0.0734254
224,0.0734545
225,0.0734815
226,0.073516
227,0.0735426
228,0.0735782
229,0.0736172
230,0.0736639
231,0.073719
232,0.0737851
233,0.0738487
234,0.0739128
235,0.0739804
236,0.0740431
237,0.0741028
238,0.0741651
239,0.0742264
240,0.0742899
241,0.0743553
242,0.0744152
243,0.0744755
244,0.0745318
245,0.0745892
246,0.0746417
247,0.0746947
248,0.0747424
249,0.0747925
250,0.0748366
251,0.0748816
252,0.0749237
253,0.0749715
254,0.0750132
255,0.0750613
256,0.0750962
257,0.0751337
258,0.0751647
259,0.075197
260,0.0752277
261,0.0752557
262,0.0752798
263,0.0753021
264,0.0753302
265,0.0753591
266,0.0753878
267,0.0754182
268,0.0754482
269,0.0754758
270,0.0755085
271,0.0755361
272,0.0755765
273,0.0756066
274,0.0756548
275,0.0756994
276,0.0757472
277,0.0757991
278,0.0758555
279,0.075913
280,0.0759712
281,0.0760237
282,0.0760759
283,0.0761243
284,0.0761749
285,0.0762263
286,0.0762772
287,0.0763284
288,0.0763795
289,0.076431
290,0.0764819
291,0.0765274
292,0.0765772
293,0.0766242
294,0.0766724
295,0.0767194
296,0.0767585
297,0.0767969
298,0.0768308
299,0.0768672
300,0.0769022
301,0.0769349
302,0.0769668
303,0.0770013
304,0.0770332
305,0.0770678
306,0.0771011
307,0.0771355
308,0.0771692
309,0.0772001
310,0.0772259
311,0.0772504
312,0.0772802
313,0.0773068
314,0.0773323
315,0.0773538
316,0.07738
317,0.077409
318,0.0774468
319,0.0774805
320,0.0775175
321,0.0775446
322,0.0775779
323,0.0776152
324,0.0776545
325,0.0776907
326,0.0777311
327,0.0777719
328,0.0778134
329,0.0778618
330,0.0779145
331,0.0779731
332,0.0780322
333,0.0780937
334,0.0781455
335,0.078209
336,0.0782649
337,0.0783226
338,0.0783601
339,0.0783839
340,0.0783974
341,0.0784071
342,0.0784171
343,0.0784279
344,0.0784441
345,0.0784546
346,0.0784796
347,0.0784999
348,0.0785299
349,0.0785602
350,0.078589
351,0.0786179
352,0.0786458
353,0.0786764
354,0.0787061
355,0.0787412
356,0.0787754
357,0.0788094
358,0.078843
359,0.0788783
360,0.0789145
361,0.0789535
362,0.0789904
363,0.0790286
364,0.0790635
365,0.0790983
366,0.0791353
367,0.0791781
368,0.0792168
369,0.0792619
370,0.079306
371,0.0793572
372,0.0794071
373,0.0794632
374,0.0795152
375,0.0795685
376,0.0796107
377,0.079639
378,0.0796573
379,0.0796718
380,0.0796792
381,0.079689
382,0.0796896
383,0.0796975
384,0.0797025
385,0.0797109
386,0.0797219
387,0.0797328
388,0.0797426
389,0.0797551
390,0.079763
391,0.0797713
392,0.0797767
393,0.0797789
394,0.0797783
395,0.0797803
396,0.079773
397,0.0797746
398,0.0797729
399,0.0797763
