2,0.998266
3,0.996362
4,0.994636
5,0.992964
6,0.991618
7,0.991832
8,0.993041
9,0.995316
10,0.998665
11,1.00228
12,1.00521
13,1.00643
14,1.00686
15,1.00676
16,1.00598
17,1.0053
18,1.00405
19,0.99971
20,0.992176
21,0.955103
22,0.900653
23,0.851513
24,0.801183
25,0.751177
26,0.703315
27,0.658734
28,0.616714
29,0.577061
30,0.540368
31,0.506605
32,0.474336
33,0.445262
34,0.417122
35,0.391031
36,0.366384
37,0.343615
38,0.323357
39,0.304303
40,0.287646
41,0.272837
42,0.259213
43,0.247592
44,0.237457
45,0.229175
46,0.221586
47,0.215336
48,0.210196
49,0.205716
50,0.201943
51,0.198763
52,0.196095
53,0.193817
54,0.192254
55,0.191199
56,0.190135
57,0.189306
58,0.188475
59,0.187715
60,0.186439
61,0.185173
62,0.183631
63,0.181367
64,0.17901
65,0.176178
66,0.173141
67,0.170023
68,0.166807
69,0.163605
70,0.15993
71,0.155728
72,0.150938
73,0.145923
74,0.140727
75,0.135371
76,0.130146
77,0.124879
78,0.119483
79,0.11454
80,0.109754
81,0.105209
82,0.100803
83,0.0965466
84,0.092334
85,0.0880072
86,0.0836693
87,0.0795143
88,0.0756134
89,0.0717696
90,0.0680149
91,0.0644142
92,0.060759
93,0.0571126
94,0.0538317
95,0.0508544
96,0.0480458
97,0.0453423
98,0.0426841
99,0.0401321
100,0.0376859
101,0.0353529
102,0.0332879
103,0.0313114
104,0.0294468
105,0.0275204
106,0.0258112
107,0.0239542
108,0.0223007
109,0.0206641
110,0.0193762
111,0.0179289
112,0.0167061
113,0.0153851
114,0.0143741
115,0.0131664
116,0.012364
117,0.011394
118,0.0108225
119,0.00992217
120,0.00943574
121,0.00852507
122,0.00813464
123,0.00720278
124,0.00696459
125,0.00604158
126,0.00596141
127,0.00508603
128,0.00520574
129,0.00447115
130,0.00475963
131,0.00408109
132,0.00441529
133,0.0037373
134,0.00423192
135,0.0035356
136,0.0040454
137,0.00339476
138,0.00388393
139,0.00335549
140,0.0039285
141,0.00343306
142,0.0040572
143,0.003609
144,0.00415608
145,0.00369565
146,0.00419618
147,0.00370132
148,0.00415373
149,0.00349676
150,0.00374128
151,0.00302616
152,0.00334813
153,0.00267914
154,0.00317437
155,0.00249473
156,0.00302133
157,0.00240674
158,0.00298361
159,0.0023996
160,0.00297417
161,0.00242924
162,0.00296713
163,0.00251519
164,0.00301371
165,0.00255625
166,0.00300441
167,0.00252969
168,0.0029951
169,0.00245859
170,0.00290316
171,0.00240206
172,0.00289544
173,0.00238552
174,0.00293179
175,0.00259371
176,0.00302739
177,0.00270692
178,0.00321206
179,0.00301707
180,0.00347124
181,0.00324183
182,0.00353069
183,0.00317015
184,0.00314488
185,0.00279343
186,0.00261434
187,0.00263797
188,0.00238078
189,0.0025429
190,0.00221156
191,0.00244751
192,0.0020114
193,0.00238469
194,0.00192012
195,0.00236982
196,0.00189141
197,0.00252039
198,0.00195438
199,0.00261636
200,0.00213486
201,0.00276517
202,0.00238485
203,0.00297441
204,0.00254962
205,0.00305295
206,0.00256052
207,0.00300096
208,0.00252719
209,0.00298533
210,0.0024475
211,0.00289686
212,0.00239611
213,0.0027874
214,0.00230441
215,0.00273197
216,0.00226598
217,0.00279327
218,0.00238375
219,0.00293262
220,0.00258181
221,0.00312785
222,0.00287541
223,0.00346627
224,0.00324536
225,0.00384528
226,0.00358806
227,0.00413015
228,0.00393993
229,0.00433441
230,0.00401745
231,0.00420427
232,0.00366135
233,0.00379056
234,0.00324165
235,0.00338182
236,0.00281795
237,0.00308735
238,0.00256631
239,0.00280102
240,0.00228492
241,0.00260791
242,0.00208985
243,0.0024524
244,0.00205754
245,0.00249613
246,0.00209914
247,0.00247113
248,0.00207329
249,0.0025063
250,0.00217797
251,0.00253023
252,0.00218656
253,0.00252994
254,0.00224516
255,0.00262
256,0.00221366
257,0.00262394
258,0.00222575
259,0.00253466
260,0.00220165
261,0.00256647
262,0.0022867
263,0.00266401
264,0.00236393
265,0.00275848
266,0.00246356
267,0.00288881
268,0.00262237
269,0.00301766
270,0.00272057
271,0.0031385
272,0.00287023
273,0.00318982
274,0.00285475
275,0.00305448
276,0.0027534
277,0.00290198
278,0.00251451
279,0.00265189
280,0.00231854
281,0.00253892
282,0.00221123
283,0.00243721
284,0.00222065
285,0.00245671
286,0.00221833
287,0.00243586
288,0.00231159
289,0.0025536
290,0.00242186
291,0.00263314
292,0.00253112
293,0.00277248
294,0.00268452
295,0.0029101
296,0.00278181
297,0.00291998
298,0.00284028
299,0.00291969
300,0.00278507
301,0.00287791
302,0.00280027
303,0.00286971
304,0.00276274
305,0.0028337
306,0.00275731
307,0.00282955
308,0.00276467
309,0.00277793
310,0.00265884
311,0.0026533
312,0.00261141
313,0.00262791
314,0.00252028
315,0.00256944
316,0.00243742
317,0.00251498
318,0.00245276
319,0.00250699
320,0.00242992
321,0.00249892
322,0.0024653
323,0.00247874
324,0.00246014
325,0.00249907
326,0.00242449
327,0.00251933
328,0.00246701
329,0.00257123
330,0.00260644
331,0.00273462
332,0.00292416
333,0.00313033
334,0.00330447
335,0.00356152
336,0.00380393
337,0.00402873
338,0.00409231
339,0.00397007
340,0.00375302
341,0.00351544
342,0.00331575
343,0.00308897
344,0.00294499
345,0.00274689
346,0.00270998
347,0.00260134
348,0.00255574
349,0.00256816
350,0.00252236
351,0.00253212
352,0.00246958
353,0.00246627
354,0.00244719
355,0.00243752
356,0.00244307
357,0.0024951
358,0.00248588
359,0.00250164
360,0.00251724
361,0.00258231
362,0.00263118
363,0.00270305
364,0.00270465
365,0.00274646
366,0.00280146
367,0.00289975
368,0.00295481
369,0.00307419
370,0.00320389
371,0.00338782
372,0.00360802
373,0.0038698
374,0.00409044
375,0.00434929
376,0.00448293
377,0.00445787
378,0.00433985
379,0.00417197
380,0.00391041
381,0.00369112
382,0.00341461
383,0.003176
384,0.00298586
385,0.00278759
386,0.00267405
387,0.00249813
388,0.00238627
389,0.00226418
390,0.00222106
391,0.0021611
392,0.00212455
393,0.00217017
394,0.00225715
395,0.00234239
396,0.00255543
397,0.00277674
398,0.00300627
399,0.00324345
