2,1.0001
3,0.999917
4,0.998693
5,0.99758
6,0.996828
7,0.996674
8,0.997125
9,0.998075
10,0.999532
11,1.00114
12,1.00253
13,1.00366
14,1.00442
15,1.00527
16,1.00517
17,1.00518
18,1.006
19,1.00419
20,0.995036
21,0.956617
22,0.89911
23,0.846373
24,0.793411
25,0.742828
26,0.694524
27,0.649449
28,0.607477
29,0.568564
30,0.532425
31,0.498963
32,0.468642
33,0.439942
34,0.412863
35,0.38788
36,0.363853
37,0.341898
38,0.32227
39,0.304169
40,0.287808
41,0.272752
42,0.259643
43,0.247908
44,0.238129
45,0.229679
46,0.22186
47,0.215649
48,0.210617
49,0.206252
50,0.20267
51,0.199789
52,0.197516
53,0.195215
54,0.193887
55,0.192535
56,0.191876
57,0.191382
58,0.190777
59,0.190372
60,0.18929
61,0.188057
62,0.186887
63,0.184873
64,0.182598
65,0.180113
66,0.177427
67,0.174289
68,0.171646
69,0.168613
70,0.16491
71,0.160972
72,0.156417
73,0.15147
74,0.146407
75,0.140927
76,0.135837
77,0.130315
78,0.124986
79,0.119782
80,0.114936
81,0.110279
82,0.105765
83,0.101409
84,0.0970989
85,0.0926568
86,0.0882116
87,0.0839616
88,0.0799252
89,0.075955
90,0.0720985
91,0.0683173
92,0.0645082
93,0.0607737
94,0.057298
95,0.0541481
96,0.0511984
97,0.0483414
98,0.0455566
99,0.0428828
100,0.0402838
101,0.0377829
102,0.0355994
103,0.0335208
104,0.0314685
105,0.0294836
106,0.027594
107,0.0257198
108,0.0238969
109,0.0222289
110,0.0207325
111,0.0193037
112,0.0178739
113,0.0165851
114,0.0153303
115,0.0141628
116,0.0131288
117,0.0122749
118,0.0114345
119,0.0107367
120,0.00994522
121,0.00933564
122,0.00849338
123,0.00797197
124,0.00724226
125,0.00674513
126,0.00613328
127,0.00572957
128,0.00522237
129,0.00509162
130,0.0046541
131,0.0046632
132,0.00429346
133,0.00429756
134,0.0040025
135,0.00408374
136,0.00380278
137,0.00387969
138,0.00359697
139,0.00381852
140,0.00362207
141,0.00388366
142,0.00373913
143,0.00401879
144,0.0039076
145,0.00413796
146,0.00389488
147,0.00415558
148,0.0039189
149,0.00393432
150,0.00341154
151,0.00350517
152,0.00297514
153,0.00315375
154,0.00273116
155,0.00301744
156,0.00254678
157,0.00289292
158,0.00248821
159,0.00284686
160,0.00247659
161,0.00288922
162,0.00249574
163,0.00294185
164,0.00252944
165,0.00298719
166,0.0025067
167,0.00296249
168,0.00251484
169,0.00287069
170,0.00242952
171,0.00277365
172,0.00238342
173,0.00279343
174,0.00243763
175,0.00283078
176,0.00258462
177,0.00300491
178,0.00282725
179,0.00325517
180,0.00315726
181,0.00341675
182,0.00326742
183,0.00328712
184,0.00301565
185,0.00276296
186,0.00273114
187,0.00249013
188,0.00264553
189,0.00235634
190,0.0025241
191,0.00210288
192,0.00234637
193,0.00194082
194,0.0022855
195,0.0019244
196,0.00221478
197,0.00205945
198,0.00230617
199,0.00228324
200,0.0025341
201,0.00241679
202,0.00269434
203,0.00264398
204,0.00283419
205,0.00277755
206,0.00291163
207,0.00275527
208,0.00285468
209,0.0027245
210,0.00280481
211,0.00265447
212,0.0027034
213,0.00252288
214,0.00261439
215,0.00243843
216,0.00254008
217,0.0024983
218,0.00262744
219,0.00261263
220,0.00276886
221,0.00289603
222,0.00308075
223,0.00323928
224,0.00342806
225,0.00363381
226,0.00380176
227,0.00395414
228,0.00410493
229,0.00424858
230,0.00422727
231,0.00411446
232,0.00389351
233,0.00367588
234,0.00346277
235,0.00328335
236,0.00308695
237,0.00294383
238,0.00281214
239,0.00264805
240,0.0025083
241,0.00238069
242,0.00231872
243,0.00231939
244,0.00224009
245,0.00229091
246,0.00226916
247,0.00229046
248,0.00226667
249,0.00232286
250,0.00233928
251,0.00233383
252,0.0023709
253,0.00237986
254,0.00238714
255,0.00241903
256,0.00238635
257,0.00248309
258,0.00237409
259,0.0023996
260,0.00235437
261,0.00247803
262,0.00236781
263,0.00251847
264,0.00249105
265,0.00265195
266,0.00251662
267,0.00279954
268,0.0027112
269,0.00295939
270,0.00281122
271,0.0031306
272,0.00294477
273,0.00313238
274,0.0029611
275,0.00312351
276,0.00281864
277,0.00293843
278,0.00257989
279,0.00266162
280,0.00234467
281,0.00255861
282,0.00227328
283,0.00240568
284,0.00220577
285,0.00244249
286,0.00222402
287,0.00243927
288,0.00231083
289,0.00256814
290,0.00240482
291,0.00266044
292,0.00255026
293,0.00279221
294,0.00271427
295,0.00295449
296,0.00281803
297,0.00300984
298,0.00284088
299,0.00298577
300,0.0027935
301,0.00293637
302,0.00281533
303,0.00292124
304,0.002738
305,0.00290294
306,0.00273366
307,0.00286757
308,0.00272313
309,0.00283725
310,0.00263529
311,0.00273598
312,0.00257856
313,0.00266659
314,0.00245473
315,0.00264305
316,0.00236564
317,0.00259178
318,0.00237391
319,0.00258157
320,0.00237395
321,0.00261068
322,0.00230506
323,0.00260126
324,0.00232242
325,0.00258229
326,0.00234154
327,0.00257005
328,0.00237821
329,0.00261934
330,0.00249363
331,0.00281126
332,0.00281836
333,0.00316356
334,0.00325476
335,0.00359834
336,0.00372432
337,0.00407593
338,0.00402538
339,0.00400972
340,0.00370603
341,0.00358751
342,0.00320556
343,0.00312668
344,0.00286213
345,0.00284818
346,0.0025906
347,0.00268461
348,0.00247853
349,0.0026353
350,0.00244243
351,0.00260497
352,0.00238672
353,0.00249535
354,0.00237985
355,0.00254629
356,0.00238209
357,0.00256794
358,0.00241076
359,0.00253662
360,0.00244661
361,0.00266054
362,0.00257414
363,0.00275627
364,0.00269098
365,0.00281188
366,0.00278943
367,0.0029065
368,0.00294563
369,0.00312022
370,0.00323714
371,0.00345507
372,0.00360813
373,0.00389839
374,0.00414219
375,0.0043812
376,0.00449041
377,0.00452467
378,0.00431746
379,0.00416265
380,0.00389528
381,0.0037307
382,0.00337452
383,0.00319004
384,0.002959
385,0.00282877
386,0.00257772
387,0.00252781
388,0.00237578
389,0.002301
390,0.002195
391,0.00219253
392,0.00214301
393,0.00214014
394,0.00220961
395,0.0023926
396,0.00255126
397,0.00278409
398,0.00301508
399,0.00332778
