2,-2.94773e-06
3,4.25628e-06
4,5.49973e-05
5,0.000104437
6,0.000140176
7,0.000150499
8,0.000132949
9,9.11744e-05
10,2.39091e-05
11,-5.3084e-05
12,-0.000120839
13,-0.000178457
14,-0.000217424
15,-0.000262502
16,-0.000259228
17,-0.000262159
18,-0.000306122
19,-0.000214239
20,0.000261251
21,0.00228059
22,0.00533553
23,0.00817465
24,0.0110592
25,0.0138468
26,0.0165397
27,0.0190824
28,0.0214784
29,0.0237261
30,0.0258382
31,0.0278172
32,0.0296347
33,0.0313729
34,0.0330304
35,0.0345788
36,0.0360809
37,0.0374728
38,0.0387379
39,0.0399204
40,0.0410073
41,0.0420223
42,0.0429273
43,0.0437548
44,0.0444695
45,0.0451075
46,0.0457087
47,0.0462155
48,0.0466522
49,0.0470491
50,0.047398
51,0.0477041
52,0.0479725
53,0.0482411
54,0.0484498
55,0.0486587
56,0.048824
57,0.0489778
58,0.049136
59,0.049281
60,0.0494655
61,0.049658
62,0.0498451
63,0.0500831
64,0.0503362
65,0.0506011
66,0.0508776
67,0.0511816
68,0.0514545
69,0.0517509
70,0.0520887
71,0.0524407
72,0.0528312
73,0.0532459
74,0.0536676
75,0.0541161
76,0.0545402
77,0.0549914
78,0.0554305
79,0.0558617
80,0.0562703
81,0.0566662
82,0.0570536
83,0.0574308
84,0.0578047
85,0.0581869
86,0.0585693
87,0.0589388
88,0.059295
89,0.0596463
90,0.0599906
91,0.0603297
92,0.0606708
93,0.0610067
94,0.0613258
95,0.0616233
96,0.061908
97,0.0621861
98,0.0624594
99,0.0627252
100,0.0629857
101,0.0632401
102,0.0634731
103,0.0636994
104,0.0639232
105,0.0641433
106,0.0643559
107,0.0645688
108,0.0647763
109,0.0649756
110,0.0651597
111,0.0653429
112,0.0655219
113,0.0656953
114,0.0658625
115,0.066027
116,0.0661769
117,0.0663212
118,0.0664569
119,0.06659
120,0.0667222
121,0.0668489
122,0.066982
123,0.0671044
124,0.0672291
125,0.0673505
126,0.0674679
127,0.0675837
128,0.0676887
129,0.0677866
130,0.0678831
131,0.067974
132,0.0680631
133,0.0681504
134,0.0682349
135,0.0683188
136,0.0683963
137,0.0684808
138,0.0685567
139,0.0686301
140,0.0686954
141,0.0687602
142,0.0688212
143,0.0688818
144,0.0689417
145,0.0690057
146,0.0690713
147,0.0691359
148,0.0692048
149,0.0692908
150,0.0693811
151,0.0694718
152,0.0695638
153,0.0696525
154,0.0697361
155,0.069816
156,0.069898
157,0.069971
158,0.0700495
159,0.0701253
160,0.0702056
161,0.0702816
162,0.0703566
163,0.0704272
164,0.0704973
165,0.0705641
166,0.0706258
167,0.070689
168,0.0707496
169,0.070804
170,0.0708655
171,0.0709234
172,0.0709904
173,0.071056
174,0.0711275
175,0.0711976
176,0.071271
177,0.071345
178,0.07142
179,0.0714955
180,0.0715695
181,0.0716389
182,0.0717053
183,0.0717592
184,0.0718098
185,0.0718476
186,0.0718933
187,0.0719323
188,0.0719745
189,0.072014
190,0.0720499
191,0.0720844
192,0.072117
193,0.0721507
194,0.0721833
195,0.0722187
196,0.0722454
197,0.0722766
198,0.0723088
199,0.0723431
200,0.0723808
201,0.0724189
202,0.0724596
203,0.0724968
204,0.0725399
205,0.0725857
206,0.0726369
207,0.0726912
208,0.0727433
209,0.0727949
210,0.0728467
211,0.0729044
212,0.07296
213,0.0730169
214,0.0730737
215,0.0731272
216,0.0731746
217,0.0732228
218,0.0732641
219,0.0733021
220,0.0733376
221,0.0733676
222,0.0733988
223,0.0734252
224,0.0734529
225,0.0734819
226,0.0735128
227,0.0735453
228,0.0735769
229,0.0736104
230,0.0736569
231,0.073714
232,0.0737776
233,0.0738434
234,0.0739059
235,0.0739736
236,0.0740336
237,0.0740967
238,0.0741565
239,0.0742211
240,0.0742831
241,0.0743524
242,0.0744117
243,0.0744736
244,0.0745296
245,0.0745847
246,0.0746417
247,0.074691
248,0.0747439
249,0.0747925
250,0.0748365
251,0.0748821
252,0.074926
253,0.0749724
254,0.0750179
255,0.0750604
256,0.0751011
257,0.075136
258,0.0751675
259,0.0752002
260,0.0752308
261,0.0752562
262,0.0752805
263,0.0753038
264,0.0753266
265,0.0753573
266,0.0753843
267,0.0754186
268,0.0754428
269,0.0754738
270,0.0755037
271,0.0755326
272,0.0755698
273,0.0756037
274,0.0756453
275,0.0756902
276,0.0757389
277,0.0757895
278,0.0758471
279,0.0759055
280,0.0759655
281,0.0760169
282,0.0760696
283,0.0761231
284,0.0761719
285,0.0762229
286,0.0762737
287,0.0763281
288,0.0763774
289,0.0764322
290,0.0764785
291,0.0765315
292,0.0765786
293,0.0766278
294,0.0766762
295,0.0767226
296,0.0767642
297,0.0768031
298,0.076837
299,0.0768724
300,0.0769075
301,0.0769402
302,0.0769758
303,0.0770042
304,0.0770403
305,0.0770717
306,0.0771076
307,0.077142
308,0.0771758
309,0.077204
310,0.0772329
311,0.0772561
312,0.0772856
313,0.0773105
314,0.0773328
315,0.0773566
316,0.0773799
317,0.0774131
318,0.0774459
319,0.0774843
320,0.0775169
321,0.0775439
322,0.077579
323,0.077611
324,0.077653
325,0.0776893
326,0.0777312
327,0.0777697
328,0.0778107
329,0.0778572
330,0.0779123
331,0.0779718
332,0.078029
333,0.0780904
334,0.0781445
335,0.0782051
336,0.0782637
337,0.0783216
338,0.0783601
339,0.078382
340,0.0783966
341,0.0784065
342,0.0784164
343,0.0784264
344,0.0784409
345,0.0784544
346,0.0784772
347,0.0784981
348,0.0785267
349,0.0785559
350,0.0785879
351,0.0786178
352,0.0786458
353,0.0786737
354,0.0787053
355,0.0787408
356,0.0787743
357,0.0788103
358,0.0788416
359,0.0788784
360,0.0789126
361,0.0789539
362,0.0789929
363,0.0790303
364,0.0790671
365,0.0791004
366,0.0791394
367,0.0791757
368,0.0792211
369,0.0792616
370,0.0793115
371,0.0793584
372,0.0794137
373,0.0794619
374,0.0795217
375,0.0795696
376,0.0796147
377,0.0796416
378,0.0796586
379,0.0796712
380,0.079678
381,0.0796875
382,0.0796907
383,0.0796961
384,0.0797025
385,0.0797111
386,0.0797198
387,0.0797307
388,0.0797428
389,0.0797515
390,0.079763
391,0.07977
392,0.0797756
393,0.0797795
394,0.0797767
395,0.0797761
396,0.079772
397,0.079772
398,0.0797688
399,0.0797712
