2,0.999176
3,0.998403
4,0.998416
5,0.997903
6,0.99725
7,0.996795
8,0.996565
9,0.996598
10,0.996894
11,0.997596
12,0.998102
13,0.998551
14,0.999067
15,0.999581
16,1.00052
17,1.00154
18,1.00289
19,1.0006
20,0.992203
21,0.953471
22,0.896557
23,0.843985
24,0.790755
25,0.738898
26,0.689652
27,0.643798
28,0.601097
29,0.562361
30,0.526592
31,0.493287
32,0.462838
33,0.434835
34,0.408463
35,0.3842
36,0.360937
37,0.339797
38,0.320746
39,0.302997
40,0.286909
41,0.272208
42,0.25935
43,0.247921
44,0.23811
45,0.22971
46,0.222158
47,0.216094
48,0.210975
49,0.206876
50,0.203411
51,0.200752
52,0.198266
53,0.196441
54,0.195311
55,0.193977
56,0.193483
57,0.193249
58,0.192694
59,0.192571
60,0.191783
61,0.190834
62,0.189806
63,0.18824
64,0.18618
65,0.184017
66,0.181411
67,0.178624
68,0.176079
69,0.173167
70,0.169647
71,0.165993
72,0.161433
73,0.156782
74,0.151776
75,0.14647
76,0.141368
77,0.135824
78,0.130431
79,0.125118
80,0.120114
81,0.115272
82,0.110632
83,0.10616
84,0.10183
85,0.097308
86,0.0927419
87,0.0883387
88,0.0842152
89,0.0800503
90,0.0761455
91,0.0722284
92,0.0683326
93,0.0644249
94,0.0607884
95,0.0574623
96,0.0543646
97,0.0513303
98,0.0484549
99,0.0456659
100,0.0428997
101,0.0402359
102,0.0378727
103,0.035662
104,0.0335423
105,0.0314564
106,0.0294484
107,0.027433
108,0.0255471
109,0.0237152
110,0.0221248
111,0.0206489
112,0.0191159
113,0.0177105
114,0.0163855
115,0.0151561
116,0.0139977
117,0.0130892
118,0.0122393
119,0.0114095
120,0.0106301
121,0.00990577
122,0.00918155
123,0.00841854
124,0.00779146
125,0.00715914
126,0.00660357
127,0.00600749
128,0.00562644
129,0.00528685
130,0.00499521
131,0.00476709
132,0.00459081
133,0.00441817
134,0.00426083
135,0.004109
136,0.00402298
137,0.00388335
138,0.00378514
139,0.00377655
140,0.0037635
141,0.00384508
142,0.00388795
143,0.00397691
144,0.00402997
145,0.0040844
146,0.00410854
147,0.00415293
148,0.00407347
149,0.00394485
150,0.00359638
151,0.00347153
152,0.00309577
153,0.00308427
154,0.00281545
155,0.00291411
156,0.00267699
157,0.00277249
158,0.00257648
159,0.00277179
160,0.00250146
161,0.00274679
162,0.00256975
163,0.00287056
164,0.00257262
165,0.00289715
166,0.00259058
167,0.00289415
168,0.00255985
169,0.00280263
170,0.00250854
171,0.0026821
172,0.00238692
173,0.00274606
174,0.00245055
175,0.00275901
176,0.00255768
177,0.00292193
178,0.00283076
179,0.00316404
180,0.00309895
181,0.00335536
182,0.00320933
183,0.00322039
184,0.00297698
185,0.00275575
186,0.00274666
187,0.00255937
188,0.00272134
189,0.00237861
190,0.00257
191,0.00215328
192,0.00245533
193,0.00194753
194,0.00225988
195,0.00193185
196,0.0022556
197,0.00200261
198,0.00236311
199,0.0022413
200,0.00257141
201,0.00234343
202,0.0027689
203,0.00261346
204,0.00294644
205,0.00272665
206,0.00299253
207,0.00267228
208,0.00299335
209,0.00269667
210,0.0029251
211,0.00257804
212,0.00281133
213,0.00244862
214,0.00271207
215,0.00237753
216,0.00265272
217,0.00238853
218,0.00276438
219,0.0025058
220,0.00291025
221,0.00276612
222,0.00318111
223,0.00315723
224,0.00354369
225,0.00353883
226,0.00391291
227,0.00385839
228,0.00424128
229,0.00417078
230,0.0043839
231,0.00405689
232,0.00408425
233,0.00364756
234,0.00364548
235,0.00322643
236,0.00331554
237,0.00286704
238,0.00303245
239,0.00253878
240,0.00273994
241,0.00220769
242,0.00256493
243,0.00208962
244,0.00244112
245,0.0020532
246,0.00250883
247,0.00203772
248,0.00255519
249,0.00209016
250,0.00260314
251,0.00213169
252,0.00260926
253,0.00209822
254,0.00265901
255,0.00216756
256,0.00266277
257,0.00218242
258,0.00264551
259,0.00209955
260,0.00263767
261,0.00214054
262,0.00267482
263,0.00223757
264,0.00272186
265,0.00236574
266,0.00289052
267,0.00252544
268,0.00297933
269,0.00266326
270,0.00313391
271,0.00288153
272,0.00324165
273,0.00293925
274,0.00328462
275,0.00288551
276,0.00318082
277,0.00266889
278,0.00297169
279,0.00235337
280,0.00272721
281,0.00218397
282,0.00264182
283,0.00207682
284,0.00259568
285,0.00204884
286,0.0025991
287,0.00209713
288,0.00265106
289,0.00218952
290,0.00278538
291,0.0022988
292,0.00291424
293,0.00250729
294,0.0030278
295,0.00269068
296,0.00320205
297,0.00273135
298,0.0032002
299,0.00272161
300,0.00313926
301,0.00272112
302,0.00315837
303,0.00262406
304,0.00308856
305,0.00258359
306,0.0030935
307,0.00262902
308,0.00304679
309,0.0025236
310,0.00301106
311,0.00244074
312,0.00289562
313,0.0023547
314,0.0028151
315,0.00224496
316,0.00272977
317,0.00223261
318,0.00271585
319,0.00221466
320,0.00267634
321,0.00222869
322,0.00266295
323,0.00220868
324,0.00265382
325,0.00222659
326,0.00268224
327,0.00224438
328,0.00269557
329,0.00227158
330,0.00280432
331,0.00248286
332,0.0030855
333,0.00284957
334,0.00343491
335,0.00334166
336,0.00390331
337,0.00384196
338,0.00422733
339,0.00382495
340,0.00388085
341,0.0033845
342,0.00341136
343,0.00291306
344,0.00307028
345,0.00258839
346,0.00279928
347,0.00239379
348,0.00269738
349,0.0023822
350,0.00267493
351,0.00232805
352,0.00262973
353,0.00228636
354,0.00256112
355,0.00230586
356,0.00263714
357,0.00231729
358,0.0026194
359,0.00238325
360,0.00264946
361,0.00248684
362,0.00277441
363,0.00263122
364,0.00284588
365,0.00266463
366,0.00290827
367,0.00280842
368,0.00307375
369,0.00303582
370,0.00335386
371,0.00339838
372,0.00372322
373,0.00387179
374,0.00421986
375,0.00438576
376,0.00457319
377,0.00445613
378,0.00439973
379,0.00414832
380,0.00395692
381,0.00363625
382,0.0034854
383,0.00313769
384,0.00298775
385,0.00273832
386,0.00266082
387,0.00244367
388,0.00241887
389,0.00221313
390,0.00223776
391,0.0021195
392,0.00216951
393,0.0020911
394,0.00223588
395,0.00235312
396,0.0026175
397,0.00280757
398,0.00307859
399,0.003362
