2,3.19055e-05
3,6.44916e-05
4,6.66666e-05
5,9.05333e-05
6,0.000121692
7,0.000144556
8,0.000158272
9,0.000159097
10,0.00014812
11,0.000115995
12,9.37393e-05
13,7.18697e-05
14,4.83124e-05
15,2.18704e-05
16,-2.3678e-05
17,-7.63778e-05
18,-0.000145364
19,-2.65351e-05
20,0.000410741
21,0.00244748
22,0.00547165
23,0.00830261
24,0.0112019
25,0.014059
26,0.0168039
27,0.0193904
28,0.0218278
29,0.0240676
30,0.0261609
31,0.0281326
32,0.0299587
33,0.0316592
34,0.0332781
35,0.0347868
36,0.0362466
37,0.0375925
38,0.0388248
39,0.0399877
40,0.0410589
41,0.0420539
42,0.0429444
43,0.0437541
44,0.0444707
45,0.045106
46,0.0456911
47,0.0461896
48,0.0466311
49,0.0470119
50,0.0473537
51,0.0476467
52,0.0479274
53,0.0481678
54,0.0483645
55,0.0485724
56,0.048727
57,0.0488648
58,0.0490196
59,0.0491472
60,0.049313
61,0.0494881
62,0.0496656
63,0.049876
64,0.0501149
65,0.0503602
66,0.0506312
67,0.0509132
68,0.0511788
69,0.0514673
70,0.0517926
71,0.0521266
72,0.0525161
73,0.0529121
74,0.0533296
75,0.0537669
76,0.0541908
77,0.054643
78,0.0550852
79,0.055523
80,0.0559406
81,0.0563484
82,0.0567425
83,0.0571267
84,0.0575011
85,0.0578886
86,0.0582776
87,0.0586575
88,0.0590181
89,0.059382
90,0.0597287
91,0.0600769
92,0.0604224
93,0.0607694
94,0.0610986
95,0.0614076
96,0.0617012
97,0.0619908
98,0.06227
99,0.0625428
100,0.0628143
101,0.0630787
102,0.0633235
103,0.0635578
104,0.0637865
105,0.0640122
106,0.0642332
107,0.0644539
108,0.0646668
109,0.0648748
110,0.065068
111,0.0652512
112,0.0654401
113,0.0656173
114,0.0657917
115,0.0659573
116,0.0661195
117,0.0662626
118,0.0664042
119,0.0665399
120,0.0666759
121,0.0668046
122,0.0669361
123,0.0670679
124,0.067193
125,0.0673149
126,0.0674348
127,0.0675542
128,0.0676615
129,0.0677628
130,0.0678614
131,0.0679545
132,0.0680441
133,0.068132
134,0.068219
135,0.0683038
136,0.0683823
137,0.0684684
138,0.0685452
139,0.0686224
140,0.068687
141,0.0687527
142,0.0688143
143,0.068876
144,0.0689372
145,0.0690011
146,0.0690627
147,0.0691288
148,0.0691985
149,0.069283
150,0.0693728
151,0.0694641
152,0.0695584
153,0.0696472
154,0.0697332
155,0.0698105
156,0.0698928
157,0.0699678
158,0.0700455
159,0.0701243
160,0.0702011
161,0.0702805
162,0.0703561
163,0.0704286
164,0.0704991
165,0.070566
166,0.0706293
167,0.0706904
168,0.0707501
169,0.0708073
170,0.0708642
171,0.0709214
172,0.0709877
173,0.0710559
174,0.0711276
175,0.0711967
176,0.0712687
177,0.0713441
178,0.0714203
179,0.0714938
180,0.0715666
181,0.071638
182,0.0717031
183,0.0717589
184,0.0718083
185,0.0718476
186,0.0718928
187,0.0719342
188,0.0719761
189,0.0720141
190,0.0720521
191,0.0720851
192,0.0721209
193,0.072151
194,0.0721842
195,0.0722151
196,0.0722477
197,0.0722735
198,0.072308
199,0.0723414
200,0.0723789
201,0.0724198
202,0.0724547
203,0.0724962
204,0.0725338
205,0.0725848
206,0.0726338
207,0.0726885
208,0.0727369
209,0.072791
210,0.0728424
211,0.072899
212,0.0729564
213,0.0730137
214,0.0730729
215,0.073122
216,0.0731784
217,0.0732223
218,0.0732627
219,0.0733027
220,0.0733364
221,0.0733699
222,0.0733993
223,0.0734231
224,0.0734551
225,0.0734805
226,0.0735122
227,0.0735421
228,0.0735736
229,0.0736092
230,0.0736518
231,0.0737096
232,0.0737697
233,0.0738357
234,0.0739021
235,0.0739653
236,0.0740282
237,0.0740871
238,0.0741511
239,0.074214
240,0.0742807
241,0.0743478
242,0.0744077
243,0.074472
244,0.0745262
245,0.0745858
246,0.0746374
247,0.0746925
248,0.0747438
249,0.0747938
250,0.0748372
251,0.074886
252,0.074925
253,0.0749776
254,0.0750206
255,0.0750627
256,0.0751028
257,0.075138
258,0.0751726
259,0.0752022
260,0.0752328
261,0.0752567
262,0.0752827
263,0.0753042
264,0.0753282
265,0.0753571
266,0.0753819
267,0.0754155
268,0.0754434
269,0.0754729
270,0.0754985
271,0.0755311
272,0.0755623
273,0.0755999
274,0.0756413
275,0.0756814
276,0.0757309
277,0.0757833
278,0.0758392
279,0.0759019
280,0.0759555
281,0.0760126
282,0.076066
283,0.0761166
284,0.0761689
285,0.0762179
286,0.0762745
287,0.0763259
288,0.0763794
289,0.0764287
290,0.0764818
291,0.0765292
292,0.0765828
293,0.0766309
294,0.0766798
295,0.0767265
296,0.0767686
297,0.076808
298,0.0768437
299,0.0768768
300,0.076911
301,0.0769483
302,0.0769795
303,0.077012
304,0.0770431
305,0.0770771
306,0.0771132
307,0.0771493
308,0.0771807
309,0.0772118
310,0.0772372
311,0.0772621
312,0.0772891
313,0.0773135
314,0.077336
315,0.0773584
316,0.0773837
317,0.0774138
318,0.0774485
319,0.0774825
320,0.0775182
321,0.0775461
322,0.0775769
323,0.0776105
324,0.0776503
325,0.0776888
326,0.0777292
327,0.0777677
328,0.0778068
329,0.0778546
330,0.0779096
331,0.0779675
332,0.0780278
333,0.0780845
334,0.0781426
335,0.0782036
336,0.0782618
337,0.078318
338,0.0783599
339,0.0783821
340,0.0783965
341,0.0784061
342,0.0784123
343,0.0784259
344,0.078436
345,0.0784531
346,0.0784727
347,0.078496
348,0.0785249
349,0.0785559
350,0.0785888
351,0.0786141
352,0.0786441
353,0.0786711
354,0.0787045
355,0.078737
356,0.0787758
357,0.0788075
358,0.0788437
359,0.0788782
360,0.0789145
361,0.0789558
362,0.0789931
363,0.0790335
364,0.0790684
365,0.0791028
366,0.0791382
367,0.0791777
368,0.0792209
369,0.0792665
370,0.0793117
371,0.0793617
372,0.0794137
373,0.0794677
374,0.0795226
375,0.079576
376,0.0796156
377,0.0796426
378,0.0796594
379,0.0796726
380,0.0796786
381,0.079686
382,0.0796919
383,0.0796962
384,0.079702
385,0.0797081
386,0.0797181
387,0.0797306
388,0.0797406
389,0.0797513
390,0.0797622
391,0.079771
392,0.0797747
393,0.0797798
394,0.0797744
395,0.0797743
396,0.0797677
397,0.0797686
398,0.079766
399,0.0797659
