2,1.00012
3,1.00077
4,1.00079
5,1.00081
6,1.00087
7,1.00086
8,1.00064
9,1.00052
10,1.00038
11,1.00038
12,1.00052
13,1.00054
14,1.00134
15,1.00344
16,1.00543
17,1.00859
18,1.00845
19,1.00325
20,0.992799
21,0.952844
22,0.895692
23,0.843948
24,0.791436
25,0.739165
26,0.688751
27,0.64136
28,0.598479
29,0.559151
30,0.522502
31,0.489512
32,0.458919
33,0.431223
34,0.405039
35,0.381144
36,0.358681
37,0.3378
38,0.319088
39,0.301621
40,0.285718
41,0.271459
42,0.258651
43,0.24743
44,0.237762
45,0.229807
46,0.22227
47,0.216507
48,0.211509
49,0.207295
50,0.203831
51,0.201289
52,0.199296
53,0.197548
54,0.196362
55,0.195425
56,0.194795
57,0.194686
58,0.194532
59,0.194607
60,0.194043
61,0.193434
62,0.19255
63,0.191179
64,0.189517
65,0.18739
66,0.185142
67,0.182548
68,0.180187
69,0.177634
70,0.174199
71,0.170575
72,0.166193
73,0.161696
74,0.15716
75,0.151738
76,0.146602
77,0.141013
78,0.135705
79,0.130285
80,0.125135
81,0.120123
82,0.115327
83,0.110896
84,0.106402
85,0.101782
86,0.0971131
87,0.0926713
88,0.0883777
89,0.0841891
90,0.0800816
91,0.0760805
92,0.072031
93,0.0680259
94,0.0642151
95,0.0607734
96,0.0574359
97,0.0543276
98,0.0512914
99,0.0484444
100,0.0454747
101,0.0426777
102,0.0401772
103,0.0378968
104,0.0355777
105,0.0334066
106,0.0312794
107,0.0291625
108,0.0271965
109,0.0252437
110,0.0235965
111,0.0218911
112,0.0204217
113,0.0188151
114,0.0175443
115,0.0160187
116,0.0149934
117,0.0138417
118,0.0130981
119,0.0120623
120,0.0113705
121,0.0104177
122,0.00985869
123,0.00890893
124,0.00841449
125,0.00751899
126,0.00715318
127,0.00633998
128,0.00607501
129,0.00548764
130,0.00543064
131,0.00487524
132,0.00498537
133,0.0044891
134,0.00456849
135,0.00413358
136,0.00430328
137,0.00389235
138,0.00406689
139,0.00373204
140,0.00397372
141,0.00375927
142,0.00408717
143,0.00391757
144,0.00422795
145,0.00400685
146,0.00431438
147,0.00409984
148,0.00429052
149,0.00385945
150,0.00384927
151,0.00332051
152,0.00339229
153,0.00290257
154,0.00308614
155,0.00267631
156,0.00293911
157,0.00254308
158,0.00278722
159,0.00248295
160,0.00280839
161,0.0024944
162,0.00277818
163,0.00260515
164,0.00281385
165,0.00262442
166,0.00282486
167,0.0026293
168,0.00273687
169,0.00256357
170,0.00270231
171,0.00241019
172,0.00260296
173,0.00249127
174,0.00262307
175,0.00253063
176,0.00272771
177,0.00268931
178,0.00297191
179,0.00296357
180,0.00318747
181,0.00315257
182,0.00322368
183,0.0030828
184,0.00296144
185,0.00277899
186,0.00270609
187,0.00270832
188,0.00258523
189,0.00264187
190,0.00236146
191,0.00238737
192,0.0021479
193,0.00218132
194,0.00200538
195,0.00218915
196,0.00195971
197,0.0023271
198,0.00206861
199,0.00244419
200,0.00228154
201,0.0026303
202,0.00249063
203,0.00289115
204,0.0027294
205,0.00299693
206,0.00277277
207,0.00295671
208,0.00275802
209,0.00296651
210,0.0027173
211,0.00285829
212,0.00257001
213,0.00275989
214,0.00242719
215,0.00264321
216,0.00236987
217,0.0026725
218,0.00245505
219,0.00275265
220,0.00264259
221,0.00297791
222,0.00292833
223,0.00333381
224,0.00332065
225,0.00375304
226,0.00369241
227,0.00403457
228,0.00410778
229,0.00436566
230,0.00425944
231,0.00431792
232,0.00394442
233,0.00387819
234,0.00354928
235,0.00350314
236,0.00314938
237,0.00316139
238,0.00284133
239,0.00286203
240,0.00249412
241,0.00254364
242,0.00230764
243,0.00239035
244,0.0021961
245,0.00233858
246,0.00218704
247,0.00236269
248,0.00223697
249,0.00241435
250,0.002291
251,0.00238006
252,0.00236106
253,0.00242089
254,0.00235792
255,0.00246295
256,0.00238257
257,0.00242734
258,0.00235524
259,0.00243581
260,0.00234949
261,0.0024225
262,0.00232649
263,0.00248906
264,0.00243304
265,0.00268738
266,0.00258492
267,0.00279177
268,0.00270722
269,0.00295775
270,0.00293284
271,0.00311107
272,0.00302972
273,0.00322506
274,0.00307412
275,0.00319537
276,0.00300378
277,0.00298709
278,0.00272994
279,0.00271644
280,0.00251073
281,0.00248896
282,0.00234044
283,0.0023894
284,0.0023236
285,0.00235602
286,0.00232305
287,0.0023845
288,0.00239724
289,0.00244175
290,0.00249528
291,0.00258561
292,0.00266363
293,0.00274187
294,0.00281029
295,0.00291242
296,0.00303217
297,0.00300591
298,0.00301769
299,0.00295936
300,0.00301053
301,0.00294992
302,0.00296739
303,0.00288964
304,0.00291196
305,0.00283983
306,0.00289397
307,0.00288064
308,0.00292189
309,0.00280727
310,0.00278935
311,0.00264719
312,0.00269314
313,0.00258228
314,0.00260177
315,0.00247941
316,0.00249224
317,0.00245536
318,0.00245195
319,0.00244003
320,0.00248554
321,0.00243036
322,0.0024864
323,0.00244707
324,0.00243522
325,0.00242817
326,0.00244444
327,0.00245467
328,0.00244582
329,0.00245534
330,0.00258262
331,0.00265288
332,0.00285345
333,0.0029806
334,0.00327463
335,0.00345226
336,0.003781
337,0.00394177
338,0.00407352
339,0.00392249
340,0.00377813
341,0.00348585
342,0.00324519
343,0.00303123
344,0.00289584
345,0.00273046
346,0.0026482
347,0.0025286
348,0.00255203
349,0.00248976
350,0.0025215
351,0.00247246
352,0.00250411
353,0.00238897
354,0.00245068
355,0.00243662
356,0.00247406
357,0.00240849
358,0.0025351
359,0.00248937
360,0.0025267
361,0.00261296
362,0.00267734
363,0.00270124
364,0.00277561
365,0.00278209
366,0.00283937
367,0.0028935
368,0.00298456
369,0.00312992
370,0.0033104
371,0.00347147
372,0.00370056
373,0.00395441
374,0.00423188
375,0.00445447
376,0.00457216
377,0.00448713
378,0.00436959
379,0.00415903
380,0.00392238
381,0.003679
382,0.00345302
383,0.00317254
384,0.00297048
385,0.00274568
386,0.00264915
387,0.00249325
388,0.00238167
389,0.00225799
390,0.00221899
391,0.00213365
392,0.00211871
393,0.00215007
394,0.00223425
395,0.00240403
396,0.0025971
397,0.00287091
398,0.00306924
399,0.00339602
