2,-3.78285e-06
3,-2.96161e-05
4,-3.18533e-05
5,-3.38277e-05
6,-3.74302e-05
7,-3.74687e-05
8,-2.8632e-05
9,-2.28897e-05
10,-1.69963e-05
11,-1.66447e-05
12,-2.44913e-05
13,-2.44479e-05
14,-6.50775e-05
15,-0.000168787
16,-0.000271774
17,-0.000431243
18,-0.000426986
19,-0.000157086
20,0.00038309
21,0.00248351
22,0.00551942
23,0.0083066
24,0.0111663
25,0.0140455
26,0.016853
27,0.0195236
28,0.0219713
29,0.0242443
30,0.026387
31,0.0283424
32,0.0301772
33,0.0318616
34,0.0334708
35,0.0349595
36,0.0363744
37,0.0377064
38,0.0389198
39,0.0400667
40,0.0411274
41,0.042097
42,0.0429847
43,0.0437829
44,0.0444908
45,0.0451003
46,0.0456846
47,0.0461654
48,0.0465995
49,0.0469873
50,0.0473284
51,0.0476147
52,0.0478658
53,0.0481015
54,0.0483008
55,0.0484848
56,0.0486472
57,0.0487777
58,0.0489076
59,0.0490233
60,0.049175
61,0.0493295
62,0.0494973
63,0.0496955
64,0.0499093
65,0.050152
66,0.0503999
67,0.0506697
68,0.0509233
69,0.0511896
70,0.0515081
71,0.0518399
72,0.0522176
73,0.0526039
74,0.0529905
75,0.0534348
76,0.0538597
77,0.0543148
78,0.0547504
79,0.0551951
80,0.0556207
81,0.0560398
82,0.0564426
83,0.0568244
84,0.0572077
85,0.0576015
86,0.0579962
87,0.0583786
88,0.0587491
89,0.059115
90,0.0594737
91,0.0598272
92,0.0601821
93,0.0605355
94,0.0608752
95,0.0611918
96,0.0615004
97,0.061795
98,0.0620839
99,0.0623606
100,0.0626451
101,0.062918
102,0.0631721
103,0.0634102
104,0.0636526
105,0.0638827
106,0.0641131
107,0.0643384
108,0.0645588
109,0.0647723
110,0.0649713
111,0.0651664
112,0.065354
113,0.065541
114,0.0657153
115,0.0658962
116,0.066055
117,0.0662079
118,0.0663476
119,0.066492
120,0.0666296
121,0.0667646
122,0.0668941
123,0.0670278
124,0.0671545
125,0.0672815
126,0.0674021
127,0.067521
128,0.0676347
129,0.0677373
130,0.0678396
131,0.067934
132,0.0680233
133,0.0681136
134,0.0682011
135,0.068288
136,0.0683723
137,0.0684524
138,0.0685356
139,0.0686101
140,0.0686834
141,0.0687449
142,0.0688089
143,0.0688675
144,0.0689324
145,0.0689928
146,0.0690602
147,0.069118
148,0.0691948
149,0.0692742
150,0.0693676
151,0.0694574
152,0.0695492
153,0.0696409
154,0.069727
155,0.0698076
156,0.0698848
157,0.0699665
158,0.0700421
159,0.0701217
160,0.0701997
161,0.0702791
162,0.0703534
163,0.0704291
164,0.0704991
165,0.0705675
166,0.0706308
167,0.0706915
168,0.0707503
169,0.0708109
170,0.0708641
171,0.0709234
172,0.070987
173,0.0710568
174,0.0711266
175,0.0711951
176,0.0712684
177,0.0713396
178,0.0714176
179,0.0714934
180,0.0715656
181,0.0716355
182,0.0717001
183,0.0717571
184,0.0718064
185,0.0718464
186,0.071891
187,0.0719332
188,0.0719764
189,0.0720176
190,0.0720502
191,0.0720892
192,0.0721182
193,0.0721524
194,0.0721869
195,0.0722158
196,0.072246
197,0.0722733
198,0.0723052
199,0.0723391
200,0.0723788
201,0.0724163
202,0.0724532
203,0.0724907
204,0.0725339
205,0.072581
206,0.0726308
207,0.072683
208,0.0727341
209,0.0727874
210,0.0728372
211,0.0728956
212,0.0729529
213,0.0730086
214,0.073071
215,0.0731217
216,0.0731772
217,0.0732184
218,0.0732663
219,0.0733013
220,0.0733384
221,0.0733708
222,0.0733979
223,0.0734262
224,0.0734542
225,0.0734797
226,0.0735117
227,0.0735398
228,0.073571
229,0.0736058
230,0.0736473
231,0.0737021
232,0.0737647
233,0.0738309
234,0.0738921
235,0.0739588
236,0.0740206
237,0.0740834
238,0.074145
239,0.074209
240,0.0742753
241,0.0743403
242,0.0744058
243,0.0744683
244,0.0745252
245,0.0745801
246,0.0746361
247,0.0746901
248,0.0747425
249,0.0747915
250,0.0748385
251,0.074884
252,0.07493
253,0.0749756
254,0.0750236
255,0.0750639
256,0.0751073
257,0.0751404
258,0.075176
259,0.0752048
260,0.0752324
261,0.0752611
262,0.0752828
263,0.0753074
264,0.0753279
265,0.075357
266,0.0753812
267,0.0754134
268,0.0754413
269,0.0754711
270,0.0754922
271,0.0755263
272,0.0755612
273,0.0755944
274,0.0756338
275,0.0756742
276,0.0757218
277,0.0757791
278,0.0758324
279,0.0758928
280,0.0759491
281,0.0760088
282,0.0760624
283,0.0761132
284,0.0761642
285,0.0762162
286,0.0762718
287,0.076326
288,0.0763785
289,0.0764266
290,0.0764808
291,0.0765313
292,0.0765828
293,0.0766342
294,0.0766814
295,0.07673
296,0.076776
297,0.0768135
298,0.0768474
299,0.0768811
300,0.0769164
301,0.0769532
302,0.076987
303,0.0770148
304,0.0770494
305,0.0770819
306,0.0771196
307,0.0771581
308,0.0771863
309,0.0772175
310,0.0772406
311,0.0772676
312,0.0772947
313,0.0773137
314,0.0773382
315,0.0773616
316,0.0773865
317,0.0774177
318,0.077448
319,0.0774837
320,0.0775169
321,0.0775481
322,0.0775771
323,0.0776105
324,0.0776467
325,0.0776892
326,0.0777273
327,0.077764
328,0.0778048
329,0.0778505
330,0.0779075
331,0.0779656
332,0.0780245
333,0.0780814
334,0.0781399
335,0.0782019
336,0.0782607
337,0.0783164
338,0.0783582
339,0.0783816
340,0.0783953
341,0.0784057
342,0.07841
343,0.078425
344,0.0784343
345,0.0784527
346,0.0784699
347,0.0784935
348,0.0785228
349,0.078553
350,0.0785871
351,0.0786135
352,0.0786425
353,0.0786688
354,0.0787048
355,0.0787367
356,0.0787738
357,0.0788055
358,0.078844
359,0.0788785
360,0.0789161
361,0.0789567
362,0.0789947
363,0.0790338
364,0.0790692
365,0.0791052
366,0.0791411
367,0.0791796
368,0.0792206
369,0.0792692
370,0.0793137
371,0.0793642
372,0.079416
373,0.0794716
374,0.0795274
375,0.0795777
376,0.0796188
377,0.0796417
378,0.0796603
379,0.0796724
380,0.0796796
381,0.0796864
382,0.0796905
383,0.0796953
384,0.0797025
385,0.079706
386,0.0797208
387,0.0797272
388,0.0797421
389,0.0797526
390,0.0797608
391,0.0797693
392,0.0797742
393,0.0797757
394,0.0797744
395,0.0797715
396,0.0797662
397,0.0797627
398,0.0797644
399,0.0797622
