2,-2.31735e-05
3,-7.22016e-05
4,-5.98063e-05
5,-6.31349e-05
6,-6.33884e-05
7,-6.5601e-05
8,-7.72529e-05
9,-8.16914e-05
10,-7.73842e-05
11,-9.0878e-05
12,-0.00011308
13,-0.000116357
14,-9.56637e-05
15,-0.000174452
16,-0.000237573
17,-0.000422813
18,-0.000555248
19,-0.000309604
20,0.000371404
21,0.00252501
22,0.00557619
23,0.0084095
24,0.011294
25,0.0141253
26,0.016912
27,0.0195681
28,0.0220382
29,0.0243461
30,0.0264903
31,0.028466
32,0.0302976
33,0.0319859
34,0.033589
35,0.0350801
36,0.0364804
37,0.0378153
38,0.0389916
39,0.0401361
40,0.0411829
41,0.0421398
42,0.0430128
43,0.0438019
44,0.0444947
45,0.0451071
46,0.0456772
47,0.0461447
48,0.0465872
49,0.0469678
50,0.0472843
51,0.04757
52,0.0478134
53,0.0480434
54,0.0482391
55,0.0484124
56,0.0485599
57,0.0486768
58,0.0488086
59,0.0489136
60,0.0490469
61,0.0491917
62,0.0493384
63,0.0495305
64,0.049728
65,0.0499434
66,0.050184
67,0.0504502
68,0.0506971
69,0.050948
70,0.0512527
71,0.0515606
72,0.0519131
73,0.0522921
74,0.0526833
75,0.0531113
76,0.0535419
77,0.0539886
78,0.0544287
79,0.0548721
80,0.0553053
81,0.0557309
82,0.056143
83,0.0565304
84,0.0569224
85,0.0573159
86,0.0577162
87,0.0581052
88,0.058485
89,0.0588581
90,0.0592213
91,0.0595804
92,0.0599421
93,0.0603014
94,0.060654
95,0.0609793
96,0.0612962
97,0.0615993
98,0.0618966
99,0.0621849
100,0.0624741
101,0.0627548
102,0.0630167
103,0.0632693
104,0.0635113
105,0.0637551
106,0.0639872
107,0.0642198
108,0.0644483
109,0.0646723
110,0.0648727
111,0.0650756
112,0.0652695
113,0.0654605
114,0.0656426
115,0.0658234
116,0.0659922
117,0.0661487
118,0.0662982
119,0.0664383
120,0.0665839
121,0.0667189
122,0.0668534
123,0.0669888
124,0.0671178
125,0.0672452
126,0.0673681
127,0.0674916
128,0.0676052
129,0.0677114
130,0.0678145
131,0.0679114
132,0.0680043
133,0.0680938
134,0.0681821
135,0.0682713
136,0.0683541
137,0.0684421
138,0.0685227
139,0.0686006
140,0.0686723
141,0.0687372
142,0.0688022
143,0.0688615
144,0.0689259
145,0.0689869
146,0.0690525
147,0.0691125
148,0.0691855
149,0.0692653
150,0.0693587
151,0.0694501
152,0.0695431
153,0.0696335
154,0.0697165
155,0.0698049
156,0.0698802
157,0.0699602
158,0.0700384
159,0.0701182
160,0.0702001
161,0.0702759
162,0.0703556
163,0.070425
164,0.0705002
165,0.0705646
166,0.0706343
167,0.0706893
168,0.0707509
169,0.0708084
170,0.0708674
171,0.0709225
172,0.0709866
173,0.0710552
174,0.0711245
175,0.071195
176,0.0712652
177,0.0713398
178,0.071413
179,0.0714903
180,0.0715648
181,0.071633
182,0.0716967
183,0.0717547
184,0.0718049
185,0.0718495
186,0.0718887
187,0.0719326
188,0.0719736
189,0.0720173
190,0.0720539
191,0.072087
192,0.0721193
193,0.0721565
194,0.0721844
195,0.0722181
196,0.0722434
197,0.0722739
198,0.0723039
199,0.0723411
200,0.0723743
201,0.0724141
202,0.0724513
203,0.0724906
204,0.0725324
205,0.0725756
206,0.0726264
207,0.0726786
208,0.0727307
209,0.0727833
210,0.0728333
211,0.0728914
212,0.0729479
213,0.0730088
214,0.073066
215,0.0731189
216,0.0731714
217,0.0732215
218,0.0732649
219,0.0733022
220,0.0733384
221,0.0733673
222,0.0734027
223,0.0734235
224,0.0734543
225,0.0734792
226,0.0735092
227,0.0735371
228,0.0735726
229,0.0735994
230,0.0736445
231,0.0736948
232,0.0737607
233,0.0738244
234,0.0738848
235,0.0739504
236,0.0740139
237,0.0740789
238,0.0741365
239,0.074203
240,0.0742673
241,0.074337
242,0.074398
243,0.074464
244,0.0745203
245,0.0745782
246,0.0746326
247,0.0746907
248,0.074739
249,0.0747904
250,0.0748371
251,0.074883
252,0.074933
253,0.0749751
254,0.0750254
255,0.0750645
256,0.0751072
257,0.075145
258,0.0751747
259,0.0752064
260,0.0752341
261,0.0752639
262,0.0752844
263,0.0753073
264,0.0753271
265,0.0753551
266,0.0753813
267,0.0754137
268,0.0754377
269,0.0754666
270,0.0754922
271,0.0755207
272,0.0755569
273,0.0755895
274,0.0756256
275,0.0756684
276,0.0757173
277,0.0757699
278,0.0758266
279,0.075885
280,0.0759457
281,0.0760019
282,0.0760559
283,0.0761094
284,0.0761619
285,0.0762152
286,0.0762697
287,0.0763247
288,0.0763735
289,0.0764292
290,0.0764797
291,0.0765324
292,0.0765834
293,0.0766358
294,0.0766848
295,0.0767329
296,0.0767782
297,0.0768164
298,0.0768519
299,0.0768852
300,0.0769225
301,0.0769565
302,0.0769908
303,0.0770203
304,0.0770571
305,0.0770866
306,0.0771277
307,0.077158
308,0.0771957
309,0.0772198
310,0.0772489
311,0.0772685
312,0.0772977
313,0.0773172
314,0.0773423
315,0.0773627
316,0.0773896
317,0.0774162
318,0.0774539
319,0.0774848
320,0.0775215
321,0.0775463
322,0.0775788
323,0.0776117
324,0.0776454
325,0.0776877
326,0.0777249
327,0.0777639
328,0.0778034
329,0.0778486
330,0.0779024
331,0.0779649
332,0.0780205
333,0.0780835
334,0.078137
335,0.0781971
336,0.0782605
337,0.0783191
338,0.0783566
339,0.0783836
340,0.0783951
341,0.0784072
342,0.0784098
343,0.0784242
344,0.0784305
345,0.078452
346,0.0784675
347,0.0784923
348,0.078521
349,0.0785529
350,0.0785812
351,0.0786148
352,0.078641
353,0.0786718
354,0.0787
355,0.0787371
356,0.0787728
357,0.0788075
358,0.0788401
359,0.0788772
360,0.0789195
361,0.0789557
362,0.0789973
363,0.0790347
364,0.0790705
365,0.079108
366,0.0791446
367,0.07918
368,0.0792254
369,0.0792678
370,0.0793174
371,0.0793659
372,0.0794224
373,0.0794713
374,0.0795293
375,0.0795811
376,0.0796208
377,0.0796438
378,0.0796599
379,0.0796721
380,0.0796828
381,0.0796869
382,0.0796881
383,0.0796935
384,0.0797024
385,0.0797087
386,0.0797181
387,0.0797293
388,0.0797372
389,0.0797524
390,0.0797609
391,0.0797669
392,0.079774
393,0.0797725
394,0.0797737
395,0.0797685
396,0.0797641
397,0.0797584
398,0.0797617
399,0.0797598
