2,-6.65467e-05
3,-0.000134871
4,-0.000117653
5,-0.000126162
6,-0.000126275
7,-0.000127411
8,-0.000141177
9,-0.000145625
10,-0.000147197
11,-0.000159606
12,-0.000179154
13,-0.000175774
14,-0.000173139
15,-0.00029504
16,-0.000429461
17,-0.000631319
18,-0.000631379
19,-0.000248856
20,0.000456238
21,0.00259712
22,0.00571532
23,0.00851971
24,0.0113443
25,0.0141528
26,0.0168501
27,0.019493
28,0.0219948
29,0.0243543
30,0.0265248
31,0.0285375
32,0.0303792
33,0.0320748
34,0.0336753
35,0.0351582
36,0.0365722
37,0.0378892
38,0.0390884
39,0.0402076
40,0.0412301
41,0.0421809
42,0.0430392
43,0.043829
44,0.0445242
45,0.0451277
46,0.0456735
47,0.0461421
48,0.0465761
49,0.0469522
50,0.0472647
51,0.0475412
52,0.0477804
53,0.0480016
54,0.0481753
55,0.0483392
56,0.0484757
57,0.0485952
58,0.0487046
59,0.0488011
60,0.0489313
61,0.0490535
62,0.0491925
63,0.0493647
64,0.049556
65,0.0497623
66,0.0499896
67,0.0502336
68,0.0504612
69,0.0507058
70,0.0509934
71,0.0512896
72,0.0516305
73,0.0520039
74,0.0523902
75,0.0528057
76,0.0532253
77,0.053668
78,0.0541068
79,0.0545571
80,0.054989
81,0.0554208
82,0.0558353
83,0.0562422
84,0.0566286
85,0.0570343
86,0.0574351
87,0.057835
88,0.0582175
89,0.0585975
90,0.0589647
91,0.0593359
92,0.0596999
93,0.0600722
94,0.0604266
95,0.0607667
96,0.0610864
97,0.0614043
98,0.0617048
99,0.0620053
100,0.0622977
101,0.0625905
102,0.0628614
103,0.0631213
104,0.0633734
105,0.0636198
106,0.0638643
107,0.0641011
108,0.0643402
109,0.0645628
110,0.0647774
111,0.0649805
112,0.0651841
113,0.0653782
114,0.0655695
115,0.0657534
116,0.0659296
117,0.0660883
118,0.0662424
119,0.0663883
120,0.0665354
121,0.0666714
122,0.0668127
123,0.0669477
124,0.0670826
125,0.0672074
126,0.0673358
127,0.067458
128,0.0675791
129,0.0676837
130,0.0677919
131,0.0678877
132,0.0679843
133,0.0680714
134,0.0681659
135,0.0682524
136,0.0683378
137,0.0684291
138,0.0685115
139,0.0685905
140,0.0686625
141,0.0687307
142,0.0687935
143,0.0688569
144,0.0689164
145,0.0689832
146,0.0690427
147,0.0691107
148,0.0691775
149,0.0692608
150,0.0693505
151,0.069445
152,0.0695366
153,0.0696285
154,0.069711
155,0.0697981
156,0.0698768
157,0.0699558
158,0.0700354
159,0.0701131
160,0.0701967
161,0.0702754
162,0.0703541
163,0.0704253
164,0.0705009
165,0.0705664
166,0.0706311
167,0.0706944
168,0.0707523
169,0.0708103
170,0.0708661
171,0.0709249
172,0.0709882
173,0.0710536
174,0.0711242
175,0.0711952
176,0.0712633
177,0.0713389
178,0.0714115
179,0.0714888
180,0.0715623
181,0.0716316
182,0.0716963
183,0.0717548
184,0.0718036
185,0.0718457
186,0.0718898
187,0.0719331
188,0.0719745
189,0.0720179
190,0.0720519
191,0.0720902
192,0.072121
193,0.0721549
194,0.072187
195,0.0722166
196,0.0722466
197,0.0722701
198,0.0723059
199,0.072337
200,0.0723763
201,0.0724113
202,0.0724503
203,0.0724901
204,0.0725269
205,0.0725758
206,0.0726251
207,0.0726747
208,0.0727265
209,0.0727788
210,0.0728326
211,0.0728838
212,0.0729459
213,0.0730021
214,0.0730659
215,0.0731152
216,0.0731707
217,0.0732201
218,0.0732636
219,0.0733024
220,0.0733374
221,0.0733691
222,0.0733979
223,0.0734268
224,0.0734503
225,0.0734792
226,0.073509
227,0.0735376
228,0.0735675
229,0.0736005
230,0.0736397
231,0.0736937
232,0.0737548
233,0.0738163
234,0.0738823
235,0.0739446
236,0.0740065
237,0.0740727
238,0.0741313
239,0.0741985
240,0.0742595
241,0.0743331
242,0.0743941
243,0.0744593
244,0.074515
245,0.0745757
246,0.0746322
247,0.0746851
248,0.0747397
249,0.0747879
250,0.0748374
251,0.0748809
252,0.0749328
253,0.0749756
254,0.0750264
255,0.0750648
256,0.0751096
257,0.0751445
258,0.075177
259,0.0752089
260,0.0752382
261,0.075263
262,0.0752842
263,0.0753058
264,0.0753292
265,0.0753525
266,0.0753834
267,0.0754108
268,0.0754389
269,0.0754642
270,0.0754898
271,0.0755196
272,0.075553
273,0.0755841
274,0.0756216
275,0.0756658
276,0.0757105
277,0.0757634
278,0.0758227
279,0.0758789
280,0.0759399
281,0.0760001
282,0.0760504
283,0.0761065
284,0.0761574
285,0.0762125
286,0.0762663
287,0.0763217
288,0.076373
289,0.0764303
290,0.0764788
291,0.0765337
292,0.0765851
293,0.0766381
294,0.0766881
295,0.0767374
296,0.0767818
297,0.0768205
298,0.0768542
299,0.0768905
300,0.0769261
301,0.0769602
302,0.0769946
303,0.0770269
304,0.0770601
305,0.0770927
306,0.0771298
307,0.0771676
308,0.0771963
309,0.0772288
310,0.077251
311,0.0772749
312,0.0772997
313,0.0773223
314,0.0773452
315,0.0773673
316,0.0773898
317,0.077421
318,0.0774527
319,0.0774887
320,0.0775184
321,0.0775489
322,0.0775808
323,0.0776087
324,0.0776482
325,0.0776847
326,0.0777235
327,0.0777615
328,0.0778029
329,0.0778454
330,0.0779023
331,0.0779599
332,0.0780226
333,0.0780783
334,0.078137
335,0.0781952
336,0.0782587
337,0.0783161
338,0.0783591
339,0.0783802
340,0.0783983
341,0.0784049
342,0.0784113
343,0.0784229
344,0.0784306
345,0.0784483
346,0.0784665
347,0.078493
348,0.0785178
349,0.0785508
350,0.0785834
351,0.0786112
352,0.0786394
353,0.0786691
354,0.0786997
355,0.0787356
356,0.0787716
357,0.0788044
358,0.0788437
359,0.0788761
360,0.0789181
361,0.0789561
362,0.0789978
363,0.0790367
364,0.0790726
365,0.0791081
366,0.0791462
367,0.0791832
368,0.0792254
369,0.079273
370,0.0793191
371,0.0793674
372,0.0794247
373,0.0794765
374,0.0795301
375,0.0795854
376,0.0796216
377,0.0796469
378,0.0796605
379,0.0796732
380,0.0796802
381,0.0796856
382,0.079692
383,0.0796943
384,0.0797012
385,0.0797097
386,0.0797162
387,0.0797285
388,0.079738
389,0.079751
390,0.0797574
391,0.0797662
392,0.0797714
393,0.0797722
394,0.0797722
395,0.0797657
396,0.0797628
397,0.0797559
398,0.079757
399,0.0797564
