2,1.0018
3,1.00342
4,1.00286
5,1.00297
6,1.0029
7,1.00286
8,1.0031
9,1.00315
10,1.00314
11,1.00337
12,1.00372
13,1.00363
14,1.00353
15,1.00598
16,1.00857
17,1.01251
18,1.01242
19,1.005
20,0.991374
21,0.950672
22,0.891988
23,0.839943
24,0.788124
25,0.737178
26,0.688818
27,0.641932
28,0.598059
29,0.557165
30,0.520021
31,0.486014
32,0.455313
33,0.427435
34,0.401419
35,0.377644
36,0.355215
37,0.334603
38,0.316154
39,0.299181
40,0.283953
41,0.270018
42,0.257724
43,0.246645
44,0.237206
45,0.229343
46,0.222463
47,0.216902
48,0.211905
49,0.207892
50,0.204912
51,0.20252
52,0.200725
53,0.199215
54,0.198452
55,0.197829
56,0.197631
57,0.197693
58,0.197876
59,0.198247
60,0.198035
61,0.197938
62,0.197523
63,0.196558
64,0.195256
65,0.193698
66,0.191773
67,0.189579
68,0.187624
69,0.185392
70,0.182447
71,0.179372
72,0.17556
73,0.171238
74,0.166701
75,0.161713
76,0.156645
77,0.151226
78,0.145856
79,0.14032
80,0.135065
81,0.129826
82,0.124843
83,0.119997
84,0.115449
85,0.110618
86,0.105846
87,0.101109
88,0.0966256
89,0.0921961
90,0.0879537
91,0.0836551
92,0.0794637
93,0.0751513
94,0.0711062
95,0.0672898
96,0.0637783
97,0.0602982
98,0.0570779
99,0.0538615
100,0.0507638
101,0.04766
102,0.0448904
103,0.0422791
104,0.0398014
105,0.0373895
106,0.0350253
107,0.03275
108,0.0304582
109,0.0283921
110,0.0264734
111,0.0246904
112,0.0229206
113,0.0212578
114,0.0196704
115,0.0181442
116,0.0167825
117,0.015626
118,0.0145752
119,0.0135878
120,0.0126399
121,0.011794
122,0.010922
123,0.0100821
124,0.00932048
125,0.00861607
126,0.00793859
127,0.00725321
128,0.0067022
129,0.00627289
130,0.00586082
131,0.00556518
132,0.00532234
133,0.00508992
134,0.00488544
135,0.00466988
136,0.00454953
137,0.00427574
138,0.00419325
139,0.00406999
140,0.0040642
141,0.00404979
142,0.00416273
143,0.00417424
144,0.00426003
145,0.00425672
146,0.00434516
147,0.00433339
148,0.00431522
149,0.00413672
150,0.00386309
151,0.00363889
152,0.00330877
153,0.0031279
154,0.00299757
155,0.00289345
156,0.0027955
157,0.00275688
158,0.00260689
159,0.00263595
160,0.00260453
161,0.00267706
162,0.00254008
163,0.00274137
164,0.00264214
165,0.00280967
166,0.00264946
167,0.00280622
168,0.00258337
169,0.00267243
170,0.00245471
171,0.00255075
172,0.002428
173,0.00257414
174,0.00242977
175,0.00262878
176,0.00250594
177,0.00278102
178,0.00273093
179,0.00301013
180,0.00302189
181,0.00316812
182,0.00306859
183,0.00306331
184,0.00295811
185,0.00280605
186,0.00279993
187,0.00268912
188,0.00273154
189,0.00252233
190,0.00254277
191,0.00225095
192,0.00233475
193,0.00205556
194,0.00217664
195,0.00196686
196,0.00219127
197,0.00205464
198,0.00228548
199,0.00226177
200,0.00248514
201,0.00251215
202,0.00272407
203,0.002697
204,0.00295183
205,0.00284165
206,0.00302108
207,0.00287528
208,0.00300163
209,0.00281743
210,0.00291399
211,0.00278162
212,0.00282862
213,0.00260055
214,0.00268122
215,0.00247962
216,0.00265393
217,0.00244137
218,0.00268181
219,0.00254171
220,0.00283698
221,0.00280176
222,0.00310385
223,0.0031502
224,0.00350739
225,0.00357239
226,0.00389451
227,0.00393996
228,0.00424152
229,0.00430594
230,0.00449178
231,0.00426467
232,0.00420827
233,0.00391622
234,0.00381402
235,0.00347007
236,0.00347874
237,0.00307744
238,0.00312686
239,0.00273748
240,0.00284844
241,0.0023825
242,0.00258145
243,0.0021889
244,0.00246857
245,0.00214728
246,0.00246006
247,0.00214957
248,0.00248804
249,0.00214226
250,0.00252774
251,0.00214395
252,0.00258364
253,0.00218667
254,0.00261973
255,0.00224131
256,0.00263059
257,0.00221118
258,0.00259627
259,0.00219473
260,0.00255523
261,0.00213649
262,0.00257078
263,0.00230069
264,0.00264291
265,0.00242499
266,0.00275661
267,0.00259831
268,0.00291459
269,0.00282569
270,0.00312679
271,0.0030253
272,0.00328402
273,0.00314308
274,0.00339882
275,0.00309202
276,0.00327738
277,0.00291371
278,0.00303117
279,0.00257585
280,0.00275736
281,0.00232247
282,0.00261197
283,0.00218072
284,0.00256014
285,0.00217896
286,0.00255811
287,0.00214569
288,0.00259695
289,0.00226656
290,0.00268024
291,0.00243275
292,0.00285484
293,0.00262692
294,0.00303575
295,0.00282347
296,0.00325009
297,0.00289559
298,0.00323657
299,0.00289383
300,0.0032054
301,0.00285687
302,0.00322893
303,0.00281397
304,0.00313425
305,0.00277812
306,0.00313158
307,0.00279631
308,0.00311118
309,0.00270965
310,0.00301226
311,0.00253606
312,0.00289404
313,0.00240204
314,0.00276113
315,0.0023122
316,0.00266335
317,0.00228366
318,0.00266019
319,0.00225811
320,0.00262349
321,0.00227531
322,0.00259759
323,0.00225128
324,0.00257803
325,0.00223975
326,0.00260983
327,0.00227042
328,0.00258811
329,0.00224169
330,0.00268106
331,0.00246886
332,0.00300001
333,0.00284144
334,0.00334963
335,0.00330014
336,0.00385944
337,0.00386187
338,0.00416847
339,0.00381222
340,0.00389121
341,0.00338282
342,0.0033699
343,0.00293627
344,0.0029746
345,0.00259717
346,0.00274626
347,0.00244231
348,0.00261261
349,0.00237499
350,0.00264403
351,0.00236831
352,0.00256308
353,0.00230352
354,0.00253553
355,0.00231829
356,0.00261076
357,0.00232595
358,0.00259504
359,0.00241833
360,0.00267209
361,0.0025034
362,0.00275884
363,0.00268986
364,0.00286258
365,0.00274349
366,0.0029855
367,0.00287956
368,0.00311941
369,0.0031133
370,0.00339202
371,0.0034637
372,0.00382505
373,0.00398165
374,0.00431003
375,0.00450745
376,0.00464365
377,0.00452828
378,0.00440074
379,0.00414769
380,0.00396195
381,0.00364334
382,0.00349026
383,0.00313529
384,0.00296735
385,0.00276294
386,0.00265288
387,0.00245625
388,0.00239866
389,0.00226371
390,0.00222345
391,0.00212207
392,0.00216167
393,0.00211203
394,0.00224384
395,0.00241509
396,0.00262696
397,0.0029105
398,0.00313093
399,0.00348701
