2,5.87198e-05
3,-7.08924e-05
4,-0.000281584
5,-0.000411186
6,-0.000760867
7,-0.00121103
8,-0.00152262
9,-0.00157751
10,-0.00147863
11,-0.00125886
12,-0.000988688
13,-0.000844286
14,-0.000722646
15,-0.000597592
16,-0.000506971
17,-0.000153598
18,0.000599789
19,0.00170694
20,0.00197412
21,0.00433116
22,0.00724652
23,0.00932199
24,0.0113152
25,0.0133315
26,0.0156005
27,0.0178866
28,0.0200043
29,0.0220117
30,0.0240484
31,0.0262105
32,0.0284179
33,0.0305939
34,0.0325487
35,0.0342841
36,0.035884
37,0.0374103
38,0.0388015
39,0.0400536
40,0.0411351
41,0.0420985
42,0.0429834
43,0.0437533
44,0.0444526
45,0.045088
46,0.0456485
47,0.0461323
48,0.0465723
49,0.0469175
50,0.0472293
51,0.047496
52,0.0477388
53,0.0479482
54,0.0481315
55,0.0482761
56,0.0484127
57,0.0485177
58,0.0486211
59,0.0487385
60,0.0488399
61,0.0489536
62,0.0490833
63,0.0492446
64,0.0494103
65,0.0495938
66,0.0497909
67,0.0500129
68,0.0502556
69,0.0504989
70,0.0507786
71,0.0510695
72,0.0513921
73,0.0517494
74,0.0521298
75,0.052532
76,0.0529498
77,0.0533856
78,0.0538223
79,0.0542567
80,0.0546985
81,0.0551254
82,0.0555542
83,0.0559605
84,0.0563656
85,0.0567679
86,0.0571773
87,0.0575853
88,0.0579826
89,0.0583638
90,0.0587396
91,0.0591109
92,0.0594809
93,0.059852
94,0.0602228
95,0.0605658
96,0.0609017
97,0.0612208
98,0.0615363
99,0.0618378
100,0.0621417
101,0.0624388
102,0.0627217
103,0.0629861
104,0.0632452
105,0.0634965
106,0.0637439
107,0.0639889
108,0.0642312
109,0.0644702
110,0.0646904
111,0.0649005
112,0.065102
113,0.065305
114,0.0654961
115,0.0656863
116,0.0658685
117,0.0660369
118,0.0661891
119,0.0663459
120,0.0664886
121,0.0666342
122,0.0667727
123,0.066916
124,0.0670478
125,0.0671775
126,0.0673035
127,0.0674274
128,0.0675496
129,0.0676642
130,0.0677661
131,0.06787
132,0.0679661
133,0.068056
134,0.068148
135,0.0682376
136,0.0683277
137,0.0684161
138,0.0685001
139,0.0685825
140,0.0686518
141,0.0687223
142,0.068787
143,0.0688513
144,0.0689145
145,0.0689756
146,0.0690433
147,0.0691041
148,0.0691751
149,0.0692569
150,0.0693467
151,0.0694373
152,0.0695297
153,0.0696214
154,0.06971
155,0.0697894
156,0.0698715
157,0.0699541
158,0.0700325
159,0.0701149
160,0.0701939
161,0.070277
162,0.070353
163,0.0704284
164,0.070497
165,0.0705644
166,0.0706302
167,0.0706934
168,0.0707528
169,0.0708124
170,0.0708669
171,0.0709304
172,0.070994
173,0.0710583
174,0.0711232
175,0.0711927
176,0.0712615
177,0.071335
178,0.0714132
179,0.0714855
180,0.0715591
181,0.0716297
182,0.0716934
183,0.0717552
184,0.0718043
185,0.0718491
186,0.071893
187,0.0719327
188,0.071971
189,0.0720136
190,0.0720501
191,0.0720853
192,0.0721243
193,0.0721548
194,0.0721899
195,0.0722183
196,0.0722507
197,0.0722724
198,0.0723034
199,0.0723366
200,0.0723743
201,0.0724119
202,0.0724497
203,0.0724851
204,0.0725291
205,0.0725749
206,0.0726256
207,0.0726767
208,0.0727229
209,0.0727759
210,0.0728282
211,0.072882
212,0.072942
213,0.0729974
214,0.0730595
215,0.0731157
216,0.0731678
217,0.0732175
218,0.0732614
219,0.0732981
220,0.0733382
221,0.0733697
222,0.073396
223,0.0734263
224,0.0734507
225,0.073479
226,0.0735065
227,0.0735362
228,0.0735629
229,0.073601
230,0.0736387
231,0.0736934
232,0.0737474
233,0.0738118
234,0.0738755
235,0.0739394
236,0.0740019
237,0.0740658
238,0.0741275
239,0.0741937
240,0.0742595
241,0.0743253
242,0.0743921
243,0.0744528
244,0.074513
245,0.0745722
246,0.074627
247,0.0746835
248,0.0747375
249,0.0747876
250,0.0748385
251,0.0748812
252,0.0749312
253,0.0749762
254,0.0750238
255,0.0750657
256,0.0751101
257,0.0751421
258,0.0751809
259,0.0752087
260,0.0752379
261,0.0752643
262,0.0752859
263,0.0753065
264,0.075332
265,0.0753556
266,0.0753837
267,0.0754111
268,0.0754378
269,0.0754669
270,0.0754915
271,0.0755163
272,0.0755484
273,0.0755811
274,0.0756178
275,0.0756608
276,0.0757055
277,0.0757621
278,0.0758169
279,0.0758782
280,0.0759361
281,0.0759928
282,0.0760449
283,0.076102
284,0.0761565
285,0.0762104
286,0.0762631
287,0.0763178
288,0.0763743
289,0.0764266
290,0.0764807
291,0.0765357
292,0.0765871
293,0.0766397
294,0.0766902
295,0.0767399
296,0.0767837
297,0.0768221
298,0.0768545
299,0.0768928
300,0.0769281
301,0.0769634
302,0.0769992
303,0.0770277
304,0.0770647
305,0.0770972
306,0.0771371
307,0.0771703
308,0.0772022
309,0.0772332
310,0.0772525
311,0.0772799
312,0.0773019
313,0.0773261
314,0.0773485
315,0.0773721
316,0.0773968
317,0.0774235
318,0.0774568
319,0.077489
320,0.0775203
321,0.0775511
322,0.0775794
323,0.077611
324,0.077648
325,0.0776847
326,0.077724
327,0.0777614
328,0.0778032
329,0.0778491
330,0.077901
331,0.0779599
332,0.0780167
333,0.0780768
334,0.0781362
335,0.0781985
336,0.07826
337,0.0783126
338,0.0783545
339,0.0783811
340,0.0783943
341,0.0784061
342,0.0784117
343,0.078424
344,0.0784339
345,0.0784493
346,0.078469
347,0.0784904
348,0.0785203
349,0.0785531
350,0.0785835
351,0.0786121
352,0.0786394
353,0.0786677
354,0.0787008
355,0.0787332
356,0.0787712
357,0.0788045
358,0.07884
359,0.0788796
360,0.078917
361,0.0789597
362,0.079
363,0.0790387
364,0.0790751
365,0.0791124
366,0.0791459
367,0.079186
368,0.0792322
369,0.0792746
370,0.0793234
371,0.0793714
372,0.0794271
373,0.0794811
374,0.0795379
375,0.0795863
376,0.0796231
377,0.0796498
378,0.0796651
379,0.0796748
380,0.0796844
381,0.0796907
382,0.0796937
383,0.0796977
384,0.0797038
385,0.0797082
386,0.0797226
387,0.0797282
388,0.0797387
389,0.079748
390,0.0797578
391,0.0797663
392,0.0797739
393,0.0797731
394,0.0797693
395,0.0797611
396,0.0797572
397,0.0797556
398,0.0797533
399,0.0797537
