2,0.999609
3,0.997525
4,0.993872
5,0.991682
6,0.993231
7,0.997211
8,1.002
9,1.00542
10,1.00698
11,1.00824
12,1.00952
13,1.01098
14,1.01363
15,1.01424
16,1.01356
17,1.01063
18,1.007
19,1.00264
20,0.992128
21,0.953654
22,0.901031
23,0.856564
24,0.810301
25,0.763178
26,0.718194
27,0.675344
28,0.634046
29,0.595246
30,0.557502
31,0.521777
32,0.488184
33,0.456223
34,0.425372
35,0.397467
36,0.371056
37,0.346318
38,0.32455
39,0.30522
40,0.287941
41,0.27267
42,0.25931
43,0.247669
44,0.237942
45,0.230117
46,0.223104
47,0.217397
48,0.212207
49,0.208615
50,0.205674
51,0.203605
52,0.201973
53,0.200726
54,0.199892
55,0.1997
56,0.199597
57,0.200002
58,0.200656
59,0.201017
60,0.20131
61,0.201514
62,0.201208
63,0.200651
64,0.20009
65,0.198953
66,0.197821
67,0.196106
68,0.194073
69,0.192121
70,0.189662
71,0.186891
72,0.183351
73,0.179398
74,0.175189
75,0.170455
76,0.165631
77,0.16023
78,0.154853
79,0.149601
80,0.144188
81,0.138886
82,0.133649
83,0.128692
84,0.123861
85,0.11897
86,0.113988
87,0.109086
88,0.104196
89,0.0995864
90,0.0950929
91,0.0906963
92,0.0863478
93,0.0819219
94,0.0776048
95,0.0735154
96,0.0696676
97,0.065949
98,0.0623839
99,0.0589762
100,0.0556815
101,0.0524068
102,0.0493416
103,0.0465163
104,0.0437787
105,0.0411933
106,0.0387032
107,0.0361939
108,0.0337293
109,0.0313824
110,0.0292349
111,0.0272507
112,0.0253279
113,0.0235471
114,0.0218326
115,0.0201655
116,0.0186631
117,0.0172789
118,0.0160875
119,0.0150019
120,0.0139646
121,0.0130129
122,0.0120855
123,0.0110741
124,0.0103226
125,0.00948204
126,0.00886602
127,0.00807157
128,0.00748176
129,0.00688387
130,0.00651783
131,0.00612921
132,0.00584441
133,0.00546274
134,0.00533775
135,0.00504036
136,0.00486319
137,0.00459279
138,0.00446022
139,0.00427835
140,0.00433483
141,0.00423759
142,0.00431882
143,0.00433923
144,0.00445738
145,0.00441443
146,0.00444542
147,0.00443074
148,0.00445788
149,0.00425094
150,0.00405707
151,0.00369959
152,0.00349354
153,0.0032414
154,0.00313173
155,0.00290182
156,0.00293283
157,0.00270926
158,0.00273542
159,0.00262646
160,0.00268495
161,0.00261839
162,0.00270877
163,0.00266177
164,0.00274931
165,0.00272682
166,0.00276192
167,0.00277588
168,0.00273488
169,0.0026841
170,0.00267495
171,0.00255619
172,0.00260337
173,0.00256269
174,0.00263526
175,0.00254708
176,0.00264159
177,0.00262831
178,0.00281526
179,0.00286938
180,0.00297102
181,0.00301102
182,0.00297858
183,0.00300238
184,0.00292625
185,0.00290372
186,0.00277915
187,0.00276737
188,0.00263097
189,0.00263012
190,0.00249729
191,0.00245445
192,0.00227509
193,0.00233692
194,0.00211964
195,0.00227932
196,0.00207425
197,0.00240049
198,0.00218873
199,0.00256136
200,0.00242691
201,0.00274335
202,0.00265164
203,0.00294755
204,0.00284502
205,0.0031117
206,0.00292642
207,0.00311877
208,0.00291203
209,0.00313945
210,0.00285564
211,0.00308521
212,0.00273777
213,0.00289784
214,0.0025912
215,0.00280012
216,0.00250849
217,0.0027777
218,0.0025038
219,0.00287936
220,0.00268326
221,0.00310202
222,0.00296824
223,0.00340903
224,0.00338526
225,0.00379979
226,0.00377425
227,0.00416887
228,0.00417829
229,0.0045062
230,0.00440303
231,0.00453283
232,0.00418019
233,0.00418505
234,0.00382046
235,0.00386403
236,0.00339735
237,0.00347159
238,0.0029862
239,0.00313658
240,0.00261821
241,0.00280153
242,0.00231809
243,0.002608
244,0.00219622
245,0.00253235
246,0.00214736
247,0.00250511
248,0.00215898
249,0.00252968
250,0.0022105
251,0.00256603
252,0.00225458
253,0.00258332
254,0.00224934
255,0.00267049
256,0.0023236
257,0.00263517
258,0.00227639
259,0.00259163
260,0.00222049
261,0.00259353
262,0.00223549
263,0.00269097
264,0.00233606
265,0.00280977
266,0.00248113
267,0.00293108
268,0.00264874
269,0.00313654
270,0.00289111
271,0.0033404
272,0.00307768
273,0.00351149
274,0.00319189
275,0.00348902
276,0.00309917
277,0.00329799
278,0.0027904
279,0.0029935
280,0.00248856
281,0.00277422
282,0.00230118
283,0.00262879
284,0.00219193
285,0.00258134
286,0.00215615
287,0.00255229
288,0.00222299
289,0.00266877
290,0.00237467
291,0.00279494
292,0.00256797
293,0.00298124
294,0.00279146
295,0.00320805
296,0.00296205
297,0.00328931
298,0.00300431
299,0.00323376
300,0.0029483
301,0.00324763
302,0.00295461
303,0.00319576
304,0.00293758
305,0.00317975
306,0.0029183
307,0.00319652
308,0.00292327
309,0.00309731
310,0.00274295
311,0.00298186
312,0.00261183
313,0.00282799
314,0.00250186
315,0.00273001
316,0.00238078
317,0.00268414
318,0.00234664
319,0.00268185
320,0.00233455
321,0.00262129
322,0.00231267
323,0.00262342
324,0.00228202
325,0.00263504
326,0.00226686
327,0.00260348
328,0.00234055
329,0.00264713
330,0.00238609
331,0.00279851
332,0.00273662
333,0.00313687
334,0.0031597
335,0.00352919
336,0.00365528
337,0.00402268
338,0.00402157
339,0.00402657
340,0.00368146
341,0.00362938
342,0.00321212
343,0.00317812
344,0.00282693
345,0.00285132
346,0.00256535
347,0.00268898
348,0.00244501
349,0.00266334
350,0.00242342
351,0.00261895
352,0.00239542
353,0.00258273
354,0.0023599
355,0.00251526
356,0.00239058
357,0.00257057
358,0.00242771
359,0.00261908
360,0.00250903
361,0.00274618
362,0.00267768
363,0.00286281
364,0.00279089
365,0.00296124
366,0.00287661
367,0.00306578
368,0.0030543
369,0.00331519
370,0.00337357
371,0.00367862
372,0.00382431
373,0.00412943
374,0.00436121
375,0.00463142
376,0.00462435
377,0.00464175
378,0.00440743
379,0.00425136
380,0.00400553
381,0.00374816
382,0.00348956
383,0.00323321
384,0.00296689
385,0.00287047
386,0.00260077
387,0.00254574
388,0.00235452
389,0.00233415
390,0.0022039
391,0.00218156
392,0.00216169
393,0.00223523
394,0.00226448
395,0.00248136
396,0.00268595
397,0.00297728
398,0.00323866
399,0.00358357
