2,1.79031e-05
3,0.000101643
4,0.000256957
5,0.000359821
6,0.000300529
7,0.000129568
8,-8.54015e-05
9,-0.000245286
10,-0.000320468
11,-0.00038376
12,-0.000451006
13,-0.000525463
14,-0.000664081
15,-0.000700933
16,-0.000678022
17,-0.000533468
18,-0.000354551
19,-0.000131285
20,0.000413321
21,0.00243668
22,0.00523383
23,0.00763298
24,0.0101555
25,0.0127517
26,0.0152586
27,0.0176732
28,0.0200248
29,0.0222589
30,0.0244525
31,0.0265505
32,0.0285448
33,0.0304609
34,0.0323266
35,0.0340372
36,0.0356725
37,0.0372212
38,0.0386075
39,0.0398603
40,0.0409996
41,0.042027
42,0.0429464
43,0.0437687
44,0.0444801
45,0.0450816
46,0.0456354
47,0.0461124
48,0.0465579
49,0.0469089
50,0.0472191
51,0.0474766
52,0.0477056
53,0.0479108
54,0.0480885
55,0.0482265
56,0.048357
57,0.0484548
58,0.0485354
59,0.0486327
60,0.0487314
61,0.0488348
62,0.0489667
63,0.049113
64,0.0492578
65,0.0494374
66,0.0496152
67,0.0498283
68,0.0500599
69,0.0502865
70,0.0505431
71,0.0508193
72,0.0511422
73,0.0514912
74,0.051856
75,0.0522541
76,0.0526574
77,0.0530976
78,0.0535359
79,0.0539671
80,0.0544083
81,0.0548431
82,0.0552729
83,0.0556856
84,0.0560897
85,0.0564982
86,0.0569119
87,0.0573214
88,0.0577293
89,0.0581199
90,0.0585028
91,0.0588797
92,0.0592531
93,0.059632
94,0.0600036
95,0.0603608
96,0.060702
97,0.0610347
98,0.0613576
99,0.06167
100,0.0619747
101,0.0622783
102,0.0625684
103,0.0628422
104,0.0631104
105,0.0633683
106,0.0636201
107,0.0638724
108,0.0641227
109,0.0643637
110,0.0645924
111,0.0648086
112,0.0650222
113,0.0652242
114,0.0654229
115,0.0656168
116,0.0658015
117,0.0659759
118,0.0661387
119,0.0662919
120,0.0664445
121,0.0665881
122,0.0667327
123,0.0668788
124,0.0670128
125,0.0671457
126,0.0672703
127,0.0674005
128,0.0675221
129,0.0676377
130,0.0677446
131,0.0678443
132,0.0679461
133,0.0680398
134,0.0681306
135,0.0682215
136,0.0683136
137,0.0684007
138,0.0684914
139,0.0685707
140,0.0686455
141,0.0687138
142,0.0687831
143,0.0688423
144,0.0689063
145,0.0689681
146,0.0690391
147,0.0691005
148,0.0691726
149,0.0692504
150,0.0693405
151,0.0694326
152,0.0695247
153,0.0696137
154,0.0697014
155,0.0697892
156,0.0698658
157,0.0699494
158,0.0700288
159,0.0701086
160,0.0701943
161,0.0702753
162,0.0703525
163,0.0704269
164,0.0704958
165,0.0705648
166,0.070629
167,0.070695
168,0.0707499
169,0.0708135
170,0.0708711
171,0.0709304
172,0.0709921
173,0.0710582
174,0.0711255
175,0.0711931
176,0.071262
177,0.0713335
178,0.0714088
179,0.0714848
180,0.0715542
181,0.0716291
182,0.0716909
183,0.0717547
184,0.0718039
185,0.0718487
186,0.0718904
187,0.0719332
188,0.0719724
189,0.0720126
190,0.0720523
191,0.072088
192,0.0721215
193,0.0721577
194,0.0721889
195,0.0722218
196,0.072249
197,0.0722748
198,0.0723059
199,0.0723375
200,0.0723737
201,0.07241
202,0.0724472
203,0.0724866
204,0.0725284
205,0.0725751
206,0.0726198
207,0.0726743
208,0.0727233
209,0.0727703
210,0.0728263
211,0.0728777
212,0.0729385
213,0.0729975
214,0.0730536
215,0.0731104
216,0.073166
217,0.0732148
218,0.0732607
219,0.0732966
220,0.0733365
221,0.0733639
222,0.0733975
223,0.0734252
224,0.0734491
225,0.0734784
226,0.0735056
227,0.0735365
228,0.0735636
229,0.0735982
230,0.0736359
231,0.0736888
232,0.0737462
233,0.0738095
234,0.073868
235,0.0739328
236,0.0739969
237,0.0740609
238,0.074127
239,0.0741863
240,0.0742583
241,0.0743215
242,0.0743891
243,0.0744489
244,0.0745103
245,0.0745656
246,0.0746252
247,0.074683
248,0.0747335
249,0.0747881
250,0.0748323
251,0.0748824
252,0.0749289
253,0.0749764
254,0.0750231
255,0.0750682
256,0.0751097
257,0.0751468
258,0.0751785
259,0.0752078
260,0.0752393
261,0.0752609
262,0.0752882
263,0.0753073
264,0.0753314
265,0.0753578
266,0.0753833
267,0.0754138
268,0.0754363
269,0.0754639
270,0.0754896
271,0.0755158
272,0.0755473
273,0.0755773
274,0.0756143
275,0.0756577
276,0.0757017
277,0.0757575
278,0.075812
279,0.0758731
280,0.0759304
281,0.075989
282,0.076042
283,0.0760984
284,0.0761516
285,0.0762078
286,0.0762587
287,0.0763193
288,0.0763711
289,0.0764268
290,0.0764821
291,0.076534
292,0.0765867
293,0.07664
294,0.0766916
295,0.0767424
296,0.0767832
297,0.0768262
298,0.0768596
299,0.0768939
300,0.076931
301,0.0769663
302,0.0770017
303,0.0770319
304,0.0770709
305,0.0771022
306,0.0771412
307,0.0771758
308,0.077206
309,0.0772344
310,0.0772568
311,0.0772824
312,0.0773055
313,0.0773268
314,0.0773535
315,0.0773727
316,0.0774007
317,0.077426
318,0.0774589
319,0.0774916
320,0.077522
321,0.0775498
322,0.0775822
323,0.0776124
324,0.0776491
325,0.0776856
326,0.077723
327,0.077763
328,0.0778027
329,0.0778481
330,0.0779012
331,0.0779588
332,0.0780166
333,0.0780787
334,0.0781364
335,0.0781948
336,0.0782574
337,0.0783119
338,0.0783586
339,0.0783812
340,0.0783946
341,0.0784066
342,0.0784135
343,0.0784231
344,0.0784363
345,0.0784478
346,0.0784688
347,0.0784926
348,0.07852
349,0.0785523
350,0.0785806
351,0.0786104
352,0.0786397
353,0.0786685
354,0.0786995
355,0.0787308
356,0.0787694
357,0.0788052
358,0.0788401
359,0.0788757
360,0.0789194
361,0.0789589
362,0.0790027
363,0.0790399
364,0.0790763
365,0.0791149
366,0.0791498
367,0.07919
368,0.0792316
369,0.079277
370,0.0793266
371,0.0793776
372,0.0794315
373,0.0794834
374,0.07954
375,0.0795898
376,0.0796255
377,0.07965
378,0.0796656
379,0.0796761
380,0.0796882
381,0.0796892
382,0.0796978
383,0.0796969
384,0.0797027
385,0.0797132
386,0.0797199
387,0.0797324
388,0.0797381
389,0.07975
390,0.0797578
391,0.0797647
392,0.0797692
393,0.0797684
394,0.079766
395,0.0797624
396,0.0797552
397,0.0797536
398,0.0797503
399,0.0797501
