2,1.00081
3,1.00053
4,0.998868
5,0.997013
6,0.995111
7,0.994597
8,0.995444
9,0.997298
10,0.999415
11,1.00121
12,1.00304
13,1.00532
14,1.00701
15,1.00798
16,1.00878
17,1.00975
18,1.00958
19,1.00401
20,0.992492
21,0.954612
22,0.900225
23,0.852652
24,0.803766
25,0.754421
26,0.70763
27,0.66361
28,0.622495
29,0.584052
30,0.547694
31,0.514205
32,0.482461
33,0.452293
34,0.423952
35,0.397526
36,0.37248
37,0.349252
38,0.328312
39,0.308724
40,0.291618
41,0.275864
42,0.26174
43,0.249776
44,0.239539
45,0.231195
46,0.22367
47,0.218046
48,0.212941
49,0.20925
50,0.206365
51,0.204116
52,0.202632
53,0.201367
54,0.200955
55,0.200768
56,0.200834
57,0.20158
58,0.202137
59,0.203072
60,0.20332
61,0.203639
62,0.203553
63,0.203101
64,0.202606
65,0.201844
66,0.200634
67,0.199125
68,0.197642
69,0.195945
70,0.193737
71,0.191142
72,0.187665
73,0.183925
74,0.17978
75,0.174929
76,0.170211
77,0.165026
78,0.159678
79,0.154326
80,0.148927
81,0.143585
82,0.138283
83,0.133284
84,0.128415
85,0.123442
86,0.118383
87,0.113372
88,0.108504
89,0.103738
90,0.099073
91,0.0945699
92,0.0901334
93,0.0856387
94,0.0811729
95,0.0769613
96,0.0729492
97,0.0690912
98,0.0654356
99,0.0619198
100,0.0583932
101,0.0550002
102,0.0518099
103,0.0488638
104,0.0460335
105,0.0432525
106,0.0406517
107,0.0380892
108,0.0355624
109,0.0330839
110,0.0308854
111,0.0287033
112,0.0267607
113,0.0248159
114,0.0230344
115,0.0212448
116,0.0196483
117,0.0182179
118,0.0170039
119,0.0157926
120,0.0147698
121,0.0136511
122,0.0127562
123,0.0117379
124,0.0108882
125,0.00995679
126,0.00936876
127,0.00846677
128,0.00796188
129,0.00717643
130,0.00687333
131,0.00639148
132,0.00617292
133,0.00573186
134,0.00560836
135,0.00517712
136,0.00512323
137,0.00470944
138,0.00470378
139,0.0043288
140,0.00444509
141,0.00421827
142,0.00449563
143,0.00431123
144,0.00461104
145,0.00440396
146,0.00468098
147,0.00445469
148,0.00460388
149,0.00425448
150,0.00416798
151,0.00370485
152,0.00363057
153,0.00318276
154,0.0032092
155,0.00290507
156,0.00300226
157,0.00264906
158,0.00284511
159,0.00256805
160,0.00272393
161,0.00259051
162,0.00273218
163,0.0025906
164,0.00274913
165,0.00267369
166,0.00274104
167,0.00266115
168,0.00272007
169,0.00262151
170,0.00263292
171,0.00253348
172,0.00254954
173,0.00252718
174,0.00256103
175,0.00254444
176,0.00258011
177,0.00261704
178,0.00276133
179,0.00281458
180,0.00290871
181,0.00299283
182,0.0029236
183,0.00294381
184,0.00291954
185,0.00280899
186,0.00281493
187,0.0027063
188,0.00266274
189,0.00260192
190,0.0025471
191,0.00239261
192,0.00231124
193,0.00224261
194,0.00217721
195,0.0021866
196,0.00211692
197,0.00231175
198,0.00223397
199,0.00249024
200,0.00244062
201,0.00269131
202,0.00266935
203,0.0028626
204,0.00293306
205,0.00304005
206,0.00300778
207,0.00307921
208,0.00299713
209,0.00310786
210,0.00300583
211,0.00299061
212,0.00287587
213,0.00280904
214,0.00270517
215,0.00272546
216,0.00261133
217,0.00270172
218,0.00264868
219,0.00275155
220,0.00278203
221,0.00301114
222,0.00305849
223,0.00335358
224,0.0034201
225,0.0037647
226,0.00386546
227,0.00407553
228,0.00423735
229,0.00444364
230,0.00452083
231,0.00451159
232,0.0043168
233,0.00414621
234,0.00397993
235,0.00382024
236,0.00356741
237,0.00340248
238,0.00316039
239,0.00302062
240,0.00281852
241,0.00268095
242,0.00250915
243,0.00242904
244,0.00239123
245,0.00237279
246,0.00233888
247,0.00230901
248,0.00238501
249,0.00230096
250,0.00237346
251,0.00235317
252,0.00246195
253,0.0023747
254,0.00251164
255,0.00242843
256,0.00246701
257,0.00241323
258,0.00250712
259,0.00240539
260,0.0024742
261,0.00234233
262,0.00247353
263,0.00242442
264,0.00257001
265,0.00256854
266,0.00264315
267,0.00272842
268,0.00283628
269,0.00293359
270,0.00309214
271,0.00315903
272,0.00328547
273,0.00332147
274,0.00338619
275,0.00338128
276,0.00333896
277,0.00317351
278,0.00305979
279,0.00285276
280,0.0027301
281,0.00257881
282,0.00256443
283,0.0024018
284,0.00247716
285,0.00232014
286,0.00240223
287,0.00231087
288,0.00249358
289,0.00239665
290,0.00257505
291,0.00257466
292,0.00280325
293,0.00277739
294,0.00297369
295,0.00303264
296,0.00319244
297,0.00310543
298,0.00322944
299,0.00302138
300,0.00318854
301,0.00308875
302,0.0032191
303,0.0029889
304,0.00318678
305,0.00297827
306,0.00320843
307,0.00299834
308,0.0031522
309,0.0028966
310,0.00301542
311,0.00279622
312,0.00286477
313,0.00258685
314,0.00273452
315,0.00249013
316,0.00262849
317,0.00243192
318,0.002573
319,0.0023654
320,0.00258954
321,0.00239489
322,0.00254984
323,0.00238441
324,0.00249853
325,0.00240639
326,0.00256394
327,0.00237166
328,0.00249794
329,0.00239864
330,0.00265434
331,0.00256656
332,0.00291335
333,0.00288903
334,0.00331291
335,0.00337552
336,0.00379739
337,0.00388711
338,0.00410153
339,0.00388844
340,0.00382452
341,0.00346538
342,0.00335626
343,0.00299476
344,0.00292518
345,0.00267337
346,0.00273994
347,0.00249059
348,0.00259981
349,0.00247472
350,0.00258917
351,0.00242333
352,0.00255316
353,0.00239461
354,0.0024929
355,0.00237148
356,0.00252643
357,0.00239242
358,0.0025692
359,0.00247554
360,0.00265991
361,0.00261153
362,0.00278858
363,0.00277441
364,0.00290425
365,0.00286192
366,0.0030145
367,0.00295906
368,0.00316037
369,0.00323247
370,0.0035048
371,0.0035995
372,0.00389587
373,0.00408701
374,0.0044235
375,0.00458641
376,0.00469932
377,0.00454916
378,0.00448496
379,0.00420292
380,0.00402108
381,0.00371621
382,0.00346423
383,0.00324241
384,0.00301523
385,0.0028241
386,0.00267975
387,0.0024707
388,0.00240127
389,0.00229181
390,0.00223307
391,0.00216079
392,0.00213312
393,0.00216534
394,0.00233896
395,0.00251862
396,0.00271416
397,0.00300453
398,0.0032768
399,0.00359921
