2,-2.94193e-05
3,-6.14868e-05
4,-3.8056e-05
5,-9.68295e-06
6,2.04791e-05
7,5.45266e-05
8,6.96497e-05
9,5.4084e-05
10,2.51339e-05
11,-2.07616e-05
12,-6.38848e-05
13,-9.54038e-05
14,-0.000132656
15,-0.00016782
16,-0.000182398
17,-0.000216125
18,-0.000248649
19,-0.000173231
20,0.000254368
21,0.00223927
22,0.00524202
23,0.00809649
24,0.0109752
25,0.0137141
26,0.0163507
27,0.0188174
28,0.0211411
29,0.0233405
30,0.025386
31,0.0273481
32,0.0291863
33,0.0309025
34,0.0325683
35,0.0341389
36,0.0356216
37,0.0370294
38,0.0383266
39,0.0395612
40,0.0406878
41,0.04174
42,0.0426742
43,0.0435285
44,0.0442939
45,0.0449529
46,0.0455424
47,0.046039
48,0.0464609
49,0.0468356
50,0.0471374
51,0.0474039
52,0.0476192
53,0.0478139
54,0.0479549
55,0.0480928
56,0.0482033
57,0.0482899
58,0.0483487
59,0.0483986
60,0.0484911
61,0.0485873
62,0.0486794
63,0.0487985
64,0.0489323
65,0.0490824
66,0.0492628
67,0.0494497
68,0.0496362
69,0.0498337
70,0.0500631
71,0.0503107
72,0.050617
73,0.0509329
74,0.0512865
75,0.0516791
76,0.0520731
77,0.0524957
78,0.0529276
79,0.0533613
80,0.0538027
81,0.0542471
82,0.0546807
83,0.0551032
84,0.0555125
85,0.0559225
86,0.0563448
87,0.0567653
88,0.05718
89,0.0575873
90,0.0579858
91,0.0583744
92,0.058759
93,0.0591505
94,0.0595385
95,0.05991
96,0.0602712
97,0.060623
98,0.060959
99,0.0612904
100,0.0616118
101,0.0619328
102,0.0622442
103,0.0625316
104,0.0628174
105,0.0630889
106,0.0633544
107,0.0636192
108,0.0638824
109,0.064135
110,0.0643768
111,0.0646051
112,0.0648335
113,0.0650496
114,0.065261
115,0.0654684
116,0.0656641
117,0.0658506
118,0.0660182
119,0.0661805
120,0.0663376
121,0.0664896
122,0.06664
123,0.0667875
124,0.0669347
125,0.0670686
126,0.0672045
127,0.0673344
128,0.0674614
129,0.0675811
130,0.0676944
131,0.0677979
132,0.0679009
133,0.0679976
134,0.0680914
135,0.0681878
136,0.0682759
137,0.0683761
138,0.0684621
139,0.0685508
140,0.0686249
141,0.0686996
142,0.0687687
143,0.0688267
144,0.0688919
145,0.0689515
146,0.0690177
147,0.0690831
148,0.0691551
149,0.0692365
150,0.0693238
151,0.0694176
152,0.0695125
153,0.0696038
154,0.0696932
155,0.0697746
156,0.0698574
157,0.0699379
158,0.0700183
159,0.0700993
160,0.0701814
161,0.0702681
162,0.0703472
163,0.0704253
164,0.0704965
165,0.0705652
166,0.070633
167,0.0706935
168,0.0707547
169,0.0708135
170,0.0708699
171,0.0709303
172,0.070992
173,0.0710567
174,0.071126
175,0.0711916
176,0.0712617
177,0.0713317
178,0.0714084
179,0.0714767
180,0.0715478
181,0.0716211
182,0.0716885
183,0.0717455
184,0.0717976
185,0.0718417
186,0.0718863
187,0.0719333
188,0.0719738
189,0.0720165
190,0.0720549
191,0.0720924
192,0.0721238
193,0.0721581
194,0.072187
195,0.0722232
196,0.0722458
197,0.0722768
198,0.072303
199,0.0723347
200,0.0723733
201,0.0724107
202,0.0724533
203,0.0724839
204,0.0725255
205,0.072566
206,0.0726153
207,0.0726618
208,0.0727101
209,0.0727619
210,0.0728129
211,0.0728696
212,0.0729282
213,0.0729898
214,0.0730483
215,0.0731069
216,0.0731629
217,0.0732117
218,0.0732532
219,0.0732955
220,0.0733301
221,0.0733661
222,0.0733927
223,0.0734204
224,0.0734522
225,0.0734746
226,0.0735081
227,0.0735332
228,0.0735651
229,0.0735934
230,0.0736337
231,0.07368
232,0.0737382
233,0.073796
234,0.0738585
235,0.0739227
236,0.0739833
237,0.0740482
238,0.0741095
239,0.0741786
240,0.0742455
241,0.0743148
242,0.0743804
243,0.0744427
244,0.0745029
245,0.0745607
246,0.0746191
247,0.074673
248,0.0747291
249,0.0747808
250,0.0748317
251,0.0748787
252,0.0749293
253,0.074975
254,0.0750262
255,0.0750726
256,0.0751106
257,0.07515
258,0.0751824
259,0.0752121
260,0.0752408
261,0.0752646
262,0.0752858
263,0.0753098
264,0.075332
265,0.0753581
266,0.0753862
267,0.0754091
268,0.0754386
269,0.0754658
270,0.0754861
271,0.0755139
272,0.0755438
273,0.0755725
274,0.0756068
275,0.0756438
276,0.0756883
277,0.0757408
278,0.0757995
279,0.0758594
280,0.075923
281,0.0759798
282,0.0760359
283,0.0760906
284,0.0761439
285,0.0761991
286,0.0762532
287,0.0763126
288,0.0763693
289,0.0764225
290,0.0764798
291,0.0765318
292,0.0765875
293,0.0766425
294,0.0766961
295,0.0767456
296,0.0767908
297,0.0768294
298,0.0768628
299,0.0769014
300,0.0769365
301,0.0769742
302,0.0770109
303,0.0770421
304,0.0770781
305,0.0771142
306,0.0771487
307,0.0771883
308,0.0772163
309,0.0772437
310,0.0772691
311,0.0772894
312,0.0773146
313,0.0773362
314,0.0773602
315,0.0773782
316,0.0774019
317,0.077433
318,0.0774592
319,0.0775
320,0.0775253
321,0.0775553
322,0.0775859
323,0.0776136
324,0.0776518
325,0.0776862
326,0.0777238
327,0.0777591
328,0.0778019
329,0.077842
330,0.0778958
331,0.0779536
332,0.0780141
333,0.078076
334,0.0781354
335,0.0781931
336,0.078253
337,0.0783113
338,0.0783538
339,0.078382
340,0.0783936
341,0.078403
342,0.0784116
343,0.0784201
344,0.0784326
345,0.0784484
346,0.0784643
347,0.0784903
348,0.0785197
349,0.0785496
350,0.0785807
351,0.0786108
352,0.0786374
353,0.0786684
354,0.0786955
355,0.078732
356,0.0787655
357,0.0788011
358,0.0788405
359,0.0788766
360,0.0789177
361,0.0789586
362,0.0790033
363,0.0790439
364,0.0790807
365,0.0791162
366,0.0791519
367,0.0791949
368,0.0792342
369,0.0792825
370,0.0793294
371,0.0793795
372,0.0794337
373,0.0794875
374,0.0795436
375,0.07959
376,0.0796279
377,0.0796534
378,0.0796662
379,0.0796791
380,0.0796846
381,0.0796909
382,0.0796956
383,0.0796994
384,0.0797016
385,0.0797098
386,0.0797183
387,0.0797285
388,0.0797378
389,0.0797463
390,0.0797565
391,0.0797633
392,0.0797701
393,0.0797655
394,0.079764
395,0.079753
396,0.0797487
397,0.0797436
398,0.0797422
399,0.0797406
