2,0.00229622
3,0.00655397
4,0.0101212
5,0.0130982
6,0.0155783
7,0.0176007
8,0.0192499
9,0.0205925
10,0.021777
11,0.0228185
12,0.0237258
13,0.0246119
14,0.0254625
15,0.0262727
16,0.0271146
17,0.0279874
18,0.0288394
19,0.0300484
20,0.0284457
21,0.0337019
22,0.0346352
23,0.0355581
24,0.0364542
25,0.0373179
26,0.0381559
27,0.0389445
28,0.039702
29,0.0404179
30,0.0410867
31,0.0417002
32,0.0422731
33,0.0427985
34,0.0432693
35,0.0436928
36,0.0440756
37,0.0444147
38,0.0447029
39,0.0449727
40,0.0452364
41,0.0454881
42,0.0457247
43,0.0459503
44,0.0461755
45,0.0464127
46,0.0466684
47,0.0469442
48,0.0472286
49,0.0475301
50,0.0478444
51,0.0481758
52,0.0485447
53,0.0489462
54,0.0493526
55,0.0497608
56,0.0501673
57,0.0505656
58,0.0509637
59,0.0513842
60,0.0518171
61,0.0522285
62,0.052622
63,0.0530137
64,0.0534175
65,0.0538259
66,0.0542505
67,0.0546809
68,0.0551034
69,0.0554879
70,0.0558747
71,0.0562684
72,0.0566762
73,0.0570748
74,0.0574769
75,0.0578529
76,0.0582152
77,0.058549
78,0.0589069
79,0.0592629
80,0.0596182
81,0.0599516
82,0.060277
83,0.0605773
84,0.0608686
85,0.0611557
86,0.0614574
87,0.061748
88,0.0620217
89,0.0622811
90,0.0625257
91,0.0627593
92,0.0629864
93,0.0632196
94,0.0634483
95,0.0636645
96,0.0638627
97,0.0640565
98,0.0642376
99,0.0644141
100,0.0645899
101,0.0647638
102,0.0649247
103,0.0650745
104,0.0652129
105,0.0653475
106,0.0654776
107,0.065611
108,0.0657447
109,0.0658809
110,0.066007
111,0.0661299
112,0.0662479
113,0.0663632
114,0.0664828
115,0.0666014
116,0.066725
117,0.0668381
118,0.0669492
119,0.0670599
120,0.0671699
121,0.0672808
122,0.0673916
123,0.0674997
124,0.0676012
125,0.0676831
126,0.0677629
127,0.0678341
128,0.0679103
129,0.0679822
130,0.0680612
131,0.0681378
132,0.0682115
133,0.0682862
134,0.0683553
135,0.0684267
136,0.0684972
137,0.0685713
138,0.0686382
139,0.068711
140,0.0687716
141,0.0688414
142,0.068902
143,0.0689709
144,0.0690348
145,0.0691032
146,0.0691733
147,0.0692471
148,0.0693235
149,0.0694036
150,0.0694819
151,0.0695566
152,0.0696348
153,0.0697059
154,0.0697827
155,0.0698481
156,0.0699207
157,0.0699874
158,0.0700563
159,0.0701264
160,0.0701983
161,0.0702712
162,0.0703479
163,0.0704201
164,0.0704922
165,0.0705613
166,0.0706302
167,0.0706992
168,0.0707688
169,0.0708367
170,0.0709013
171,0.0709685
172,0.0710339
173,0.0711049
174,0.0711703
175,0.0712401
176,0.0713025
177,0.0713716
178,0.071435
179,0.0715004
180,0.071561
181,0.0716231
182,0.0716841
183,0.0717415
184,0.0717872
185,0.0718295
186,0.0718693
187,0.0719068
188,0.0719503
189,0.0719865
190,0.0720266
191,0.0720642
192,0.0721012
193,0.0721408
194,0.0721794
195,0.0722207
196,0.0722636
197,0.072305
198,0.0723479
199,0.0723897
200,0.0724292
201,0.0724681
202,0.0725063
203,0.0725444
204,0.0725903
205,0.0726366
206,0.0726862
207,0.0727317
208,0.0727794
209,0.0728268
210,0.0728734
211,0.0729234
212,0.0729747
213,0.0730222
214,0.0730683
215,0.0731167
216,0.0731586
217,0.0732049
218,0.0732439
219,0.0732837
220,0.0733206
221,0.073357
222,0.0733937
223,0.0734315
224,0.0734648
225,0.0735032
226,0.0735396
227,0.0735779
228,0.0736199
229,0.0736756
230,0.0737402
231,0.0738043
232,0.0738699
233,0.0739363
234,0.074002
235,0.0740658
236,0.0741245
237,0.0741847
238,0.0742421
239,0.0742942
240,0.0743483
241,0.0743977
242,0.0744478
243,0.0744958
244,0.074542
245,0.0745867
246,0.07463
247,0.0746729
248,0.0747177
249,0.074763
250,0.0748086
251,0.0748512
252,0.0748957
253,0.0749374
254,0.0749807
255,0.0750198
256,0.0750608
257,0.0750993
258,0.0751405
259,0.0751756
260,0.0752137
261,0.0752496
262,0.0752829
263,0.0753174
264,0.0753517
265,0.0753855
266,0.0754191
267,0.0754518
268,0.0754861
269,0.0755205
270,0.0755582
271,0.0755937
272,0.0756295
273,0.0756744
274,0.0757236
275,0.0757762
276,0.0758286
277,0.0758806
278,0.0759294
279,0.0759775
280,0.076024
281,0.0760698
282,0.076116
283,0.0761603
284,0.0762016
285,0.0762478
286,0.0762848
287,0.0763318
288,0.0763672
289,0.0764119
290,0.0764501
291,0.0764919
292,0.076532
293,0.0765753
294,0.0766127
295,0.0766524
296,0.0766918
297,0.0767323
298,0.0767711
299,0.0768047
300,0.0768384
301,0.0768662
302,0.076898
303,0.0769333
304,0.07697
305,0.0770023
306,0.0770413
307,0.0770696
308,0.0771119
309,0.077144
310,0.0771827
311,0.0772124
312,0.0772458
313,0.0772738
314,0.0773046
315,0.0773362
316,0.0773686
317,0.0774045
318,0.0774402
319,0.0774779
320,0.0775121
321,0.0775492
322,0.0775841
323,0.0776256
324,0.0776665
325,0.0777074
326,0.0777508
327,0.0777947
328,0.0778402
329,0.0778928
330,0.077947
331,0.0780036
332,0.0780613
333,0.078118
334,0.0781766
335,0.078236
336,0.078298
337,0.0783438
338,0.0783679
339,0.0783795
340,0.0783886
341,0.0784035
342,0.0784159
343,0.0784312
344,0.0784452
345,0.0784666
346,0.078486
347,0.0785119
348,0.0785368
349,0.0785656
350,0.0785943
351,0.0786241
352,0.0786557
353,0.0786863
354,0.0787206
355,0.0787526
356,0.0787857
357,0.078813
358,0.0788436
359,0.0788732
360,0.0789027
361,0.0789341
362,0.0789666
363,0.0790033
364,0.0790345
365,0.079076
366,0.0791116
367,0.0791531
368,0.0791928
369,0.0792328
370,0.0792766
371,0.0793231
372,0.0793696
373,0.0794176
374,0.0794694
375,0.0795199
376,0.079573
377,0.0796118
378,0.0796334
379,0.079646
380,0.0796529
381,0.0796637
382,0.0796714
383,0.0796815
384,0.0796902
385,0.079699
386,0.0797105
387,0.0797182
388,0.0797326
389,0.0797427
390,0.079758
391,0.0797661
392,0.0797772
393,0.0797859
394,0.0797911
395,0.0797987
396,0.0798008
397,0.0798055
398,0.0798059
399,0.0798086
