2,0.999768
3,0.999691
4,0.99986
5,0.999938
6,0.999919
7,0.999934
8,0.99993
9,0.999759
10,0.99969
11,0.999735
12,0.999778
13,0.999832
14,0.999847
15,1.0006
16,1.00306
17,1.00626
18,1.00827
19,1.0053
20,0.995114
21,0.955152
22,0.897512
23,0.84625
24,0.79483
25,0.744956
26,0.696922
27,0.652073
28,0.610567
29,0.571971
30,0.536177
31,0.50342
32,0.47305
33,0.44464
34,0.418345
35,0.393815
36,0.370824
37,0.349254
38,0.329398
39,0.311014
40,0.294137
41,0.279021
42,0.26531
43,0.253004
44,0.24257
45,0.233544
46,0.225762
47,0.219808
48,0.214562
49,0.210742
50,0.207681
51,0.205608
52,0.204423
53,0.203382
54,0.203061
55,0.202926
56,0.203204
57,0.203982
58,0.204855
59,0.206293
60,0.207094
61,0.207606
62,0.208068
63,0.207982
64,0.207847
65,0.207224
66,0.206265
67,0.205204
68,0.204004
69,0.202547
70,0.20071
71,0.198469
72,0.195554
73,0.192289
74,0.188408
75,0.183873
76,0.179271
77,0.174309
78,0.169084
79,0.163666
80,0.158234
81,0.152867
82,0.147419
83,0.142235
84,0.137185
85,0.132161
86,0.127013
87,0.121932
88,0.116825
89,0.111876
90,0.106962
91,0.102301
92,0.0976372
93,0.092952
94,0.0882311
95,0.0837992
96,0.0795011
97,0.0753938
98,0.0714014
99,0.0676644
100,0.0638611
101,0.0602161
102,0.056746
103,0.0535499
104,0.0504374
105,0.0474758
106,0.0446603
107,0.0419276
108,0.0391434
109,0.0365378
110,0.0340866
111,0.031752
112,0.0295554
113,0.0274425
114,0.0254333
115,0.0235146
116,0.0216892
117,0.0200952
118,0.0187265
119,0.0174619
120,0.0162446
121,0.0151484
122,0.0140512
123,0.0130185
124,0.0119725
125,0.011077
126,0.0102574
127,0.00945013
128,0.00870973
129,0.00804325
130,0.0074828
131,0.00701898
132,0.00663518
133,0.00631904
134,0.00604037
135,0.00573746
136,0.00542632
137,0.00514574
138,0.00489062
139,0.00466997
140,0.00455152
141,0.00454637
142,0.00454795
143,0.00460258
144,0.00468251
145,0.00472541
146,0.00470576
147,0.00474804
148,0.00467549
149,0.00452071
150,0.00420439
151,0.00394145
152,0.00360692
153,0.00345779
154,0.00313158
155,0.00305769
156,0.00289816
157,0.00283297
158,0.00270944
159,0.00272662
160,0.00255223
161,0.00266294
162,0.00250483
163,0.00273569
164,0.00262891
165,0.00276858
166,0.00261616
167,0.00274014
168,0.00255853
169,0.00268044
170,0.00250161
171,0.0025537
172,0.0023848
173,0.00251274
174,0.00242034
175,0.00256109
176,0.00245831
177,0.00262755
178,0.0026054
179,0.00276321
180,0.00282375
181,0.00281706
182,0.00284484
183,0.00283278
184,0.00285646
185,0.00279661
186,0.00278567
187,0.0026952
188,0.00267125
189,0.00258981
190,0.0025388
191,0.00232963
192,0.0023354
193,0.00213053
194,0.00214609
195,0.00208253
196,0.00207422
197,0.00219668
198,0.00219787
199,0.00242423
200,0.0024669
201,0.00258341
202,0.00266245
203,0.00283528
204,0.00291015
205,0.00304943
206,0.00307511
207,0.00314723
208,0.00310952
209,0.003168
210,0.00309775
211,0.00308266
212,0.00290577
213,0.00289351
214,0.0027451
215,0.00271518
216,0.0026577
217,0.00272429
218,0.00265113
219,0.00277667
220,0.00279124
221,0.00303504
222,0.00305262
223,0.00334363
224,0.00345487
225,0.00376549
226,0.00383987
227,0.00415
228,0.0042091
229,0.0045137
230,0.00451892
231,0.00462655
232,0.00433015
233,0.00430749
234,0.00400791
235,0.00398256
236,0.00362922
237,0.00355718
238,0.00324594
239,0.00316967
240,0.00283532
241,0.00279465
242,0.00247542
243,0.00251839
244,0.00232261
245,0.00248293
246,0.00224185
247,0.00239723
248,0.00227133
249,0.00240923
250,0.00228161
251,0.00242697
252,0.00234533
253,0.00249069
254,0.00237207
255,0.00252381
256,0.00240452
257,0.00252673
258,0.00234289
259,0.00249952
260,0.00229089
261,0.00248042
262,0.00231683
263,0.00255112
264,0.0023777
265,0.00266918
266,0.00251104
267,0.00286338
268,0.0026886
269,0.00305003
270,0.00299067
271,0.00328721
272,0.00320246
273,0.00352087
274,0.00338203
275,0.00356025
276,0.00333153
277,0.00339556
278,0.00300271
279,0.00305245
280,0.00267915
281,0.00272494
282,0.00246679
283,0.00256689
284,0.00228668
285,0.00249056
286,0.00225434
287,0.00245731
288,0.00232933
289,0.0025417
290,0.00245542
291,0.00271859
292,0.00264529
293,0.00292242
294,0.00289178
295,0.003149
296,0.00310975
297,0.00330432
298,0.00312301
299,0.0032209
300,0.00313515
301,0.00323574
302,0.00314808
303,0.00319453
304,0.0031412
305,0.00320555
306,0.00313835
307,0.00320493
308,0.00310529
309,0.00311109
310,0.00297379
311,0.0029548
312,0.00277127
313,0.00280237
314,0.00260162
315,0.00266431
316,0.00246502
317,0.0025949
318,0.00244983
319,0.00254999
320,0.00238542
321,0.00255648
322,0.00236703
323,0.00254094
324,0.00233873
325,0.00251211
326,0.00231398
327,0.00254155
328,0.00237013
329,0.00255121
330,0.00240769
331,0.00266536
332,0.00278026
333,0.00299449
334,0.00315344
335,0.00345292
336,0.00364524
337,0.00394939
338,0.00397874
339,0.00398206
340,0.00373277
341,0.00354067
342,0.00322839
343,0.00307298
344,0.00283408
345,0.00278119
346,0.00258656
347,0.00263243
348,0.00246075
349,0.0025692
350,0.00248081
351,0.00255579
352,0.00242186
353,0.00251229
354,0.00238941
355,0.0024673
356,0.00240116
357,0.00248879
358,0.00244009
359,0.0025659
360,0.0025596
361,0.00270995
362,0.00272825
363,0.00286914
364,0.00285396
365,0.00296385
366,0.00297186
367,0.00307778
368,0.0031163
369,0.00331505
370,0.0034525
371,0.00374603
372,0.00389346
373,0.00415951
374,0.00443845
375,0.00468247
376,0.00470654
377,0.00462751
378,0.00443438
379,0.00422956
380,0.0040079
381,0.00372513
382,0.00347798
383,0.00321644
384,0.00298205
385,0.00283787
386,0.0026221
387,0.00246227
388,0.00235538
389,0.00230408
390,0.0022074
391,0.00215087
392,0.00216446
393,0.00220969
394,0.00233042
395,0.00252432
396,0.00279451
397,0.0030771
398,0.00336587
399,0.00367178
