2,-0.00013504
3,-0.000722231
4,-0.00150514
5,-0.00181507
6,-0.0017093
7,-0.00152277
8,-0.00130139
9,-0.000971693
10,-0.00068397
11,-0.000536223
12,-0.000308818
13,-0.000153907
14,3.49431e-05
15,0.000341524
16,0.000743122
17,0.00132394
18,0.00191048
19,0.00283951
20,0.00234742
21,0.00391153
22,0.00615212
23,0.00788949
24,0.00980459
25,0.0120672
26,0.014358
27,0.0165062
28,0.0184737
29,0.0205514
30,0.0228058
31,0.0250758
32,0.0273615
33,0.0295307
34,0.0314759
35,0.0333305
36,0.0351068
37,0.036792
38,0.0383661
39,0.0398339
40,0.041138
41,0.042323
42,0.0434122
43,0.0443823
44,0.0452033
45,0.0458916
46,0.0464385
47,0.0468848
48,0.0472814
49,0.0476045
50,0.0479258
51,0.0482606
52,0.0485975
53,0.0489249
54,0.0492637
55,0.0496016
56,0.0499461
57,0.0502969
58,0.0506772
59,0.0510422
60,0.0513852
61,0.0517539
62,0.0521242
63,0.0525108
64,0.0529376
65,0.0533369
66,0.0537532
67,0.0541705
68,0.0545842
69,0.0549844
70,0.0553945
71,0.0558004
72,0.0562012
73,0.0565977
74,0.0569825
75,0.0573647
76,0.057742
77,0.0581304
78,0.0585053
79,0.0588774
80,0.059218
81,0.0595439
82,0.0598669
83,0.0601765
84,0.0604929
85,0.0608073
86,0.0611206
87,0.0614146
88,0.061692
89,0.0619616
90,0.0622304
91,0.0624857
92,0.0627453
93,0.0629916
94,0.0632199
95,0.0634298
96,0.0636318
97,0.0638365
98,0.0640298
99,0.0642244
100,0.0644059
101,0.0645861
102,0.0647484
103,0.0649019
104,0.0650534
105,0.0652032
106,0.0653514
107,0.0654974
108,0.0656469
109,0.065787
110,0.0659228
111,0.0660521
112,0.0661783
113,0.0663003
114,0.0664177
115,0.066538
116,0.0666501
117,0.0667663
118,0.0668743
119,0.0670005
120,0.067111
121,0.0672325
122,0.0673421
123,0.067454
124,0.0675522
125,0.0676479
126,0.067733
127,0.0678141
128,0.0678948
129,0.0679735
130,0.0680512
131,0.0681314
132,0.068204
133,0.0682725
134,0.0683456
135,0.0684123
136,0.0684774
137,0.0685449
138,0.0686131
139,0.0686729
140,0.0687381
141,0.0688013
142,0.0688712
143,0.0689419
144,0.0690106
145,0.0690812
146,0.0691508
147,0.0692269
148,0.0693094
149,0.0693943
150,0.069477
151,0.0695502
152,0.069626
153,0.0696937
154,0.0697628
155,0.0698317
156,0.0698998
157,0.0699739
158,0.0700483
159,0.0701236
160,0.0702006
161,0.0702733
162,0.0703443
163,0.0704112
164,0.0704796
165,0.0705421
166,0.0706191
167,0.0706849
168,0.0707585
169,0.0708246
170,0.0708974
171,0.0709658
172,0.0710413
173,0.0711072
174,0.0711712
175,0.0712318
176,0.0712962
177,0.0713604
178,0.0714264
179,0.0714955
180,0.0715585
181,0.0716283
182,0.0716859
183,0.0717422
184,0.071791
185,0.0718339
186,0.0718709
187,0.0719063
188,0.0719433
189,0.0719808
190,0.0720228
191,0.0720665
192,0.0721126
193,0.0721569
194,0.0722039
195,0.07224
196,0.0722768
197,0.0723054
198,0.072335
199,0.0723695
200,0.0724076
201,0.0724508
202,0.0724935
203,0.0725385
204,0.072586
205,0.0726366
206,0.0726919
207,0.0727347
208,0.0727806
209,0.0728209
210,0.0728671
211,0.0729154
212,0.0729687
213,0.0730221
214,0.0730726
215,0.0731202
216,0.0731635
217,0.0732032
218,0.0732406
219,0.0732786
220,0.0733167
221,0.0733515
222,0.0733856
223,0.0734188
224,0.0734557
225,0.0734922
226,0.0735317
227,0.0735735
228,0.0736213
229,0.0736747
230,0.0737354
231,0.073794
232,0.0738568
233,0.0739195
234,0.0739842
235,0.0740482
236,0.0741119
237,0.0741706
238,0.0742273
239,0.0742834
240,0.0743362
241,0.0743874
242,0.0744379
243,0.0744892
244,0.0745346
245,0.0745841
246,0.0746318
247,0.0746839
248,0.0747327
249,0.074777
250,0.0748152
251,0.0748532
252,0.0748906
253,0.0749308
254,0.0749731
255,0.0750163
256,0.0750564
257,0.0750995
258,0.0751379
259,0.075182
260,0.0752162
261,0.0752518
262,0.0752785
263,0.0753124
264,0.0753389
265,0.0753786
266,0.0754083
267,0.0754466
268,0.0754817
269,0.0755179
270,0.0755526
271,0.0755919
272,0.0756317
273,0.0756745
274,0.0757176
275,0.0757635
276,0.0758162
277,0.075868
278,0.0759209
279,0.0759721
280,0.0760236
281,0.0760684
282,0.0761179
283,0.0761624
284,0.0762098
285,0.0762477
286,0.076288
287,0.0763243
288,0.0763683
289,0.0764126
290,0.0764527
291,0.0764976
292,0.0765405
293,0.076582
294,0.0766229
295,0.0766667
296,0.0767057
297,0.0767441
298,0.0767738
299,0.0768064
300,0.0768382
301,0.0768769
302,0.0769073
303,0.0769402
304,0.0769704
305,0.0770066
306,0.0770447
307,0.0770826
308,0.0771197
309,0.0771521
310,0.077185
311,0.077215
312,0.0772476
313,0.0772804
314,0.0773127
315,0.0773422
316,0.077375
317,0.0774038
318,0.0774392
319,0.077472
320,0.0775135
321,0.0775461
322,0.0775852
323,0.0776246
324,0.0776682
325,0.0777109
326,0.0777549
327,0.0777949
328,0.077839
329,0.0778874
330,0.0779412
331,0.0780014
332,0.0780604
333,0.0781209
334,0.0781814
335,0.0782419
336,0.0782973
337,0.0783409
338,0.0783721
339,0.0783874
340,0.0783974
341,0.0784047
342,0.0784177
343,0.0784328
344,0.07845
345,0.0784721
346,0.0784923
347,0.0785243
348,0.0785561
349,0.0785882
350,0.0786157
351,0.0786391
352,0.0786593
353,0.0786851
354,0.0787128
355,0.0787389
356,0.0787758
357,0.0788066
358,0.0788413
359,0.0788787
360,0.078916
361,0.0789536
362,0.0789909
363,0.079022
364,0.0790502
365,0.0790815
366,0.0791119
367,0.0791496
368,0.0791943
369,0.0792368
370,0.0792837
371,0.0793294
372,0.0793805
373,0.0794347
374,0.0794841
375,0.0795313
376,0.0795717
377,0.079607
378,0.0796346
379,0.0796562
380,0.0796729
381,0.0796851
382,0.0796872
383,0.0796916
384,0.0796937
385,0.079701
386,0.0797135
387,0.0797256
388,0.079737
389,0.0797493
390,0.0797667
391,0.0797805
392,0.0797928
393,0.0797949
394,0.0797933
395,0.0797888
396,0.0797919
397,0.0797928
398,0.0797998
399,0.0798026
