2,9.97274e-06
3,1.3609e-05
4,7.04496e-06
5,3.89002e-06
6,4.7179e-06
7,4.14809e-06
8,4.2285e-06
9,1.22573e-05
10,1.55676e-05
11,1.36721e-05
12,1.16301e-05
13,9.35505e-06
14,8.68377e-06
15,-2.83209e-05
16,-0.000152478
17,-0.000316202
18,-0.000421378
19,-0.000270805
20,0.000257748
21,0.00235761
22,0.00541996
23,0.00818125
24,0.010983
25,0.0137322
26,0.0164097
27,0.0189397
28,0.0213093
29,0.0235389
30,0.025631
31,0.02757
32,0.0293891
33,0.03111
34,0.0327222
35,0.0342437
36,0.0356857
37,0.0370541
38,0.0383304
39,0.0395278
40,0.0406428
41,0.0416602
42,0.0425987
43,0.0434583
44,0.0442105
45,0.0448813
46,0.0454794
47,0.0459704
48,0.0464187
49,0.0467823
50,0.0470993
51,0.0473565
52,0.047559
53,0.0477511
54,0.0478979
55,0.0480317
56,0.0481388
57,0.0482137
58,0.0482803
59,0.0483109
60,0.0483779
61,0.0484611
62,0.0485455
63,0.0486617
64,0.0487797
65,0.0489265
66,0.0490927
67,0.0492641
68,0.0494427
69,0.0496369
70,0.0498534
71,0.0500944
72,0.0503773
73,0.0506816
74,0.0510242
75,0.0514081
76,0.051796
77,0.0522065
78,0.052634
79,0.0530738
80,0.0535148
81,0.0539515
82,0.0543938
83,0.0548192
84,0.0552361
85,0.0556513
86,0.0560748
87,0.0564941
88,0.056915
89,0.057326
90,0.057735
91,0.0581277
92,0.0585207
93,0.058915
94,0.0593122
95,0.0596907
96,0.0600602
97,0.0604174
98,0.0607673
99,0.0611005
100,0.0614378
101,0.0617649
102,0.0620808
103,0.0623785
104,0.0626707
105,0.062953
106,0.0632255
107,0.0634923
108,0.0637623
109,0.0640208
110,0.0642682
111,0.0645082
112,0.0647383
113,0.0649629
114,0.0651795
115,0.0653912
116,0.0655952
117,0.0657848
118,0.0659582
119,0.0661238
120,0.0662862
121,0.066441
122,0.0665942
123,0.0667437
124,0.066893
125,0.0670338
126,0.0671674
127,0.0673015
128,0.067429
129,0.0675531
130,0.0676693
131,0.0677781
132,0.0678791
133,0.0679778
134,0.0680699
135,0.0681684
136,0.0682629
137,0.0683591
138,0.0684467
139,0.0685412
140,0.0686155
141,0.0686905
142,0.068756
143,0.0688211
144,0.0688814
145,0.0689456
146,0.0690112
147,0.0690781
148,0.0691464
149,0.0692272
150,0.0693185
151,0.0694124
152,0.069504
153,0.0695971
154,0.0696849
155,0.0697704
156,0.0698525
157,0.0699318
158,0.0700091
159,0.070096
160,0.0701795
161,0.0702647
162,0.0703433
163,0.0704211
164,0.0704969
165,0.0705687
166,0.070632
167,0.0706942
168,0.0707549
169,0.0708133
170,0.0708729
171,0.0709292
172,0.0709912
173,0.0710574
174,0.0711258
175,0.0711932
176,0.0712603
177,0.0713302
178,0.0714035
179,0.0714751
180,0.07155
181,0.0716144
182,0.0716848
183,0.0717425
184,0.0717952
185,0.071842
186,0.0718839
187,0.0719303
188,0.0719719
189,0.0720184
190,0.0720553
191,0.0720928
192,0.0721242
193,0.0721596
194,0.0721916
195,0.0722204
196,0.0722488
197,0.0722719
198,0.0723069
199,0.072337
200,0.0723736
201,0.0724114
202,0.0724482
203,0.0724853
204,0.0725251
205,0.0725662
206,0.0726086
207,0.0726589
208,0.072706
209,0.0727587
210,0.072808
211,0.0728636
212,0.0729242
213,0.0729861
214,0.0730451
215,0.0731019
216,0.0731565
217,0.0732074
218,0.0732547
219,0.0732942
220,0.0733292
221,0.0733604
222,0.0733929
223,0.0734226
224,0.0734492
225,0.0734763
226,0.073504
227,0.0735319
228,0.0735646
229,0.0735918
230,0.07363
231,0.0736736
232,0.0737359
233,0.073794
234,0.0738554
235,0.0739129
236,0.0739799
237,0.0740424
238,0.0741072
239,0.0741711
240,0.0742367
241,0.0743087
242,0.074377
243,0.074442
244,0.0744982
245,0.0745558
246,0.0746139
247,0.0746712
248,0.0747252
249,0.0747786
250,0.0748277
251,0.0748784
252,0.074927
253,0.074979
254,0.0750234
255,0.0750698
256,0.0751158
257,0.0751511
258,0.0751824
259,0.075214
260,0.0752398
261,0.0752671
262,0.075289
263,0.0753094
264,0.0753348
265,0.075358
266,0.0753862
267,0.0754114
268,0.0754413
269,0.0754624
270,0.0754844
271,0.0755147
272,0.0755396
273,0.0755692
274,0.0756006
275,0.0756385
276,0.0756837
277,0.0757375
278,0.0757928
279,0.0758559
280,0.0759137
281,0.0759761
282,0.0760313
283,0.0760875
284,0.076143
285,0.0761968
286,0.0762523
287,0.0763108
288,0.0763668
289,0.0764212
290,0.0764773
291,0.0765324
292,0.0765866
293,0.0766414
294,0.076695
295,0.0767461
296,0.0767907
297,0.0768344
298,0.0768652
299,0.0769027
300,0.0769404
301,0.0769756
302,0.0770158
303,0.0770427
304,0.0770841
305,0.0771169
306,0.0771591
307,0.0771874
308,0.0772225
309,0.0772491
310,0.077274
311,0.0772952
312,0.0773177
313,0.0773431
314,0.0773601
315,0.0773829
316,0.0774062
317,0.0774387
318,0.0774636
319,0.0774997
320,0.0775298
321,0.0775581
322,0.0775872
323,0.0776165
324,0.0776496
325,0.0776848
326,0.0777266
327,0.0777613
328,0.0777989
329,0.0778427
330,0.0778931
331,0.0779542
332,0.0780141
333,0.0780722
334,0.0781325
335,0.0781924
336,0.0782532
337,0.0783105
338,0.0783518
339,0.0783816
340,0.0783951
341,0.0784045
342,0.0784118
343,0.07842
344,0.0784312
345,0.0784478
346,0.0784647
347,0.0784915
348,0.0785153
349,0.0785496
350,0.0785804
351,0.0786085
352,0.0786364
353,0.0786666
354,0.0786948
355,0.0787297
356,0.078768
357,0.0788013
358,0.078839
359,0.0788771
360,0.0789199
361,0.0789608
362,0.0790051
363,0.0790407
364,0.0790817
365,0.0791193
366,0.0791555
367,0.0791945
368,0.079235
369,0.0792828
370,0.0793313
371,0.0793855
372,0.0794359
373,0.079488
374,0.0795466
375,0.0795946
376,0.0796307
377,0.0796521
378,0.0796669
379,0.0796764
380,0.079688
381,0.0796889
382,0.0796954
383,0.0796963
384,0.079702
385,0.0797107
386,0.0797183
387,0.0797234
388,0.0797405
389,0.0797469
390,0.0797571
391,0.0797622
392,0.0797653
393,0.0797642
394,0.0797594
395,0.0797554
396,0.0797412
397,0.0797387
398,0.0797342
399,0.0797375
