2,1.00014
3,1.00043
4,1.00029
5,1.00031
6,1.00023
7,1.00015
8,1.00023
9,1.00055
10,1.00049
11,1.00033
12,1.00072
13,1.00133
14,1.00155
15,1.00371
16,1.0075
17,1.0093
18,1.00812
19,1.0025
20,0.991354
21,0.951976
22,0.892472
23,0.842387
24,0.794452
25,0.745789
26,0.699244
27,0.653716
28,0.610949
29,0.571487
30,0.53486
31,0.50144
32,0.471076
33,0.442808
34,0.416895
35,0.392584
36,0.369679
37,0.348521
38,0.329032
39,0.310914
40,0.294739
41,0.279813
42,0.26641
43,0.254268
44,0.243786
45,0.234746
46,0.226995
47,0.221027
48,0.215706
49,0.211583
50,0.208484
51,0.206546
52,0.20524
53,0.204271
54,0.203842
55,0.203823
56,0.204297
57,0.205053
58,0.206156
59,0.207623
60,0.208499
61,0.209364
62,0.209982
63,0.21022
64,0.210158
65,0.209675
66,0.208959
67,0.207931
68,0.206855
69,0.205597
70,0.203867
71,0.201936
72,0.199053
73,0.19599
74,0.192149
75,0.187987
76,0.183595
77,0.178606
78,0.173524
79,0.168196
80,0.162649
81,0.15728
82,0.151756
83,0.146519
84,0.141338
85,0.13633
86,0.131135
87,0.126013
88,0.120791
89,0.115771
90,0.110783
91,0.106041
92,0.101234
93,0.0964555
94,0.0916791
95,0.0870886
96,0.0827053
97,0.0784264
98,0.0743217
99,0.0704221
100,0.0665388
101,0.0627957
102,0.0591863
103,0.0557936
104,0.0526511
105,0.0495505
106,0.04666
107,0.0437742
108,0.0409427
109,0.0381733
110,0.0357405
111,0.0332168
112,0.0309721
113,0.0287267
114,0.0266624
115,0.0246075
116,0.0228065
117,0.0210279
118,0.0196575
119,0.0181983
120,0.0170911
121,0.0157916
122,0.0148123
123,0.013516
124,0.012617
125,0.0115827
126,0.0108564
127,0.00981188
128,0.00924545
129,0.0083292
130,0.00792379
131,0.00725235
132,0.00705684
133,0.00646069
134,0.00634897
135,0.00584166
136,0.00579578
137,0.00520614
138,0.0051562
139,0.00469139
140,0.00482884
141,0.00450472
142,0.00477529
143,0.00451657
144,0.00487033
145,0.00468113
146,0.00496515
147,0.00464242
148,0.00487323
149,0.00445163
150,0.00446521
151,0.00391304
152,0.00387101
153,0.00331999
154,0.00346201
155,0.00291407
156,0.00314214
157,0.00263839
158,0.00296129
159,0.00246558
160,0.0027686
161,0.00242009
162,0.00276455
163,0.00245998
164,0.00279167
165,0.0025836
166,0.0028006
167,0.00254831
168,0.00277599
169,0.00246459
170,0.00270951
171,0.0023908
172,0.00256945
173,0.0023364
174,0.00260091
175,0.00239878
176,0.00259119
177,0.00250383
178,0.00269908
179,0.00263423
180,0.00277952
181,0.00273996
182,0.00281347
183,0.00282964
184,0.00277398
185,0.00282829
186,0.00272069
187,0.00280344
188,0.00255952
189,0.00270437
190,0.00237899
191,0.0025059
192,0.0022137
193,0.00226102
194,0.00199654
195,0.00218879
196,0.00191908
197,0.00228602
198,0.00206983
199,0.00253042
200,0.00228999
201,0.00274223
202,0.00254736
203,0.00295135
204,0.00284973
205,0.00317493
206,0.00299192
207,0.00325053
208,0.00310758
209,0.00329114
210,0.00303427
211,0.00322732
212,0.00290171
213,0.00300808
214,0.00270277
215,0.00283615
216,0.00259049
217,0.00281185
218,0.00259653
219,0.00293443
220,0.00274596
221,0.00310666
222,0.0030206
223,0.00343662
224,0.00339481
225,0.00379458
226,0.00381551
227,0.00419366
228,0.00423432
229,0.00457602
230,0.00450949
231,0.00462195
232,0.00443411
233,0.00434289
234,0.00408517
235,0.00399865
236,0.00368254
237,0.00365692
238,0.00328869
239,0.00325318
240,0.0028676
241,0.00283978
242,0.00249685
243,0.00264027
244,0.00233517
245,0.00248949
246,0.00225186
247,0.00242834
248,0.00230869
249,0.00241049
250,0.00230699
251,0.00246131
252,0.00234986
253,0.00245967
254,0.00239929
255,0.00254525
256,0.00239074
257,0.0024919
258,0.00240347
259,0.00246789
260,0.00234939
261,0.00244463
262,0.00231981
263,0.00248616
264,0.00246369
265,0.00264572
266,0.002569
267,0.00280328
268,0.00275068
269,0.00304207
270,0.0029923
271,0.00324972
272,0.00329813
273,0.00348499
274,0.00341646
275,0.00356012
276,0.00341908
277,0.003402
278,0.00313761
279,0.00300308
280,0.00275977
281,0.00273535
282,0.00252707
283,0.00250433
284,0.00240498
285,0.00243226
286,0.00237282
287,0.00240681
288,0.00242506
289,0.00248699
290,0.00248385
291,0.00263619
292,0.00271302
293,0.00285894
294,0.00298571
295,0.0030852
296,0.00316298
297,0.00321002
298,0.00318372
299,0.00317362
300,0.00321985
301,0.00320821
302,0.00321459
303,0.00320104
304,0.00322323
305,0.00318784
306,0.0032317
307,0.00317433
308,0.00319437
309,0.00307339
310,0.00308344
311,0.00288439
312,0.00288788
313,0.00271877
314,0.00272901
315,0.00258424
316,0.00258205
317,0.00252258
318,0.00251369
319,0.00247272
320,0.00251871
321,0.00245158
322,0.00250636
323,0.00243448
324,0.00245296
325,0.00241871
326,0.00247573
327,0.00246218
328,0.00243476
329,0.00240868
330,0.00255742
331,0.00256733
332,0.00279085
333,0.00291826
334,0.00321512
335,0.00337273
336,0.00367493
337,0.00390047
338,0.00405407
339,0.00391574
340,0.00380153
341,0.00347085
342,0.00329486
343,0.0030341
344,0.00292346
345,0.00267417
346,0.00268648
347,0.00257047
348,0.00256096
349,0.00251078
350,0.00252475
351,0.00247351
352,0.00249725
353,0.00242303
354,0.0024465
355,0.00239106
356,0.00246304
357,0.00247786
358,0.00252416
359,0.00250648
360,0.00258639
361,0.00263585
362,0.00279389
363,0.00282105
364,0.00292113
365,0.00292644
366,0.00300351
367,0.00305157
368,0.00320933
369,0.00330874
370,0.00349027
371,0.00368111
372,0.00396506
373,0.00422778
374,0.00448363
375,0.0046657
376,0.00474633
377,0.00462686
378,0.00449026
379,0.00424757
380,0.00397883
381,0.0037332
382,0.00348179
383,0.00322373
384,0.00297636
385,0.00280813
386,0.0026333
387,0.00249294
388,0.0023703
389,0.00225851
390,0.0022219
391,0.00215305
392,0.00216762
393,0.00222717
394,0.00234061
395,0.00257687
396,0.0028113
397,0.00309852
398,0.00339463
399,0.00378125
