2,-3.75969e-06
3,-1.56533e-05
4,-1.06281e-05
5,-1.19527e-05
6,-8.85957e-06
7,-5.4857e-06
8,-9.15708e-06
9,-2.42494e-05
10,-2.21084e-05
11,-1.4243e-05
12,-3.33544e-05
13,-6.33158e-05
14,-7.52019e-05
15,-0.000183949
16,-0.00037605
17,-0.000467845
18,-0.000409346
19,-0.00012118
20,0.000456098
21,0.00252586
22,0.00568755
23,0.00838757
24,0.0110039
25,0.0136881
26,0.0162846
27,0.0188508
28,0.0212887
29,0.0235658
30,0.0257041
31,0.0276802
32,0.0294995
33,0.0312131
34,0.0328043
35,0.0343138
36,0.0357512
37,0.0370965
38,0.0383518
39,0.0395343
40,0.0406087
41,0.0416147
42,0.0425353
43,0.0433853
44,0.0441397
45,0.0448112
46,0.0454071
47,0.0458987
48,0.0463511
49,0.0467328
50,0.047052
51,0.0473012
52,0.0475102
53,0.0476982
54,0.0478509
55,0.0479778
56,0.0480724
57,0.0481489
58,0.048201
59,0.04823
60,0.048292
61,0.0483538
62,0.0484279
63,0.0485249
64,0.0486373
65,0.0487752
66,0.0489257
67,0.0490948
68,0.0492654
69,0.0494472
70,0.0496564
71,0.0498782
72,0.0501578
73,0.0504496
74,0.0507888
75,0.051149
76,0.0515224
77,0.0519349
78,0.0523521
79,0.0527866
80,0.0532335
81,0.0536707
82,0.0541165
83,0.0545457
84,0.0549697
85,0.0553843
86,0.0558095
87,0.0562315
88,0.0566589
89,0.0570748
90,0.0574874
91,0.0578857
92,0.058287
93,0.0586878
94,0.0590876
95,0.0594762
96,0.059851
97,0.0602193
98,0.0605761
99,0.0609197
100,0.0612622
101,0.0615953
102,0.0619206
103,0.0622301
104,0.0625252
105,0.062815
106,0.0630937
107,0.063369
108,0.0636437
109,0.0639105
110,0.0641595
111,0.0644086
112,0.0646448
113,0.0648747
114,0.0650989
115,0.0653149
116,0.0655223
117,0.0657187
118,0.065897
119,0.0660703
120,0.0662319
121,0.0663928
122,0.0665458
123,0.0667052
124,0.0668535
125,0.0669935
126,0.0671313
127,0.0672692
128,0.0673982
129,0.0675255
130,0.0676436
131,0.0677531
132,0.0678571
133,0.0679573
134,0.0680564
135,0.0681491
136,0.0682451
137,0.0683414
138,0.0684384
139,0.0685252
140,0.0686061
141,0.0686797
142,0.0687489
143,0.0688149
144,0.0688761
145,0.0689375
146,0.0690029
147,0.0690728
148,0.0691435
149,0.0692212
150,0.0693101
151,0.0694011
152,0.0695006
153,0.0695889
154,0.0696777
155,0.069762
156,0.0698454
157,0.0699261
158,0.0700081
159,0.0700895
160,0.0701755
161,0.0702592
162,0.0703457
163,0.0704198
164,0.0704937
165,0.0705651
166,0.0706313
167,0.0706954
168,0.0707571
169,0.0708154
170,0.0708726
171,0.0709308
172,0.0709936
173,0.071058
174,0.0711252
175,0.0711919
176,0.0712605
177,0.0713295
178,0.0714018
179,0.0714747
180,0.0715437
181,0.0716144
182,0.0716809
183,0.0717405
184,0.0717901
185,0.0718367
186,0.0718849
187,0.0719299
188,0.0719695
189,0.0720184
190,0.0720506
191,0.0720949
192,0.0721261
193,0.0721572
194,0.0721915
195,0.07222
196,0.07225
197,0.072277
198,0.0723026
199,0.072337
200,0.072374
201,0.0724109
202,0.0724497
203,0.0724834
204,0.0725221
205,0.0725634
206,0.0726082
207,0.0726557
208,0.0727003
209,0.0727521
210,0.0728045
211,0.0728596
212,0.072919
213,0.072981
214,0.0730397
215,0.0730997
216,0.0731552
217,0.0732055
218,0.0732493
219,0.0732888
220,0.0733284
221,0.073362
222,0.0733924
223,0.0734169
224,0.0734483
225,0.0734761
226,0.0735039
227,0.0735305
228,0.0735604
229,0.0735893
230,0.0736273
231,0.0736762
232,0.0737251
233,0.0737909
234,0.0738482
235,0.0739121
236,0.0739745
237,0.0740361
238,0.0741001
239,0.0741639
240,0.0742356
241,0.0743029
242,0.0743733
243,0.0744313
244,0.0744958
245,0.0745526
246,0.074611
247,0.0746659
248,0.0747203
249,0.0747734
250,0.0748249
251,0.0748773
252,0.0749253
253,0.0749764
254,0.075026
255,0.0750718
256,0.0751138
257,0.0751504
258,0.0751827
259,0.0752145
260,0.0752409
261,0.0752672
262,0.0752898
263,0.0753104
264,0.0753367
265,0.0753586
266,0.0753866
267,0.0754117
268,0.0754399
269,0.0754618
270,0.0754871
271,0.0755139
272,0.0755364
273,0.0755666
274,0.0756006
275,0.0756334
276,0.0756808
277,0.0757298
278,0.0757874
279,0.0758513
280,0.0759124
281,0.0759705
282,0.0760288
283,0.0760864
284,0.0761379
285,0.0761965
286,0.076248
287,0.0763082
288,0.0763637
289,0.0764214
290,0.0764736
291,0.0765318
292,0.0765834
293,0.0766429
294,0.0766952
295,0.0767474
296,0.0767914
297,0.0768309
298,0.0768685
299,0.0769062
300,0.0769404
301,0.0769796
302,0.0770138
303,0.0770513
304,0.0770862
305,0.0771217
306,0.0771596
307,0.0771936
308,0.0772271
309,0.0772546
310,0.0772778
311,0.0772984
312,0.077321
313,0.0773456
314,0.0773657
315,0.0773884
316,0.0774112
317,0.0774373
318,0.0774704
319,0.0775029
320,0.0775307
321,0.077558
322,0.0775911
323,0.0776183
324,0.0776526
325,0.0776875
326,0.0777245
327,0.0777593
328,0.0778024
329,0.0778411
330,0.0778949
331,0.0779484
332,0.0780128
333,0.0780708
334,0.0781314
335,0.0781908
336,0.0782501
337,0.0783093
338,0.0783533
339,0.0783801
340,0.0783943
341,0.0784028
342,0.0784124
343,0.0784203
344,0.0784327
345,0.0784446
346,0.0784654
347,0.0784901
348,0.0785188
349,0.0785477
350,0.0785781
351,0.0786093
352,0.0786354
353,0.0786668
354,0.0786935
355,0.0787282
356,0.0787625
357,0.0788028
358,0.07884
359,0.0788775
360,0.0789174
361,0.0789597
362,0.0790046
363,0.0790438
364,0.0790821
365,0.0791179
366,0.0791541
367,0.0791967
368,0.0792405
369,0.0792834
370,0.0793309
371,0.0793848
372,0.0794381
373,0.0794942
374,0.0795484
375,0.0795959
376,0.0796324
377,0.079653
378,0.0796698
379,0.0796787
380,0.079683
381,0.0796913
382,0.0796947
383,0.0796991
384,0.0797006
385,0.0797094
386,0.0797161
387,0.079727
388,0.0797342
389,0.0797471
390,0.0797516
391,0.0797605
392,0.0797658
393,0.0797604
394,0.0797558
395,0.0797492
396,0.0797397
397,0.0797361
398,0.0797315
399,0.0797292
