2,0.999232
3,0.999234
4,0.999132
5,0.99897
6,0.998942
7,0.998944
8,0.998881
9,0.998785
10,0.998434
11,0.998435
12,0.99844
13,0.998658
14,0.998662
15,0.998815
16,0.999305
17,1.00102
18,1.00275
19,1.0022
20,0.994898
21,0.955061
22,0.895958
23,0.843353
24,0.79088
25,0.740426
26,0.692698
27,0.648315
28,0.60698
29,0.568837
30,0.533808
31,0.500631
32,0.47027
33,0.442286
34,0.416157
35,0.391782
36,0.369241
37,0.348077
38,0.328781
39,0.310892
40,0.295277
41,0.280699
42,0.267245
43,0.255244
44,0.24491
45,0.235929
46,0.228227
47,0.222014
48,0.216826
49,0.212675
50,0.209698
51,0.20737
52,0.206204
53,0.205259
54,0.205056
55,0.205059
56,0.205509
57,0.206362
58,0.207565
59,0.209102
60,0.210065
61,0.211039
62,0.211765
63,0.21226
64,0.212511
65,0.212081
66,0.21161
67,0.210522
68,0.209728
69,0.208631
70,0.207063
71,0.205194
72,0.202446
73,0.199609
74,0.196002
75,0.191938
76,0.187521
77,0.182762
78,0.177775
79,0.172508
80,0.167117
81,0.1616
82,0.156098
83,0.150792
84,0.145586
85,0.140521
86,0.135209
87,0.129991
88,0.124797
89,0.119692
90,0.114587
91,0.109679
92,0.104868
93,0.0999771
94,0.0951766
95,0.0903916
96,0.0858588
97,0.0814373
98,0.0773137
99,0.0732255
100,0.0692811
101,0.0653051
102,0.0616018
103,0.0581007
104,0.0548769
105,0.0516174
106,0.0486813
107,0.0456243
108,0.0427923
109,0.0399469
110,0.0372858
111,0.034765
112,0.0323682
113,0.030091
114,0.0279105
115,0.0257891
116,0.0237801
117,0.0220552
118,0.0205248
119,0.0191097
120,0.0177809
121,0.016549
122,0.0154037
123,0.0142676
124,0.0131747
125,0.0120712
126,0.0112524
127,0.0103328
128,0.00964339
129,0.00876542
130,0.00817641
131,0.00761906
132,0.00722869
133,0.0068457
134,0.00648304
135,0.00612896
136,0.00585643
137,0.00546226
138,0.00524049
139,0.0049215
140,0.00482398
141,0.00467246
142,0.00476873
143,0.0047214
144,0.00483324
145,0.0048322
146,0.00492677
147,0.00485185
148,0.0048648
149,0.00462261
150,0.00440607
151,0.00406624
152,0.0037915
153,0.00353627
154,0.00329934
155,0.00309024
156,0.00302082
157,0.00284517
158,0.00275804
159,0.00265919
160,0.00258648
161,0.00258045
162,0.00253244
163,0.00262105
164,0.00257189
165,0.00267239
166,0.00262673
167,0.00269909
168,0.00255628
169,0.00266509
170,0.00250718
171,0.00257058
172,0.00242413
173,0.00253993
174,0.00237137
175,0.00253388
176,0.00246469
177,0.00256679
178,0.00256193
179,0.00263158
180,0.00264409
181,0.00266607
182,0.00271542
183,0.00280103
184,0.0028256
185,0.00277206
186,0.00276203
187,0.00271768
188,0.00267194
189,0.00260656
190,0.00254355
191,0.00233883
192,0.00235505
193,0.00210996
194,0.00220467
195,0.00200277
196,0.00210859
197,0.0021764
198,0.00221914
199,0.00233073
200,0.00242561
201,0.00257891
202,0.00268128
203,0.00283596
204,0.00297841
205,0.00303683
206,0.00314093
207,0.00321651
208,0.0031947
209,0.00323776
210,0.00320363
211,0.00317548
212,0.00305824
213,0.00293459
214,0.00286961
215,0.0027531
216,0.00271818
217,0.00273074
218,0.0027146
219,0.00276876
220,0.00288192
221,0.00299569
222,0.00315043
223,0.00332461
224,0.00353502
225,0.00370769
226,0.00393832
227,0.004124
228,0.00429388
229,0.0045016
230,0.00461163
231,0.00463052
232,0.00449509
233,0.00433778
234,0.00419398
235,0.00401451
236,0.00382133
237,0.00363571
238,0.00344108
239,0.00320966
240,0.00302252
241,0.00280865
242,0.0026384
243,0.00251412
244,0.00247744
245,0.00239228
246,0.00241079
247,0.00233389
248,0.00239138
249,0.00229902
250,0.00243558
251,0.00232702
252,0.00242064
253,0.00234426
254,0.0024769
255,0.00240547
256,0.00249564
257,0.0024128
258,0.00246285
259,0.00236965
260,0.00246288
261,0.00235059
262,0.00239965
263,0.0023923
264,0.00251844
265,0.00250688
266,0.00264892
267,0.00274975
268,0.00278061
269,0.00295149
270,0.00307786
271,0.00320434
272,0.00333853
273,0.00342351
274,0.0035157
275,0.00355709
276,0.00350013
277,0.00340348
278,0.00319445
279,0.0030075
280,0.00287412
281,0.00267596
282,0.0025849
283,0.00249844
284,0.00248833
285,0.00236725
286,0.00242884
287,0.0023157
288,0.00243988
289,0.00240271
290,0.00256357
291,0.00259675
292,0.00272672
293,0.0027941
294,0.00298275
295,0.00304939
296,0.00327449
297,0.00313406
298,0.00328197
299,0.00312822
300,0.00324827
301,0.00319629
302,0.00330831
303,0.0031463
304,0.00328709
305,0.00315602
306,0.00332469
307,0.00319209
308,0.00327229
309,0.00307771
310,0.0031126
311,0.00285611
312,0.00292561
313,0.00270941
314,0.0027555
315,0.00258054
316,0.00262356
317,0.00245659
318,0.00255323
319,0.00245654
320,0.00254192
321,0.00242794
322,0.00250241
323,0.00243491
324,0.00245932
325,0.00242889
326,0.0024506
327,0.00242622
328,0.00246355
329,0.00241352
330,0.00254284
331,0.00256436
332,0.00278952
333,0.00288241
334,0.00324555
335,0.00331415
336,0.00370995
337,0.00383385
338,0.00404222
339,0.0039056
340,0.00382146
341,0.00345886
342,0.00333233
343,0.00295515
344,0.00293253
345,0.00270679
346,0.00266486
347,0.00251862
348,0.00257798
349,0.00249031
350,0.00253757
351,0.00244632
352,0.00251795
353,0.0024301
354,0.00248013
355,0.00237608
356,0.00248436
357,0.00242357
358,0.00251807
359,0.00249851
360,0.00263088
361,0.00266585
362,0.00278866
363,0.0028391
364,0.00290967
365,0.00291274
366,0.00302766
367,0.00305378
368,0.00322299
369,0.00330277
370,0.00352786
371,0.00369677
372,0.00399971
373,0.00418208
374,0.00452694
375,0.00472377
376,0.00475245
377,0.00462345
378,0.00450562
379,0.00424519
380,0.004017
381,0.00375477
382,0.00349546
383,0.00318466
384,0.00300986
385,0.00283165
386,0.0026428
387,0.00247562
388,0.00238328
389,0.00221771
390,0.00219461
391,0.00216148
392,0.00218856
393,0.00220463
394,0.00234181
395,0.00257362
396,0.00280228
397,0.00319539
398,0.00346622
399,0.00379783
