2,3.01602e-05
3,3.17167e-05
4,3.71895e-05
5,4.51532e-05
6,4.75774e-05
7,4.83216e-05
8,5.2329e-05
9,5.73291e-05
10,7.50259e-05
11,7.56597e-05
12,7.68305e-05
13,6.65793e-05
14,6.7873e-05
15,6.04945e-05
16,3.78372e-05
17,-5.02425e-05
18,-0.000138989
19,-0.000110401
20,0.000269174
21,0.00236316
22,0.00550266
23,0.00833588
24,0.0111947
25,0.0139763
26,0.0166387
27,0.0191444
28,0.0215057
29,0.0237112
30,0.025762
31,0.0277248
32,0.0295443
33,0.0312421
34,0.0328455
35,0.0343587
36,0.0357758
37,0.0371213
38,0.0383659
39,0.039535
40,0.0405772
41,0.0415632
42,0.0424866
43,0.0433281
44,0.0440736
45,0.0447416
46,0.0453344
47,0.0458402
48,0.0462848
49,0.0466679
50,0.0469795
51,0.0472518
52,0.0474524
53,0.0476386
54,0.0477777
55,0.0479032
56,0.0479991
57,0.0480692
58,0.0481156
59,0.0481401
60,0.0481966
61,0.0482513
62,0.0483187
63,0.048399
64,0.0484924
65,0.0486266
66,0.0487616
67,0.0489341
68,0.0490869
69,0.049258
70,0.0494568
71,0.0496742
72,0.0499454
73,0.0502224
74,0.0505464
75,0.0508997
76,0.0512746
77,0.0516717
78,0.0520828
79,0.0525122
80,0.0529494
81,0.053395
82,0.0538395
83,0.0542722
84,0.0546977
85,0.055115
86,0.0555476
87,0.0559754
88,0.0564009
89,0.0568213
90,0.0572418
91,0.05765
92,0.0580515
93,0.0584588
94,0.0588601
95,0.059261
96,0.0596451
97,0.0600223
98,0.0603802
99,0.0607358
100,0.0610822
101,0.0614303
102,0.0617611
103,0.0620782
104,0.0623776
105,0.0626787
106,0.0629592
107,0.0632467
108,0.0635201
109,0.0637932
110,0.0640551
111,0.064306
112,0.0645501
113,0.0647842
114,0.0650137
115,0.0652368
116,0.0654547
117,0.0656504
118,0.0658355
119,0.0660101
120,0.0661821
121,0.0663429
122,0.0665017
123,0.0666558
124,0.0668101
125,0.0669623
126,0.0670984
127,0.0672364
128,0.0673635
129,0.0674978
130,0.0676183
131,0.0677311
132,0.0678356
133,0.0679339
134,0.0680373
135,0.0681338
136,0.0682303
137,0.0683278
138,0.068421
139,0.0685162
140,0.0685958
141,0.0686747
142,0.0687406
143,0.0688059
144,0.0688695
145,0.068934
146,0.0689973
147,0.0690641
148,0.0691342
149,0.0692163
150,0.0693035
151,0.0693953
152,0.0694907
153,0.0695826
154,0.069674
155,0.0697549
156,0.0698406
157,0.0699161
158,0.0700017
159,0.0700834
160,0.0701716
161,0.0702561
162,0.0703389
163,0.0704175
164,0.0704944
165,0.0705628
166,0.0706313
167,0.0706955
168,0.0707561
169,0.0708172
170,0.0708749
171,0.0709318
172,0.0709926
173,0.0710598
174,0.071125
175,0.0711924
176,0.0712603
177,0.0713295
178,0.0714014
179,0.0714709
180,0.0715432
181,0.0716089
182,0.0716765
183,0.071738
184,0.0717875
185,0.0718365
186,0.0718771
187,0.0719299
188,0.0719694
189,0.072018
190,0.072053
191,0.0720929
192,0.0721255
193,0.072158
194,0.0721918
195,0.0722193
196,0.0722491
197,0.0722754
198,0.0723041
199,0.0723378
200,0.0723732
201,0.0724098
202,0.0724496
203,0.0724854
204,0.0725201
205,0.0725614
206,0.0726044
207,0.0726489
208,0.0727003
209,0.0727469
210,0.0727986
211,0.0728527
212,0.072914
213,0.0729767
214,0.0730362
215,0.0730939
216,0.0731532
217,0.0731994
218,0.0732497
219,0.0732873
220,0.0733273
221,0.0733593
222,0.0733892
223,0.0734196
224,0.0734451
225,0.0734747
226,0.0734997
227,0.0735303
228,0.073561
229,0.0735886
230,0.0736263
231,0.0736696
232,0.0737245
233,0.0737857
234,0.0738446
235,0.0739058
236,0.0739672
237,0.0740312
238,0.0740934
239,0.0741603
240,0.074228
241,0.0742971
242,0.0743675
243,0.0744321
244,0.0744903
245,0.0745466
246,0.0746053
247,0.0746616
248,0.0747201
249,0.0747693
250,0.0748243
251,0.0748735
252,0.0749251
253,0.0749749
254,0.0750231
255,0.0750718
256,0.0751123
257,0.0751511
258,0.0751857
259,0.0752144
260,0.0752395
261,0.0752673
262,0.0752895
263,0.0753154
264,0.0753364
265,0.0753601
266,0.0753878
267,0.0754124
268,0.0754409
269,0.0754618
270,0.0754853
271,0.075512
272,0.0755379
273,0.0755652
274,0.075595
275,0.0756308
276,0.0756747
277,0.0757266
278,0.0757847
279,0.0758455
280,0.0759046
281,0.0759676
282,0.0760272
283,0.0760797
284,0.076137
285,0.0761897
286,0.0762465
287,0.0763038
288,0.0763624
289,0.0764173
290,0.0764729
291,0.0765299
292,0.0765857
293,0.0766425
294,0.0766923
295,0.0767467
296,0.0767957
297,0.076833
298,0.0768711
299,0.0769038
300,0.0769421
301,0.0769834
302,0.0770195
303,0.0770527
304,0.0770892
305,0.0771253
306,0.0771653
307,0.0771999
308,0.0772328
309,0.0772583
310,0.0772796
311,0.0773045
312,0.0773262
313,0.0773474
314,0.0773691
315,0.0773923
316,0.0774169
317,0.0774417
318,0.0774716
319,0.077505
320,0.0775341
321,0.0775659
322,0.0775907
323,0.0776222
324,0.0776521
325,0.0776924
326,0.0777255
327,0.0777647
328,0.0777974
329,0.0778437
330,0.077892
331,0.077953
332,0.0780098
333,0.0780687
334,0.0781297
335,0.0781881
336,0.0782517
337,0.078306
338,0.0783502
339,0.0783793
340,0.0783969
341,0.0784038
342,0.0784122
343,0.0784158
344,0.0784335
345,0.0784466
346,0.0784657
347,0.0784895
348,0.0785149
349,0.0785472
350,0.0785806
351,0.0786079
352,0.0786359
353,0.0786644
354,0.0786936
355,0.0787272
356,0.0787617
357,0.0788009
358,0.078835
359,0.0788783
360,0.0789188
361,0.0789588
362,0.0790018
363,0.0790466
364,0.0790809
365,0.0791195
366,0.0791573
367,0.0791946
368,0.07924
369,0.079285
370,0.079336
371,0.0793846
372,0.079442
373,0.0794922
374,0.0795503
375,0.0796015
376,0.0796332
377,0.079653
378,0.0796708
379,0.0796785
380,0.0796867
381,0.0796929
382,0.0796942
383,0.079696
384,0.0797012
385,0.0797103
386,0.079717
387,0.0797245
388,0.0797351
389,0.0797442
390,0.079753
391,0.0797579
392,0.0797611
393,0.0797601
394,0.0797533
395,0.0797443
396,0.0797383
397,0.0797273
398,0.0797265
399,0.079725
