2,2.23156e-05
3,1.33341e-05
4,1.29639e-05
5,1.50561e-05
6,1.70636e-05
7,1.40564e-05
8,1.40507e-05
9,6.44937e-07
10,1.00269e-06
11,-3.26332e-06
12,-5.27953e-06
13,-1.81533e-05
14,-3.62066e-05
15,-7.66919e-05
16,-0.000146808
17,-0.000267266
18,-0.000342001
19,-0.000262077
20,0.000243248
21,0.00240519
22,0.00561234
23,0.00850211
24,0.0113877
25,0.0141957
26,0.0168912
27,0.0194087
28,0.0217586
29,0.0239536
30,0.0259811
31,0.0278984
32,0.0296846
33,0.0313504
34,0.0329373
35,0.0344063
36,0.0358148
37,0.0371356
38,0.0383623
39,0.0395205
40,0.0405486
41,0.0415339
42,0.042442
43,0.0432761
44,0.0440267
45,0.0446804
46,0.0452691
47,0.045774
48,0.0462372
49,0.0466186
50,0.0469302
51,0.0471874
52,0.0473825
53,0.0475622
54,0.047709
55,0.0478222
56,0.0479266
57,0.0479832
58,0.0480311
59,0.0480494
60,0.0481038
61,0.0481398
62,0.0481934
63,0.0482778
64,0.0483708
65,0.0484785
66,0.0486069
67,0.0487597
68,0.0489074
69,0.0490691
70,0.0492665
71,0.0494698
72,0.049729
73,0.0500093
74,0.0503185
75,0.0506631
76,0.0510155
77,0.0514055
78,0.051816
79,0.0522412
80,0.0526762
81,0.0531163
82,0.0535629
83,0.0540004
84,0.0544213
85,0.0548519
86,0.0552783
87,0.0557133
88,0.0561438
89,0.056573
90,0.0569931
91,0.0574048
92,0.0578135
93,0.0582283
94,0.0586409
95,0.0590401
96,0.0594347
97,0.0598172
98,0.0601889
99,0.0605469
100,0.0609061
101,0.0612587
102,0.0615992
103,0.0619239
104,0.0622332
105,0.0625333
106,0.0628293
107,0.0631141
108,0.0634009
109,0.0636807
110,0.0639449
111,0.0642014
112,0.0644559
113,0.0646928
114,0.0649316
115,0.0651582
116,0.0653785
117,0.0655841
118,0.0657736
119,0.0659517
120,0.0661265
121,0.0662897
122,0.0664529
123,0.0666136
124,0.0667735
125,0.0669218
126,0.0670669
127,0.0671983
128,0.0673373
129,0.0674656
130,0.0675933
131,0.0677033
132,0.067817
133,0.0679137
134,0.0680193
135,0.0681137
136,0.0682133
137,0.0683127
138,0.0684114
139,0.0685047
140,0.0685849
141,0.0686639
142,0.0687335
143,0.0687988
144,0.0688616
145,0.0689215
146,0.0689894
147,0.0690579
148,0.0691284
149,0.0692078
150,0.0692916
151,0.0693898
152,0.0694823
153,0.0695787
154,0.0696663
155,0.06975
156,0.0698302
157,0.0699159
158,0.0699936
159,0.0700776
160,0.0701658
161,0.0702514
162,0.0703371
163,0.0704184
164,0.0704906
165,0.070563
166,0.0706313
167,0.0706964
168,0.070757
169,0.0708189
170,0.070871
171,0.0709335
172,0.0709968
173,0.0710576
174,0.0711262
175,0.0711915
176,0.0712629
177,0.0713297
178,0.0713989
179,0.0714697
180,0.0715377
181,0.0716104
182,0.0716755
183,0.0717346
184,0.0717842
185,0.0718305
186,0.0718785
187,0.0719244
188,0.0719714
189,0.0720123
190,0.0720529
191,0.0720944
192,0.0721272
193,0.072159
194,0.0721901
195,0.0722208
196,0.0722515
197,0.0722752
198,0.072305
199,0.0723338
200,0.0723732
201,0.0724152
202,0.0724495
203,0.0724847
204,0.0725201
205,0.0725584
206,0.0726033
207,0.0726479
208,0.0726906
209,0.0727405
210,0.0727946
211,0.0728496
212,0.072908
213,0.0729704
214,0.0730311
215,0.0730907
216,0.0731503
217,0.0731982
218,0.0732444
219,0.0732839
220,0.0733229
221,0.0733595
222,0.073388
223,0.0734135
224,0.0734451
225,0.0734725
226,0.0735019
227,0.0735284
228,0.0735577
229,0.0735863
230,0.073625
231,0.0736688
232,0.0737212
233,0.0737799
234,0.0738393
235,0.0739028
236,0.0739667
237,0.0740232
238,0.0740868
239,0.0741542
240,0.074224
241,0.0742934
242,0.0743625
243,0.0744248
244,0.0744878
245,0.0745467
246,0.0745999
247,0.0746589
248,0.0747151
249,0.0747671
250,0.0748232
251,0.0748725
252,0.0749208
253,0.0749738
254,0.075025
255,0.0750739
256,0.0751148
257,0.075151
258,0.0751859
259,0.075216
260,0.0752411
261,0.0752687
262,0.0752905
263,0.0753141
264,0.075338
265,0.0753644
266,0.0753886
267,0.0754137
268,0.0754395
269,0.0754661
270,0.075486
271,0.0755105
272,0.0755368
273,0.0755609
274,0.075595
275,0.0756286
276,0.0756701
277,0.0757191
278,0.0757793
279,0.0758422
280,0.0759015
281,0.0759635
282,0.076022
283,0.0760797
284,0.0761319
285,0.0761916
286,0.0762399
287,0.0763049
288,0.0763579
289,0.0764166
290,0.0764697
291,0.076528
292,0.0765838
293,0.0766396
294,0.0766968
295,0.0767493
296,0.0767942
297,0.076836
298,0.0768718
299,0.0769111
300,0.0769469
301,0.076985
302,0.0770216
303,0.0770567
304,0.0770931
305,0.0771328
306,0.077167
307,0.077204
308,0.0772364
309,0.0772623
310,0.0772865
311,0.077308
312,0.0773309
313,0.0773513
314,0.0773763
315,0.0773947
316,0.0774184
317,0.0774452
318,0.0774765
319,0.0775075
320,0.077539
321,0.0775659
322,0.0775941
323,0.0776239
324,0.0776583
325,0.077689
326,0.077728
327,0.0777614
328,0.0777979
329,0.0778427
330,0.0778917
331,0.0779472
332,0.0780093
333,0.07807
334,0.0781291
335,0.0781901
336,0.0782482
337,0.0783058
338,0.0783494
339,0.0783799
340,0.0783939
341,0.0784043
342,0.0784094
343,0.0784205
344,0.0784329
345,0.0784463
346,0.0784641
347,0.0784889
348,0.0785174
349,0.0785465
350,0.0785777
351,0.0786063
352,0.0786343
353,0.0786639
354,0.0786949
355,0.0787248
356,0.0787615
357,0.0787998
358,0.0788398
359,0.0788762
360,0.078919
361,0.0789579
362,0.0790016
363,0.0790472
364,0.0790819
365,0.0791183
366,0.0791581
367,0.0791965
368,0.0792414
369,0.0792861
370,0.0793351
371,0.079387
372,0.0794424
373,0.0794981
374,0.0795518
375,0.0795986
376,0.0796345
377,0.0796565
378,0.0796722
379,0.0796791
380,0.0796884
381,0.0796899
382,0.0796959
383,0.0796996
384,0.0796984
385,0.0797075
386,0.079713
387,0.0797276
388,0.079734
389,0.0797412
390,0.07975
391,0.0797563
392,0.0797597
393,0.0797578
394,0.0797519
395,0.0797383
396,0.0797316
397,0.0797294
398,0.0797194
399,0.0797186
