2,0.999443
3,0.999699
4,0.99972
5,0.999678
6,0.99964
7,0.999714
8,0.99972
9,1.00001
10,1
11,1.00009
12,1.00013
13,1.0004
14,1.00075
15,1.00157
16,1.00294
17,1.0053
18,1.00673
19,1.00516
20,0.995404
21,0.954264
22,0.893892
23,0.840235
24,0.78728
25,0.736356
26,0.688036
27,0.643462
28,0.602359
29,0.564431
30,0.529845
31,0.497507
32,0.467755
33,0.440351
34,0.414525
35,0.39094
36,0.368553
37,0.347823
38,0.328843
39,0.311141
40,0.295775
41,0.281204
42,0.268013
43,0.256135
44,0.245716
45,0.236973
46,0.229343
47,0.223136
48,0.21763
49,0.213499
50,0.210523
51,0.208445
52,0.207369
53,0.206528
54,0.206202
55,0.206402
56,0.206712
57,0.207783
58,0.208957
59,0.210583
60,0.211585
61,0.212859
62,0.213809
63,0.214226
64,0.214481
65,0.214474
66,0.214115
67,0.213336
68,0.212621
69,0.21166
70,0.210113
71,0.208457
72,0.205899
73,0.202995
74,0.199627
75,0.19569
76,0.191628
77,0.186968
78,0.181986
79,0.176773
80,0.171411
81,0.165965
82,0.160431
83,0.155033
84,0.149902
85,0.144615
86,0.139403
87,0.134056
88,0.128785
89,0.123533
90,0.118431
91,0.113456
92,0.108535
93,0.103518
94,0.0985449
95,0.0937746
96,0.0890838
97,0.084573
98,0.0802346
99,0.0761067
100,0.0719594
101,0.0679183
102,0.0640535
103,0.060448
104,0.0570572
105,0.0538231
106,0.0506347
107,0.0476335
108,0.0445736
109,0.0416511
110,0.0389231
111,0.0363439
112,0.0337551
113,0.0314738
114,0.0291099
115,0.026977
116,0.02488
117,0.0230605
118,0.0214096
119,0.0200013
120,0.0185521
121,0.017359
122,0.0160687
123,0.0149233
124,0.0136616
125,0.0126952
126,0.0116471
127,0.0109235
128,0.00994404
129,0.00927266
130,0.00846386
131,0.00807213
132,0.00741025
133,0.0071985
134,0.0066481
135,0.0064703
136,0.00597353
137,0.00576046
138,0.00525996
139,0.00514652
140,0.0048625
141,0.00490691
142,0.0047319
143,0.0049359
144,0.00481442
145,0.00505912
146,0.00490887
147,0.00501465
148,0.00483422
149,0.004808
150,0.00442105
151,0.00423931
152,0.00375492
153,0.00365839
154,0.00321491
155,0.0032883
156,0.00289348
157,0.00302076
158,0.00262475
159,0.00280629
160,0.00244003
161,0.00270856
162,0.00232908
163,0.00274755
164,0.00240138
165,0.00279395
166,0.00244388
167,0.0028336
168,0.00241064
169,0.00273102
170,0.00231907
171,0.00266514
172,0.00227673
173,0.00260514
174,0.00225443
175,0.00259478
176,0.00236619
177,0.00262921
178,0.00238281
179,0.00265837
180,0.00247347
181,0.00266913
182,0.00273089
183,0.00276151
184,0.00284698
185,0.00270449
186,0.00285986
187,0.00260718
188,0.0028058
189,0.00246956
190,0.00264571
191,0.00229923
192,0.00243956
193,0.00200171
194,0.0022798
195,0.0018838
196,0.00218775
197,0.00199609
198,0.00232932
199,0.00223955
200,0.00251953
201,0.00242776
202,0.00276474
203,0.00275778
204,0.00303347
205,0.00302933
206,0.00320861
207,0.00314365
208,0.00333741
209,0.00323675
210,0.00328287
211,0.00313298
212,0.00315885
213,0.00291518
214,0.00296034
215,0.00270491
216,0.00279328
217,0.00263702
218,0.0028122
219,0.00275316
220,0.00295465
221,0.00291962
222,0.00320446
223,0.00333155
224,0.00356076
225,0.00369063
226,0.00394322
227,0.00411399
228,0.00434399
229,0.00451744
230,0.00463794
231,0.00462332
232,0.00457764
233,0.00438239
234,0.00424713
235,0.00402466
236,0.00384975
237,0.00368279
238,0.0035166
239,0.00325115
240,0.00308853
241,0.0027777
242,0.00269671
243,0.00254298
244,0.00250762
245,0.00237192
246,0.00244293
247,0.00229283
248,0.00239047
249,0.00228926
250,0.00240681
251,0.00230411
252,0.00246366
253,0.00231162
254,0.00249535
255,0.00242084
256,0.0025237
257,0.00239443
258,0.00248317
259,0.00237255
260,0.00245452
261,0.0023209
262,0.00244684
263,0.00238342
264,0.00249598
265,0.00252195
266,0.00261176
267,0.00271352
268,0.00281428
269,0.00294113
270,0.00307796
271,0.00324157
272,0.003327
273,0.00347594
274,0.00352312
275,0.00360976
276,0.00355089
277,0.00343993
278,0.00324852
279,0.00306547
280,0.00286106
281,0.00271718
282,0.00258962
283,0.00251276
284,0.00246317
285,0.00236501
286,0.00243121
287,0.0023614
288,0.00243186
289,0.00241762
290,0.00250531
291,0.0025917
292,0.002725
293,0.00281743
294,0.0030032
295,0.00309208
296,0.00321145
297,0.00321828
298,0.003251
299,0.00320761
300,0.00326757
301,0.00323906
302,0.00325891
303,0.00321067
304,0.00328642
305,0.00325246
306,0.00329556
307,0.0032415
308,0.00329035
309,0.00313949
310,0.00312701
311,0.00291569
312,0.00292526
313,0.00274717
314,0.00274481
315,0.00261784
316,0.00260652
317,0.00252201
318,0.00253113
319,0.00245776
320,0.00251552
321,0.00244938
322,0.00245379
323,0.00245112
324,0.0024583
325,0.00242388
326,0.00242981
327,0.00241677
328,0.00244353
329,0.002432
330,0.00251264
331,0.00256832
332,0.00278809
333,0.00288915
334,0.00319398
335,0.003354
336,0.00363214
337,0.00386002
338,0.00399566
339,0.0039254
340,0.00376473
341,0.0034934
342,0.00326496
343,0.00302367
344,0.00290041
345,0.00270793
346,0.00262161
347,0.00255915
348,0.002565
349,0.00251812
350,0.00252178
351,0.00247084
352,0.00244909
353,0.00245619
354,0.00246316
355,0.00239197
356,0.00246743
357,0.00245987
358,0.00249159
359,0.00252295
360,0.0026048
361,0.00266263
362,0.00276152
363,0.00285215
364,0.00292082
365,0.00293475
366,0.00303991
367,0.00307992
368,0.00322227
369,0.00332159
370,0.00352279
371,0.00371895
372,0.00399631
373,0.00426593
374,0.00451024
375,0.00470894
376,0.00476672
377,0.00467201
378,0.00452132
379,0.00424512
380,0.00403972
381,0.0037333
382,0.00350095
383,0.00325179
384,0.0029587
385,0.00277345
386,0.00260563
387,0.00250023
388,0.00237009
389,0.00225011
390,0.00219994
391,0.00215805
392,0.00217734
393,0.00221464
394,0.00233791
395,0.00263397
396,0.00286226
397,0.00317032
398,0.00350982
399,0.00387165
