2,8.25309e-06
3,-1.18854e-05
4,-9.07817e-06
5,-9.95605e-06
6,-1.09583e-06
7,-4.65553e-06
8,-9.2457e-06
9,-7.86789e-06
10,-6.47902e-06
11,-1.32907e-05
12,-4.81822e-06
13,5.35422e-06
14,6.79785e-06
15,-2.50983e-05
16,-0.000116226
17,-0.000229205
18,-0.000269607
19,-3.05184e-05
20,0.000445249
21,0.00250955
22,0.0055811
23,0.00841894
24,0.0113341
25,0.0141931
26,0.0169336
27,0.0195212
28,0.0219026
29,0.0241114
30,0.0261403
31,0.0280442
32,0.0298135
33,0.031462
34,0.0330163
35,0.0344647
36,0.0358402
37,0.037156
38,0.03837
39,0.0395046
40,0.0405494
41,0.0415228
42,0.0424223
43,0.0432399
44,0.0439702
45,0.0446209
46,0.0452208
47,0.0457263
48,0.0461762
49,0.046559
50,0.0468778
51,0.047129
52,0.0473311
53,0.0475157
54,0.0476496
55,0.0477693
56,0.047858
57,0.0479112
58,0.0479556
59,0.0479725
60,0.0480055
61,0.0480388
62,0.0480901
63,0.0481551
64,0.0482364
65,0.0483319
66,0.0484487
67,0.0485861
68,0.0487453
69,0.0488985
70,0.0490834
71,0.049284
72,0.0495284
73,0.0497826
74,0.0500802
75,0.0504217
76,0.0507779
77,0.0511629
78,0.0515605
79,0.0519767
80,0.0524076
81,0.0528489
82,0.0532937
83,0.0537286
84,0.0541586
85,0.0545836
86,0.0550222
87,0.0554544
88,0.055889
89,0.0563201
90,0.0567464
91,0.0571653
92,0.0575826
93,0.0579962
94,0.0584182
95,0.0588253
96,0.0592274
97,0.059616
98,0.0599936
99,0.0603607
100,0.0607286
101,0.0610875
102,0.0614386
103,0.0617681
104,0.0620853
105,0.0623961
106,0.0626917
107,0.0629886
108,0.0632751
109,0.0635625
110,0.0638354
111,0.0640986
112,0.0643558
113,0.0646019
114,0.0648418
115,0.0650797
116,0.0653054
117,0.0655138
118,0.0657085
119,0.0658942
120,0.066071
121,0.0662414
122,0.0664061
123,0.06657
124,0.066729
125,0.0668843
126,0.0670275
127,0.0671659
128,0.0673038
129,0.0674366
130,0.0675668
131,0.0676837
132,0.0677908
133,0.0678974
134,0.0679966
135,0.0680978
136,0.0681951
137,0.0682987
138,0.0683946
139,0.0684888
140,0.0685782
141,0.0686538
142,0.0687236
143,0.0687891
144,0.0688537
145,0.0689167
146,0.0689824
147,0.0690488
148,0.0691207
149,0.0692016
150,0.0692873
151,0.0693812
152,0.0694759
153,0.0695687
154,0.0696606
155,0.0697446
156,0.0698267
157,0.0699054
158,0.0699888
159,0.0700739
160,0.0701625
161,0.0702469
162,0.0703324
163,0.0704132
164,0.0704891
165,0.0705635
166,0.0706324
167,0.0706949
168,0.0707576
169,0.0708189
170,0.0708769
171,0.0709306
172,0.0709969
173,0.0710604
174,0.0711271
175,0.0711928
176,0.0712613
177,0.0713275
178,0.0714002
179,0.071468
180,0.0715383
181,0.0716058
182,0.0716709
183,0.0717325
184,0.0717806
185,0.0718306
186,0.0718742
187,0.0719226
188,0.0719701
189,0.0720095
190,0.0720553
191,0.0720914
192,0.0721264
193,0.0721588
194,0.0721943
195,0.0722185
196,0.0722525
197,0.0722763
198,0.0723045
199,0.0723377
200,0.0723731
201,0.0724121
202,0.0724506
203,0.0724849
204,0.0725219
205,0.0725563
206,0.0725988
207,0.0726428
208,0.0726902
209,0.0727372
210,0.0727879
211,0.0728432
212,0.0729029
213,0.0729646
214,0.0730267
215,0.0730879
216,0.0731413
217,0.0731967
218,0.073241
219,0.0732842
220,0.07332
221,0.0733541
222,0.0733848
223,0.0734128
224,0.0734447
225,0.0734685
226,0.0735002
227,0.0735261
228,0.0735579
229,0.0735869
230,0.0736211
231,0.0736666
232,0.0737151
233,0.0737787
234,0.0738355
235,0.0738973
236,0.0739578
237,0.0740194
238,0.0740845
239,0.0741494
240,0.0742204
241,0.0742872
242,0.074359
243,0.0744234
244,0.0744805
245,0.0745403
246,0.0745976
247,0.0746543
248,0.0747096
249,0.0747661
250,0.0748181
251,0.0748677
252,0.0749215
253,0.0749731
254,0.0750273
255,0.0750699
256,0.0751143
257,0.0751536
258,0.075188
259,0.0752161
260,0.0752424
261,0.0752668
262,0.0752934
263,0.0753159
264,0.0753415
265,0.0753641
266,0.0753862
267,0.0754168
268,0.0754412
269,0.0754642
270,0.0754871
271,0.0755097
272,0.0755343
273,0.0755639
274,0.0755915
275,0.0756249
276,0.075665
277,0.0757169
278,0.075774
279,0.0758362
280,0.0758948
281,0.0759623
282,0.0760182
283,0.0760769
284,0.0761283
285,0.076185
286,0.0762412
287,0.0763
288,0.0763561
289,0.0764146
290,0.0764672
291,0.0765263
292,0.0765835
293,0.0766437
294,0.0766947
295,0.0767491
296,0.0767981
297,0.076837
298,0.0768754
299,0.0769104
300,0.0769498
301,0.0769884
302,0.077027
303,0.0770575
304,0.0770962
305,0.077134
306,0.0771739
307,0.0772067
308,0.0772402
309,0.0772682
310,0.0772892
311,0.0773127
312,0.0773331
313,0.0773563
314,0.0773777
315,0.0774008
316,0.077424
317,0.0774502
318,0.0774777
319,0.0775111
320,0.0775421
321,0.0775691
322,0.0775968
323,0.0776243
324,0.0776577
325,0.077693
326,0.0777293
327,0.0777634
328,0.0777996
329,0.07784
330,0.0778923
331,0.0779454
332,0.0780115
333,0.0780658
334,0.0781316
335,0.0781877
336,0.0782482
337,0.0783064
338,0.0783488
339,0.0783771
340,0.0783963
341,0.0784051
342,0.0784088
343,0.07842
344,0.0784317
345,0.0784474
346,0.0784637
347,0.0784904
348,0.0785122
349,0.0785495
350,0.0785755
351,0.0786076
352,0.0786334
353,0.0786618
354,0.0786917
355,0.0787256
356,0.0787604
357,0.0787985
358,0.078837
359,0.0788751
360,0.0789196
361,0.0789597
362,0.0790014
363,0.0790454
364,0.0790832
365,0.0791206
366,0.0791587
367,0.0791976
368,0.0792419
369,0.0792887
370,0.0793346
371,0.0793903
372,0.0794419
373,0.0794967
374,0.0795522
375,0.0796029
376,0.0796331
377,0.0796549
378,0.0796743
379,0.0796807
380,0.0796894
381,0.079691
382,0.0796953
383,0.0796961
384,0.0797006
385,0.0797081
386,0.0797127
387,0.0797231
388,0.0797309
389,0.0797421
390,0.0797498
391,0.0797558
392,0.0797551
393,0.0797541
394,0.0797474
395,0.079738
396,0.0797271
397,0.0797194
398,0.079715
399,0.079715
