2,0.999819
3,1.00034
4,1.00025
5,1.00026
6,1.00005
7,1.00013
8,1.00023
9,1.0002
10,1.00016
11,1.0003
12,1.00013
13,0.999921
14,0.999904
15,1.00054
16,1.00235
17,1.00455
18,1.00533
19,1.00071
20,0.991555
21,0.952287
22,0.894489
23,0.841799
24,0.788286
25,0.73641
26,0.687258
27,0.641401
28,0.599733
29,0.561567
30,0.526968
31,0.494885
32,0.465444
33,0.438363
34,0.41312
35,0.38991
36,0.368107
37,0.347472
38,0.328709
39,0.311427
40,0.295761
41,0.281402
42,0.268353
43,0.256764
44,0.246678
45,0.237984
46,0.230158
47,0.223947
48,0.218665
49,0.214511
50,0.211407
51,0.209425
52,0.208229
53,0.207309
54,0.207183
55,0.20728
56,0.207842
57,0.208968
58,0.210196
59,0.21185
60,0.213193
61,0.214509
62,0.215489
63,0.216226
64,0.216663
65,0.216855
66,0.216665
67,0.216133
68,0.215223
69,0.214404
70,0.213044
71,0.211434
72,0.209098
73,0.206609
74,0.203411
75,0.199522
76,0.195383
77,0.190803
78,0.186009
79,0.180939
80,0.175629
81,0.170167
82,0.164643
83,0.159288
84,0.153997
85,0.148803
86,0.143381
87,0.138082
88,0.132732
89,0.127454
90,0.12224
91,0.117157
92,0.112093
93,0.107096
94,0.101967
95,0.0970754
96,0.0922595
97,0.0876538
98,0.0832207
99,0.0789468
100,0.0746648
101,0.0705164
102,0.0665037
103,0.0628056
104,0.0593082
105,0.0558894
106,0.0527242
107,0.0495118
108,0.0464885
109,0.0434047
110,0.0405868
111,0.0378614
112,0.0352747
113,0.0327981
114,0.0304725
115,0.0281069
116,0.0259967
117,0.0240607
118,0.0224082
119,0.0207961
120,0.019417
121,0.0180117
122,0.0168025
123,0.0154841
124,0.0143681
125,0.0131606
126,0.0122773
127,0.0113008
128,0.0105021
129,0.0095876
130,0.00892341
131,0.00820852
132,0.00787119
133,0.00728989
134,0.00706343
135,0.00652978
136,0.00634499
137,0.00578212
138,0.00560331
139,0.005172
140,0.00512172
141,0.00485065
142,0.00502086
143,0.0048703
144,0.00509261
145,0.00493698
146,0.00515652
147,0.00498575
148,0.00506225
149,0.00471653
150,0.00466508
151,0.00415074
152,0.00396561
153,0.00354287
154,0.00347296
155,0.00308252
156,0.00312811
157,0.00281321
158,0.00287074
159,0.00253625
160,0.00268405
161,0.00243034
162,0.00255062
163,0.0024648
164,0.00261766
165,0.0025703
166,0.00267633
167,0.0025862
168,0.00262701
169,0.00251397
170,0.00252852
171,0.00241659
172,0.0024536
173,0.00239384
174,0.00244619
175,0.00239997
176,0.00244342
177,0.00243697
178,0.00248765
179,0.00246024
180,0.00248746
181,0.00251574
182,0.00263835
183,0.00279418
184,0.0027484
185,0.00280751
186,0.00270363
187,0.00271047
188,0.00264319
189,0.00257693
190,0.00251809
191,0.00237329
192,0.00232041
193,0.00217507
194,0.00208929
195,0.0020907
196,0.00200122
197,0.00219442
198,0.00211213
199,0.00240108
200,0.00236538
201,0.00259491
202,0.00257744
203,0.00283795
204,0.00288399
205,0.00313211
206,0.0031165
207,0.0033004
208,0.00320989
209,0.00335297
210,0.00325274
211,0.00325326
212,0.00308046
213,0.00310295
214,0.00287166
215,0.00283243
216,0.00276448
217,0.00277028
218,0.00270071
219,0.00286076
220,0.00285758
221,0.00307543
222,0.00313371
223,0.00338994
224,0.00348808
225,0.00378061
226,0.00389832
227,0.00418698
228,0.00428903
229,0.00453426
230,0.0046196
231,0.00468845
232,0.00459261
233,0.00442437
234,0.00426257
235,0.00411521
236,0.00388316
237,0.00377202
238,0.00352979
239,0.00333127
240,0.00304969
241,0.00291358
242,0.00269793
243,0.00258948
244,0.00249626
245,0.00244566
246,0.00236029
247,0.00236498
248,0.00232674
249,0.00230801
250,0.00238179
251,0.0022933
252,0.0023751
253,0.00237631
254,0.00245365
255,0.00241486
256,0.00248534
257,0.00244356
258,0.00245774
259,0.00236564
260,0.00239141
261,0.00232425
262,0.00241303
263,0.00240788
264,0.00246602
265,0.00248854
266,0.00262582
267,0.00272175
268,0.00278726
269,0.00293483
270,0.00305606
271,0.00321363
272,0.00333422
273,0.00341936
274,0.00355286
275,0.0036121
276,0.00360456
277,0.00346962
278,0.00330971
279,0.00310572
280,0.00293489
281,0.00269857
282,0.00264748
283,0.00249434
284,0.0024816
285,0.00237622
286,0.00244137
287,0.00232578
288,0.00242374
289,0.00238872
290,0.00252458
291,0.00253862
292,0.00274566
293,0.00280621
294,0.00304548
295,0.00305134
296,0.00324061
297,0.00319234
298,0.00330358
299,0.0031833
300,0.00332874
301,0.00322504
302,0.00334136
303,0.00320549
304,0.00331167
305,0.00324825
306,0.00338668
307,0.0032238
308,0.00334944
309,0.00315129
310,0.0031638
311,0.00292724
312,0.00296072
313,0.00276281
314,0.00278757
315,0.00258103
316,0.00265498
317,0.00248271
318,0.00257977
319,0.00243464
320,0.00253313
321,0.00239697
322,0.00250457
323,0.00239748
324,0.00246023
325,0.00238123
326,0.00246342
327,0.00240319
328,0.00246072
329,0.00238726
330,0.00253754
331,0.00248297
332,0.00280685
333,0.00283303
334,0.00323834
335,0.00330695
336,0.00367056
337,0.00382725
338,0.0040072
339,0.00387818
340,0.00381706
341,0.00348784
342,0.00330555
343,0.0029906
344,0.00293933
345,0.002654
346,0.00264976
347,0.00251693
348,0.00253767
349,0.00247283
350,0.0025486
351,0.00245387
352,0.00246974
353,0.00238455
354,0.00248077
355,0.00237608
356,0.00249171
357,0.00241009
358,0.00254575
359,0.00251025
360,0.00263493
361,0.00263825
362,0.00279265
363,0.00282146
364,0.00295342
365,0.00292019
366,0.00304153
367,0.00306074
368,0.00324342
369,0.00333887
370,0.00352098
371,0.00374468
372,0.0040028
373,0.00422529
374,0.00454032
375,0.00474847
376,0.00475531
377,0.00464726
378,0.00455652
379,0.00426639
380,0.00405449
381,0.00373018
382,0.00350669
383,0.00319341
384,0.00296874
385,0.00278567
386,0.00260998
387,0.00246864
388,0.00236113
389,0.00223821
390,0.00220773
391,0.00211529
392,0.00217624
393,0.00219835
394,0.00235932
395,0.002628
396,0.00292066
397,0.00325471
398,0.00355218
399,0.00389626
