2,1.00024
3,0.999652
4,0.999034
5,0.997988
6,0.997591
7,0.999015
8,0.99917
9,1.00184
10,1.00728
11,1.01286
12,1.01557
13,1.01546
14,1.01446
15,1.01027
16,1.00492
17,1.00055
18,0.998126
19,0.993625
20,0.98737
21,0.952761
22,0.90463
23,0.86352
24,0.821162
25,0.776198
26,0.734259
27,0.694363
28,0.655725
29,0.617786
30,0.579573
31,0.543193
32,0.506796
33,0.471924
34,0.438904
35,0.408445
36,0.379736
37,0.353245
38,0.329326
39,0.30725
40,0.287884
41,0.271062
42,0.255647
43,0.242129
44,0.230688
45,0.221104
46,0.213095
47,0.206618
48,0.201116
49,0.196797
50,0.193266
51,0.189651
52,0.186737
53,0.183984
54,0.181234
55,0.178429
56,0.17538
57,0.172337
58,0.168987
59,0.16611
60,0.162323
61,0.15884
62,0.155113
63,0.150695
64,0.146574
65,0.142098
66,0.137388
67,0.132966
68,0.128243
69,0.123929
70,0.118988
71,0.11418
72,0.109209
73,0.104299
74,0.0996551
75,0.0950514
76,0.0905882
77,0.0861598
78,0.0817345
79,0.0776041
80,0.0737591
81,0.0702197
82,0.0666143
83,0.0632521
84,0.0597057
85,0.0563116
86,0.052809
87,0.0497485
88,0.046744
89,0.0439936
90,0.041168
91,0.0386012
92,0.0359193
93,0.0335141
94,0.0312619
95,0.0293911
96,0.027537
97,0.0257903
98,0.0240588
99,0.0224694
100,0.0209325
101,0.0195038
102,0.0183744
103,0.0172451
104,0.0162074
105,0.0150812
106,0.0141572
107,0.0130678
108,0.0122175
109,0.0112169
110,0.0106477
111,0.00968688
112,0.00922902
113,0.0082981
114,0.00799565
115,0.00714019
116,0.00700457
117,0.00620263
118,0.00617823
119,0.00528469
120,0.0052625
121,0.00428399
122,0.00443306
123,0.00352452
124,0.00382833
125,0.00310225
126,0.00362118
127,0.00288376
128,0.00356545
129,0.00282374
130,0.00344146
131,0.00279829
132,0.00341313
133,0.00277422
134,0.0034077
135,0.00281028
136,0.00342017
137,0.00286366
138,0.00346265
139,0.00295646
140,0.00352278
141,0.00306474
142,0.00359756
143,0.00308104
144,0.00361354
145,0.00315519
146,0.00356541
147,0.00297472
148,0.00341593
149,0.00279006
150,0.00316961
151,0.00263651
152,0.00311895
153,0.00255618
154,0.00303029
155,0.00251986
156,0.00306021
157,0.00246555
158,0.0029091
159,0.00253423
160,0.00301907
161,0.00250041
162,0.00302342
163,0.00255609
164,0.00293915
165,0.00259866
166,0.00304916
167,0.00260793
168,0.00305878
169,0.00270723
170,0.00305296
171,0.00275777
172,0.00311735
173,0.00279371
174,0.00313794
175,0.00287013
176,0.00316219
177,0.00292855
178,0.00322738
179,0.00307139
180,0.00334025
181,0.00318034
182,0.00333742
183,0.00316701
184,0.00309335
185,0.00271124
186,0.00247069
187,0.00219358
188,0.00202072
189,0.0019856
190,0.00180142
191,0.00193574
192,0.0018091
193,0.00200618
194,0.00176694
195,0.00204019
196,0.00178277
197,0.00204423
198,0.00181934
199,0.0021455
200,0.00194451
201,0.00230793
202,0.00207237
203,0.00235343
204,0.0021273
205,0.00234498
206,0.0021493
207,0.00236888
208,0.00217784
209,0.00241074
210,0.00222841
211,0.00246796
212,0.00225383
213,0.00239347
214,0.00215718
215,0.00241992
216,0.00223401
217,0.00247332
218,0.00234413
219,0.00263816
220,0.00256826
221,0.00286377
222,0.00284476
223,0.00316098
224,0.0031089
225,0.00341968
226,0.00335719
227,0.0036021
228,0.00345257
229,0.0035237
230,0.00323131
231,0.00320412
232,0.00285553
233,0.00287227
234,0.00254153
235,0.00260385
236,0.00225585
237,0.0023348
238,0.0021378
239,0.00220018
240,0.00205049
241,0.00216754
242,0.00208777
243,0.00219249
244,0.0020751
245,0.00222803
246,0.00214558
247,0.00229932
248,0.00216715
249,0.00231537
250,0.00227674
251,0.00236325
252,0.00224367
253,0.00237298
254,0.00231843
255,0.00241743
256,0.00236318
257,0.00242918
258,0.00235186
259,0.00247896
260,0.00238043
261,0.00242109
262,0.00240588
263,0.00251723
264,0.00248299
265,0.00259873
266,0.00253841
267,0.00261992
268,0.00257045
269,0.0026533
270,0.00259473
271,0.00267851
272,0.00264789
273,0.00266861
274,0.00256826
275,0.00256961
276,0.00247894
277,0.00241463
278,0.00238267
279,0.00233184
280,0.00230538
281,0.00230595
282,0.00231466
283,0.00227952
284,0.00234204
285,0.00235777
286,0.00235136
287,0.00230955
288,0.00231866
289,0.00235116
290,0.00243206
291,0.00239902
292,0.00247188
293,0.00244781
294,0.00252731
295,0.00252158
296,0.00260847
297,0.00252232
298,0.00260739
299,0.00250556
300,0.00253722
301,0.00247851
302,0.00258152
303,0.00247735
304,0.00251382
305,0.0024536
306,0.00255826
307,0.00246193
308,0.00251831
309,0.00245906
310,0.00251666
311,0.00240829
312,0.00253707
313,0.00240702
314,0.00248548
315,0.002484
316,0.00246615
317,0.00229776
318,0.0024537
319,0.00240555
320,0.0024447
321,0.00237232
322,0.0024581
323,0.00236977
324,0.00246392
325,0.0024215
326,0.00253957
327,0.00241295
328,0.00259871
329,0.00250557
330,0.00276954
331,0.00281656
332,0.00313786
333,0.00324309
334,0.00356867
335,0.00373009
336,0.00410855
337,0.00414872
338,0.00419954
339,0.00395121
340,0.00378403
341,0.00347899
342,0.00331256
343,0.00308729
344,0.00303346
345,0.00280222
346,0.00278735
347,0.00272824
348,0.00277096
349,0.00265519
350,0.0027436
351,0.00257287
352,0.00258846
353,0.0024365
354,0.00247791
355,0.00240731
356,0.00249393
357,0.00243534
358,0.00249687
359,0.00242547
360,0.00255666
361,0.00255836
362,0.00262404
363,0.00257758
364,0.00261481
365,0.00257516
366,0.00268551
367,0.00267099
368,0.00277639
369,0.0028648
370,0.0030502
371,0.00316739
372,0.00337257
373,0.00352429
374,0.00379533
375,0.00397056
376,0.0041389
377,0.00418816
378,0.00415844
379,0.0040472
380,0.00385326
381,0.00365679
382,0.00337297
383,0.00315681
384,0.00294854
385,0.00277841
386,0.00260231
387,0.00245247
388,0.00239799
389,0.00230418
390,0.0022513
391,0.00220585
392,0.00216379
393,0.00211146
394,0.00219438
395,0.00232621
396,0.00246762
397,0.00264928
398,0.00287821
399,0.00310182
