2,0.999615
3,0.998605
4,0.997131
5,0.995942
6,0.994901
7,0.995017
8,0.996479
9,0.998597
10,1.00166
11,1.0044
12,1.0069
13,1.00834
14,1.00888
15,1.00845
16,1.00671
17,1.00397
18,1.00124
19,0.998768
20,0.995092
21,0.962746
22,0.908739
23,0.8594
24,0.811151
25,0.763621
26,0.718011
27,0.675304
28,0.635033
29,0.596195
30,0.559371
31,0.524816
32,0.49237
33,0.461104
34,0.43119
35,0.403171
36,0.376691
37,0.352162
38,0.329673
39,0.308905
40,0.290305
41,0.273491
42,0.258499
43,0.24519
44,0.233747
45,0.224109
46,0.215578
47,0.209017
48,0.203301
49,0.198539
50,0.194437
51,0.190811
52,0.187649
53,0.184703
54,0.18213
55,0.179867
56,0.177652
57,0.175119
58,0.172546
59,0.170208
60,0.166986
61,0.163924
62,0.160343
63,0.156078
64,0.152076
65,0.147861
66,0.14355
67,0.138967
68,0.134783
69,0.130764
70,0.125673
71,0.120789
72,0.11584
73,0.110802
74,0.105877
75,0.101051
76,0.0963029
77,0.0917121
78,0.0871933
79,0.0830072
80,0.0791128
81,0.0753799
82,0.0716762
83,0.0680856
84,0.064539
85,0.0608383
86,0.0573177
87,0.054041
88,0.0509224
89,0.0478984
90,0.0450106
91,0.0421577
92,0.039464
93,0.0367503
94,0.0344685
95,0.0323697
96,0.0304034
97,0.0284664
98,0.0266442
99,0.0249475
100,0.0232904
101,0.021774
102,0.0204696
103,0.0192567
104,0.0180038
105,0.0168158
106,0.0156612
107,0.0145454
108,0.013475
109,0.0125608
110,0.0117277
111,0.0109522
112,0.0101151
113,0.00940349
114,0.00871379
115,0.00810949
116,0.00757316
117,0.00709836
118,0.00662159
119,0.00614882
120,0.00565568
121,0.00519271
122,0.00470765
123,0.00434129
124,0.00394201
125,0.00383616
126,0.00349303
127,0.00357687
128,0.00334115
129,0.00341805
130,0.00314314
131,0.00332068
132,0.00308863
133,0.003311
134,0.00309303
135,0.003316
136,0.00310242
137,0.00328798
138,0.00309572
139,0.00329908
140,0.00323441
141,0.00348915
142,0.00335374
143,0.00350369
144,0.00334014
145,0.00352962
146,0.00337829
147,0.00344461
148,0.0031885
149,0.00328371
150,0.00284191
151,0.00306801
152,0.00268178
153,0.00288996
154,0.00255538
155,0.00285759
156,0.00256987
157,0.00282352
158,0.00255376
159,0.00284349
160,0.00255286
161,0.00286697
162,0.00252966
163,0.00287919
164,0.00257951
165,0.00291771
166,0.00263931
167,0.00297792
168,0.00264101
169,0.00295304
170,0.0026198
171,0.00293753
172,0.00273132
173,0.00298127
174,0.00278897
175,0.00306446
176,0.00292381
177,0.00318824
178,0.00304486
179,0.00330184
180,0.00322097
181,0.00340999
182,0.00332912
183,0.0033683
184,0.00303022
185,0.00283829
186,0.00249216
187,0.00228387
188,0.0021775
189,0.0019748
190,0.00211525
191,0.00185235
192,0.00216292
193,0.00185859
194,0.00220053
195,0.00187123
196,0.0021263
197,0.00193577
198,0.00219125
199,0.00205569
200,0.00227556
201,0.00216666
202,0.00239692
203,0.00230091
204,0.00249045
205,0.00231446
206,0.00246503
207,0.00229185
208,0.00250358
209,0.00231897
210,0.00252214
211,0.00228911
212,0.00249286
213,0.0022733
214,0.0024887
215,0.00229546
216,0.00251517
217,0.00233946
218,0.00263535
219,0.00255801
220,0.00285358
221,0.00276298
222,0.00309546
223,0.00307316
224,0.00342351
225,0.0033426
226,0.00363609
227,0.00356479
228,0.00380315
229,0.00358426
230,0.00364751
231,0.00323853
232,0.00328987
233,0.00284621
234,0.00291784
235,0.00248687
236,0.0025999
237,0.00219455
238,0.00253287
239,0.0019991
240,0.00241274
241,0.00187986
242,0.00235119
243,0.00187873
244,0.002386
245,0.00188045
246,0.00245595
247,0.00191364
248,0.00251936
249,0.00193768
250,0.00257567
251,0.00198202
252,0.00258425
253,0.00195542
254,0.00266567
255,0.0020116
256,0.00270079
257,0.0020566
258,0.00272876
259,0.00206414
260,0.00274879
261,0.00204815
262,0.00277846
263,0.00217707
264,0.00285041
265,0.00219816
266,0.00287946
267,0.00231683
268,0.0029702
269,0.00236068
270,0.00300038
271,0.00242795
272,0.00307244
273,0.00239603
274,0.00297042
275,0.00223139
276,0.00288165
277,0.00207378
278,0.00278126
279,0.00188636
280,0.00273205
281,0.00188693
282,0.00269308
283,0.00186656
284,0.00273822
285,0.0018308
286,0.00277289
287,0.00188109
288,0.00282208
289,0.00196393
290,0.00284076
291,0.00197483
292,0.00287299
293,0.00210644
294,0.00296439
295,0.00213975
296,0.00304922
297,0.0021467
298,0.00302873
299,0.00217018
300,0.00301502
301,0.00215663
302,0.00304662
303,0.00208201
304,0.00302533
305,0.0020775
306,0.00301603
307,0.00209439
308,0.00301763
309,0.00206926
310,0.00302264
311,0.00204641
312,0.00295643
313,0.00202233
314,0.00297538
315,0.00201885
316,0.00295279
317,0.00201223
318,0.00295144
319,0.0019868
320,0.00294259
321,0.00200196
322,0.00292967
323,0.00194786
324,0.00288215
325,0.00199343
326,0.00292876
327,0.00204646
328,0.00300002
329,0.00216163
330,0.00314214
331,0.00247965
332,0.0034465
333,0.00295883
334,0.00383065
335,0.0034626
336,0.00424995
337,0.00392182
338,0.00442347
339,0.00375379
340,0.00407302
341,0.00325274
342,0.00359572
343,0.00283441
344,0.00331274
345,0.00253709
346,0.00310356
347,0.00239514
348,0.00300856
349,0.00233994
350,0.00295836
351,0.00226211
352,0.00283003
353,0.00217061
354,0.00277553
355,0.00212938
356,0.00275738
357,0.00220309
358,0.00278787
359,0.00222988
360,0.00280855
361,0.00229092
362,0.00278729
363,0.00238727
364,0.00284175
365,0.00241447
366,0.00283841
367,0.00253745
368,0.00301379
369,0.00277041
370,0.00321301
371,0.00303763
372,0.00356839
373,0.0034911
374,0.00390924
375,0.00391744
376,0.00429504
377,0.00415835
378,0.00432595
379,0.00394256
380,0.00395734
381,0.00349038
382,0.00354104
383,0.00304413
384,0.00305852
385,0.00266428
386,0.00272545
387,0.00241014
388,0.00246848
389,0.00221492
390,0.00232704
391,0.00211045
392,0.00222559
393,0.00208517
394,0.00223854
395,0.00229619
396,0.00247507
397,0.00263643
398,0.00287302
399,0.00314777
