2,1.54868e-05
3,5.63362e-05
4,0.000119802
5,0.000174721
6,0.000225521
7,0.000225981
8,0.000163863
9,6.85281e-05
10,-7.42791e-05
11,-0.000206406
12,-0.000329138
13,-0.000404003
14,-0.000435268
15,-0.000418335
16,-0.000335744
17,-0.000199268
18,-6.15862e-05
19,6.58962e-05
20,0.000256491
21,0.00195678
22,0.00482486
23,0.00748023
24,0.0101084
25,0.0127263
26,0.0152671
27,0.0176742
28,0.0199698
29,0.0222059
30,0.0243487
31,0.0263814
32,0.0283109
33,0.0301871
34,0.0319991
35,0.0337147
36,0.0353527
37,0.036888
38,0.0383143
39,0.0396483
40,0.0408631
41,0.0419792
42,0.0429937
43,0.0439128
44,0.0447257
45,0.045434
46,0.0460782
47,0.0466067
48,0.0470852
49,0.0475062
50,0.0478875
51,0.0482395
52,0.048563
53,0.048872
54,0.0491575
55,0.0494228
56,0.0496846
57,0.0499634
58,0.0502442
59,0.0505097
60,0.050828
61,0.0511352
62,0.0514744
63,0.0518545
64,0.0522186
65,0.0525941
66,0.0529761
67,0.0533739
68,0.0537479
69,0.05411
70,0.0545391
71,0.0549547
72,0.0553754
73,0.0558004
74,0.0562194
75,0.0566307
76,0.0570382
77,0.0574346
78,0.0578275
79,0.0581979
80,0.0585507
81,0.0588917
82,0.0592318
83,0.0595629
84,0.0598925
85,0.0602301
86,0.0605573
87,0.0608674
88,0.0611681
89,0.061461
90,0.0617459
91,0.0620271
92,0.0622988
93,0.0625703
94,0.0628146
95,0.0630457
96,0.0632679
97,0.0634873
98,0.0636996
99,0.0639026
100,0.0641032
101,0.0642942
102,0.0644706
103,0.064641
104,0.0648136
105,0.0649814
106,0.0651473
107,0.0653106
108,0.0654705
109,0.0656207
110,0.0657638
111,0.0659043
112,0.0660456
113,0.066181
114,0.066311
115,0.0664392
116,0.0665593
117,0.0666762
118,0.0667892
119,0.0669084
120,0.0670243
121,0.0671449
122,0.0672579
123,0.0673767
124,0.0674813
125,0.0675827
126,0.067678
127,0.0677667
128,0.0678527
129,0.0679379
130,0.068021
131,0.0681008
132,0.0681776
133,0.0682519
134,0.0683254
135,0.0683988
136,0.068464
137,0.0685384
138,0.0686041
139,0.0686688
140,0.0687306
141,0.0687943
142,0.068859
143,0.0689253
144,0.0689921
145,0.069059
146,0.0691281
147,0.0692009
148,0.069281
149,0.0693613
150,0.069447
151,0.0695276
152,0.0696129
153,0.0696878
154,0.0697631
155,0.0698371
156,0.0699076
157,0.0699828
158,0.0700556
159,0.0701293
160,0.070201
161,0.070277
162,0.0703466
163,0.0704189
164,0.0704822
165,0.0705532
166,0.0706161
167,0.0706888
168,0.0707514
169,0.0708186
170,0.070882
171,0.0709464
172,0.0710181
173,0.0710848
174,0.0711559
175,0.0712212
176,0.0712926
177,0.0713612
178,0.0714294
179,0.0714974
180,0.0715679
181,0.0716315
182,0.0717001
183,0.0717517
184,0.0717993
185,0.0718375
186,0.0718786
187,0.071918
188,0.0719564
189,0.0719959
190,0.072034
191,0.0720726
192,0.0721138
193,0.0721485
194,0.0721926
195,0.0722263
196,0.0722645
197,0.0722954
198,0.0723287
199,0.0723633
200,0.0724011
201,0.0724416
202,0.0724837
203,0.0725257
204,0.0725731
205,0.0726197
206,0.0726748
207,0.0727256
208,0.0727718
209,0.0728211
210,0.0728684
211,0.0729206
212,0.0729724
213,0.0730209
214,0.073073
215,0.0731224
216,0.0731692
217,0.073212
218,0.0732495
219,0.0732869
220,0.0733223
221,0.0733582
222,0.0733888
223,0.0734218
224,0.0734536
225,0.0734897
226,0.0735246
227,0.0735616
228,0.0736026
229,0.0736531
230,0.0737104
231,0.0737746
232,0.0738361
233,0.0739012
234,0.0739672
235,0.0740322
236,0.0740943
237,0.0741494
238,0.0742088
239,0.0742662
240,0.074325
241,0.0743788
242,0.0744361
243,0.0744873
244,0.0745417
245,0.0745889
246,0.0746412
247,0.0746887
248,0.0747334
249,0.0747791
250,0.0748218
251,0.0748605
252,0.0749035
253,0.0749451
254,0.0749886
255,0.0750326
256,0.0750676
257,0.0751096
258,0.0751449
259,0.0751835
260,0.0752141
261,0.0752473
262,0.0752776
263,0.0753071
264,0.0753373
265,0.0753696
266,0.0754
267,0.0754346
268,0.0754694
269,0.0755058
270,0.0755368
271,0.0755736
272,0.075609
273,0.075652
274,0.0757009
275,0.0757484
276,0.0757964
277,0.0758497
278,0.0759048
279,0.0759602
280,0.0760085
281,0.0760611
282,0.0761052
283,0.0761524
284,0.0761965
285,0.0762408
286,0.0762847
287,0.0763316
288,0.0763761
289,0.07642
290,0.0764652
291,0.0765097
292,0.0765504
293,0.0765963
294,0.0766387
295,0.0766787
296,0.0767191
297,0.0767545
298,0.0767913
299,0.0768251
300,0.0768596
301,0.0768918
302,0.0769254
303,0.0769556
304,0.076992
305,0.0770236
306,0.0770608
307,0.0770952
308,0.0771291
309,0.0771622
310,0.0771918
311,0.0772248
312,0.0772559
313,0.0772866
314,0.0773136
315,0.0773428
316,0.0773722
317,0.0774079
318,0.0774424
319,0.0774779
320,0.0775138
321,0.0775426
322,0.0775821
323,0.0776195
324,0.0776628
325,0.0777038
326,0.0777447
327,0.0777872
328,0.077833
329,0.0778836
330,0.0779361
331,0.0779964
332,0.0780532
333,0.0781117
334,0.0781686
335,0.0782284
336,0.078284
337,0.0783343
338,0.0783694
339,0.0783881
340,0.0784001
341,0.0784081
342,0.0784201
343,0.0784347
344,0.0784512
345,0.0784689
346,0.0784913
347,0.0785179
348,0.0785482
349,0.0785779
350,0.0786061
351,0.0786294
352,0.0786552
353,0.0786812
354,0.0787115
355,0.0787426
356,0.0787775
357,0.0788111
358,0.0788466
359,0.07888
360,0.0789146
361,0.0789492
362,0.0789828
363,0.079022
364,0.0790493
365,0.0790866
366,0.0791193
367,0.0791639
368,0.0792014
369,0.0792474
370,0.0792886
371,0.0793382
372,0.0793876
373,0.0794383
374,0.0794885
375,0.0795386
376,0.0795864
377,0.0796207
378,0.0796483
379,0.0796603
380,0.0796759
381,0.0796784
382,0.0796924
383,0.079692
384,0.0797027
385,0.0797076
386,0.0797196
387,0.0797282
388,0.0797447
389,0.0797545
390,0.0797665
391,0.0797753
392,0.0797856
393,0.0797878
394,0.0797865
395,0.0797889
396,0.0797896
397,0.0797886
398,0.0797905
399,0.07979
