2,0.999951
3,0.999779
4,0.998695
5,0.997754
6,0.996934
7,0.996488
8,0.996831
9,0.99778
10,0.999293
11,1.00157
12,1.00392
13,1.00582
14,1.00638
15,1.00591
16,1.00477
17,1.00408
18,1.00299
19,1.00042
20,0.994242
21,0.958071
22,0.903915
23,0.853797
24,0.8029
25,0.753553
26,0.706203
27,0.661417
28,0.620317
29,0.581523
30,0.54534
31,0.511889
32,0.480418
33,0.451205
34,0.422991
35,0.397012
36,0.37215
37,0.349017
38,0.327962
39,0.308403
40,0.29065
41,0.274231
42,0.259915
43,0.247163
44,0.235824
45,0.226439
46,0.217802
47,0.210709
48,0.204999
49,0.200008
50,0.195898
51,0.192402
52,0.18945
53,0.186341
54,0.184148
55,0.18186
56,0.179924
57,0.178035
58,0.175864
59,0.173776
60,0.170967
61,0.168019
62,0.165149
63,0.161396
64,0.157641
65,0.153526
66,0.149453
67,0.144908
68,0.140819
69,0.136896
70,0.132187
71,0.127444
72,0.12234
73,0.117083
74,0.112054
75,0.106936
76,0.102119
77,0.0973418
78,0.0927561
79,0.0884295
80,0.0844216
81,0.0805726
82,0.0767809
83,0.0730669
84,0.0693267
85,0.0655689
86,0.0619091
87,0.0584627
88,0.0552242
89,0.0519307
90,0.0489042
91,0.0458468
92,0.0430113
93,0.0401904
94,0.0377215
95,0.035476
96,0.0333553
97,0.0313115
98,0.0292878
99,0.0275034
100,0.0257233
101,0.0241267
102,0.0226666
103,0.0212739
104,0.019874
105,0.0185716
106,0.0173134
107,0.0160599
108,0.0149099
109,0.0138842
110,0.0130068
111,0.0120656
112,0.0111968
113,0.0103756
114,0.00959037
115,0.00895152
116,0.00830977
117,0.00784332
118,0.00729535
119,0.00685072
120,0.00631488
121,0.00587542
122,0.00525313
123,0.00493496
124,0.00444268
125,0.00421508
126,0.00383998
127,0.00382778
128,0.00350035
129,0.00364443
130,0.00329378
131,0.00355025
132,0.00316905
133,0.00341998
134,0.00306117
135,0.00341492
136,0.00310218
137,0.00343152
138,0.00307333
139,0.00347215
140,0.00314146
141,0.00360506
142,0.00327178
143,0.00365317
144,0.00336363
145,0.00368565
146,0.00333037
147,0.00369528
148,0.00321312
149,0.00342979
150,0.0028751
151,0.00320872
152,0.00256592
153,0.00306414
154,0.00244897
155,0.00299486
156,0.00238454
157,0.00301178
158,0.00234785
159,0.00301735
160,0.00237776
161,0.00296902
162,0.00234959
163,0.00303802
164,0.00237628
165,0.00308212
166,0.00242354
167,0.00310776
168,0.0024449
169,0.00309108
170,0.00244099
171,0.00303824
172,0.0024593
173,0.00306903
174,0.00256934
175,0.00320064
176,0.00274079
177,0.00329835
178,0.00294733
179,0.00344633
180,0.0031532
181,0.00360384
182,0.00325259
183,0.00349461
184,0.00295455
185,0.00289668
186,0.00248009
187,0.00231385
188,0.00235983
189,0.00198744
190,0.00236158
191,0.00180126
192,0.00237763
193,0.00176043
194,0.00235983
195,0.00176407
196,0.00235661
197,0.0018598
198,0.00236246
199,0.0019938
200,0.00243737
201,0.00213369
202,0.00255086
203,0.00227985
204,0.00266161
205,0.00235659
206,0.0025933
207,0.00230853
208,0.00261064
209,0.00236093
210,0.00258968
211,0.00230483
212,0.00254237
213,0.00227573
214,0.0025345
215,0.00230409
216,0.00253145
217,0.00237004
218,0.00262834
219,0.00258888
220,0.00285601
221,0.00282937
222,0.00307002
223,0.00317031
224,0.00341203
225,0.00343736
226,0.00365316
227,0.00369001
228,0.0038218
229,0.00378411
230,0.00372351
231,0.0034804
232,0.00331091
233,0.00304785
234,0.00290245
235,0.0026925
236,0.00259256
237,0.00245893
238,0.00239603
239,0.00228106
240,0.00223526
241,0.00216489
242,0.00214521
243,0.00212652
244,0.00213951
245,0.00217278
246,0.00217487
247,0.00224539
248,0.00220323
249,0.00228409
250,0.00219576
251,0.00231278
252,0.00226015
253,0.00235572
254,0.00229006
255,0.00244837
256,0.00230203
257,0.00244364
258,0.00227696
259,0.00245657
260,0.00228061
261,0.00249396
262,0.00232575
263,0.00260831
264,0.00232493
265,0.00271213
266,0.00237693
267,0.00281
268,0.00248196
269,0.00285147
270,0.00253099
271,0.00291468
272,0.00260449
273,0.00293604
274,0.00245839
275,0.00278691
276,0.00235395
277,0.00266971
278,0.00221579
279,0.00255468
280,0.0020698
281,0.00250896
282,0.0020358
283,0.00248267
284,0.00204582
285,0.00251405
286,0.00207814
287,0.00253128
288,0.0021145
289,0.0026074
290,0.00217891
291,0.0026457
292,0.00226064
293,0.00273712
294,0.00234464
295,0.00280506
296,0.00238093
297,0.00284592
298,0.00244776
299,0.00282784
300,0.00238141
301,0.00286323
302,0.00235494
303,0.00284169
304,0.00233888
305,0.00279426
306,0.00236719
307,0.00282675
308,0.0023581
309,0.00281926
310,0.00232672
311,0.00277317
312,0.00227726
313,0.0028053
314,0.0022076
315,0.00279557
316,0.00215637
317,0.00273502
318,0.00216305
319,0.00275686
320,0.00217689
321,0.00274356
322,0.00218263
323,0.00272484
324,0.00215831
325,0.00275569
326,0.00220242
327,0.00276011
328,0.00228698
329,0.00282571
330,0.00248909
331,0.00306455
332,0.00282956
333,0.00343388
334,0.00329538
335,0.003846
336,0.00380318
337,0.00425856
338,0.00400541
339,0.00416669
340,0.00360607
341,0.00368017
342,0.00316029
343,0.00327349
344,0.00278304
345,0.00305357
346,0.00253847
347,0.00289754
348,0.00246913
349,0.00283105
350,0.00240623
351,0.00280257
352,0.00226868
353,0.0026678
354,0.00225242
355,0.00267298
356,0.00229076
357,0.00268767
358,0.00229753
359,0.00268807
360,0.00232375
361,0.00271642
362,0.00238009
363,0.00277178
364,0.00248272
365,0.00278855
366,0.00252781
367,0.00290778
368,0.00270678
369,0.00305009
370,0.00297719
371,0.00334236
372,0.00332316
373,0.00370662
374,0.00376558
375,0.00415694
376,0.00421042
377,0.0043642
378,0.00415851
379,0.00411947
380,0.00380134
381,0.00369713
382,0.00330935
383,0.00322264
384,0.00287043
385,0.00283922
386,0.00257358
387,0.00256788
388,0.00229288
389,0.0023517
390,0.00217146
391,0.00221641
392,0.00209703
393,0.00216303
394,0.00216136
395,0.00235068
396,0.00243609
397,0.00267419
398,0.00287521
399,0.00315999
