2,0.999485
3,0.999498
4,0.998987
5,0.998676
6,0.99824
7,0.998189
8,0.998234
9,0.998888
10,0.999655
11,1.00048
12,1.00114
13,1.00191
14,1.00249
15,1.0032
16,1.00445
17,1.00583
18,1.00562
19,1.00163
20,0.994252
21,0.957331
22,0.900767
23,0.84946
24,0.798185
25,0.747423
26,0.698981
27,0.653721
28,0.611803
29,0.572582
30,0.536347
31,0.503286
32,0.472249
33,0.443863
34,0.416205
35,0.391365
36,0.367823
37,0.345705
38,0.325641
39,0.306882
40,0.289685
41,0.274206
42,0.260615
43,0.248131
44,0.237105
45,0.227882
46,0.219142
47,0.212476
48,0.206663
49,0.201673
50,0.197654
51,0.194032
52,0.190901
53,0.188216
54,0.185969
55,0.183867
56,0.182168
57,0.180753
58,0.178448
59,0.176941
60,0.174582
61,0.172113
62,0.169334
63,0.166089
64,0.162462
65,0.158545
66,0.154706
67,0.150592
68,0.14666
69,0.142874
70,0.137983
71,0.133363
72,0.128476
73,0.123194
74,0.118144
75,0.112837
76,0.10787
77,0.102913
78,0.0981772
79,0.0936506
80,0.0895496
81,0.085509
82,0.0816371
83,0.0778407
84,0.0739809
85,0.0701174
86,0.0662774
87,0.0627452
88,0.0593039
89,0.0560375
90,0.0526789
91,0.0495794
92,0.0464608
93,0.0435997
94,0.0409173
95,0.0385887
96,0.0362207
97,0.0340964
98,0.0319616
99,0.0300204
100,0.0280686
101,0.026327
102,0.0248026
103,0.0232676
104,0.0218073
105,0.0203137
106,0.0189942
107,0.0175732
108,0.0164387
109,0.0151879
110,0.0143204
111,0.0131088
112,0.0124007
113,0.0112431
114,0.010716
115,0.00959658
116,0.00930029
117,0.00838978
118,0.00825482
119,0.00729368
120,0.00720562
121,0.00616185
122,0.00618238
123,0.00511698
124,0.00528162
125,0.00418959
126,0.00457831
127,0.0036728
128,0.0042411
129,0.00331675
130,0.00402272
131,0.00312085
132,0.00383801
133,0.00301356
134,0.00377748
135,0.00290055
136,0.00369354
137,0.00290365
138,0.00372443
139,0.00295325
140,0.00377805
141,0.00306823
142,0.00389951
143,0.00316505
144,0.0039492
145,0.00321925
146,0.00396795
147,0.00322925
148,0.00383786
149,0.00295897
150,0.00353017
151,0.00258245
152,0.00323104
153,0.00239276
154,0.00318137
155,0.00227636
156,0.00312888
157,0.0022302
158,0.00307583
159,0.00220978
160,0.00306844
161,0.00224917
162,0.00308588
163,0.00238695
164,0.00309092
165,0.00242324
166,0.00305924
167,0.00238989
168,0.00310593
169,0.00239382
170,0.00302165
171,0.00231574
172,0.00299445
173,0.00244824
174,0.00309101
175,0.00261567
176,0.00317968
177,0.00283137
178,0.00335196
179,0.00306727
180,0.00352357
181,0.0032833
182,0.00359114
183,0.00319413
184,0.00326192
185,0.00273734
186,0.00255743
187,0.00240239
188,0.00221507
189,0.00239
190,0.00205019
191,0.00235156
192,0.00194921
193,0.00233394
194,0.00180298
195,0.0023714
196,0.00176865
197,0.002397
198,0.00179662
199,0.00257812
200,0.00192347
201,0.00268467
202,0.00210813
203,0.00281834
204,0.00221636
205,0.00285261
206,0.00223715
207,0.00281766
208,0.00223618
209,0.00281249
210,0.00219143
211,0.00274442
212,0.00214163
213,0.0027049
214,0.00212968
215,0.00272646
216,0.00213572
217,0.00276229
218,0.0022538
219,0.00293684
220,0.00247264
221,0.0031536
222,0.0027814
223,0.00345352
224,0.00316143
225,0.00369751
226,0.00348531
227,0.00395668
228,0.00371302
229,0.00406221
230,0.00361087
231,0.00382221
232,0.00321274
233,0.00338523
234,0.00277606
235,0.00304325
236,0.00242447
237,0.00279786
238,0.00219788
239,0.00253984
240,0.00204155
241,0.00240851
242,0.00191787
243,0.00241762
244,0.00192993
245,0.00238926
246,0.00196941
247,0.00241475
248,0.00199648
249,0.00243109
250,0.00209483
251,0.00247137
252,0.00209434
253,0.00248196
254,0.00213823
255,0.00252651
256,0.00216988
257,0.00255289
258,0.00215635
259,0.00252438
260,0.00221185
261,0.00255577
262,0.00226967
263,0.00263995
264,0.00227911
265,0.00270833
266,0.0023761
267,0.00280902
268,0.00252143
269,0.00291614
270,0.00258685
271,0.00292469
272,0.00265425
273,0.0029128
274,0.00258593
275,0.00280139
276,0.00244015
277,0.00266633
278,0.00225154
279,0.00251536
280,0.00219024
281,0.00240869
282,0.00215558
283,0.00237927
284,0.00216579
285,0.00240244
286,0.00222565
287,0.00236642
288,0.00226386
289,0.00245518
290,0.00232322
291,0.00252469
292,0.00245
293,0.00259783
294,0.00252963
295,0.00266984
296,0.00260813
297,0.00271261
298,0.00263578
299,0.00270433
300,0.00262149
301,0.00266428
302,0.00261502
303,0.0026265
304,0.00253442
305,0.00262203
306,0.00257203
307,0.0026017
308,0.00259568
309,0.00258068
310,0.00258448
311,0.00254854
312,0.00249681
313,0.00252352
314,0.00243929
315,0.00248439
316,0.00242783
317,0.00246121
318,0.002402
319,0.00245358
320,0.00240174
321,0.00247984
322,0.0024043
323,0.0024277
324,0.00242368
325,0.00247377
326,0.00244494
327,0.00249462
328,0.00250221
329,0.00252024
330,0.00267909
331,0.00280491
332,0.00296153
333,0.00318068
334,0.00340606
335,0.00365628
336,0.00388869
337,0.00406486
338,0.00412087
339,0.00394859
340,0.0037693
341,0.00350342
342,0.00329333
343,0.00307533
344,0.00294294
345,0.0027657
346,0.00275009
347,0.00263025
348,0.00264738
349,0.00259432
350,0.00260321
351,0.00253149
352,0.00248337
353,0.00246962
354,0.00245651
355,0.00240781
356,0.00247718
357,0.00245853
358,0.00248987
359,0.00246985
360,0.00251606
361,0.00253498
362,0.00254436
363,0.00259391
364,0.00265976
365,0.0026406
366,0.00269574
367,0.00274421
368,0.00284877
369,0.00296181
370,0.00311596
371,0.0032396
372,0.00345404
373,0.00366332
374,0.00390652
375,0.00413141
376,0.00431609
377,0.00434639
378,0.00425968
379,0.00405612
380,0.00386461
381,0.00359976
382,0.00337953
383,0.00315765
384,0.00295581
385,0.00277691
386,0.00262218
387,0.00245817
388,0.00237049
389,0.00229476
390,0.00219586
391,0.00215217
392,0.00210898
393,0.00210959
394,0.00219002
395,0.00229694
396,0.00245557
397,0.00267336
398,0.00289657
399,0.00318245
