2,2.00411e-05
3,2.07035e-05
4,4.2663e-05
5,5.73268e-05
6,7.79643e-05
7,8.2045e-05
8,8.15985e-05
9,5.25985e-05
10,1.72455e-05
11,-2.18943e-05
12,-5.43193e-05
13,-9.3146e-05
14,-0.000122141
15,-0.000159363
16,-0.000223672
17,-0.000295682
18,-0.000287228
19,-8.19804e-05
20,0.000301482
21,0.00224219
22,0.00524702
23,0.00800975
24,0.010803
25,0.013599
26,0.0162979
27,0.0188496
28,0.0212412
29,0.0235049
30,0.0256212
31,0.0275771
32,0.0294334
33,0.0311533
34,0.0328423
35,0.0343819
36,0.0358556
37,0.0372561
38,0.0385448
39,0.0397647
40,0.0408987
41,0.0419381
42,0.0428707
43,0.0437419
44,0.0445292
45,0.0452132
46,0.0458682
47,0.0464028
48,0.0468855
49,0.0473208
50,0.0476957
51,0.0480475
52,0.0483674
53,0.0486613
54,0.0489257
55,0.0491819
56,0.0494103
57,0.0496222
58,0.0498846
59,0.0500997
60,0.050363
61,0.0506344
62,0.050921
63,0.0512385
64,0.0515761
65,0.0519338
66,0.0522831
67,0.0526524
68,0.0530069
69,0.0533556
70,0.0537687
71,0.0541689
72,0.0545811
73,0.055023
74,0.0554451
75,0.0558886
76,0.0563054
77,0.0567268
78,0.0571288
79,0.0575232
80,0.057884
81,0.0582472
82,0.0585929
83,0.0589403
84,0.0592844
85,0.0596355
86,0.0599783
87,0.0603075
88,0.0606242
89,0.0609358
90,0.0612468
91,0.0615464
92,0.0618417
93,0.0621254
94,0.062392
95,0.06264
96,0.062886
97,0.0631198
98,0.0633504
99,0.06357
100,0.0637888
101,0.0639939
102,0.0641858
103,0.0643749
104,0.0645637
105,0.0647479
106,0.0649291
107,0.065106
108,0.0652775
109,0.0654399
110,0.0655966
111,0.0657518
112,0.0659016
113,0.066049
114,0.0661883
115,0.0663279
116,0.0664558
117,0.0665767
118,0.066694
119,0.0668155
120,0.0669353
121,0.0670561
122,0.0671732
123,0.0672907
124,0.0674056
125,0.0675175
126,0.0676195
127,0.0677165
128,0.0678058
129,0.0678978
130,0.0679833
131,0.0680674
132,0.0681468
133,0.0682273
134,0.0683038
135,0.0683827
136,0.0684512
137,0.0685245
138,0.0685923
139,0.0686635
140,0.0687241
141,0.0687866
142,0.0688484
143,0.0689139
144,0.0689734
145,0.0690435
146,0.069105
147,0.0691758
148,0.0692539
149,0.0693375
150,0.0694277
151,0.069512
152,0.0695999
153,0.0696816
154,0.0697598
155,0.0698352
156,0.0699087
157,0.06998
158,0.0700547
159,0.0701268
160,0.0702028
161,0.0702762
162,0.0703508
163,0.0704216
164,0.0704918
165,0.0705588
166,0.0706202
167,0.0706871
168,0.0707508
169,0.0708095
170,0.0708718
171,0.0709328
172,0.0709987
173,0.0710701
174,0.0711411
175,0.0712156
176,0.0712851
177,0.0713602
178,0.0714285
179,0.0715024
180,0.0715691
181,0.071641
182,0.0717015
183,0.0717564
184,0.0718046
185,0.0718428
186,0.0718836
187,0.0719249
188,0.071967
189,0.0720051
190,0.0720443
191,0.0720758
192,0.0721153
193,0.0721489
194,0.0721854
195,0.0722202
196,0.0722519
197,0.0722871
198,0.0723223
199,0.0723563
200,0.0723973
201,0.0724339
202,0.0724778
203,0.0725165
204,0.0725614
205,0.0726095
206,0.0726599
207,0.072711
208,0.0727635
209,0.0728132
210,0.0728641
211,0.0729192
212,0.0729705
213,0.0730253
214,0.0730757
215,0.0731262
216,0.0731722
217,0.0732183
218,0.0732553
219,0.0732944
220,0.0733297
221,0.073362
222,0.0733924
223,0.0734231
224,0.0734543
225,0.0734888
226,0.0735194
227,0.0735551
228,0.0735904
229,0.0736362
230,0.0736905
231,0.0737513
232,0.0738171
233,0.0738811
234,0.0739502
235,0.0740116
236,0.0740752
237,0.074133
238,0.0741923
239,0.0742533
240,0.0743128
241,0.0743729
242,0.0744277
243,0.0744898
244,0.0745402
245,0.0745901
246,0.0746428
247,0.074691
248,0.0747397
249,0.0747855
250,0.0748275
251,0.074869
252,0.0749153
253,0.0749573
254,0.0750031
255,0.0750421
256,0.0750784
257,0.0751187
258,0.0751525
259,0.0751861
260,0.0752184
261,0.0752467
262,0.0752791
263,0.0753039
264,0.0753376
265,0.0753611
266,0.0753972
267,0.0754283
268,0.0754601
269,0.0754922
270,0.0755216
271,0.0755594
272,0.0755965
273,0.0756368
274,0.0756832
275,0.0757305
276,0.0757829
277,0.0758306
278,0.0758915
279,0.0759405
280,0.0759989
281,0.0760465
282,0.0760983
283,0.076143
284,0.076191
285,0.0762361
286,0.0762858
287,0.0763323
288,0.0763807
289,0.0764273
290,0.0764708
291,0.0765161
292,0.0765636
293,0.0766053
294,0.0766522
295,0.0766928
296,0.0767352
297,0.0767728
298,0.0768059
299,0.0768432
300,0.0768732
301,0.0769108
302,0.07694
303,0.0769748
304,0.0770034
305,0.0770412
306,0.0770761
307,0.0771108
308,0.0771426
309,0.0771764
310,0.077203
311,0.0772368
312,0.0772661
313,0.0772933
314,0.0773169
315,0.0773478
316,0.0773722
317,0.0774072
318,0.0774418
319,0.0774788
320,0.077513
321,0.0775454
322,0.0775787
323,0.077617
324,0.0776569
325,0.077699
326,0.0777397
327,0.0777821
328,0.0778239
329,0.0778749
330,0.0779298
331,0.07799
332,0.0780441
333,0.0781035
334,0.0781584
335,0.0782217
336,0.0782766
337,0.0783286
338,0.0783656
339,0.0783863
340,0.0783992
341,0.0784085
342,0.0784173
343,0.0784292
344,0.0784462
345,0.0784635
346,0.078488
347,0.0785106
348,0.0785425
349,0.078571
350,0.0786014
351,0.0786254
352,0.078652
353,0.0786794
354,0.0787121
355,0.0787414
356,0.0787796
357,0.0788106
358,0.0788447
359,0.0788788
360,0.0789131
361,0.0789491
362,0.0789839
363,0.0790218
364,0.0790547
365,0.0790894
366,0.0791265
367,0.0791633
368,0.0792083
369,0.0792507
370,0.079296
371,0.0793424
372,0.0793948
373,0.0794427
374,0.0794993
375,0.079551
376,0.0795959
377,0.0796285
378,0.0796515
379,0.0796637
380,0.079675
381,0.079681
382,0.0796882
383,0.0796942
384,0.0797017
385,0.0797098
386,0.0797194
387,0.0797295
388,0.0797425
389,0.0797547
390,0.0797637
391,0.0797736
392,0.07978
393,0.079784
394,0.0797849
395,0.0797855
396,0.0797834
397,0.0797847
398,0.0797832
399,0.0797845
