2,1.00028
3,1.0008
4,1.00043
5,1.00013
6,0.999981
7,1.00001
8,1.00009
9,1.00047
10,1.00101
11,1.00161
12,1.00182
13,1.00221
14,1.00293
15,1.00404
16,1.00566
17,1.00738
18,1.00671
19,1.002
20,0.994497
21,0.957216
22,0.900012
23,0.848123
24,0.79601
25,0.744074
26,0.694573
27,0.648444
28,0.606241
29,0.566596
30,0.530344
31,0.497494
32,0.466676
33,0.438081
34,0.411441
35,0.386863
36,0.363524
37,0.342323
38,0.322703
39,0.304672
40,0.288343
41,0.273482
42,0.260014
43,0.248158
44,0.237626
45,0.228537
46,0.220233
47,0.21359
48,0.207904
49,0.202983
50,0.198984
51,0.195515
52,0.192434
53,0.189746
54,0.187712
55,0.185748
56,0.184245
57,0.183075
58,0.181332
59,0.179902
60,0.177785
61,0.175691
62,0.173332
63,0.170151
64,0.166847
65,0.163376
66,0.159654
67,0.155662
68,0.15189
69,0.148293
70,0.143543
71,0.139219
72,0.134194
73,0.129056
74,0.123957
75,0.118596
76,0.11353
77,0.108492
78,0.103497
79,0.0988766
80,0.0945508
81,0.0903314
82,0.0863534
83,0.0824405
84,0.0785386
85,0.0745664
86,0.0706132
87,0.0669338
88,0.0633637
89,0.0599154
90,0.0565027
91,0.0532267
92,0.0499731
93,0.0468828
94,0.0440959
95,0.0415574
96,0.0391651
97,0.0367762
98,0.0345811
99,0.0324813
100,0.0304458
101,0.0285566
102,0.0268491
103,0.025255
104,0.0236509
105,0.0220825
106,0.0205988
107,0.0191439
108,0.0178051
109,0.0165579
110,0.0155044
111,0.0143296
112,0.0133535
113,0.0122745
114,0.0115152
115,0.01054
116,0.00995968
117,0.00922318
118,0.00879704
119,0.00803664
120,0.00765647
121,0.00690682
122,0.00650328
123,0.0057754
124,0.0055273
125,0.00481886
126,0.00471917
127,0.00420998
128,0.00421113
129,0.00381747
130,0.00394723
131,0.00355534
132,0.00369332
133,0.00340886
134,0.003589
135,0.00329907
136,0.00352556
137,0.00322799
138,0.00349483
139,0.00324948
140,0.00355506
141,0.00335628
142,0.00367152
143,0.00348879
144,0.00376323
145,0.00357623
146,0.00380911
147,0.00355921
148,0.00368931
149,0.00332857
150,0.00330961
151,0.00294931
152,0.00299818
153,0.00269032
154,0.00285706
155,0.00261067
156,0.00280003
157,0.00256547
158,0.00278503
159,0.00253639
160,0.00269128
161,0.00259584
162,0.00273281
163,0.00261502
164,0.00279783
165,0.00268605
166,0.00278893
167,0.00266452
168,0.0027972
169,0.00260835
170,0.00269684
171,0.0025547
172,0.00271921
173,0.0025941
174,0.00276406
175,0.00274838
176,0.00293649
177,0.00291644
178,0.00314815
179,0.00317723
180,0.0033711
181,0.00337272
182,0.00347216
183,0.00329538
184,0.00312386
185,0.00276449
186,0.00256653
187,0.00240691
188,0.00233289
189,0.00230558
190,0.00220478
191,0.00223739
192,0.00205383
193,0.00210524
194,0.00198838
195,0.00211331
196,0.00198079
197,0.00218481
198,0.00204144
199,0.00234803
200,0.00218626
201,0.00243055
202,0.00234593
203,0.00261333
204,0.00247171
205,0.0026882
206,0.00250768
207,0.00262771
208,0.00249979
209,0.00268676
210,0.00244294
211,0.00259543
212,0.00235069
213,0.00252543
214,0.00234547
215,0.00248508
216,0.00237055
217,0.00256389
218,0.00246885
219,0.00269135
220,0.00268161
221,0.00293616
222,0.00294303
223,0.00323368
224,0.00331389
225,0.0035509
226,0.0036213
227,0.00387857
228,0.00386937
229,0.00401104
230,0.00388356
231,0.00377222
232,0.00344997
233,0.0033866
234,0.00297742
235,0.00295795
236,0.00271177
237,0.00263203
238,0.00246628
239,0.00240866
240,0.00228262
241,0.00223124
242,0.00218355
243,0.00214881
244,0.00213023
245,0.00218067
246,0.00215154
247,0.00219872
248,0.00226263
249,0.0022337
250,0.00230749
251,0.00225104
252,0.00232978
253,0.00226904
254,0.00232176
255,0.00229698
256,0.00241739
257,0.00227919
258,0.00239924
259,0.0023167
260,0.00239153
261,0.00233482
262,0.00246999
263,0.0024196
264,0.00252372
265,0.00252755
266,0.00260335
267,0.00260157
268,0.00272583
269,0.00270112
270,0.00281368
271,0.00282162
272,0.00291299
273,0.0027697
274,0.00283805
275,0.00267891
276,0.00271853
277,0.00248949
278,0.00253214
279,0.00228569
280,0.00241068
281,0.00220568
282,0.00239389
283,0.00215222
284,0.00237645
285,0.00214724
286,0.00243094
287,0.00217892
288,0.00248404
289,0.00225679
290,0.00255411
291,0.002336
292,0.00263898
293,0.00245081
294,0.00277902
295,0.00253544
296,0.00283006
297,0.00258689
298,0.00282627
299,0.00258147
300,0.00283411
301,0.00249297
302,0.00280458
303,0.00249101
304,0.00278273
305,0.00245029
306,0.00277022
307,0.00246386
308,0.00279102
309,0.00243188
310,0.00276419
311,0.00236188
312,0.00274312
313,0.00234249
314,0.00266544
315,0.00229322
316,0.0026019
317,0.00226038
318,0.0025999
319,0.00225423
320,0.00261231
321,0.00225342
322,0.00260664
323,0.00224502
324,0.00257283
325,0.00224149
326,0.00263986
327,0.00226458
328,0.00266117
329,0.00235142
330,0.0028008
331,0.00257632
332,0.00311517
333,0.00299013
334,0.00354498
335,0.0034795
336,0.00397787
337,0.00393686
338,0.00420736
339,0.00386429
340,0.00384201
341,0.00336117
342,0.00338412
343,0.00295035
344,0.00304383
345,0.00264901
346,0.00284958
347,0.0024707
348,0.00272094
349,0.00248684
350,0.00268973
351,0.0023851
352,0.00258321
353,0.00232827
354,0.00257389
355,0.00230755
356,0.00258984
357,0.00234125
358,0.00259359
359,0.00236332
360,0.00260847
361,0.00243231
362,0.00266953
363,0.00254428
364,0.00272383
365,0.00256859
366,0.00278889
367,0.00269698
368,0.00293266
369,0.00293865
370,0.00315744
371,0.00321708
372,0.00351861
373,0.00369366
374,0.00399149
375,0.00415848
376,0.00440541
377,0.00434946
378,0.0042965
379,0.00402305
380,0.00389788
381,0.00360338
382,0.00343646
383,0.00313176
384,0.00297071
385,0.00272434
386,0.00264419
387,0.00241372
388,0.00238917
389,0.00224734
390,0.00222104
391,0.00212951
392,0.00216074
393,0.00209523
394,0.00220869
395,0.00227112
396,0.0024654
397,0.00268296
398,0.00289526
399,0.00321844
