2,-9.87386e-06
3,-3.11923e-05
4,-1.69761e-05
5,-4.72894e-06
6,1.49464e-06
7,3.84495e-07
8,-3.40171e-06
9,-2.08348e-05
10,-4.69086e-05
11,-7.63113e-05
12,-8.7458e-05
13,-0.000107125
14,-0.000144315
15,-0.000200665
16,-0.000285062
17,-0.000373918
18,-0.000342109
19,-9.87783e-05
20,0.000290278
21,0.00224943
22,0.00528751
23,0.00808129
24,0.0109195
25,0.0137794
26,0.0165366
27,0.019137
28,0.0215458
29,0.0238342
30,0.0259531
31,0.0278988
32,0.0297443
33,0.0314772
34,0.0331104
35,0.0346362
36,0.0360996
37,0.0374485
38,0.0387129
39,0.0398914
40,0.0409762
41,0.0419801
42,0.0429057
43,0.0437403
44,0.0444991
45,0.0451748
46,0.0458043
47,0.0463371
48,0.0468126
49,0.0472428
50,0.0476166
51,0.0479588
52,0.0482759
53,0.0485695
54,0.0488212
55,0.0490682
56,0.0492853
57,0.0494811
58,0.0497096
59,0.0499187
60,0.0501679
61,0.0504149
62,0.0506761
63,0.0509882
64,0.0513064
65,0.051635
66,0.0519774
67,0.0523376
68,0.0526824
69,0.0530172
70,0.0534221
71,0.0538015
72,0.054223
73,0.0546534
74,0.0550801
75,0.0555247
76,0.0559487
77,0.0563729
78,0.0567925
79,0.0571901
80,0.0575668
81,0.0579386
82,0.0582926
83,0.0586447
84,0.0589936
85,0.0593486
86,0.0597003
87,0.0600365
88,0.0603632
89,0.0606835
90,0.0609998
91,0.0613087
92,0.0616139
93,0.0619106
94,0.0621852
95,0.0624451
96,0.0626937
97,0.0629428
98,0.0631785
99,0.0634078
100,0.0636322
101,0.0638471
102,0.0640497
103,0.0642441
104,0.0644399
105,0.0646316
106,0.0648205
107,0.0650036
108,0.0651833
109,0.0653511
110,0.0655125
111,0.0656741
112,0.0658301
113,0.0659833
114,0.0661267
115,0.0662704
116,0.0664016
117,0.0665265
118,0.0666482
119,0.0667723
120,0.0668923
121,0.0670134
122,0.0671351
123,0.0672533
124,0.067371
125,0.0674826
126,0.0675899
127,0.0676901
128,0.0677837
129,0.0678741
130,0.0679642
131,0.0680488
132,0.0681342
133,0.068212
134,0.0682932
135,0.068371
136,0.0684419
137,0.0685184
138,0.0685892
139,0.0686578
140,0.0687188
141,0.0687823
142,0.0688437
143,0.0689067
144,0.0689692
145,0.0690326
146,0.0690981
147,0.0691664
148,0.0692427
149,0.0693272
150,0.0694171
151,0.0695038
152,0.0695926
153,0.0696773
154,0.0697556
155,0.0698325
156,0.0699041
157,0.0699827
158,0.070053
159,0.0701282
160,0.0702003
161,0.0702785
162,0.0703489
163,0.0704241
164,0.0704921
165,0.0705585
166,0.0706238
167,0.070687
168,0.0707477
169,0.0708096
170,0.0708651
171,0.0709285
172,0.0709945
173,0.0710671
174,0.0711367
175,0.0712089
176,0.0712841
177,0.071356
178,0.0714276
179,0.0715015
180,0.0715715
181,0.071639
182,0.0717058
183,0.0717562
184,0.0718052
185,0.0718434
186,0.0718882
187,0.0719285
188,0.0719711
189,0.0720072
190,0.0720454
191,0.072081
192,0.0721137
193,0.0721493
194,0.0721835
195,0.0722166
196,0.072253
197,0.0722842
198,0.072317
199,0.072352
200,0.0723929
201,0.0724327
202,0.0724715
203,0.0725112
204,0.0725546
205,0.0726032
206,0.0726542
207,0.072708
208,0.0727585
209,0.0728069
210,0.0728638
211,0.0729146
212,0.0729706
213,0.0730207
214,0.0730768
215,0.0731247
216,0.0731745
217,0.0732176
218,0.0732579
219,0.0732953
220,0.0733308
221,0.0733645
222,0.0733945
223,0.0734251
224,0.0734535
225,0.0734872
226,0.073519
227,0.0735511
228,0.0735867
229,0.0736288
230,0.0736806
231,0.073743
232,0.0738083
233,0.0738708
234,0.0739412
235,0.0740032
236,0.0740662
237,0.074125
238,0.0741825
239,0.0742456
240,0.0743061
241,0.0743682
242,0.0744244
243,0.0744841
244,0.0745399
245,0.0745907
246,0.074641
247,0.0746909
248,0.0747399
249,0.0747869
250,0.0748322
251,0.0748721
252,0.0749172
253,0.0749616
254,0.0750061
255,0.0750469
256,0.0750852
257,0.075121
258,0.0751547
259,0.0751893
260,0.0752217
261,0.0752493
262,0.0752766
263,0.0753031
264,0.0753335
265,0.0753629
266,0.0753923
267,0.075425
268,0.0754551
269,0.0754879
270,0.0755187
271,0.0755523
272,0.0755867
273,0.0756316
274,0.0756737
275,0.0757235
276,0.0757726
277,0.0758248
278,0.0758807
279,0.0759369
280,0.0759911
281,0.0760418
282,0.0760918
283,0.0761396
284,0.076187
285,0.0762351
286,0.0762845
287,0.0763305
288,0.0763814
289,0.0764267
290,0.0764736
291,0.0765183
292,0.0765655
293,0.0766109
294,0.0766573
295,0.0767006
296,0.0767416
297,0.0767802
298,0.0768133
299,0.0768499
300,0.0768823
301,0.0769156
302,0.0769486
303,0.0769812
304,0.0770132
305,0.0770456
306,0.0770823
307,0.0771151
308,0.0771508
309,0.0771821
310,0.077211
311,0.0772392
312,0.0772688
313,0.0772952
314,0.0773232
315,0.0773467
316,0.0773754
317,0.077407
318,0.0774425
319,0.0774795
320,0.0775136
321,0.0775452
322,0.0775768
323,0.0776135
324,0.077655
325,0.0776984
326,0.0777374
327,0.0777791
328,0.0778213
329,0.0778718
330,0.0779255
331,0.0779843
332,0.0780417
333,0.0780992
334,0.0781583
335,0.0782136
336,0.0782751
337,0.0783254
338,0.0783651
339,0.0783858
340,0.0783973
341,0.0784061
342,0.0784154
343,0.0784287
344,0.0784436
345,0.0784615
346,0.0784832
347,0.0785068
348,0.0785374
349,0.0785681
350,0.0785971
351,0.0786233
352,0.0786491
353,0.0786777
354,0.0787111
355,0.0787424
356,0.0787769
357,0.0788103
358,0.0788437
359,0.0788789
360,0.0789126
361,0.0789481
362,0.0789865
363,0.0790237
364,0.0790552
365,0.0790903
366,0.0791281
367,0.0791665
368,0.0792073
369,0.079255
370,0.0792949
371,0.0793459
372,0.0793966
373,0.0794522
374,0.0795012
375,0.0795556
376,0.0796012
377,0.0796328
378,0.0796517
379,0.0796657
380,0.079673
381,0.0796827
382,0.0796886
383,0.0796942
384,0.0797003
385,0.0797081
386,0.0797178
387,0.0797301
388,0.0797414
389,0.0797533
390,0.0797608
391,0.0797729
392,0.0797782
393,0.0797849
394,0.0797836
395,0.0797823
396,0.0797835
397,0.0797826
398,0.0797827
399,0.0797821
