2,5.33745e-05
3,-2.19306e-06
4,-9.46235e-05
5,-0.000133408
6,-0.000403143
7,-0.000853277
8,-0.00115293
9,-0.00124909
10,-0.00114433
11,-0.00110367
12,-0.00110515
13,-0.000889132
14,-0.000609686
15,-0.000110303
16,0.000416716
17,0.000991
18,0.00162682
19,0.00209286
20,0.00188807
21,0.00427022
22,0.00748118
23,0.00957668
24,0.0115151
25,0.0137857
26,0.0160824
27,0.0184232
28,0.0207544
29,0.0228654
30,0.0248994
31,0.0269441
32,0.0289603
33,0.0309041
34,0.0327201
35,0.0344066
36,0.0359536
37,0.0373934
38,0.0387161
39,0.0399174
40,0.0409883
41,0.0419951
42,0.0429177
43,0.0437294
44,0.0444668
45,0.0451371
46,0.0457509
47,0.0462867
48,0.0467533
49,0.0471822
50,0.0475661
51,0.0478863
52,0.0481887
53,0.0484615
54,0.0487105
55,0.0489361
56,0.0491344
57,0.0493487
58,0.0495701
59,0.0497689
60,0.0499939
61,0.0502309
62,0.0504659
63,0.0507483
64,0.0510429
65,0.0513524
66,0.0516776
67,0.0520072
68,0.05235
69,0.0526997
70,0.0530605
71,0.0534494
72,0.0538715
73,0.0542924
74,0.0547363
75,0.0551648
76,0.0555903
77,0.0560169
78,0.05645
79,0.0568546
80,0.057248
81,0.0576228
82,0.0579871
83,0.058338
84,0.0587021
85,0.0590634
86,0.0594254
87,0.0597685
88,0.0601008
89,0.060428
90,0.0607509
91,0.0610651
92,0.0613835
93,0.0616905
94,0.0619813
95,0.0622403
96,0.0625042
97,0.0627584
98,0.0630035
99,0.0632415
100,0.0634783
101,0.0637005
102,0.0639111
103,0.0641111
104,0.0643134
105,0.0645116
106,0.0647078
107,0.0649002
108,0.0650857
109,0.0652645
110,0.0654299
111,0.0655947
112,0.0657531
113,0.065916
114,0.0660638
115,0.0662127
116,0.0663485
117,0.0664779
118,0.0666007
119,0.0667283
120,0.0668522
121,0.0669726
122,0.0670972
123,0.0672173
124,0.0673349
125,0.0674504
126,0.067559
127,0.0676661
128,0.0677598
129,0.0678541
130,0.067945
131,0.0680345
132,0.0681177
133,0.0681991
134,0.0682785
135,0.0683599
136,0.0684341
137,0.0685112
138,0.0685813
139,0.0686515
140,0.0687157
141,0.0687767
142,0.0688396
143,0.0689014
144,0.0689632
145,0.0690291
146,0.069091
147,0.0691569
148,0.0692328
149,0.0693171
150,0.069407
151,0.0694961
152,0.0695843
153,0.0696695
154,0.0697509
155,0.0698326
156,0.0699034
157,0.0699824
158,0.0700536
159,0.0701286
160,0.0702037
161,0.07028
162,0.0703513
163,0.070424
164,0.0704914
165,0.0705601
166,0.0706237
167,0.0706877
168,0.0707489
169,0.0708068
170,0.0708662
171,0.0709254
172,0.0709921
173,0.0710627
174,0.0711359
175,0.0712035
176,0.0712803
177,0.0713513
178,0.0714278
179,0.0715013
180,0.0715726
181,0.0716398
182,0.0717038
183,0.0717566
184,0.0718096
185,0.0718492
186,0.0718906
187,0.0719313
188,0.0719724
189,0.0720104
190,0.0720457
191,0.0720826
192,0.0721152
193,0.0721494
194,0.0721864
195,0.072216
196,0.0722476
197,0.0722791
198,0.0723129
199,0.0723507
200,0.0723907
201,0.0724274
202,0.0724651
203,0.0725072
204,0.0725495
205,0.0726001
206,0.0726481
207,0.0727022
208,0.072754
209,0.0728077
210,0.0728587
211,0.0729126
212,0.0729676
213,0.073023
214,0.0730767
215,0.0731237
216,0.0731752
217,0.073218
218,0.073262
219,0.073298
220,0.073334
221,0.0733671
222,0.0733984
223,0.0734255
224,0.0734568
225,0.0734835
226,0.0735186
227,0.0735487
228,0.073583
229,0.0736253
230,0.073674
231,0.0737365
232,0.0737987
233,0.0738633
234,0.0739318
235,0.073995
236,0.0740586
237,0.0741176
238,0.0741802
239,0.0742397
240,0.0742994
241,0.0743628
242,0.0744222
243,0.0744816
244,0.074536
245,0.0745902
246,0.0746424
247,0.0746923
248,0.0747426
249,0.0747889
250,0.0748332
251,0.074879
252,0.0749201
253,0.0749664
254,0.0750101
255,0.075052
256,0.0750912
257,0.0751268
258,0.0751595
259,0.0751931
260,0.0752189
261,0.0752525
262,0.0752803
263,0.0753068
264,0.0753324
265,0.0753599
266,0.0753907
267,0.0754203
268,0.0754543
269,0.0754825
270,0.0755147
271,0.0755491
272,0.0755827
273,0.0756233
274,0.0756689
275,0.075716
276,0.075763
277,0.0758196
278,0.0758702
279,0.0759297
280,0.0759831
281,0.0760345
282,0.0760851
283,0.076136
284,0.0761847
285,0.0762316
286,0.0762842
287,0.07633
288,0.0763815
289,0.0764271
290,0.0764777
291,0.0765229
292,0.0765703
293,0.0766161
294,0.076663
295,0.0767083
296,0.0767504
297,0.0767859
298,0.0768204
299,0.0768569
300,0.0768885
301,0.0769239
302,0.0769562
303,0.0769852
304,0.07702
305,0.0770533
306,0.0770893
307,0.077123
308,0.0771594
309,0.0771872
310,0.0772162
311,0.0772428
312,0.0772721
313,0.0772997
314,0.0773264
315,0.0773508
316,0.0773773
317,0.0774086
318,0.0774437
319,0.0774806
320,0.0775138
321,0.077547
322,0.0775783
323,0.0776157
324,0.0776535
325,0.077695
326,0.0777342
327,0.0777772
328,0.0778208
329,0.0778674
330,0.0779213
331,0.0779823
332,0.0780374
333,0.0780947
334,0.0781524
335,0.0782099
336,0.078274
337,0.0783231
338,0.0783619
339,0.0783848
340,0.0783969
341,0.078407
342,0.0784183
343,0.0784273
344,0.0784424
345,0.0784584
346,0.0784806
347,0.0785045
348,0.0785361
349,0.078564
350,0.078595
351,0.0786227
352,0.0786484
353,0.0786775
354,0.0787073
355,0.0787415
356,0.0787756
357,0.0788129
358,0.0788411
359,0.0788804
360,0.0789122
361,0.0789548
362,0.0789853
363,0.0790245
364,0.0790573
365,0.0790922
366,0.0791305
367,0.0791717
368,0.0792099
369,0.079256
370,0.0793007
371,0.0793481
372,0.0793998
373,0.0794541
374,0.0795106
375,0.0795602
376,0.0796057
377,0.0796324
378,0.0796558
379,0.0796672
380,0.0796772
381,0.0796864
382,0.0796885
383,0.0796963
384,0.0797002
385,0.0797102
386,0.0797208
387,0.0797314
388,0.0797411
389,0.0797504
390,0.0797639
391,0.079773
392,0.0797798
393,0.0797833
394,0.0797837
395,0.079783
396,0.0797783
397,0.0797782
398,0.0797805
399,0.0797803
