2,0.998785
3,1.00032
4,1.00246
5,1.00322
6,1.00928
7,1.01924
8,1.02562
9,1.02754
10,1.02485
11,1.02385
12,1.0238
13,1.01934
14,1.01379
15,1.00378
16,0.993588
17,0.982392
18,0.97031
19,0.961461
20,0.964976
21,0.919739
22,0.859458
23,0.820789
24,0.785609
25,0.744609
26,0.703542
27,0.662123
28,0.62122
29,0.584759
30,0.549944
31,0.515305
32,0.481361
33,0.449015
34,0.419101
35,0.391688
36,0.366882
37,0.344092
38,0.323448
39,0.30501
40,0.288888
41,0.273965
42,0.260509
43,0.249006
44,0.23879
45,0.229774
46,0.22168
47,0.214938
48,0.209379
49,0.204405
50,0.200197
51,0.197055
52,0.194193
53,0.191806
54,0.189778
55,0.188129
56,0.186914
57,0.185404
58,0.183752
59,0.182471
60,0.180732
61,0.178768
62,0.176838
63,0.174114
64,0.171193
65,0.168001
66,0.164551
67,0.161019
68,0.157282
69,0.153416
70,0.149378
71,0.144864
72,0.139844
73,0.134825
74,0.129453
75,0.124312
76,0.119231
77,0.114128
78,0.108927
79,0.104166
80,0.099588
81,0.0952894
82,0.0911648
83,0.0872383
84,0.0831152
85,0.0790058
86,0.0749186
87,0.0710855
88,0.0674553
89,0.0638649
90,0.0603722
91,0.0569769
92,0.0535428
93,0.0502603
94,0.0472426
95,0.0446862
96,0.0420733
97,0.0395885
98,0.0372553
99,0.0350181
100,0.032791
101,0.0307915
102,0.0289516
103,0.0272818
104,0.0255564
105,0.0239217
106,0.0222731
107,0.0207377
108,0.0192326
109,0.0179374
110,0.0166849
111,0.0156034
112,0.0144434
113,0.0133846
114,0.0123473
115,0.0115259
116,0.0106265
117,0.0100729
118,0.00933751
119,0.00885643
120,0.00807852
121,0.00769971
122,0.00688507
123,0.00655174
124,0.00578489
125,0.00554158
126,0.00482679
127,0.00488054
128,0.00422481
129,0.00446712
130,0.00379158
131,0.00417764
132,0.00351305
133,0.00403634
134,0.0034143
135,0.00387153
136,0.0032467
137,0.00378086
138,0.00316464
139,0.00381232
140,0.00323615
141,0.00388993
142,0.00335198
143,0.00401785
144,0.00351464
145,0.00409713
146,0.00355057
147,0.00415451
148,0.00347317
149,0.00388672
150,0.00302606
151,0.00352625
152,0.00269383
153,0.00333466
154,0.00253289
155,0.00327504
156,0.00239352
157,0.00312278
158,0.00225895
159,0.00311354
160,0.00234029
161,0.00316564
162,0.00237
163,0.00319971
164,0.00241346
165,0.00321747
166,0.0023745
167,0.00322302
168,0.00239796
169,0.00308576
170,0.00231656
171,0.00309913
172,0.00232196
173,0.00313625
174,0.00244668
175,0.00321091
176,0.0026311
177,0.00336148
178,0.00290173
179,0.00356809
180,0.00319059
181,0.00368724
182,0.00331735
183,0.00352231
184,0.00310702
185,0.00301399
186,0.00270231
187,0.00247182
188,0.00263792
189,0.00217668
190,0.0026496
191,0.00197802
192,0.00255294
193,0.00182043
194,0.00255815
195,0.0018291
196,0.00254878
197,0.00193746
198,0.00261902
199,0.00206011
200,0.00274788
201,0.00225657
202,0.00286927
203,0.00243762
204,0.0029942
205,0.00249255
206,0.0030022
207,0.00244325
208,0.00295705
209,0.00241688
210,0.00287484
211,0.00241292
212,0.00284867
213,0.0023296
214,0.00277552
215,0.00227628
216,0.00277019
217,0.00226851
218,0.00285869
219,0.00252867
220,0.00301102
221,0.00276764
222,0.00324835
223,0.00312938
224,0.00357079
225,0.00348714
226,0.00385109
227,0.00379079
228,0.00415326
229,0.00396629
230,0.00418835
231,0.00373395
232,0.003809
233,0.00336192
234,0.00335462
235,0.00290583
236,0.00304825
237,0.00265709
238,0.00277839
239,0.00237346
240,0.00263428
241,0.00214411
242,0.00241922
243,0.00211321
244,0.0024438
245,0.00205596
246,0.00246496
247,0.00210752
248,0.00246653
249,0.00222469
250,0.00252407
251,0.00226459
252,0.00251209
253,0.00228173
254,0.00252905
255,0.00230375
256,0.00254616
257,0.00230589
258,0.00249137
259,0.0023385
260,0.00255983
261,0.00238188
262,0.00254859
263,0.00244146
264,0.00264481
265,0.00259745
266,0.00269029
267,0.00267727
268,0.00276462
269,0.00286181
270,0.00291609
271,0.00293917
272,0.00297364
273,0.00292215
274,0.00290703
275,0.00281721
276,0.00280286
277,0.00269171
278,0.00255178
279,0.00248437
280,0.00243032
281,0.00239965
282,0.00235673
283,0.00235997
284,0.0023131
285,0.00236944
286,0.00237568
287,0.00243808
288,0.00241942
289,0.00248799
290,0.00249033
291,0.00258501
292,0.00257687
293,0.00269943
294,0.00266957
295,0.00282698
296,0.00279607
297,0.0028401
298,0.0028265
299,0.00284343
300,0.00278044
301,0.0028753
302,0.00273562
303,0.00277612
304,0.0026869
305,0.00278053
306,0.00272363
307,0.00278077
308,0.00271467
309,0.00277833
310,0.00261733
311,0.00264796
312,0.00255162
313,0.00265591
314,0.00244726
315,0.00259526
316,0.00245611
317,0.00259676
318,0.00239785
319,0.00256041
320,0.00240557
321,0.00257834
322,0.00240877
323,0.00259033
324,0.00236005
325,0.00258003
326,0.00240277
327,0.00261244
328,0.00242298
329,0.00263353
330,0.00259168
331,0.00288363
332,0.00292997
333,0.00321847
334,0.00332779
335,0.00363976
336,0.00385739
337,0.00410112
338,0.00404604
339,0.00403394
340,0.00371932
341,0.00359271
342,0.00326001
343,0.00315957
344,0.0028942
345,0.0028811
346,0.00263268
347,0.00275685
348,0.00258572
349,0.00264873
350,0.00253555
351,0.00266995
352,0.00242834
353,0.00257715
354,0.00241912
355,0.00256399
356,0.00241053
357,0.00259009
358,0.00244914
359,0.00262557
360,0.00247855
361,0.00273563
362,0.00253726
363,0.00276098
364,0.00261907
365,0.00279655
366,0.00271385
367,0.00290689
368,0.00286196
369,0.00310437
370,0.00311823
371,0.0033717
372,0.00349212
373,0.00384759
374,0.00403497
375,0.00432533
376,0.00439243
377,0.00443963
378,0.00431729
379,0.00414477
380,0.00388735
381,0.00372333
382,0.00339679
383,0.00321767
384,0.00293375
385,0.00285608
386,0.00264729
387,0.00255078
388,0.002368
389,0.00235562
390,0.00220583
391,0.00223011
392,0.00215614
393,0.00220746
394,0.00223981
395,0.00233262
396,0.00253871
397,0.00278317
398,0.00296979
399,0.00331428
