2,7.83107e-05
3,0.000112257
4,4.22952e-05
5,-4.62786e-05
6,-0.000116622
7,-0.000320739
8,-0.000524859
9,-0.000590167
10,-0.000560074
11,-0.00043828
12,-0.000339907
13,-0.000181325
14,-2.33939e-05
15,0.000141123
16,0.000236662
17,0.000326575
18,0.000487507
19,0.000851629
20,0.000867003
21,0.002609
22,0.00535205
23,0.00777092
24,0.010286
25,0.0128942
26,0.0154485
27,0.0179146
28,0.0202988
29,0.0226087
30,0.0248261
31,0.0269209
32,0.0289407
33,0.0308362
34,0.0326557
35,0.0343149
36,0.0359153
37,0.0374047
38,0.0387405
39,0.0399729
40,0.0410631
41,0.0420593
42,0.0429743
43,0.0437882
44,0.0445159
45,0.0451699
46,0.045763
47,0.0462767
48,0.0467362
49,0.0471378
50,0.0474869
51,0.0478226
52,0.0481223
53,0.0483906
54,0.0486289
55,0.0488361
56,0.049031
57,0.0492302
58,0.0494265
59,0.0496108
60,0.0498286
61,0.0500362
62,0.0502665
63,0.0505262
64,0.0508044
65,0.0510944
66,0.0513937
67,0.0517303
68,0.0520551
69,0.0523808
70,0.052746
71,0.0531213
72,0.0535236
73,0.0539418
74,0.054382
75,0.0548153
76,0.0552506
77,0.0556801
78,0.0561151
79,0.0565309
80,0.0569292
81,0.0573151
82,0.0576858
83,0.0580481
84,0.0584113
85,0.0587803
86,0.0591507
87,0.0595074
88,0.0598456
89,0.0601833
90,0.0605089
91,0.0608303
92,0.0611559
93,0.0614738
94,0.0617723
95,0.062048
96,0.062314
97,0.0625746
98,0.062833
99,0.0630784
100,0.0633238
101,0.0635551
102,0.063774
103,0.0639815
104,0.0641898
105,0.0643923
106,0.064595
107,0.0647935
108,0.0649924
109,0.0651733
110,0.065349
111,0.0655151
112,0.0656863
113,0.0658446
114,0.0660034
115,0.0661515
116,0.0662951
117,0.0664272
118,0.0665565
119,0.0666863
120,0.0668113
121,0.0669366
122,0.067063
123,0.0671849
124,0.0673016
125,0.0674194
126,0.0675324
127,0.0676373
128,0.067739
129,0.0678334
130,0.0679249
131,0.0680178
132,0.0680999
133,0.0681888
134,0.0682641
135,0.0683487
136,0.0684234
137,0.0685039
138,0.0685758
139,0.0686455
140,0.0687068
141,0.0687715
142,0.0688313
143,0.0688966
144,0.0689558
145,0.069022
146,0.0690838
147,0.0691545
148,0.0692264
149,0.0693096
150,0.0693973
151,0.0694901
152,0.0695785
153,0.0696618
154,0.0697457
155,0.0698243
156,0.0699058
157,0.069979
158,0.070055
159,0.0701286
160,0.0702084
161,0.0702803
162,0.0703571
163,0.0704221
164,0.0704948
165,0.0705592
166,0.0706242
167,0.0706871
168,0.0707487
169,0.0708083
170,0.0708649
171,0.0709272
172,0.0709927
173,0.071061
174,0.0711342
175,0.0712025
176,0.0712757
177,0.0713475
178,0.0714247
179,0.0714976
180,0.0715729
181,0.0716413
182,0.0717059
183,0.0717599
184,0.0718139
185,0.0718515
186,0.0718928
187,0.0719325
188,0.0719722
189,0.0720111
190,0.0720462
191,0.0720824
192,0.0721159
193,0.0721516
194,0.0721829
195,0.0722214
196,0.0722473
197,0.0722807
198,0.0723102
199,0.0723489
200,0.0723856
201,0.072424
202,0.0724636
203,0.0725022
204,0.0725492
205,0.0725935
206,0.0726476
207,0.0726992
208,0.0727514
209,0.0728057
210,0.0728552
211,0.0729094
212,0.0729657
213,0.0730206
214,0.0730786
215,0.0731257
216,0.0731765
217,0.073221
218,0.0732627
219,0.0732981
220,0.0733356
221,0.0733659
222,0.0733984
223,0.0734258
224,0.0734551
225,0.0734846
226,0.0735137
227,0.0735469
228,0.07358
229,0.0736226
230,0.0736688
231,0.0737286
232,0.0737919
233,0.0738573
234,0.0739204
235,0.0739891
236,0.0740504
237,0.0741122
238,0.0741703
239,0.0742353
240,0.0742937
241,0.0743585
242,0.0744188
243,0.0744774
244,0.0745323
245,0.0745882
246,0.0746415
247,0.0746964
248,0.0747405
249,0.074791
250,0.0748358
251,0.0748814
252,0.0749227
253,0.0749684
254,0.0750103
255,0.0750557
256,0.0750939
257,0.0751301
258,0.0751609
259,0.0751943
260,0.0752264
261,0.075255
262,0.0752803
263,0.075302
264,0.0753319
265,0.0753583
266,0.0753902
267,0.0754193
268,0.0754511
269,0.07548
270,0.0755117
271,0.0755443
272,0.0755803
273,0.0756158
274,0.0756599
275,0.0757049
276,0.0757584
277,0.0758082
278,0.0758649
279,0.075923
280,0.0759781
281,0.0760278
282,0.0760802
283,0.0761285
284,0.0761812
285,0.0762321
286,0.076279
287,0.0763329
288,0.0763784
289,0.076433
290,0.0764773
291,0.0765266
292,0.0765719
293,0.0766218
294,0.0766684
295,0.0767163
296,0.0767506
297,0.0767929
298,0.0768243
299,0.0768645
300,0.076894
301,0.0769307
302,0.0769603
303,0.0769927
304,0.0770289
305,0.0770613
306,0.0770955
307,0.0771307
308,0.0771644
309,0.0771935
310,0.0772209
311,0.0772451
312,0.0772758
313,0.0773013
314,0.0773312
315,0.0773504
316,0.077381
317,0.0774072
318,0.0774461
319,0.0774807
320,0.0775125
321,0.0775454
322,0.0775778
323,0.0776164
324,0.0776529
325,0.0776926
326,0.0777335
327,0.0777766
328,0.0778152
329,0.0778648
330,0.0779199
331,0.0779755
332,0.0780356
333,0.0780938
334,0.0781496
335,0.0782099
336,0.0782695
337,0.0783232
338,0.0783641
339,0.0783825
340,0.0783984
341,0.0784058
342,0.0784196
343,0.0784276
344,0.0784434
345,0.0784588
346,0.0784799
347,0.0785046
348,0.0785319
349,0.0785625
350,0.0785912
351,0.0786193
352,0.0786494
353,0.078675
354,0.0787064
355,0.078741
356,0.0787763
357,0.0788085
358,0.0788445
359,0.0788782
360,0.0789132
361,0.0789545
362,0.0789885
363,0.0790262
364,0.079059
365,0.0790965
366,0.0791338
367,0.0791743
368,0.0792131
369,0.079258
370,0.079306
371,0.0793532
372,0.0794062
373,0.0794573
374,0.079514
375,0.0795636
376,0.0796103
377,0.0796354
378,0.0796577
379,0.079667
380,0.0796806
381,0.0796868
382,0.0796928
383,0.0796949
384,0.0797043
385,0.07971
386,0.079724
387,0.0797317
388,0.0797425
389,0.079755
390,0.0797649
391,0.0797738
392,0.0797759
393,0.0797824
394,0.0797792
395,0.0797808
396,0.0797771
397,0.0797767
398,0.0797774
399,0.0797776
