2,0.997996
3,0.997249
4,0.99907
5,1.00119
6,1.00277
7,1.00723
8,1.0116
9,1.01286
10,1.01216
11,1.00949
12,1.00741
13,1.00408
14,1.00086
15,0.997488
16,0.995558
17,0.993748
18,0.990602
19,0.983622
20,0.983415
21,0.950379
22,0.898801
23,0.853957
24,0.807855
25,0.760513
26,0.714672
27,0.670897
28,0.629026
29,0.588876
30,0.550736
31,0.515101
32,0.481082
33,0.449519
34,0.419519
35,0.392551
36,0.366772
37,0.343093
38,0.322222
39,0.303256
40,0.286835
41,0.272116
42,0.258828
43,0.247334
44,0.237335
45,0.228619
46,0.220937
47,0.214624
48,0.209202
49,0.20476
50,0.201176
51,0.197809
52,0.19501
53,0.192734
54,0.19091
55,0.189601
56,0.18845
57,0.187219
58,0.18599
59,0.18496
60,0.183337
61,0.181887
62,0.180015
63,0.177673
64,0.174988
65,0.172131
66,0.169084
67,0.165448
68,0.161975
69,0.158504
70,0.154365
71,0.150096
72,0.14535
73,0.14039
74,0.135044
75,0.129845
76,0.124577
77,0.119439
78,0.114168
79,0.109249
80,0.10456
81,0.10011
82,0.0958507
83,0.0917645
84,0.0876157
85,0.083419
86,0.0791547
87,0.0751496
88,0.0713784
89,0.0676593
90,0.0640839
91,0.0606094
92,0.0570297
93,0.0536031
94,0.0504414
95,0.0476484
96,0.0449754
97,0.0424072
98,0.0398553
99,0.0375052
100,0.0351413
101,0.032993
102,0.03104
103,0.0292362
104,0.0274461
105,0.0257039
106,0.0240099
107,0.0223028
108,0.0206853
109,0.0192239
110,0.0179441
111,0.0166858
112,0.0154938
113,0.0143188
114,0.0133152
115,0.0122609
116,0.0115125
117,0.0106594
118,0.0101203
119,0.00928345
120,0.00880999
121,0.00798737
122,0.00752779
123,0.00673561
124,0.00644492
125,0.00571146
126,0.00548944
127,0.00486844
128,0.00480454
129,0.00433247
130,0.00441209
131,0.00396092
132,0.00412877
133,0.00369929
134,0.00394149
135,0.00352071
136,0.00381338
137,0.00341305
138,0.00367874
139,0.00342558
140,0.00373485
141,0.00350382
142,0.003885
143,0.00364405
144,0.0039616
145,0.00373396
146,0.00403794
147,0.0037539
148,0.00395244
149,0.00353335
150,0.00352274
151,0.00313559
152,0.00313651
153,0.00282639
154,0.00295623
155,0.00270246
156,0.00285529
157,0.00259604
158,0.00283893
159,0.00259122
160,0.0028088
161,0.0026444
162,0.00285411
163,0.00262834
164,0.0028704
165,0.00271889
166,0.00286023
167,0.00269487
168,0.00288992
169,0.00267427
170,0.00278199
171,0.00262839
172,0.00275318
173,0.00260201
174,0.00284563
175,0.00272622
176,0.00296423
177,0.00291285
178,0.00315802
179,0.00316519
180,0.00338582
181,0.0033954
182,0.003483
183,0.00326616
184,0.00319138
185,0.00283353
186,0.00264131
187,0.00252814
188,0.00242803
189,0.00242622
190,0.00228532
191,0.00230827
192,0.00217955
193,0.00222731
194,0.0020627
195,0.00219492
196,0.0020782
197,0.00229051
198,0.00223324
199,0.00244161
200,0.00239436
201,0.00260115
202,0.00259009
203,0.002771
204,0.00269667
205,0.00284
206,0.00270334
207,0.00281836
208,0.00269745
209,0.00273998
210,0.00263388
211,0.0026885
212,0.00256563
213,0.00259596
214,0.00249618
215,0.00258342
216,0.002522
217,0.00260511
218,0.00258745
219,0.00274825
220,0.00275994
221,0.00299936
222,0.00300669
223,0.00330597
224,0.00341838
225,0.00364357
226,0.00375848
227,0.00395776
228,0.00406071
229,0.00414382
230,0.00408746
231,0.00395403
232,0.00372238
233,0.00353787
234,0.00333051
235,0.00313369
236,0.00295795
237,0.00280633
238,0.00268291
239,0.00256145
240,0.0024831
241,0.00234211
242,0.00229119
243,0.00225034
244,0.0023048
245,0.00221986
246,0.00228116
247,0.00228382
248,0.00230057
249,0.00227101
250,0.00241938
251,0.00229623
252,0.00240341
253,0.002309
254,0.00248176
255,0.00236088
256,0.00244044
257,0.00236722
258,0.00246401
259,0.00235407
260,0.00246461
261,0.00236089
262,0.00250601
263,0.00248803
264,0.00261852
265,0.00259116
266,0.00268773
267,0.00265677
268,0.00281019
269,0.00275757
270,0.00293037
271,0.00291819
272,0.00300527
273,0.00295012
274,0.00301225
275,0.00286321
276,0.00281296
277,0.00263241
278,0.0026586
279,0.00238994
280,0.00249502
281,0.00233228
282,0.00245926
283,0.00222781
284,0.00243681
285,0.00224846
286,0.00242058
287,0.00225442
288,0.00249689
289,0.00235431
290,0.00259613
291,0.00245106
292,0.00270629
293,0.00257547
294,0.00282312
295,0.00275104
296,0.00290885
297,0.00273916
298,0.00294324
299,0.00275255
300,0.00291918
301,0.00271471
302,0.00292283
303,0.00262932
304,0.00289033
305,0.00260591
306,0.00289919
307,0.00261968
308,0.00287755
309,0.00261556
310,0.0028044
311,0.00248958
312,0.00273915
313,0.0025032
314,0.00268139
315,0.00237934
316,0.0026284
317,0.00240475
318,0.00264334
319,0.00238119
320,0.00258952
321,0.00236985
322,0.0025954
323,0.00238266
324,0.00257144
325,0.00238687
326,0.00260578
327,0.00238602
328,0.0026664
329,0.00241106
330,0.0027722
331,0.00265829
332,0.0030641
333,0.00303014
334,0.00345455
335,0.00349402
336,0.00390834
337,0.00397532
338,0.00422014
339,0.00388814
340,0.00385372
341,0.00343411
342,0.00339841
343,0.00301786
344,0.00303137
345,0.00269923
346,0.0028079
347,0.00255009
348,0.00270278
349,0.00248881
350,0.00262367
351,0.0024628
352,0.00262936
353,0.00237745
354,0.0025263
355,0.00236433
356,0.00256835
357,0.00238785
358,0.00258354
359,0.00244998
360,0.00261494
361,0.00254578
362,0.00270212
363,0.00262077
364,0.00273109
365,0.00266469
366,0.002846
367,0.00281025
368,0.00296104
369,0.00301031
370,0.00324539
371,0.00332739
372,0.00364211
373,0.00377229
374,0.00410792
375,0.00426488
376,0.00449985
377,0.00441697
378,0.00436645
379,0.00407994
380,0.00394888
381,0.00365594
382,0.00346511
383,0.0031736
384,0.00302512
385,0.00276221
386,0.00268311
387,0.00247527
388,0.00243221
389,0.00227481
390,0.00224329
391,0.00215024
392,0.00216407
393,0.00213965
394,0.00224684
395,0.00234466
396,0.00251874
397,0.00276582
398,0.00299255
399,0.00327586
