2,0.760822
3,0.474102
4,0.36138
5,0.275654
6,0.208915
7,0.155714
8,0.111068
9,0.0717965
10,0.0386313
11,0.0150337
12,0.00800397
13,0.00748403
14,0.00766785
15,0.00717083
16,0.00745081
17,0.00709476
18,0.00669348
19,0.00657133
20,0.00597925
21,0.00551825
22,0.00540153
23,0.00448344
24,0.00442879
25,0.0040466
26,0.00349006
27,0.0033363
28,0.00314742
29,0.00264201
30,0.00262778
31,0.00232541
32,0.00209033
33,0.00189238
34,0.00164352
35,0.00160318
36,0.00155591
37,0.00130344
38,0.00137023
39,0.00121089
40,0.00128209
41,0.0011303
42,0.00122956
43,0.00110684
44,0.00103508
45,0.00111431
46,0.000968777
47,0.00104491
48,0.00103655
49,0.00119911
50,0.00127189
51,0.00126821
52,0.00136316
53,0.00127227
54,0.001298
55,0.00132053
56,0.00124719
57,0.00139388
58,0.00119106
59,0.00146224
60,0.00109215
61,0.00148314
62,0.00117203
63,0.00157442
64,0.00117133
65,0.00147777
66,0.00118638
67,0.00127274
68,0.00127236
69,0.00107599
70,0.0011364
71,0.00105877
72,0.0012559
73,0.00125623
74,0.00146973
75,0.00132499
76,0.0014344
77,0.00124547
78,0.00129411
79,0.0012008
80,0.00126021
81,0.00116223
82,0.00124035
83,0.00120672
84,0.0012808
85,0.00122717
86,0.00127125
87,0.00110074
88,0.00115038
89,0.000963451
90,0.00114494
91,0.000861239
92,0.00125949
93,0.000972514
94,0.00146042
95,0.00110583
96,0.0014885
97,0.0011912
98,0.00127746
99,0.00119996
100,0.00112796
101,0.00115026
102,0.00108483
103,0.00124437
104,0.00125393
105,0.00124598
106,0.00119828
107,0.00111355
108,0.00109045
109,0.00102762
110,0.00109514
111,0.00116235
112,0.00117961
113,0.00138583
114,0.00129705
115,0.00148675
116,0.00128832
117,0.00144114
118,0.00132188
119,0.00148054
120,0.00143993
121,0.00154878
122,0.0014931
123,0.00145802
124,0.00139611
125,0.00131644
126,0.0013057
127,0.0012566
128,0.001231
129,0.00116188
130,0.00125745
131,0.00106015
132,0.00114777
133,0.00102347
134,0.00110425
135,0.00131062
136,0.00134817
137,0.0014334
138,0.00133462
139,0.00144042
140,0.00134993
141,0.00154463
142,0.00148698
143,0.00151784
144,0.0016027
145,0.00147776
146,0.00167298
147,0.00147921
148,0.00159765
149,0.00148783
150,0.00165741
151,0.00151574
152,0.00175109
153,0.00158069
154,0.00173678
155,0.00168305
156,0.00166089
157,0.00155433
158,0.00168707
159,0.00142494
160,0.00174589
161,0.00156206
162,0.00183837
163,0.00153273
164,0.00162257
165,0.00121206
166,0.0012613
167,0.00105853
168,0.00103743
169,0.00102934
170,0.00107445
171,0.000939174
172,0.00117794
173,0.00100073
174,0.00128069
175,0.00101904
176,0.00134575
177,0.00120523
178,0.00142928
179,0.00129012
180,0.00137425
181,0.00126602
182,0.00137625
183,0.001314
184,0.00141702
185,0.00135265
186,0.00143164
187,0.00140066
188,0.00150959
189,0.00153531
190,0.00165349
191,0.00168329
192,0.0015575
193,0.00170902
194,0.0014638
195,0.00176064
196,0.00145876
197,0.00182796
198,0.00155753
199,0.00163466
200,0.001477
201,0.00150135
202,0.00163998
203,0.00142171
204,0.00170678
205,0.00131327
206,0.0017123
207,0.00135924
208,0.00171111
209,0.00142962
210,0.00163097
211,0.00137285
212,0.00151319
213,0.00127864
214,0.00139089
215,0.00131092
216,0.00146774
217,0.00141551
218,0.00162221
219,0.00144902
220,0.00168012
221,0.00128521
222,0.00154967
223,0.00117875
224,0.00149919
225,0.001233
226,0.00159087
227,0.00121229
228,0.0015365
229,0.00114504
230,0.00145506
231,0.00125265
232,0.00147606
233,0.00135393
234,0.0013235
235,0.00143667
236,0.00132745
237,0.0015737
238,0.00143274
239,0.00157893
240,0.001548
241,0.0015237
242,0.00149081
243,0.00154099
244,0.00149408
245,0.00158582
246,0.00150374
247,0.00160916
248,0.00153545
249,0.0016103
250,0.00138051
251,0.00164705
252,0.00140448
253,0.00163173
254,0.00155041
255,0.0015531
256,0.00147042
257,0.00162316
258,0.00140114
259,0.00167553
260,0.00132729
261,0.00173744
262,0.00127088
263,0.00167339
264,0.00120576
265,0.00163501
266,0.00118751
267,0.00167725
268,0.00116927
269,0.00145989
270,0.00122708
271,0.00134404
272,0.00134154
273,0.00139715
274,0.00155136
275,0.00148768
276,0.00159626
277,0.00155603
278,0.00159119
279,0.00151171
280,0.00151355
281,0.00135286
282,0.0014825
283,0.00127848
284,0.00144192
285,0.0012478
286,0.00142493
287,0.00136565
288,0.00132483
289,0.00132416
290,0.00120515
291,0.00146854
292,0.00125567
293,0.00159228
294,0.00131721
295,0.00165369
296,0.00128899
297,0.0015988
298,0.00118632
299,0.00150758
300,0.00130669
301,0.00148318
302,0.00158599
303,0.00148796
304,0.00167449
305,0.0015321
306,0.00152003
307,0.00151869
308,0.00139308
309,0.00129327
310,0.00131525
311,0.00121976
312,0.00129261
313,0.00122551
314,0.00127696
315,0.00120545
316,0.00133392
317,0.00128035
318,0.00138531
319,0.00142455
320,0.00138816
321,0.00129654
322,0.00111395
323,0.00110486
324,0.00108012
325,0.00118538
326,0.00121933
327,0.001212
328,0.00136569
329,0.00112013
330,0.00134044
331,0.0012243
332,0.00122644
333,0.00124927
334,0.00130821
335,0.0014933
336,0.00171613
337,0.00163634
338,0.00186745
339,0.00166299
340,0.00173272
341,0.00177439
342,0.00171908
343,0.00172311
344,0.00180816
345,0.00175409
346,0.00175635
347,0.00173901
348,0.00162554
349,0.00165051
350,0.00144313
351,0.00176427
352,0.0015249
353,0.00177686
354,0.00151453
355,0.00166301
356,0.00148612
357,0.00145621
358,0.00140419
359,0.00142004
360,0.00134584
361,0.00150256
362,0.00136167
363,0.00151777
364,0.0015568
365,0.00183538
366,0.0018021
367,0.00186027
368,0.00175807
369,0.00170485
370,0.00161585
371,0.00166209
372,0.00151565
373,0.00151336
374,0.00134687
375,0.00140048
376,0.00130483
377,0.00135436
378,0.00132429
379,0.00144064
380,0.00132961
381,0.00128431
382,0.00125874
383,0.00116087
384,0.00133102
385,0.00109656
386,0.0012771
387,0.00112155
388,0.00126427
389,0.00120303
390,0.00138502
391,0.00125986
392,0.00143382
393,0.00140642
394,0.00134729
395,0.00164096
396,0.00144155
397,0.00171561
398,0.00146173
399,0.00130184
