2,0.00276691
3,0.00796807
4,0.0125209
5,0.0165091
6,0.0200429
7,0.0231163
8,0.0257298
9,0.0279583
10,0.0299227
11,0.0316907
12,0.0332898
13,0.0347467
14,0.0360544
15,0.0372304
16,0.0383044
17,0.0393289
18,0.0403442
19,0.0413944
20,0.0424525
21,0.043492
22,0.0445077
23,0.0455417
24,0.0465814
25,0.0475892
26,0.0484972
27,0.0492938
28,0.0499671
29,0.050536
30,0.0510628
31,0.051594
32,0.0521441
33,0.0526905
34,0.0532064
35,0.0536883
36,0.0541378
37,0.0545647
38,0.0549846
39,0.0554086
40,0.0558269
41,0.0562237
42,0.0565817
43,0.0569153
44,0.0572139
45,0.0575061
46,0.0578016
47,0.0581016
48,0.0583902
49,0.0586482
50,0.058885
51,0.0591017
52,0.0593111
53,0.0595135
54,0.0597343
55,0.059949
56,0.0601507
57,0.0603323
58,0.0605006
59,0.0606658
60,0.0608292
61,0.0609965
62,0.0611684
63,0.0613326
64,0.0614881
65,0.061627
66,0.0617683
67,0.0619017
68,0.062034
69,0.0621657
70,0.062304
71,0.06243
72,0.0625674
73,0.0626963
74,0.062828
75,0.0629499
76,0.0630771
77,0.0631993
78,0.0633199
79,0.0634394
80,0.0635536
81,0.0636673
82,0.0637792
83,0.0638961
84,0.0640075
85,0.0641233
86,0.0642284
87,0.0643333
88,0.064434
89,0.0645378
90,0.064638
91,0.0647392
92,0.0648399
93,0.0649375
94,0.0650376
95,0.0651308
96,0.0652296
97,0.0653226
98,0.0654187
99,0.0655138
100,0.0656085
101,0.0657003
102,0.0657956
103,0.0658857
104,0.065977
105,0.0660687
106,0.0661633
107,0.0662518
108,0.0663467
109,0.0664304
110,0.0665237
111,0.0666045
112,0.0666991
113,0.0667804
114,0.0668682
115,0.0669523
116,0.0670404
117,0.0671266
118,0.067214
119,0.0673043
120,0.0673947
121,0.067492
122,0.067575
123,0.0676546
124,0.0677178
125,0.0677911
126,0.0678539
127,0.0679275
128,0.0679962
129,0.0680702
130,0.0681404
131,0.0682152
132,0.0682883
133,0.0683615
134,0.0684317
135,0.0685054
136,0.0685758
137,0.0686467
138,0.0687145
139,0.0687817
140,0.068846
141,0.0689118
142,0.068977
143,0.0690387
144,0.0691052
145,0.0691633
146,0.0692329
147,0.0693029
148,0.0693778
149,0.0694504
150,0.0695226
151,0.0695904
152,0.0696589
153,0.0697246
154,0.0697855
155,0.0698538
156,0.0699109
157,0.0699792
158,0.0700362
159,0.0701033
160,0.0701647
161,0.0702339
162,0.0702997
163,0.0703681
164,0.0704361
165,0.0704997
166,0.070565
167,0.0706277
168,0.0706917
169,0.0707546
170,0.0708173
171,0.07088
172,0.0709343
173,0.0709959
174,0.0710557
175,0.0711155
176,0.0711748
177,0.0712324
178,0.0712929
179,0.0713504
180,0.0714137
181,0.0714681
182,0.071531
183,0.0715869
184,0.0716496
185,0.0717059
186,0.0717634
187,0.0718083
188,0.0718572
189,0.0718984
190,0.0719483
191,0.0719917
192,0.0720395
193,0.0720856
194,0.0721337
195,0.0721828
196,0.0722327
197,0.0722864
198,0.0723364
199,0.0723881
200,0.0724376
201,0.0724844
202,0.0725309
203,0.0725826
204,0.0726356
205,0.0726872
206,0.0727421
207,0.0727921
208,0.0728442
209,0.0728957
210,0.0729477
211,0.0730016
212,0.0730521
213,0.0731027
214,0.0731507
215,0.0732003
216,0.0732448
217,0.0732912
218,0.0733304
219,0.0733735
220,0.0734152
221,0.0734547
222,0.0734912
223,0.0735314
224,0.0735674
225,0.0736076
226,0.0736548
227,0.073718
228,0.0737803
229,0.0738427
230,0.0739
231,0.0739588
232,0.0740162
233,0.0740689
234,0.0741226
235,0.0741699
236,0.074218
237,0.0742663
238,0.0743119
239,0.0743561
240,0.0743998
241,0.0744428
242,0.0744833
243,0.0745255
244,0.0745624
245,0.0746036
246,0.0746407
247,0.0746782
248,0.0747202
249,0.0747595
250,0.0748015
251,0.0748419
252,0.0748816
253,0.0749248
254,0.0749649
255,0.0750091
256,0.075048
257,0.0750896
258,0.0751313
259,0.0751709
260,0.0752119
261,0.0752509
262,0.07529
263,0.0753277
264,0.0753671
265,0.0754018
266,0.0754416
267,0.0754756
268,0.0755158
269,0.0755483
270,0.075588
271,0.0756218
272,0.0756614
273,0.0757076
274,0.0757551
275,0.0758023
276,0.0758474
277,0.0758915
278,0.0759333
279,0.0759717
280,0.0760121
281,0.0760491
282,0.0760917
283,0.076129
284,0.0761696
285,0.0762093
286,0.076246
287,0.0762892
288,0.0763252
289,0.076371
290,0.0764098
291,0.0764522
292,0.0764927
293,0.0765353
294,0.0765779
295,0.0766163
296,0.0766574
297,0.0766986
298,0.0767388
299,0.0767778
300,0.0768127
301,0.0768443
302,0.0768765
303,0.0769091
304,0.0769442
305,0.0769803
306,0.0770162
307,0.0770523
308,0.0770875
309,0.0771265
310,0.0771642
311,0.0771985
312,0.077232
313,0.0772643
314,0.0772976
315,0.077328
316,0.0773648
317,0.0773997
318,0.0774373
319,0.0774717
320,0.0775038
321,0.0775353
322,0.0775665
323,0.077601
324,0.0776291
325,0.0776665
326,0.0776953
327,0.0777297
328,0.0777577
329,0.0777915
330,0.0778217
331,0.0778596
332,0.0778987
333,0.0779387
334,0.0779851
335,0.0780267
336,0.0780743
337,0.0781188
338,0.0781693
339,0.0782226
340,0.0782826
341,0.0783329
342,0.0783658
343,0.0783798
344,0.0783935
345,0.0784077
346,0.0784218
347,0.0784378
348,0.0784556
349,0.0784756
350,0.078502
351,0.0785263
352,0.0785556
353,0.0785845
354,0.0786179
355,0.0786471
356,0.0786838
357,0.0787161
358,0.0787518
359,0.0787853
360,0.078815
361,0.0788474
362,0.0788777
363,0.0789088
364,0.0789413
365,0.0789724
366,0.0790053
367,0.0790364
368,0.0790711
369,0.0791024
370,0.0791352
371,0.07917
372,0.079199
373,0.0792337
374,0.0792658
375,0.0793032
376,0.0793367
377,0.0793772
378,0.0794142
379,0.0794583
380,0.0795021
381,0.0795521
382,0.0795926
383,0.0796274
384,0.079648
385,0.079669
386,0.0796836
387,0.0797059
388,0.0797253
389,0.0797472
390,0.079769
391,0.0797877
392,0.0798091
393,0.0798273
394,0.0798423
395,0.0798599
396,0.079869
397,0.0798799
398,0.0798859
399,0.0798881
