2,0.0089764
3,0.0209141
4,0.0264628
5,0.030988
6,0.0347364
7,0.0378998
8,0.0406733
9,0.0431929
10,0.0454244
11,0.047202
12,0.0482223
13,0.0487987
14,0.0492781
15,0.0497897
16,0.0502174
17,0.0506581
18,0.0510993
19,0.0514808
20,0.0518939
21,0.0522788
22,0.0526242
23,0.0530025
24,0.0533382
25,0.0536519
26,0.0539918
27,0.0542866
28,0.0545744
29,0.0548761
30,0.0551437
31,0.0554153
32,0.055688
33,0.0559398
34,0.0561939
35,0.0564297
36,0.0566539
37,0.0568857
38,0.0571074
39,0.0573186
40,0.0575325
41,0.0577372
42,0.0579348
43,0.0581348
44,0.0583294
45,0.058522
46,0.0587182
47,0.0589079
48,0.0590927
49,0.0592756
50,0.0594499
51,0.0596188
52,0.0597827
53,0.0599403
54,0.0601
55,0.0602606
56,0.0604188
57,0.0605785
58,0.0607312
59,0.0608812
60,0.0610195
61,0.0611575
62,0.0612957
63,0.0614337
64,0.0615744
65,0.061718
66,0.0618584
67,0.0619965
68,0.0621285
69,0.0622559
70,0.0623848
71,0.0625123
72,0.0626408
73,0.0627645
74,0.0628842
75,0.0629991
76,0.0631131
77,0.0632283
78,0.0633421
79,0.0634549
80,0.063565
81,0.0636732
82,0.0637875
83,0.0638992
84,0.0640158
85,0.0641275
86,0.0642366
87,0.0643425
88,0.0644482
89,0.0645521
90,0.0646564
91,0.0647551
92,0.0648517
93,0.0649484
94,0.0650417
95,0.0651377
96,0.0652296
97,0.0653234
98,0.0654158
99,0.0655082
100,0.0656027
101,0.0657017
102,0.0658014
103,0.0659023
104,0.0660008
105,0.0660973
106,0.0661902
107,0.0662817
108,0.0663639
109,0.0664448
110,0.0665212
111,0.0665986
112,0.0666808
113,0.0667688
114,0.0668557
115,0.0669403
116,0.0670222
117,0.067101
118,0.0671781
119,0.0672597
120,0.0673446
121,0.0674278
122,0.0675142
123,0.0675966
124,0.0676761
125,0.0677574
126,0.0678377
127,0.0679127
128,0.0679879
129,0.068063
130,0.0681302
131,0.0681981
132,0.0682687
133,0.0683355
134,0.0684082
135,0.0684845
136,0.0685615
137,0.0686396
138,0.068717
139,0.0687932
140,0.068872
141,0.0689471
142,0.0690201
143,0.0690887
144,0.0691514
145,0.0692139
146,0.0692775
147,0.0693448
148,0.0694063
149,0.0694653
150,0.0695304
151,0.0695937
152,0.0696615
153,0.0697284
154,0.0697955
155,0.0698606
156,0.0699259
157,0.0699903
158,0.0700527
159,0.0701126
160,0.0701724
161,0.0702313
162,0.0702905
163,0.0703529
164,0.0704137
165,0.0704763
166,0.07054
167,0.0706069
168,0.0706732
169,0.0707367
170,0.0707976
171,0.0708597
172,0.0709243
173,0.0709883
174,0.0710544
175,0.071119
176,0.0711761
177,0.0712305
178,0.0712779
179,0.0713226
180,0.0713698
181,0.0714212
182,0.0714765
183,0.071534
184,0.0715937
185,0.0716524
186,0.071707
187,0.0717614
188,0.0718164
189,0.0718703
190,0.071925
191,0.0719804
192,0.0720354
193,0.0720863
194,0.0721319
195,0.0721767
196,0.0722214
197,0.0722692
198,0.0723245
199,0.072386
200,0.0724497
201,0.0725098
202,0.0725683
203,0.0726248
204,0.0726807
205,0.0727346
206,0.0727873
207,0.0728362
208,0.0728824
209,0.0729271
210,0.0729689
211,0.0730131
212,0.0730577
213,0.0731034
214,0.0731504
215,0.0731909
216,0.0732305
217,0.0732744
218,0.0733232
219,0.0733775
220,0.0734345
221,0.0734939
222,0.0735522
223,0.0736067
224,0.0736586
225,0.073704
226,0.0737419
227,0.0737813
228,0.0738242
229,0.0738768
230,0.073933
231,0.0739888
232,0.0740421
233,0.0740895
234,0.0741379
235,0.0741857
236,0.0742278
237,0.0742678
238,0.0743051
239,0.0743434
240,0.0743843
241,0.0744297
242,0.0744751
243,0.0745192
244,0.0745598
245,0.0746008
246,0.0746386
247,0.0746763
248,0.074718
249,0.0747603
250,0.0748049
251,0.074846
252,0.0748905
253,0.0749324
254,0.0749749
255,0.0750183
256,0.0750572
257,0.0750952
258,0.0751338
259,0.0751671
260,0.0752058
261,0.075245
262,0.0752874
263,0.0753351
264,0.0753817
265,0.0754266
266,0.0754687
267,0.0755057
268,0.0755462
269,0.0755873
270,0.0756287
271,0.0756723
272,0.0757166
273,0.0757593
274,0.0757975
275,0.0758357
276,0.075864
277,0.0758948
278,0.0759299
279,0.0759694
280,0.0760109
281,0.0760505
282,0.0760891
283,0.0761248
284,0.0761625
285,0.0761995
286,0.07624
287,0.0762812
288,0.0763204
289,0.0763591
290,0.0763964
291,0.0764346
292,0.0764733
293,0.0765133
294,0.0765582
295,0.0766019
296,0.0766439
297,0.0766834
298,0.0767248
299,0.0767658
300,0.0768057
301,0.0768393
302,0.0768689
303,0.0768953
304,0.0769236
305,0.0769572
306,0.0769895
307,0.0770257
308,0.0770579
309,0.0770931
310,0.0771332
311,0.0771735
312,0.0772145
313,0.0772539
314,0.0772908
315,0.077328
316,0.0773674
317,0.0774098
318,0.0774524
319,0.0774917
320,0.0775286
321,0.0775611
322,0.0775874
323,0.077613
324,0.0776409
325,0.077671
326,0.0777041
327,0.077738
328,0.0777709
329,0.0778023
330,0.0778333
331,0.077866
332,0.0779023
333,0.0779386
334,0.0779796
335,0.0780215
336,0.0780541
337,0.0780908
338,0.078127
339,0.0781647
340,0.0782023
341,0.0782368
342,0.078268
343,0.0783047
344,0.0783435
345,0.0783781
346,0.0784061
347,0.0784257
348,0.0784426
349,0.0784616
350,0.078487
351,0.0785206
352,0.0785558
353,0.0785868
354,0.0786169
355,0.0786428
356,0.0786712
357,0.0787058
358,0.0787409
359,0.0787775
360,0.0788119
361,0.0788427
362,0.0788754
363,0.0789059
364,0.0789381
365,0.0789713
366,0.079006
367,0.0790377
368,0.0790652
369,0.0790886
370,0.079109
371,0.0791296
372,0.0791534
373,0.0791883
374,0.0792247
375,0.0792651
376,0.0793031
377,0.0793341
378,0.0793665
379,0.0793959
380,0.0794281
381,0.0794628
382,0.0794974
383,0.0795291
384,0.0795589
385,0.0795846
386,0.079611
387,0.0796359
388,0.0796608
389,0.0796869
390,0.0797142
391,0.0797432
392,0.079777
393,0.0798144
394,0.0798506
395,0.0798812
396,0.0799036
397,0.0799216
398,0.0799336
399,0.0799416
