2,0.926278
3,0.799639
4,0.697833
5,0.614086
6,0.543529
7,0.485
8,0.437609
9,0.399101
10,0.366491
11,0.338139
12,0.313326
13,0.291428
14,0.27251
15,0.256149
16,0.241718
17,0.228149
18,0.214664
19,0.200423
20,0.185967
21,0.171829
22,0.158114
23,0.144004
24,0.129777
25,0.116119
26,0.104303
27,0.094483
28,0.0868718
29,0.0810925
30,0.0760026
31,0.0707471
32,0.065074
33,0.0594311
34,0.0542682
35,0.0496261
36,0.045531
37,0.041758
38,0.0380652
39,0.0342243
40,0.0304676
41,0.0270088
42,0.0242374
43,0.0217393
44,0.0198866
45,0.0180117
46,0.0161067
47,0.0140286
48,0.0121785
49,0.0107662
50,0.0097193
51,0.00890759
52,0.00825342
53,0.00757263
54,0.00665661
55,0.00573415
56,0.00507211
57,0.00462343
58,0.00438105
59,0.00409697
60,0.00384262
61,0.00349378
62,0.0030933
63,0.00277243
64,0.00256831
65,0.00247333
66,0.00235864
67,0.00224015
68,0.00211108
69,0.00192439
70,0.0015221
71,0.00112985
72,0.00106711
73,0.00122669
74,0.00131437
75,0.00136962
76,0.00139596
77,0.0013846
78,0.0013778
79,0.00134598
80,0.00130479
81,0.00129722
82,0.00131113
83,0.00129446
84,0.00129863
85,0.00124651
86,0.00119283
87,0.00111816
88,0.000800135
89,0.000611377
90,0.000726983
91,0.00100812
92,0.00107276
93,0.00110192
94,0.00112461
95,0.00112505
96,0.00110954
97,0.00118397
98,0.00117316
99,0.00120365
100,0.0011899
101,0.00116667
102,0.00113089
103,0.0011307
104,0.00113627
105,0.00113211
106,0.00115161
107,0.00115113
108,0.00109408
109,0.00110978
110,0.00107013
111,0.00106912
112,0.00095622
113,0.000462733
114,0.00058286
115,0.000844972
116,0.000970916
117,0.00102496
118,0.0010576
119,0.00112777
120,0.00120796
121,0.00137295
122,0.00137396
123,0.00136288
124,0.00120782
125,0.00118599
126,0.00111666
127,0.00114639
128,0.0011159
129,0.00110147
130,0.00106282
131,0.00103482
132,0.00101581
133,0.00105193
134,0.00107163
135,0.00111089
136,0.00107246
137,0.00103876
138,0.00102507
139,0.00101093
140,0.00103614
141,0.00106317
142,0.00112369
143,0.00113751
144,0.00114723
145,0.00118769
146,0.00113919
147,0.00114232
148,0.00112987
149,0.00111961
150,0.00112262
151,0.0010617
152,0.0010351
153,0.00100711
154,0.00102725
155,0.00103618
156,0.00108415
157,0.00105888
158,0.00109178
159,0.00103577
160,0.00102918
161,0.00100261
162,0.00103055
163,0.00103143
164,0.00101989
165,0.00104649
166,0.00101597
167,0.00100625
168,0.0010115
169,0.00105527
170,0.0010692
171,0.0011121
172,0.00106732
173,0.00104494
174,0.00103568
175,0.00102346
176,0.00106186
177,0.00110591
178,0.001129
179,0.00111896
180,0.00111445
181,0.00108993
182,0.00113277
183,0.00115102
184,0.00123387
185,0.0012586
186,0.00125596
187,0.00113386
188,0.00111077
189,0.00099811
190,0.0010108
191,0.00101205
192,0.0010254
193,0.00100051
194,0.000987075
195,0.00095899
196,0.000979889
197,0.00098871
198,0.00102028
199,0.00105778
200,0.00104107
201,0.00101799
202,0.00103862
203,0.00100689
204,0.00104062
205,0.00106576
206,0.0010199
207,0.00104991
208,0.00101739
209,0.000959413
210,0.000980198
211,0.000964795
212,0.000990943
213,0.00100722
214,0.00099337
215,0.000976024
216,0.000955327
217,0.000962138
218,0.00100541
219,0.00104918
220,0.00107939
221,0.00101988
222,0.00102008
223,0.00101836
224,0.00118242
225,0.00136866
226,0.00141229
227,0.00128107
228,0.00113495
229,0.00101868
230,0.000943939
231,0.000928248
232,0.000954355
233,0.00101097
234,0.00101834
235,0.00101287
236,0.00098932
237,0.000977615
238,0.000999683
239,0.00103037
240,0.00105026
241,0.00106197
242,0.00101223
243,0.000979977
244,0.000922606
245,0.000908886
246,0.000945699
247,0.000970736
248,0.000973266
249,0.000953067
250,0.00093415
251,0.000891798
252,0.000913254
253,0.00097268
254,0.00098057
255,0.000980882
256,0.00094881
257,0.000921188
258,0.000933655
259,0.000924562
260,0.000963588
261,0.000983548
262,0.00101369
263,0.000962623
264,0.000938186
265,0.000958433
266,0.000978053
267,0.00105345
268,0.0010821
269,0.00109445
270,0.00110305
271,0.00111027
272,0.00111073
273,0.00109029
274,0.00103616
275,0.000999656
276,0.00100072
277,0.000940216
278,0.000913914
279,0.000925174
280,0.000939367
281,0.000968519
282,0.000973194
283,0.000958603
284,0.000906765
285,0.000875985
286,0.000895015
287,0.000923669
288,0.00094486
289,0.000936211
290,0.000936233
291,0.00090173
292,0.000895401
293,0.000904567
294,0.000949725
295,0.000993761
296,0.000988992
297,0.000995538
298,0.000992463
299,0.000967655
300,0.00101459
301,0.00101072
302,0.00100481
303,0.00096081
304,0.000957282
305,0.000932563
306,0.000903072
307,0.000941262
308,0.000961706
309,0.00100581
310,0.000983261
311,0.000962775
312,0.000917148
313,0.000919583
314,0.000943437
315,0.000949017
316,0.000957603
317,0.000956587
318,0.000919005
319,0.000909386
320,0.000924746
321,0.000940972
322,0.000965882
323,0.000948464
324,0.000928349
325,0.000924723
326,0.00093031
327,0.00093495
328,0.000993574
329,0.00101835
330,0.00103309
331,0.00100642
332,0.00104849
333,0.0010579
334,0.00112273
335,0.00116617
336,0.00125645
337,0.00133731
338,0.00146479
339,0.00167868
340,0.00193681
341,0.00217411
342,0.00221287
343,0.00204883
344,0.00191042
345,0.00178929
346,0.0016793
347,0.00160699
348,0.00154929
349,0.00152301
350,0.00149827
351,0.00150476
352,0.00151491
353,0.00150421
354,0.00151725
355,0.00149682
356,0.00150557
357,0.00150753
358,0.00154571
359,0.00154937
360,0.0015496
361,0.00155192
362,0.00155332
363,0.00157722
364,0.00157375
365,0.00158884
366,0.00162613
367,0.00167002
368,0.00169087
369,0.00170781
370,0.00170573
371,0.0017056
372,0.00166163
373,0.0016791
374,0.00166744
375,0.00170598
376,0.00168353
377,0.00173389
378,0.00177565
379,0.00187897
380,0.00198175
381,0.00212571
382,0.00222102
383,0.00226922
384,0.00217515
385,0.00210976
386,0.00198027
387,0.00198028
388,0.00188392
389,0.00188425
390,0.00184369
391,0.00182445
392,0.00180487
393,0.00179694
394,0.00181252
395,0.00183847
396,0.00186683
397,0.00191344
398,0.00199882
399,0.00212104
