2,0.9268
3,0.800503
4,0.698513
5,0.61499
6,0.545639
7,0.488221
8,0.441014
9,0.402782
10,0.371188
11,0.34459
12,0.321413
13,0.301374
14,0.283673
15,0.26847
16,0.255343
17,0.243377
18,0.231571
19,0.219304
20,0.20609
21,0.192468
22,0.178781
23,0.16489
24,0.151176
25,0.137467
26,0.124787
27,0.112983
28,0.102954
29,0.0945364
30,0.0876333
31,0.0809838
32,0.0745554
33,0.0678941
34,0.0616808
35,0.0559736
36,0.0510795
37,0.0468925
38,0.0430091
39,0.0388856
40,0.0347001
41,0.0307941
42,0.0273593
43,0.0244154
44,0.0218928
45,0.0198572
46,0.0177367
47,0.015707
48,0.0136626
49,0.0120239
50,0.0106577
51,0.00966181
52,0.00889456
53,0.0082358
54,0.00736751
55,0.00651495
56,0.0056877
57,0.00518894
58,0.00472602
59,0.00444423
60,0.00414919
61,0.00384375
62,0.00347578
63,0.00312969
64,0.00286287
65,0.00266008
66,0.00251928
67,0.00241337
68,0.00224394
69,0.00200534
70,0.00158816
71,0.00125614
72,0.00116684
73,0.00131151
74,0.00140898
75,0.00147331
76,0.00150177
77,0.00145815
78,0.00143797
79,0.00140326
80,0.00137865
81,0.00134529
82,0.00132783
83,0.00130465
84,0.0012895
85,0.00125001
86,0.00117108
87,0.000797774
88,0.000690195
89,0.000787809
90,0.000988876
91,0.00105463
92,0.00113043
93,0.00112924
94,0.00113135
95,0.00117194
96,0.0011381
97,0.00116484
98,0.00116034
99,0.00112772
100,0.00115213
101,0.00113318
102,0.00110491
103,0.00111406
104,0.00114689
105,0.00115773
106,0.0011415
107,0.00112091
108,0.00107397
109,0.00107107
110,0.00105954
111,0.000971943
112,0.000479096
113,0.000609291
114,0.00086588
115,0.00101065
116,0.00101395
117,0.00104314
118,0.00107555
119,0.00115222
120,0.00126105
121,0.00134838
122,0.00147227
123,0.00138991
124,0.00130372
125,0.00122968
126,0.0011637
127,0.00112995
128,0.00113524
129,0.00105779
130,0.00105549
131,0.00103154
132,0.00103617
133,0.00101758
134,0.00105042
135,0.00104271
136,0.00105534
137,0.0010518
138,0.00103014
139,0.00103117
140,0.0010305
141,0.00106624
142,0.00106909
143,0.00110462
144,0.00113967
145,0.00119737
146,0.0011717
147,0.00114957
148,0.00108717
149,0.00109424
150,0.00105837
151,0.00101159
152,0.000985658
153,0.000987035
154,0.00101109
155,0.00102073
156,0.00103792
157,0.00107396
158,0.001038
159,0.00103765
160,0.00100812
161,0.00102629
162,0.00101252
163,0.00098816
164,0.000999994
165,0.00101488
166,0.00100187
167,0.00100771
168,0.00100684
169,0.00103518
170,0.00105896
171,0.00105336
172,0.00104539
173,0.00104623
174,0.00104603
175,0.00105803
176,0.00107162
177,0.00111479
178,0.00116776
179,0.00113744
180,0.00118629
181,0.00115238
182,0.00118286
183,0.00118725
184,0.0012737
185,0.00127565
186,0.00126271
187,0.00117057
188,0.0010988
189,0.0010489
190,0.00101695
191,0.000988912
192,0.000992958
193,0.00101433
194,0.000959889
195,0.000965932
196,0.000957951
197,0.00097788
198,0.000989313
199,0.00101359
200,0.00102369
201,0.00100147
202,0.00106054
203,0.00103631
204,0.00105301
205,0.00101119
206,0.00101365
207,0.00100213
208,0.000973196
209,0.000946878
210,0.000949314
211,0.000970687
212,0.000971965
213,0.00097963
214,0.000968666
215,0.00096213
216,0.000963168
217,0.000985544
218,0.00101391
219,0.00103565
220,0.000938377
221,0.00091105
222,0.000933495
223,0.00110586
224,0.00133633
225,0.00144646
226,0.00150842
227,0.00132836
228,0.0011674
229,0.00102435
230,0.000958029
231,0.00093361
232,0.000910752
233,0.000978033
234,0.000995901
235,0.00101835
236,0.00100384
237,0.00101858
238,0.00100835
239,0.00101133
240,0.00102061
241,0.00100857
242,0.00100362
243,0.000976281
244,0.000939048
245,0.000919868
246,0.000925483
247,0.000929704
248,0.000927626
249,0.000943905
250,0.000917389
251,0.000901205
252,0.000917853
253,0.000916849
254,0.000950658
255,0.000947789
256,0.000945555
257,0.000948843
258,0.000908745
259,0.000928414
260,0.000955626
261,0.000921632
262,0.000950469
263,0.000934308
264,0.000940092
265,0.000953031
266,0.000988209
267,0.00101581
268,0.00105522
269,0.00107396
270,0.00111885
271,0.00112564
272,0.00114321
273,0.00110756
274,0.00103521
275,0.0010016
276,0.000938854
277,0.000940376
278,0.000911789
279,0.000877369
280,0.000928279
281,0.000928875
282,0.00090484
283,0.000921436
284,0.000871578
285,0.000878119
286,0.000869218
287,0.000907412
288,0.000912217
289,0.000899793
290,0.000904324
291,0.000912242
292,0.000909424
293,0.000981435
294,0.000958624
295,0.000971644
296,0.000955888
297,0.000979903
298,0.000986792
299,0.00100065
300,0.00097425
301,0.000973882
302,0.000956765
303,0.000962637
304,0.000932686
305,0.000942749
306,0.00089642
307,0.000939238
308,0.000947197
309,0.000960341
310,0.000958734
311,0.000954873
312,0.000944824
313,0.000945256
314,0.000937727
315,0.000938504
316,0.000955726
317,0.000915231
318,0.000914653
319,0.000904444
320,0.000900454
321,0.000922972
322,0.000938595
323,0.000913024
324,0.000933189
325,0.000909448
326,0.000912253
327,0.000955651
328,0.000955305
329,0.000986084
330,0.00097516
331,0.000951198
332,0.00095781
333,0.000982392
334,0.00103632
335,0.00112709
336,0.00117869
337,0.00129697
338,0.00147529
339,0.00165027
340,0.00196988
341,0.00214872
342,0.00218513
343,0.00202941
344,0.00192591
345,0.00181354
346,0.00175096
347,0.0016873
348,0.00165629
349,0.00162953
350,0.00158058
351,0.00156602
352,0.0015485
353,0.00156062
354,0.00153224
355,0.00154796
356,0.00155129
357,0.00156449
358,0.0015494
359,0.00155844
360,0.00151317
361,0.00153502
362,0.00155434
363,0.00154173
364,0.00155015
365,0.00157339
366,0.00158018
367,0.00156619
368,0.00156739
369,0.00156136
370,0.00155499
371,0.00158829
372,0.00157822
373,0.0015767
374,0.00160912
375,0.00163249
376,0.00168802
377,0.00173485
378,0.00180721
379,0.00189301
380,0.00203115
381,0.00221036
382,0.00229658
383,0.0023051
384,0.00217744
385,0.00211859
386,0.00201909
387,0.00195213
388,0.00189941
389,0.00184705
390,0.00181687
391,0.00178301
392,0.0017543
393,0.0017581
394,0.00174315
395,0.00177153
396,0.0017717
397,0.00189032
398,0.00199618
399,0.00211368
