2,0.00274734
3,0.00793373
4,0.0124928
5,0.0164704
6,0.0199502
7,0.0229717
8,0.025574
9,0.027787
10,0.0297008
11,0.0313817
12,0.0328979
13,0.0342591
14,0.0355013
15,0.036614
16,0.0376167
17,0.0385535
18,0.0394767
19,0.0404183
20,0.0414044
21,0.0424102
22,0.0434171
23,0.044433
24,0.0454392
25,0.046443
26,0.0473924
27,0.0482905
28,0.0490922
29,0.0498013
30,0.0504246
31,0.0510304
32,0.0516204
33,0.0522212
34,0.052794
35,0.053336
36,0.0538286
37,0.0542781
38,0.0547099
39,0.0551468
40,0.0555906
41,0.0560124
42,0.0564048
43,0.0567681
44,0.0570994
45,0.0574063
46,0.0577095
47,0.0580096
48,0.0583071
49,0.0585786
50,0.0588345
51,0.0590607
52,0.0592764
53,0.059478
54,0.0596932
55,0.0599054
56,0.0601167
57,0.0603022
58,0.060486
59,0.0606501
60,0.0608168
61,0.0609787
62,0.0611508
63,0.0613128
64,0.0614727
65,0.061619
66,0.0617637
67,0.0618963
68,0.0620303
69,0.0621623
70,0.0622953
71,0.0624269
72,0.0625604
73,0.0626941
74,0.0628223
75,0.0629495
76,0.0630717
77,0.0631951
78,0.0633165
79,0.0634355
80,0.0635521
81,0.06367
82,0.0637803
83,0.0638976
84,0.0640072
85,0.0641246
86,0.064227
87,0.0643356
88,0.0644349
89,0.0645395
90,0.0646389
91,0.0647427
92,0.0648399
93,0.0649427
94,0.0650358
95,0.0651345
96,0.0652272
97,0.0653267
98,0.0654182
99,0.0655166
100,0.0656072
101,0.0657056
102,0.0657952
103,0.065889
104,0.0659773
105,0.0660709
106,0.0661616
107,0.0662549
108,0.0663449
109,0.0664361
110,0.0665214
111,0.0666128
112,0.0666977
113,0.0667865
114,0.0668679
115,0.0669589
116,0.0670416
117,0.0671323
118,0.0672198
119,0.0673114
120,0.0674032
121,0.0674959
122,0.0675863
123,0.0676586
124,0.0677269
125,0.0677933
126,0.0678634
127,0.0679312
128,0.0680011
129,0.0680736
130,0.068144
131,0.0682186
132,0.0682917
133,0.0683641
134,0.0684365
135,0.0685067
136,0.0685794
137,0.068646
138,0.068716
139,0.0687805
140,0.068847
141,0.0689125
142,0.0689769
143,0.0690415
144,0.0691025
145,0.0691649
146,0.0692323
147,0.069304
148,0.0693785
149,0.0694486
150,0.0695245
151,0.0695919
152,0.0696599
153,0.0697251
154,0.0697916
155,0.0698539
156,0.0699183
157,0.0699796
158,0.0700429
159,0.0701055
160,0.0701708
161,0.0702348
162,0.0703044
163,0.0703708
164,0.0704396
165,0.0705028
166,0.0705703
167,0.0706293
168,0.0706952
169,0.0707574
170,0.0708209
171,0.0708806
172,0.0709395
173,0.0709987
174,0.0710596
175,0.0711193
176,0.0711814
177,0.0712358
178,0.0713013
179,0.0713555
180,0.0714188
181,0.0714747
182,0.0715362
183,0.0715938
184,0.0716557
185,0.0717124
186,0.0717702
187,0.0718147
188,0.0718602
189,0.0719035
190,0.0719513
191,0.0719958
192,0.0720431
193,0.0720897
194,0.0721357
195,0.0721874
196,0.0722325
197,0.0722884
198,0.0723386
199,0.0723904
200,0.0724371
201,0.0724865
202,0.0725307
203,0.0725808
204,0.0726322
205,0.0726891
206,0.0727387
207,0.0727927
208,0.0728442
209,0.0728972
210,0.072948
211,0.0730051
212,0.0730519
213,0.0731051
214,0.0731523
215,0.0731992
216,0.073245
217,0.0732893
218,0.0733302
219,0.0733727
220,0.0734135
221,0.073451
222,0.0734897
223,0.0735296
224,0.0735637
225,0.0736041
226,0.0736475
227,0.0737107
228,0.0737761
229,0.073837
230,0.0738996
231,0.0739574
232,0.0740151
233,0.0740713
234,0.0741209
235,0.0741721
236,0.0742195
237,0.0742665
238,0.074312
239,0.0743555
240,0.0744013
241,0.0744422
242,0.0744846
243,0.074525
244,0.0745655
245,0.0746042
246,0.0746414
247,0.0746806
248,0.0747213
249,0.074762
250,0.0748021
251,0.0748437
252,0.0748838
253,0.0749268
254,0.0749667
255,0.0750113
256,0.0750499
257,0.0750921
258,0.0751333
259,0.0751711
260,0.0752151
261,0.0752499
262,0.0752907
263,0.0753269
264,0.0753658
265,0.0754024
266,0.075439
267,0.0754755
268,0.0755124
269,0.075549
270,0.0755852
271,0.0756203
272,0.07566
273,0.0757046
274,0.0757537
275,0.0758007
276,0.0758473
277,0.075891
278,0.0759337
279,0.0759729
280,0.076014
281,0.0760505
282,0.076093
283,0.0761307
284,0.0761737
285,0.0762102
286,0.0762504
287,0.0762911
288,0.0763314
289,0.0763724
290,0.0764155
291,0.0764548
292,0.0764968
293,0.0765381
294,0.0765787
295,0.076619
296,0.0766578
297,0.0767005
298,0.0767404
299,0.0767784
300,0.0768142
301,0.0768464
302,0.0768763
303,0.0769118
304,0.076947
305,0.0769844
306,0.0770184
307,0.077054
308,0.0770909
309,0.077129
310,0.0771673
311,0.0772014
312,0.0772353
313,0.0772675
314,0.077298
315,0.0773301
316,0.0773643
317,0.0773996
318,0.0774357
319,0.0774711
320,0.0775025
321,0.0775356
322,0.077565
323,0.0776005
324,0.0776312
325,0.0776669
326,0.0776969
327,0.0777293
328,0.0777594
329,0.0777907
330,0.0778244
331,0.0778614
332,0.0779003
333,0.0779445
334,0.077987
335,0.0780329
336,0.0780786
337,0.0781263
338,0.0781794
339,0.078232
340,0.0782933
341,0.0783401
342,0.0783697
343,0.078384
344,0.0783967
345,0.0784083
346,0.0784227
347,0.0784403
348,0.0784577
349,0.0784813
350,0.0785015
351,0.0785311
352,0.0785571
353,0.0785889
354,0.0786176
355,0.0786518
356,0.0786858
357,0.0787195
358,0.0787533
359,0.0787879
360,0.0788211
361,0.0788478
362,0.0788825
363,0.0789109
364,0.0789426
365,0.0789751
366,0.0790076
367,0.0790389
368,0.0790749
369,0.0791069
370,0.0791412
371,0.0791706
372,0.0792039
373,0.0792365
374,0.0792706
375,0.0793055
376,0.0793426
377,0.0793821
378,0.0794195
379,0.079467
380,0.0795117
381,0.0795641
382,0.0796049
383,0.0796363
384,0.0796517
385,0.0796728
386,0.0796875
387,0.0797061
388,0.0797247
389,0.0797465
390,0.0797664
391,0.079788
392,0.0798072
393,0.0798239
394,0.0798409
395,0.0798542
396,0.0798653
397,0.0798735
398,0.0798797
399,0.0798836
