2,0.0027314
3,0.00789256
4,0.0124632
5,0.0164438
6,0.0199076
7,0.0229119
8,0.0254746
9,0.0276512
10,0.0295413
11,0.0311904
12,0.0326169
13,0.0339011
14,0.0350664
15,0.0361027
16,0.037037
17,0.0378982
18,0.0387381
19,0.0395957
20,0.0405017
21,0.0414286
22,0.0423887
23,0.0433663
24,0.0443565
25,0.0453476
26,0.0463182
27,0.0472522
28,0.0481373
29,0.0489574
30,0.0497036
31,0.050386
32,0.051043
33,0.0516904
34,0.0523258
35,0.0529228
36,0.05347
37,0.0539727
38,0.0544425
39,0.0549094
40,0.0553678
41,0.0558178
42,0.0562378
43,0.0566332
44,0.0569795
45,0.0573022
46,0.0576047
47,0.0579171
48,0.058215
49,0.0585032
50,0.0587656
51,0.0590107
52,0.0592286
53,0.0594379
54,0.0596512
55,0.0598663
56,0.0600758
57,0.0602743
58,0.0604579
59,0.0606339
60,0.0608009
61,0.0609679
62,0.0611331
63,0.061301
64,0.0614578
65,0.061611
66,0.0617544
67,0.0618931
68,0.0620253
69,0.0621599
70,0.0622897
71,0.0624234
72,0.0625547
73,0.0626893
74,0.0628176
75,0.0629447
76,0.0630679
77,0.0631916
78,0.0633144
79,0.0634338
80,0.0635535
81,0.0636672
82,0.0637863
83,0.0638959
84,0.0640128
85,0.0641198
86,0.0642309
87,0.0643315
88,0.0644386
89,0.0645381
90,0.0646445
91,0.0647418
92,0.0648431
93,0.0649399
94,0.0650404
95,0.065135
96,0.0652307
97,0.065324
98,0.065422
99,0.0655161
100,0.0656141
101,0.0657063
102,0.0658015
103,0.0658898
104,0.0659833
105,0.0660725
106,0.0661662
107,0.0662561
108,0.0663496
109,0.0664352
110,0.0665258
111,0.0666119
112,0.066702
113,0.0667884
114,0.0668734
115,0.0669623
116,0.0670486
117,0.0671378
118,0.0672259
119,0.0673186
120,0.0674103
121,0.0675062
122,0.0675924
123,0.0676687
124,0.0677343
125,0.0678012
126,0.0678686
127,0.0679366
128,0.0680043
129,0.0680775
130,0.068148
131,0.0682218
132,0.0682944
133,0.0683677
134,0.0684406
135,0.0685114
136,0.0685825
137,0.0686527
138,0.0687175
139,0.0687828
140,0.0688494
141,0.0689117
142,0.068979
143,0.0690426
144,0.0691036
145,0.069165
146,0.0692344
147,0.0693052
148,0.0693794
149,0.0694525
150,0.069523
151,0.0695938
152,0.0696618
153,0.0697294
154,0.0697953
155,0.0698591
156,0.0699231
157,0.0699853
158,0.0700465
159,0.0701089
160,0.070174
161,0.0702384
162,0.0703074
163,0.0703743
164,0.0704442
165,0.0705065
166,0.0705735
167,0.0706329
168,0.0706993
169,0.0707618
170,0.0708248
171,0.0708864
172,0.0709445
173,0.0710049
174,0.0710654
175,0.0711252
176,0.0711865
177,0.0712451
178,0.071304
179,0.0713652
180,0.0714232
181,0.0714829
182,0.0715406
183,0.0716021
184,0.0716641
185,0.0717199
186,0.0717745
187,0.0718193
188,0.0718649
189,0.0719096
190,0.0719552
191,0.0720025
192,0.0720483
193,0.0720949
194,0.0721423
195,0.0721891
196,0.0722406
197,0.0722899
198,0.0723422
199,0.0723919
200,0.0724394
201,0.0724852
202,0.0725322
203,0.0725816
204,0.0726328
205,0.0726884
206,0.0727381
207,0.0727931
208,0.0728438
209,0.0728988
210,0.0729502
211,0.0730075
212,0.0730545
213,0.073109
214,0.073152
215,0.0732023
216,0.0732454
217,0.073289
218,0.0733304
219,0.0733713
220,0.0734094
221,0.0734493
222,0.0734876
223,0.0735262
224,0.0735613
225,0.0735989
226,0.0736414
227,0.073705
228,0.0737718
229,0.0738345
230,0.0738972
231,0.0739553
232,0.0740149
233,0.0740715
234,0.0741227
235,0.074172
236,0.0742212
237,0.074268
238,0.0743133
239,0.0743562
240,0.0744012
241,0.0744435
242,0.0744849
243,0.0745256
244,0.0745649
245,0.0746038
246,0.0746435
247,0.0746818
248,0.0747237
249,0.0747647
250,0.0748069
251,0.0748444
252,0.0748876
253,0.0749291
254,0.0749724
255,0.0750119
256,0.0750552
257,0.0750929
258,0.0751346
259,0.0751721
260,0.0752133
261,0.0752494
262,0.0752917
263,0.0753257
264,0.0753669
265,0.0754022
266,0.075441
267,0.0754768
268,0.0755142
269,0.0755503
270,0.0755862
271,0.0756203
272,0.0756595
273,0.0757046
274,0.0757515
275,0.0758013
276,0.0758469
277,0.0758936
278,0.0759345
279,0.0759767
280,0.0760125
281,0.076054
282,0.076093
283,0.0761374
284,0.0761733
285,0.0762164
286,0.0762536
287,0.0762963
288,0.0763343
289,0.0763809
290,0.0764188
291,0.0764612
292,0.0764989
293,0.0765427
294,0.0765819
295,0.0766209
296,0.0766609
297,0.0767011
298,0.0767419
299,0.0767824
300,0.0768157
301,0.0768485
302,0.0768803
303,0.0769142
304,0.0769505
305,0.0769873
306,0.0770229
307,0.0770584
308,0.0770932
309,0.0771333
310,0.0771709
311,0.0772053
312,0.0772381
313,0.0772687
314,0.0772994
315,0.07733
316,0.0773632
317,0.0773968
318,0.0774348
319,0.0774697
320,0.0775027
321,0.0775338
322,0.0775659
323,0.0775996
324,0.0776332
325,0.0776664
326,0.0777004
327,0.0777298
328,0.0777623
329,0.0777907
330,0.0778249
331,0.077863
332,0.0779038
333,0.0779465
334,0.0779933
335,0.0780358
336,0.0780852
337,0.0781325
338,0.0781878
339,0.0782411
340,0.0783002
341,0.0783461
342,0.0783707
343,0.0783864
344,0.0783968
345,0.0784104
346,0.0784255
347,0.0784434
348,0.0784619
349,0.0784831
350,0.0785068
351,0.0785341
352,0.0785612
353,0.0785895
354,0.0786229
355,0.0786548
356,0.0786881
357,0.0787221
358,0.0787585
359,0.0787886
360,0.0788232
361,0.0788517
362,0.0788849
363,0.0789141
364,0.078947
365,0.078977
366,0.079012
367,0.0790427
368,0.0790781
369,0.0791112
370,0.0791439
371,0.0791747
372,0.0792073
373,0.0792404
374,0.0792722
375,0.0793111
376,0.0793467
377,0.0793874
378,0.079428
379,0.079475
380,0.0795242
381,0.0795751
382,0.0796151
383,0.0796392
384,0.0796571
385,0.0796757
386,0.0796891
387,0.0797111
388,0.0797268
389,0.079749
390,0.0797684
391,0.0797897
392,0.0798058
393,0.079824
394,0.0798358
395,0.079852
396,0.079858
397,0.0798692
398,0.0798739
399,0.0798771
