2,0.927225
3,0.801537
4,0.699225
5,0.615612
6,0.546611
7,0.489555
8,0.443189
9,0.405701
10,0.374565
11,0.348591
12,0.327214
13,0.30868
14,0.292455
15,0.278695
16,0.266828
17,0.256254
18,0.245967
19,0.235219
20,0.223435
21,0.211201
22,0.198281
23,0.184998
24,0.171462
25,0.157885
26,0.144697
27,0.132147
28,0.120489
29,0.109986
30,0.100793
31,0.0926989
32,0.0850229
33,0.0774823
34,0.0701212
35,0.0633944
36,0.0574955
37,0.0523547
38,0.0477103
39,0.0431186
40,0.0385634
41,0.0342169
42,0.0302603
43,0.0267677
44,0.0239979
45,0.021648
46,0.0195876
47,0.0172863
48,0.0152707
49,0.0133073
50,0.0118212
51,0.0105245
52,0.00972276
53,0.00894863
54,0.00813924
55,0.00723404
56,0.00645848
57,0.00574693
58,0.00530423
59,0.00482878
60,0.00455606
61,0.00415016
62,0.00383846
63,0.00343902
64,0.00314995
65,0.00290587
66,0.00274515
67,0.00254567
68,0.0023886
69,0.0020418
70,0.00178113
71,0.00130257
72,0.00141632
73,0.0014773
74,0.00160052
75,0.0016667
76,0.00167415
77,0.00163097
78,0.00161408
79,0.00157521
80,0.00152889
81,0.0015364
82,0.00147079
83,0.00143863
84,0.00139361
85,0.00129851
86,0.000953684
87,0.000710679
88,0.000754353
89,0.00102459
90,0.00113322
91,0.00121138
92,0.00121713
93,0.00118937
94,0.00120704
95,0.0011752
96,0.00122774
97,0.00121049
98,0.00119284
99,0.0011706
100,0.00117693
101,0.00112167
102,0.00115363
103,0.00117985
104,0.00115358
105,0.00117117
106,0.00113857
107,0.00113402
108,0.00111687
109,0.00111183
110,0.000947672
111,0.000414823
112,0.000618911
113,0.000899715
114,0.000977755
115,0.00104757
116,0.00107571
117,0.00108149
118,0.00116408
119,0.00122461
120,0.00132864
121,0.00145686
122,0.00153503
123,0.00150468
124,0.00140273
125,0.00127412
126,0.00124561
127,0.00117285
128,0.00113202
129,0.0010683
130,0.00104911
131,0.00102598
132,0.00102685
133,0.00101626
134,0.00105547
135,0.00104123
136,0.00104644
137,0.00103532
138,0.00104482
139,0.00103288
140,0.00103087
141,0.00109358
142,0.00107033
143,0.00112754
144,0.0011254
145,0.00117458
146,0.0011589
147,0.00114287
148,0.00107292
149,0.00106429
150,0.00104936
151,0.00100299
152,0.000986589
153,0.00100009
154,0.000974679
155,0.0010118
156,0.00099354
157,0.00101642
158,0.00107766
159,0.00106384
160,0.00103118
161,0.00102628
162,0.00101125
163,0.00102271
164,0.00101755
165,0.00100333
166,0.00101689
167,0.000992448
168,0.00103157
169,0.00104878
170,0.00108663
171,0.00107642
172,0.00106974
173,0.00106382
174,0.00108635
175,0.0010868
176,0.0011388
177,0.00114075
178,0.00117772
179,0.00118749
180,0.00118152
181,0.00119889
182,0.00124884
183,0.00128947
184,0.0013397
185,0.00130416
186,0.00129642
187,0.00119549
188,0.00111544
189,0.00104821
190,0.00102454
191,0.00102317
192,0.000989209
193,0.000974824
194,0.000970761
195,0.000957194
196,0.000960535
197,0.000966611
198,0.00101025
199,0.00102559
200,0.00099113
201,0.00103083
202,0.00102007
203,0.00104341
204,0.00105043
205,0.00102184
206,0.00099002
207,0.00098106
208,0.000931538
209,0.000933225
210,0.000960657
211,0.000957472
212,0.000951745
213,0.000977881
214,0.000989982
215,0.000980545
216,0.000975383
217,0.000994427
218,0.00101454
219,0.000915544
220,0.000816507
221,0.000862018
222,0.00107946
223,0.00124341
224,0.00140527
225,0.00150145
226,0.00157123
227,0.00136583
228,0.00117514
229,0.00105093
230,0.000942189
231,0.000915625
232,0.000926078
233,0.000977646
234,0.00100661
235,0.00102993
236,0.001029
237,0.00102524
238,0.00101043
239,0.00101396
240,0.0010273
241,0.000981971
242,0.000980993
243,0.000931823
244,0.000914253
245,0.000890661
246,0.000913004
247,0.00092742
248,0.000922895
249,0.000906021
250,0.000920887
251,0.000922023
252,0.000893339
253,0.000918392
254,0.000936882
255,0.000935752
256,0.000933779
257,0.000953366
258,0.00092189
259,0.00090606
260,0.00092797
261,0.000928539
262,0.000938368
263,0.000914062
264,0.000911304
265,0.000928679
266,0.000972723
267,0.000989474
268,0.00104032
269,0.00105696
270,0.00110378
271,0.00112886
272,0.00115567
273,0.00109593
274,0.00107128
275,0.000988019
276,0.000946019
277,0.000896042
278,0.000921657
279,0.000891201
280,0.000895294
281,0.000890921
282,0.000910572
283,0.000893201
284,0.000893053
285,0.000845177
286,0.000859185
287,0.000892289
288,0.00090222
289,0.000917656
290,0.00090438
291,0.000916129
292,0.000905218
293,0.000968824
294,0.0009686
295,0.0009863
296,0.000985542
297,0.000983176
298,0.000975422
299,0.000997903
300,0.000965852
301,0.000973648
302,0.000952363
303,0.000952509
304,0.000926904
305,0.000947643
306,0.000925817
307,0.000952885
308,0.000942281
309,0.000974774
310,0.00097775
311,0.000976391
312,0.000947019
313,0.000936306
314,0.000921486
315,0.000929798
316,0.000921555
317,0.000883198
318,0.000890256
319,0.000871518
320,0.000863298
321,0.000864936
322,0.000857701
323,0.000871738
324,0.000869459
325,0.000877418
326,0.000879019
327,0.000892763
328,0.00090313
329,0.000934717
330,0.000937023
331,0.000893734
332,0.000902486
333,0.000912341
334,0.000968608
335,0.00103639
336,0.00114372
337,0.00127492
338,0.00146346
339,0.00169718
340,0.00201757
341,0.00220649
342,0.00215784
343,0.00202582
344,0.00185811
345,0.00174275
346,0.00164597
347,0.00159738
348,0.00153085
349,0.00150197
350,0.00149394
351,0.00149394
352,0.00151016
353,0.00153878
354,0.00154239
355,0.00157813
356,0.00159555
357,0.00158376
358,0.00159011
359,0.00157045
360,0.00152629
361,0.00148817
362,0.00148497
363,0.0014902
364,0.00148925
365,0.00151105
366,0.00154696
367,0.00153175
368,0.00154122
369,0.00155931
370,0.00155151
371,0.00155521
372,0.00151425
373,0.00155966
374,0.0015436
375,0.00158793
376,0.00162351
377,0.00170792
378,0.00176025
379,0.00191497
380,0.00207062
381,0.00226634
382,0.00236353
383,0.00230517
384,0.00221151
385,0.00213037
386,0.00200652
387,0.00197288
388,0.00187362
389,0.00185248
390,0.00181018
391,0.00177677
392,0.0017534
393,0.00174156
394,0.00173881
395,0.00174426
396,0.00179878
397,0.00188424
398,0.00198946
399,0.00215806
