2,0.927372
3,0.801344
4,0.698243
5,0.613747
6,0.543636
7,0.485479
8,0.438061
9,0.399264
10,0.368279
11,0.3436
12,0.323745
13,0.30692
14,0.292543
15,0.280233
16,0.269781
17,0.260751
18,0.252049
19,0.242803
20,0.232635
21,0.222067
22,0.210613
23,0.198744
24,0.186535
25,0.174
26,0.161345
27,0.148683
28,0.136499
29,0.125016
30,0.114405
31,0.104644
32,0.0957327
33,0.0872799
34,0.0790794
35,0.0710785
36,0.0640946
37,0.0582781
38,0.0532138
39,0.0483438
40,0.0435144
41,0.0388521
42,0.0344933
43,0.0305457
44,0.0272234
45,0.0245534
46,0.0223456
47,0.0199709
48,0.0180474
49,0.0158839
50,0.0142897
51,0.0124683
52,0.0117693
53,0.0105198
54,0.010281
55,0.008885
56,0.008726
57,0.00725027
58,0.00748017
59,0.00631058
60,0.00687031
61,0.00571609
62,0.00620813
63,0.00524207
64,0.0055246
65,0.00480238
66,0.00496113
67,0.00437122
68,0.00439709
69,0.00404599
70,0.00393148
71,0.00370995
72,0.0034846
73,0.00358921
74,0.00342119
75,0.00372497
76,0.00351302
77,0.00374259
78,0.00348732
79,0.00359113
80,0.00334523
81,0.00346835
82,0.00305897
83,0.00309065
84,0.00269637
85,0.00253008
86,0.0022791
87,0.00228988
88,0.00234211
89,0.00246591
90,0.0026192
91,0.0025205
92,0.00261644
93,0.00254581
94,0.0025602
95,0.00242238
96,0.00254421
97,0.0023066
98,0.00242418
99,0.00227877
100,0.00226983
101,0.00220374
102,0.00223498
103,0.00210664
104,0.00213156
105,0.00206512
106,0.00202465
107,0.00187858
108,0.00172188
109,0.00141006
110,0.00115372
111,0.00136716
112,0.00147042
113,0.00162737
114,0.0016577
115,0.00161384
116,0.00165213
117,0.00163388
118,0.00166209
119,0.0016842
120,0.0017796
121,0.00173046
122,0.00187668
123,0.00171697
124,0.00171585
125,0.00155434
126,0.00153329
127,0.00143728
128,0.00145876
129,0.00138527
130,0.00136087
131,0.00133707
132,0.00136066
133,0.00133012
134,0.00128625
135,0.00126324
136,0.00124551
137,0.00124266
138,0.00125789
139,0.00123486
140,0.00121745
141,0.00125537
142,0.00125811
143,0.00121962
144,0.00124435
145,0.00127794
146,0.00126132
147,0.00126344
148,0.0012001
149,0.00116266
150,0.00115126
151,0.00109882
152,0.00110774
153,0.00109142
154,0.00108432
155,0.00112556
156,0.00110574
157,0.00110613
158,0.0010954
159,0.00109122
160,0.00108043
161,0.00106937
162,0.00106523
163,0.00106272
164,0.00108541
165,0.00107472
166,0.00108797
167,0.00105919
168,0.00108724
169,0.0011255
170,0.00115437
171,0.00113898
172,0.00113945
173,0.00113575
174,0.00118032
175,0.00117333
176,0.00119676
177,0.00117476
178,0.00127281
179,0.00123242
180,0.00129537
181,0.00126264
182,0.00134876
183,0.00132393
184,0.00142523
185,0.00140876
186,0.0013841
187,0.00129451
188,0.00119356
189,0.00112391
190,0.00109027
191,0.00106096
192,0.00103387
193,0.00101554
194,0.000978532
195,0.000991137
196,0.000991644
197,0.000987107
198,0.000989576
199,0.00101529
200,0.000990434
201,0.00100174
202,0.0010373
203,0.00105463
204,0.00105512
205,0.00106647
206,0.00103799
207,0.00100338
208,0.000988738
209,0.000974483
210,0.000967838
211,0.000964295
212,0.000956487
213,0.000997366
214,0.000985432
215,0.000962574
216,0.000966524
217,0.000963248
218,0.000845769
219,0.000688877
220,0.000840329
221,0.00101672
222,0.0012033
223,0.00133698
224,0.00142939
225,0.0015796
226,0.00160753
227,0.00146723
228,0.00122549
229,0.00109992
230,0.000989555
231,0.000945715
232,0.000964482
233,0.000973991
234,0.00101502
235,0.00100988
236,0.00103215
237,0.00102261
238,0.00107252
239,0.00101959
240,0.0010357
241,0.00101747
242,0.00101197
243,0.000969227
244,0.00097239
245,0.000932974
246,0.000952456
247,0.000956348
248,0.000948527
249,0.000936306
250,0.000935287
251,0.00093547
252,0.000941491
253,0.000926114
254,0.000959545
255,0.000950688
256,0.000961437
257,0.000929029
258,0.000918829
259,0.000940082
260,0.000945677
261,0.00094665
262,0.000968886
263,0.000925067
264,0.000975137
265,0.000976938
266,0.00100941
267,0.00100427
268,0.00106075
269,0.0010566
270,0.00111767
271,0.0011225
272,0.00115379
273,0.00111062
274,0.00104901
275,0.00100472
276,0.000965997
277,0.000925133
278,0.000911108
279,0.000918269
280,0.000931589
281,0.000931912
282,0.0009188
283,0.000910177
284,0.000899114
285,0.000904385
286,0.000910831
287,0.000902883
288,0.000944519
289,0.000934402
290,0.00092518
291,0.000965036
292,0.000937549
293,0.000981189
294,0.000976646
295,0.00100619
296,0.0009794
297,0.00101393
298,0.00100524
299,0.00104066
300,0.00102235
301,0.00102105
302,0.000985812
303,0.000994074
304,0.00096792
305,0.000958306
306,0.00100009
307,0.000979269
308,0.00100071
309,0.00102709
310,0.0010285
311,0.00100024
312,0.000965698
313,0.000964938
314,0.000953541
315,0.000937101
316,0.000922944
317,0.000923283
318,0.000894246
319,0.000903296
320,0.000885568
321,0.000912873
322,0.00091264
323,0.000905759
324,0.000907708
325,0.000903898
326,0.000909237
327,0.000913774
328,0.000918279
329,0.000929526
330,0.000919681
331,0.00091189
332,0.000926642
333,0.00096961
334,0.000993579
335,0.00108554
336,0.00120259
337,0.00135304
338,0.00154513
339,0.00181298
340,0.00209676
341,0.00217703
342,0.00206907
343,0.0019089
344,0.00170047
345,0.00166243
346,0.00152701
347,0.00153304
348,0.0014973
349,0.00151968
350,0.00153099
351,0.00151846
352,0.00154442
353,0.0015543
354,0.00155516
355,0.00157516
356,0.00158179
357,0.00158465
358,0.00157642
359,0.00156671
360,0.00152255
361,0.00148944
362,0.00143769
363,0.00140732
364,0.00139832
365,0.00139782
366,0.00141724
367,0.00145543
368,0.001459
369,0.00152775
370,0.00151191
371,0.00153634
372,0.00153078
373,0.00154279
374,0.0015832
375,0.00158579
376,0.00164834
377,0.00172852
378,0.00181644
379,0.00198088
380,0.00215331
381,0.00233948
382,0.00239557
383,0.00234584
384,0.00222768
385,0.00211513
386,0.00202185
387,0.00194182
388,0.00189378
389,0.00183732
390,0.00180143
391,0.00177146
392,0.00172327
393,0.00170953
394,0.00168369
395,0.0017117
396,0.00176974
397,0.00185728
398,0.00196573
399,0.00215971
