2,0.00272585
3,0.00790024
4,0.0125038
5,0.0165235
6,0.0200381
7,0.0230947
8,0.0257089
9,0.0279505
10,0.029838
11,0.0314289
12,0.0327847
13,0.033987
14,0.0350617
15,0.0360249
16,0.036887
17,0.0376679
18,0.0384241
19,0.0392008
20,0.0400196
21,0.0408547
22,0.0417332
23,0.0426305
24,0.0435445
25,0.0444741
26,0.04541
27,0.0463446
28,0.0472533
29,0.0481226
30,0.0489427
31,0.0497147
32,0.0504377
33,0.0511333
34,0.0518139
35,0.0524805
36,0.0530894
37,0.0536286
38,0.0541236
39,0.0546027
40,0.0550818
41,0.0555434
42,0.0559915
43,0.0564073
44,0.0567925
45,0.0571285
46,0.0574456
47,0.0577552
48,0.0580564
49,0.0583457
50,0.0586291
51,0.0588895
52,0.0591252
53,0.0593363
54,0.0595454
55,0.0597567
56,0.0599726
57,0.0601802
58,0.0603806
59,0.0605609
60,0.0607257
61,0.0608958
62,0.0610622
63,0.0612354
64,0.061398
65,0.0615528
66,0.0616949
67,0.061833
68,0.0619651
69,0.0621042
70,0.062242
71,0.0623772
72,0.0625106
73,0.0626386
74,0.0627706
75,0.0629022
76,0.0630273
77,0.0631531
78,0.0632763
79,0.0633964
80,0.0635167
81,0.0636363
82,0.0637485
83,0.0638663
84,0.0639794
85,0.0640937
86,0.0642015
87,0.064309
88,0.064414
89,0.0645166
90,0.0646197
91,0.0647228
92,0.064826
93,0.0649235
94,0.0650246
95,0.0651201
96,0.0652177
97,0.065313
98,0.0654046
99,0.0655024
100,0.0656041
101,0.0656985
102,0.0657942
103,0.0658809
104,0.0659742
105,0.0660624
106,0.0661548
107,0.0662455
108,0.0663385
109,0.0664272
110,0.0665175
111,0.0666014
112,0.0666949
113,0.0667876
114,0.0668791
115,0.0669584
116,0.0670444
117,0.067129
118,0.0672249
119,0.0673175
120,0.0674147
121,0.0675062
122,0.0675923
123,0.0676671
124,0.0677356
125,0.0677996
126,0.067866
127,0.0679347
128,0.0680058
129,0.0680726
130,0.0681478
131,0.0682252
132,0.0683002
133,0.0683727
134,0.0684345
135,0.0685023
136,0.0685762
137,0.0686595
138,0.06873
139,0.0687904
140,0.0688428
141,0.0689015
142,0.0689689
143,0.0690446
144,0.0691082
145,0.0691679
146,0.0692307
147,0.0693008
148,0.0693781
149,0.0694547
150,0.0695218
151,0.0695968
152,0.0696636
153,0.0697393
154,0.0697997
155,0.0698625
156,0.0699205
157,0.0699844
158,0.0700526
159,0.0701201
160,0.0701801
161,0.0702412
162,0.070307
163,0.0703749
164,0.070446
165,0.0705122
166,0.0705773
167,0.0706374
168,0.0707004
169,0.0707669
170,0.0708297
171,0.0708885
172,0.0709489
173,0.0710081
174,0.0710752
175,0.0711312
176,0.071193
177,0.0712469
178,0.0713137
179,0.0713681
180,0.0714343
181,0.0714872
182,0.0715518
183,0.0716072
184,0.0716708
185,0.0717273
186,0.0717811
187,0.0718255
188,0.0718704
189,0.0719167
190,0.0719607
191,0.0720091
192,0.0720522
193,0.0720998
194,0.0721451
195,0.0721945
196,0.0722424
197,0.0722925
198,0.0723441
199,0.0723931
200,0.0724402
201,0.0724893
202,0.0725319
203,0.0725832
204,0.0726337
205,0.0726874
206,0.0727402
207,0.0727937
208,0.0728461
209,0.0729013
210,0.0729512
211,0.0730102
212,0.0730567
213,0.0731111
214,0.0731543
215,0.0732059
216,0.0732428
217,0.0732914
218,0.073326
219,0.0733713
220,0.0734055
221,0.0734493
222,0.073485
223,0.0735219
224,0.0735613
225,0.0735937
226,0.0736386
227,0.0736996
228,0.0737694
229,0.0738331
230,0.0738945
231,0.073955
232,0.074016
233,0.0740703
234,0.0741263
235,0.0741712
236,0.0742234
237,0.0742664
238,0.0743158
239,0.0743555
240,0.0744014
241,0.0744427
242,0.0744871
243,0.0745266
244,0.0745686
245,0.0746056
246,0.0746474
247,0.0746861
248,0.0747256
249,0.0747696
250,0.0748082
251,0.07485
252,0.0748907
253,0.0749311
254,0.0749747
255,0.075016
256,0.0750553
257,0.0750956
258,0.0751345
259,0.0751745
260,0.0752153
261,0.0752525
262,0.0752898
263,0.0753281
264,0.0753647
265,0.075405
266,0.0754395
267,0.0754803
268,0.0755142
269,0.0755527
270,0.0755844
271,0.0756224
272,0.0756597
273,0.0757051
274,0.075754
275,0.0758002
276,0.0758489
277,0.0758931
278,0.075936
279,0.0759768
280,0.0760149
281,0.0760573
282,0.0760965
283,0.0761396
284,0.0761796
285,0.07622
286,0.0762599
287,0.0763016
288,0.0763408
289,0.076386
290,0.0764243
291,0.0764649
292,0.0765035
293,0.076546
294,0.0765847
295,0.0766251
296,0.0766633
297,0.0767049
298,0.0767439
299,0.0767837
300,0.0768172
301,0.0768501
302,0.0768826
303,0.0769181
304,0.076954
305,0.0769909
306,0.0770279
307,0.0770616
308,0.0770998
309,0.0771376
310,0.0771759
311,0.0772072
312,0.0772409
313,0.0772694
314,0.0773025
315,0.07733
316,0.0773655
317,0.0773983
318,0.077436
319,0.0774683
320,0.0775033
321,0.0775346
322,0.0775671
323,0.0775985
324,0.0776348
325,0.0776677
326,0.0776999
327,0.0777348
328,0.0777644
329,0.0777933
330,0.077829
331,0.077866
332,0.0779087
333,0.0779526
334,0.0779981
335,0.078043
336,0.0780935
337,0.0781414
338,0.0781953
339,0.0782534
340,0.0783117
341,0.0783499
342,0.0783734
343,0.078387
344,0.0783968
345,0.0784154
346,0.0784274
347,0.0784464
348,0.078465
349,0.0784876
350,0.0785106
351,0.0785382
352,0.0785616
353,0.0785954
354,0.0786262
355,0.0786542
356,0.078693
357,0.0787245
358,0.07876
359,0.0787933
360,0.0788245
361,0.0788568
362,0.0788868
363,0.0789202
364,0.0789508
365,0.0789822
366,0.079016
367,0.0790498
368,0.07908
369,0.079118
370,0.0791471
371,0.0791807
372,0.0792113
373,0.0792419
374,0.0792802
375,0.0793143
376,0.0793542
377,0.0793954
378,0.0794377
379,0.0794889
380,0.0795366
381,0.0795848
382,0.0796224
383,0.0796453
384,0.0796607
385,0.079677
386,0.0796955
387,0.0797101
388,0.079731
389,0.0797477
390,0.0797705
391,0.079788
392,0.0798048
393,0.0798229
394,0.0798353
395,0.0798473
396,0.0798571
397,0.0798632
398,0.0798695
399,0.0798706
