2,0.00273246
3,0.00793135
4,0.0125685
5,0.0166303
6,0.0201789
7,0.0232509
8,0.025902
9,0.0281785
10,0.0301045
11,0.0317394
12,0.0331032
13,0.0342848
14,0.0353231
15,0.0362444
16,0.0370511
17,0.0377715
18,0.0384664
19,0.0391746
20,0.0399176
21,0.0406972
22,0.0415002
23,0.0422947
24,0.0431023
25,0.043914
26,0.0447593
27,0.0456259
28,0.0464983
29,0.0473528
30,0.0481831
31,0.0489816
32,0.049741
33,0.0504691
34,0.0512103
35,0.0519302
36,0.052596
37,0.0531975
38,0.0537431
39,0.054256
40,0.0547562
41,0.0552372
42,0.055701
43,0.0561396
44,0.0565384
45,0.0568959
46,0.0572241
47,0.0575439
48,0.0578522
49,0.0581497
50,0.0584447
51,0.0587159
52,0.0589636
53,0.0591848
54,0.0593963
55,0.0596139
56,0.05983
57,0.0600465
58,0.0602499
59,0.0604392
60,0.0606088
61,0.0607817
62,0.0609529
63,0.0611308
64,0.0612987
65,0.0614581
66,0.0615989
67,0.0617363
68,0.0618704
69,0.0620153
70,0.0621558
71,0.0622986
72,0.0624326
73,0.0625653
74,0.0626964
75,0.0628298
76,0.0629645
77,0.0630891
78,0.0632156
79,0.0633374
80,0.063458
81,0.0635745
82,0.0636935
83,0.0638091
84,0.0639298
85,0.0640411
86,0.0641588
87,0.0642693
88,0.0643782
89,0.0644821
90,0.0645876
91,0.0646917
92,0.0647949
93,0.0648996
94,0.0649964
95,0.0650985
96,0.0651931
97,0.0652873
98,0.065381
99,0.0654797
100,0.0655805
101,0.0656813
102,0.0657761
103,0.0658663
104,0.0659575
105,0.0660462
106,0.0661377
107,0.066226
108,0.0663205
109,0.0664137
110,0.0665021
111,0.0665903
112,0.0666863
113,0.0667778
114,0.066869
115,0.0669527
116,0.0670347
117,0.0671203
118,0.0672166
119,0.0673121
120,0.0674113
121,0.0675013
122,0.0675883
123,0.067666
124,0.0677294
125,0.0677938
126,0.0678588
127,0.067931
128,0.0680042
129,0.0680763
130,0.0681479
131,0.0682251
132,0.0682957
133,0.0683671
134,0.0684278
135,0.0684972
136,0.0685742
137,0.0686582
138,0.0687304
139,0.0687904
140,0.0688362
141,0.068892
142,0.0689619
143,0.0690433
144,0.0691094
145,0.0691675
146,0.069224
147,0.0692939
148,0.0693719
149,0.0694501
150,0.0695299
151,0.0695954
152,0.0696707
153,0.0697342
154,0.0698048
155,0.0698586
156,0.0699235
157,0.0699843
158,0.0700565
159,0.0701209
160,0.0701864
161,0.0702457
162,0.0703076
163,0.0703775
164,0.0704465
165,0.0705201
166,0.0705787
167,0.0706437
168,0.070703
169,0.0707671
170,0.0708304
171,0.0708933
172,0.0709509
173,0.0710146
174,0.0710737
175,0.071138
176,0.0711937
177,0.0712558
178,0.0713116
179,0.071377
180,0.0714378
181,0.0714956
182,0.0715564
183,0.0716161
184,0.0716774
185,0.0717335
186,0.0717869
187,0.0718309
188,0.0718755
189,0.07192
190,0.0719661
191,0.0720122
192,0.0720569
193,0.0721011
194,0.072148
195,0.072196
196,0.0722448
197,0.0722942
198,0.0723452
199,0.0723941
200,0.072443
201,0.0724868
202,0.0725347
203,0.0725826
204,0.0726351
205,0.0726886
206,0.0727408
207,0.0727949
208,0.0728462
209,0.0729007
210,0.0729559
211,0.0730068
212,0.073059
213,0.0731078
214,0.0731564
215,0.0732013
216,0.0732485
217,0.0732866
218,0.0733273
219,0.0733682
220,0.0734073
221,0.0734438
222,0.0734849
223,0.073519
224,0.0735572
225,0.0735913
226,0.0736347
227,0.0736948
228,0.0737651
229,0.0738273
230,0.073891
231,0.0739521
232,0.0740118
233,0.0740712
234,0.0741221
235,0.0741744
236,0.0742217
237,0.0742714
238,0.074315
239,0.0743602
240,0.0744013
241,0.0744461
242,0.0744889
243,0.0745278
244,0.0745713
245,0.0746077
246,0.0746475
247,0.0746879
248,0.074727
249,0.0747717
250,0.0748099
251,0.0748518
252,0.074892
253,0.0749347
254,0.074976
255,0.0750177
256,0.0750575
257,0.0750985
258,0.0751366
259,0.075178
260,0.075215
261,0.0752548
262,0.0752906
263,0.0753282
264,0.0753661
265,0.0754052
266,0.07544
267,0.0754778
268,0.075513
269,0.0755511
270,0.0755839
271,0.0756222
272,0.0756598
273,0.0757047
274,0.0757548
275,0.0758007
276,0.0758482
277,0.0758947
278,0.0759369
279,0.0759779
280,0.0760197
281,0.076059
282,0.0761022
283,0.0761438
284,0.0761829
285,0.0762238
286,0.0762621
287,0.0763058
288,0.0763462
289,0.076387
290,0.0764282
291,0.0764669
292,0.0765077
293,0.0765487
294,0.0765905
295,0.0766263
296,0.0766676
297,0.0767072
298,0.0767457
299,0.0767885
300,0.0768182
301,0.0768552
302,0.0768838
303,0.076921
304,0.0769582
305,0.0769932
306,0.0770308
307,0.0770644
308,0.0771039
309,0.0771392
310,0.0771779
311,0.0772098
312,0.0772415
313,0.0772722
314,0.0773031
315,0.077333
316,0.0773671
317,0.0774006
318,0.0774359
319,0.0774701
320,0.0775026
321,0.077534
322,0.0775675
323,0.0775989
324,0.0776344
325,0.0776674
326,0.0777031
327,0.077732
328,0.0777667
329,0.0777956
330,0.0778309
331,0.0778695
332,0.0779131
333,0.0779562
334,0.0780023
335,0.0780503
336,0.0781001
337,0.0781504
338,0.078209
339,0.0782645
340,0.0783238
341,0.0783585
342,0.078374
343,0.0783886
344,0.0783988
345,0.0784164
346,0.0784284
347,0.0784473
348,0.0784652
349,0.0784912
350,0.0785113
351,0.0785405
352,0.078566
353,0.0785991
354,0.0786276
355,0.0786616
356,0.0786937
357,0.0787289
358,0.0787643
359,0.078796
360,0.0788301
361,0.0788572
362,0.0788927
363,0.0789211
364,0.0789536
365,0.078986
366,0.0790195
367,0.0790516
368,0.079085
369,0.0791177
370,0.0791507
371,0.079182
372,0.0792159
373,0.0792478
374,0.079284
375,0.0793222
376,0.079361
377,0.0794049
378,0.0794485
379,0.0794984
380,0.0795479
381,0.0795961
382,0.079628
383,0.0796459
384,0.079665
385,0.0796774
386,0.0796966
387,0.0797127
388,0.0797312
389,0.0797513
390,0.0797675
391,0.0797903
392,0.079804
393,0.0798215
394,0.0798312
395,0.0798458
396,0.0798505
397,0.0798608
398,0.0798619
399,0.0798671
