2,0.927196
3,0.800562
4,0.696683
5,0.611251
6,0.540427
7,0.481998
8,0.433841
9,0.394364
10,0.362637
11,0.337117
12,0.317174
13,0.300846
14,0.287262
15,0.275844
16,0.266528
17,0.258712
18,0.251221
19,0.243297
20,0.23458
21,0.22505
22,0.215
23,0.205033
24,0.194771
25,0.184374
26,0.173328
27,0.161849
28,0.150253
29,0.138966
30,0.12811
31,0.117801
32,0.108183
33,0.0990975
34,0.0897642
35,0.0807751
36,0.0727504
37,0.0658026
38,0.0598305
39,0.0543476
40,0.0491082
41,0.0441143
42,0.0394494
43,0.0351001
44,0.0315125
45,0.028466
46,0.0260325
47,0.0235135
48,0.0213677
49,0.0191153
50,0.017218
51,0.0152762
52,0.0142002
53,0.0129329
54,0.0124776
55,0.0111007
56,0.0106548
57,0.00913412
58,0.00900637
59,0.00772902
60,0.00809829
61,0.00688864
62,0.00725126
63,0.00594053
64,0.00626065
65,0.00522289
66,0.00563352
67,0.00475977
68,0.00517642
69,0.00447416
70,0.00454489
71,0.00414026
72,0.00396436
73,0.00408648
74,0.00369995
75,0.00411822
76,0.00373588
77,0.00412419
78,0.00366157
79,0.00394193
80,0.00349339
81,0.00376225
82,0.00317962
83,0.00323594
84,0.00272445
85,0.00263089
86,0.00245929
87,0.00237016
88,0.00264827
89,0.0025472
90,0.00274012
91,0.00263263
92,0.00274295
93,0.00259484
94,0.0026785
95,0.00252428
96,0.00267039
97,0.00243473
98,0.00255553
99,0.00235825
100,0.00241729
101,0.00222527
102,0.00231922
103,0.00215385
104,0.00219197
105,0.00205213
106,0.00204229
107,0.00168824
108,0.00145721
109,0.0012393
110,0.00130297
111,0.0015562
112,0.0015754
113,0.00167432
114,0.00167348
115,0.0016662
116,0.00166481
117,0.00164387
118,0.00163579
119,0.00161767
120,0.00176512
121,0.00171866
122,0.00182493
123,0.00171497
124,0.00168444
125,0.00153093
126,0.00153082
127,0.00139991
128,0.0014607
129,0.00138147
130,0.00134916
131,0.00134034
132,0.00135528
133,0.00129098
134,0.00128143
135,0.00126665
136,0.00127992
137,0.00123546
138,0.00123883
139,0.00119487
140,0.00122464
141,0.00130572
142,0.00126802
143,0.00121193
144,0.0012048
145,0.00126243
146,0.00129229
147,0.0012975
148,0.00118897
149,0.00115207
150,0.00112428
151,0.00111828
152,0.00109179
153,0.00107229
154,0.00109587
155,0.00108944
156,0.00109148
157,0.00106085
158,0.00105032
159,0.00101811
160,0.00104181
161,0.00104516
162,0.00103609
163,0.00105499
164,0.00104591
165,0.00108837
166,0.00105878
167,0.00110253
168,0.00108549
169,0.00110751
170,0.00115178
171,0.00116208
172,0.00114795
173,0.00116033
174,0.00116092
175,0.00121497
176,0.0011989
177,0.00122722
178,0.00122686
179,0.0012858
180,0.00130561
181,0.00132076
182,0.0013787
183,0.00139289
184,0.0014719
185,0.00147008
186,0.0014475
187,0.00133312
188,0.00124596
189,0.00113697
190,0.00111299
191,0.00108029
192,0.00101934
193,0.000996102
194,0.000989635
195,0.000958799
196,0.000991043
197,0.000962647
198,0.000973975
199,0.000985546
200,0.000979889
201,0.0010038
202,0.00103155
203,0.00104535
204,0.00104262
205,0.00103789
206,0.00102121
207,0.000996773
208,0.000987438
209,0.000958049
210,0.000958157
211,0.000971251
212,0.000967705
213,0.000956678
214,0.000967908
215,0.000951918
216,0.00090449
217,0.00066962
218,0.000644492
219,0.000805833
220,0.00102278
221,0.00116277
222,0.00122904
223,0.00135709
224,0.00147595
225,0.00160286
226,0.00165742
227,0.00150193
228,0.00124893
229,0.00112027
230,0.000999067
231,0.000925655
232,0.000949988
233,0.000969491
234,0.000983121
235,0.00103008
236,0.00100653
237,0.00103575
238,0.0010286
239,0.00103697
240,0.00103998
241,0.00102992
242,0.00102026
243,0.000975859
244,0.000975046
245,0.000951856
246,0.000961145
247,0.000949345
248,0.000935561
249,0.00095158
250,0.000931905
251,0.000918073
252,0.000918092
253,0.000929752
254,0.000928643
255,0.000936223
256,0.000937014
257,0.000904679
258,0.00091346
259,0.000917968
260,0.000924423
261,0.000939685
262,0.00094234
263,0.000931746
264,0.000948799
265,0.000972796
266,0.00100177
267,0.00100984
268,0.00107218
269,0.00105973
270,0.00112714
271,0.0011147
272,0.00114349
273,0.00109127
274,0.0010514
275,0.0010001
276,0.000954741
277,0.000928271
278,0.000907413
279,0.0009082
280,0.000921692
281,0.000913091
282,0.000906646
283,0.000906004
284,0.000888656
285,0.000901546
286,0.000893801
287,0.000920891
288,0.000930021
289,0.000931508
290,0.000942016
291,0.000931231
292,0.000962472
293,0.000977638
294,0.00100295
295,0.00100103
296,0.00100756
297,0.00102568
298,0.00102714
299,0.00106279
300,0.00104238
301,0.00103637
302,0.000985028
303,0.00100661
304,0.000990712
305,0.00097772
306,0.000990186
307,0.000995115
308,0.00101034
309,0.00101565
310,0.00101951
311,0.000999853
312,0.000972009
313,0.000959958
314,0.000940448
315,0.000944359
316,0.000916593
317,0.000904613
318,0.000921135
319,0.000901278
320,0.000898493
321,0.000919377
322,0.000916773
323,0.000917527
324,0.000913216
325,0.000881292
326,0.000907189
327,0.000916167
328,0.000924181
329,0.000926664
330,0.000936572
331,0.000908541
332,0.000934599
333,0.000974974
334,0.00103531
335,0.00115598
336,0.001283
337,0.00144222
338,0.00169174
339,0.00195514
340,0.00224927
341,0.0022848
342,0.00209346
343,0.00190779
344,0.00169763
345,0.00159129
346,0.00147989
347,0.00144251
348,0.00143524
349,0.00145564
350,0.00147644
351,0.00151732
352,0.00155326
353,0.00157288
354,0.00157649
355,0.00160039
356,0.00159484
357,0.00157056
358,0.00156227
359,0.0015254
360,0.00149102
361,0.00142662
362,0.00140102
363,0.00135495
364,0.00134661
365,0.00134995
366,0.00136417
367,0.00137112
368,0.00137007
369,0.00138853
370,0.0013866
371,0.00140489
372,0.00145122
373,0.00147419
374,0.00152278
375,0.00157298
376,0.00165928
377,0.00174994
378,0.00188079
379,0.00204964
380,0.00223601
381,0.00242302
382,0.00245316
383,0.00234711
384,0.00225644
385,0.00210232
386,0.0020396
387,0.00195245
388,0.0018967
389,0.00184247
390,0.00178707
391,0.00175499
392,0.00170607
393,0.00169598
394,0.00167704
395,0.00171534
396,0.00176275
397,0.00183985
398,0.00201344
399,0.00215598
