2,0.927068
3,0.800178
4,0.69599
5,0.609554
6,0.537719
7,0.479072
8,0.430934
9,0.390992
10,0.358451
11,0.332505
12,0.312136
13,0.295704
14,0.282327
15,0.271326
16,0.262883
17,0.255988
18,0.249809
19,0.243322
20,0.23603
21,0.227895
22,0.219316
23,0.210633
24,0.201793
25,0.192826
26,0.183064
27,0.172676
28,0.161887
29,0.151104
30,0.140385
31,0.130082
32,0.120449
33,0.110959
34,0.101145
35,0.0913853
36,0.0824439
37,0.0745006
38,0.0674215
39,0.0611986
40,0.0552691
41,0.0497598
42,0.0446464
43,0.0399955
44,0.0360939
45,0.0328743
46,0.0300199
47,0.0272891
48,0.0247697
49,0.022383
50,0.0203282
51,0.0183251
52,0.0170453
53,0.0156504
54,0.014815
55,0.0134676
56,0.012732
57,0.0113082
58,0.010796
59,0.00962776
60,0.00959928
61,0.00852354
62,0.00856776
63,0.00732212
64,0.0074113
65,0.0062764
66,0.00652254
67,0.0057167
68,0.00595344
69,0.00535646
70,0.00530016
71,0.0050028
72,0.00464057
73,0.0048748
74,0.00434502
75,0.00487497
76,0.00425279
77,0.00465934
78,0.0040075
79,0.00431723
80,0.00377435
81,0.00404903
82,0.00340967
83,0.0034643
84,0.00278046
85,0.00274228
86,0.00261684
87,0.00254062
88,0.00289644
89,0.00265656
90,0.00296339
91,0.0027502
92,0.00292327
93,0.00269155
94,0.00284866
95,0.00255738
96,0.00274302
97,0.00247212
98,0.0026977
99,0.00240213
100,0.00245364
101,0.00226826
102,0.00234616
103,0.0021502
104,0.00216728
105,0.00191915
106,0.00185659
107,0.00142037
108,0.00130878
109,0.00145264
110,0.00147738
111,0.00166549
112,0.00165824
113,0.00169734
114,0.001668
115,0.00164346
116,0.00161312
117,0.00162539
118,0.00160238
119,0.00158022
120,0.00168871
121,0.00164354
122,0.00184757
123,0.00167388
124,0.00167005
125,0.00151729
126,0.00148216
127,0.00138606
128,0.00141033
129,0.00136428
130,0.00134862
131,0.00130197
132,0.00128866
133,0.0012916
134,0.00126681
135,0.00124284
136,0.00121333
137,0.00120089
138,0.00119228
139,0.00120887
140,0.0012167
141,0.00131622
142,0.0012488
143,0.00121834
144,0.00117848
145,0.00127973
146,0.00135798
147,0.00134992
148,0.00124159
149,0.00113645
150,0.00109094
151,0.0010775
152,0.0010733
153,0.00107689
154,0.00108827
155,0.00106777
156,0.00106269
157,0.00106778
158,0.00105079
159,0.00103894
160,0.00106671
161,0.00106632
162,0.00103018
163,0.00104341
164,0.00108943
165,0.00108372
166,0.00109439
167,0.00107478
168,0.00110371
169,0.00112784
170,0.00117353
171,0.00116916
172,0.00116081
173,0.00119492
174,0.00118076
175,0.00122661
176,0.00124875
177,0.00127693
178,0.00128512
179,0.00132125
180,0.00133874
181,0.00139424
182,0.0014003
183,0.00147587
184,0.0015109
185,0.00156417
186,0.00146409
187,0.00140029
188,0.00126508
189,0.00119943
190,0.00112934
191,0.00110553
192,0.00102945
193,0.0010141
194,0.000952627
195,0.000962786
196,0.000975697
197,0.000990509
198,0.00096961
199,0.000994434
200,0.000980616
201,0.00100496
202,0.000998128
203,0.0010315
204,0.00102046
205,0.00106067
206,0.000983652
207,0.00101708
208,0.000977768
209,0.000976703
210,0.000952082
211,0.000974222
212,0.000960367
213,0.00094887
214,0.000954387
215,0.000884898
216,0.00054748
217,0.000578075
218,0.000849882
219,0.0010182
220,0.00111242
221,0.00120259
222,0.00127175
223,0.00135606
224,0.00152593
225,0.00161836
226,0.00169501
227,0.00151625
228,0.00130703
229,0.00114968
230,0.00101072
231,0.000951558
232,0.000945227
233,0.00096272
234,0.000982062
235,0.00101036
236,0.00103813
237,0.00101566
238,0.00106736
239,0.00103938
240,0.00105073
241,0.00103317
242,0.00100961
243,0.000998648
244,0.000983766
245,0.000964128
246,0.000946815
247,0.000941985
248,0.00093071
249,0.00091722
250,0.000937708
251,0.000913017
252,0.000932231
253,0.000928618
254,0.000921126
255,0.000940145
256,0.000901261
257,0.000926215
258,0.000900303
259,0.000942805
260,0.000919949
261,0.000929957
262,0.000939019
263,0.000935561
264,0.000947912
265,0.000965379
266,0.00098517
267,0.00103503
268,0.00107229
269,0.00106434
270,0.0011127
271,0.00112768
272,0.00113029
273,0.00112395
274,0.00104116
275,0.000984344
276,0.000948374
277,0.00093113
278,0.000897369
279,0.000905412
280,0.000923702
281,0.000904123
282,0.000893744
283,0.000898909
284,0.000886669
285,0.00090729
286,0.000901973
287,0.000899818
288,0.000952886
289,0.000940722
290,0.000939573
291,0.000952121
292,0.00097498
293,0.000973876
294,0.00102266
295,0.0010045
296,0.00103106
297,0.00104985
298,0.0010605
299,0.00106872
300,0.00108202
301,0.00103408
302,0.00102128
303,0.00101318
304,0.000998022
305,0.000985145
306,0.000998728
307,0.00100214
308,0.00101174
309,0.0010435
310,0.00103561
311,0.000989318
312,0.000993176
313,0.000964234
314,0.000918437
315,0.000954622
316,0.000909119
317,0.000915297
318,0.000886522
319,0.000902931
320,0.000905088
321,0.000894731
322,0.000885177
323,0.000910357
324,0.000889329
325,0.000873719
326,0.000895697
327,0.000882904
328,0.000904348
329,0.000911773
330,0.00090789
331,0.000871099
332,0.000921521
333,0.000969538
334,0.00103857
335,0.00117932
336,0.00131785
337,0.00150805
338,0.00175449
339,0.00211454
340,0.00230216
341,0.00232835
342,0.00211651
343,0.00188937
344,0.00172736
345,0.00157351
346,0.00149499
347,0.00142889
348,0.00141306
349,0.00142374
350,0.00144926
351,0.00145396
352,0.00149222
353,0.00149032
354,0.00150145
355,0.00149102
356,0.00147761
357,0.001452
358,0.00144193
359,0.00139684
360,0.00137995
361,0.00134762
362,0.00131271
363,0.00130754
364,0.00128728
365,0.00129503
366,0.00128061
367,0.00129532
368,0.00128237
369,0.00132121
370,0.00132011
371,0.00135643
372,0.00134889
373,0.00140708
374,0.00145628
375,0.00154319
376,0.00161582
377,0.00178878
378,0.00191625
379,0.00211996
380,0.00232292
381,0.00249367
382,0.00249785
383,0.00238636
384,0.00226506
385,0.00213896
386,0.00206193
387,0.0019408
388,0.00190795
389,0.00184491
390,0.00179873
391,0.00175788
392,0.0017173
393,0.00168013
394,0.00167205
395,0.00169823
396,0.00175649
397,0.00185597
398,0.0020005
399,0.00219378
