2,0.0027373
3,0.00794664
4,0.0125972
5,0.0167029
6,0.0202979
7,0.0233823
8,0.026035
9,0.0283354
10,0.0303023
11,0.0319601
12,0.0333475
13,0.0345369
14,0.0355677
15,0.0364704
16,0.0372351
17,0.0379102
18,0.0385389
19,0.0391733
20,0.0398417
21,0.0405474
22,0.0412716
23,0.0419962
24,0.0427257
25,0.0434582
26,0.0442314
27,0.0450355
28,0.0458608
29,0.0466841
30,0.0475033
31,0.0482982
32,0.0490552
33,0.0498027
34,0.0505683
35,0.051329
36,0.0520439
37,0.0527
38,0.0533066
39,0.0538614
40,0.0543994
41,0.054909
42,0.0553974
43,0.0558529
44,0.0562681
45,0.0566348
46,0.056986
47,0.0573186
48,0.0576473
49,0.0579537
50,0.0582538
51,0.0585315
52,0.0587871
53,0.0590192
54,0.0592458
55,0.0594678
56,0.0596898
57,0.0599082
58,0.0601181
59,0.0603113
60,0.0604925
61,0.0606663
62,0.0608424
63,0.0610195
64,0.0611911
65,0.0613557
66,0.061506
67,0.0616483
68,0.0617844
69,0.0619276
70,0.0620696
71,0.0622139
72,0.0623523
73,0.0624889
74,0.062623
75,0.0627599
76,0.0628948
77,0.0630298
78,0.0631548
79,0.0632788
80,0.063398
81,0.0635215
82,0.0636398
83,0.0637609
84,0.0638815
85,0.0639952
86,0.064114
87,0.0642269
88,0.0643428
89,0.0644538
90,0.0645565
91,0.0646628
92,0.0647652
93,0.0648695
94,0.0649703
95,0.0650736
96,0.0651688
97,0.0652639
98,0.0653596
99,0.0654581
100,0.0655611
101,0.065659
102,0.0657572
103,0.0658513
104,0.0659444
105,0.066033
106,0.0661219
107,0.0662078
108,0.0663021
109,0.0663981
110,0.0664928
111,0.0665833
112,0.0666717
113,0.0667668
114,0.0668504
115,0.0669467
116,0.0670274
117,0.0671204
118,0.0672092
119,0.0673058
120,0.0674026
121,0.0674951
122,0.0675893
123,0.0676609
124,0.0677279
125,0.067787
126,0.067852
127,0.0679273
128,0.0680095
129,0.0680823
130,0.0681511
131,0.068216
132,0.068288
133,0.0683565
134,0.0684341
135,0.068499
136,0.0685767
137,0.0686523
138,0.0687255
139,0.0687824
140,0.0688348
141,0.0688902
142,0.0689606
143,0.06904
144,0.0691082
145,0.0691647
146,0.0692165
147,0.0692881
148,0.0693647
149,0.0694538
150,0.0695309
151,0.0696019
152,0.0696676
153,0.0697324
154,0.0698012
155,0.0698618
156,0.0699284
157,0.0699871
158,0.070059
159,0.0701219
160,0.0701874
161,0.070249
162,0.0703111
163,0.0703793
164,0.0704513
165,0.0705219
166,0.0705822
167,0.0706446
168,0.0707046
169,0.0707689
170,0.0708353
171,0.0708959
172,0.0709557
173,0.0710185
174,0.071076
175,0.0711392
176,0.0711996
177,0.0712585
178,0.0713188
179,0.0713814
180,0.0714418
181,0.0715033
182,0.0715597
183,0.0716233
184,0.0716801
185,0.0717419
186,0.0717894
187,0.0718375
188,0.0718783
189,0.0719266
190,0.0719678
191,0.0720165
192,0.0720606
193,0.0721049
194,0.0721514
195,0.0721978
196,0.0722485
197,0.0722963
198,0.072348
199,0.0723951
200,0.0724459
201,0.072488
202,0.0725369
203,0.0725839
204,0.0726373
205,0.072689
206,0.0727438
207,0.0727936
208,0.0728492
209,0.0729005
210,0.0729548
211,0.0730071
212,0.0730584
213,0.0731096
214,0.0731554
215,0.0732006
216,0.0732464
217,0.073286
218,0.0733263
219,0.0733661
220,0.0734063
221,0.0734433
222,0.0734805
223,0.0735202
224,0.0735516
225,0.0735912
226,0.0736312
227,0.0736924
228,0.0737597
229,0.0738235
230,0.0738868
231,0.0739508
232,0.0740094
233,0.0740695
234,0.0741199
235,0.0741729
236,0.0742248
237,0.0742694
238,0.0743182
239,0.0743601
240,0.0744054
241,0.0744472
242,0.0744893
243,0.0745317
244,0.0745698
245,0.0746102
246,0.0746485
247,0.0746882
248,0.074729
249,0.0747721
250,0.074812
251,0.0748531
252,0.0748928
253,0.074937
254,0.0749785
255,0.0750185
256,0.0750625
257,0.0750964
258,0.0751407
259,0.0751775
260,0.0752195
261,0.0752554
262,0.0752928
263,0.0753288
264,0.0753668
265,0.0754052
266,0.0754414
267,0.075476
268,0.0755121
269,0.0755499
270,0.0755843
271,0.0756205
272,0.0756608
273,0.075704
274,0.0757538
275,0.0758021
276,0.0758497
277,0.0758941
278,0.0759387
279,0.0759794
280,0.07602
281,0.0760622
282,0.0761028
283,0.0761469
284,0.0761849
285,0.0762268
286,0.0762665
287,0.0763083
288,0.0763482
289,0.0763886
290,0.0764313
291,0.0764691
292,0.0765115
293,0.0765508
294,0.0765931
295,0.0766301
296,0.0766703
297,0.0767102
298,0.0767507
299,0.076787
300,0.0768253
301,0.0768547
302,0.0768888
303,0.0769228
304,0.0769599
305,0.0769965
306,0.0770312
307,0.0770694
308,0.0771023
309,0.0771435
310,0.0771805
311,0.0772107
312,0.0772437
313,0.0772739
314,0.0773027
315,0.0773373
316,0.0773659
317,0.0774051
318,0.0774373
319,0.0774733
320,0.0775042
321,0.0775355
322,0.0775665
323,0.077601
324,0.0776326
325,0.0776689
326,0.077702
327,0.0777346
328,0.077766
329,0.0777976
330,0.0778337
331,0.077872
332,0.0779168
333,0.0779622
334,0.0780077
335,0.0780569
336,0.0781067
337,0.078161
338,0.0782161
339,0.0782808
340,0.0783302
341,0.0783639
342,0.0783766
343,0.0783871
344,0.0784012
345,0.0784136
346,0.0784324
347,0.0784467
348,0.0784671
349,0.0784919
350,0.0785157
351,0.0785414
352,0.0785735
353,0.0785985
354,0.078632
355,0.0786635
356,0.0786986
357,0.0787312
358,0.0787695
359,0.0787999
360,0.0788327
361,0.0788614
362,0.0788956
363,0.0789236
364,0.0789572
365,0.0789897
366,0.0790219
367,0.0790559
368,0.0790872
369,0.0791234
370,0.0791531
371,0.0791893
372,0.079218
373,0.0792557
374,0.0792901
375,0.0793305
376,0.0793675
377,0.0794157
378,0.0794575
379,0.079509
380,0.0795582
381,0.079604
382,0.079633
383,0.0796505
384,0.0796656
385,0.0796799
386,0.0796994
387,0.0797129
388,0.0797338
389,0.0797513
390,0.0797705
391,0.0797894
392,0.079804
393,0.0798202
394,0.0798301
395,0.0798415
396,0.0798492
397,0.0798548
398,0.0798596
399,0.079861
