2,0.00274657
3,0.00794719
4,0.0125573
5,0.016648
6,0.0202902
7,0.02344
8,0.0261371
9,0.0284571
10,0.0304563
11,0.0321536
12,0.0335563
13,0.0347497
14,0.0357831
15,0.0366673
16,0.037417
17,0.0380523
18,0.0386264
19,0.0391885
20,0.0397868
21,0.0404197
22,0.041078
23,0.0417366
24,0.0424094
25,0.0430778
26,0.0437949
27,0.0445521
28,0.0453355
29,0.0461121
30,0.0468956
31,0.0476629
32,0.0484027
33,0.0491504
34,0.0499286
35,0.0506953
36,0.0514398
37,0.0521499
38,0.0528066
39,0.0534209
40,0.0540019
41,0.0545503
42,0.055068
43,0.0555459
44,0.055978
45,0.0563639
46,0.0567285
47,0.0570858
48,0.057427
49,0.0577503
50,0.0580542
51,0.0583341
52,0.0586031
53,0.0588461
54,0.0590874
55,0.059317
56,0.0595435
57,0.059763
58,0.0599778
59,0.0601821
60,0.0603722
61,0.0605549
62,0.0607318
63,0.0609112
64,0.0610803
65,0.0612533
66,0.0614118
67,0.0615644
68,0.061706
69,0.0618484
70,0.0619865
71,0.06213
72,0.0622692
73,0.0624117
74,0.0625466
75,0.0626873
76,0.0628245
77,0.0629612
78,0.0630914
79,0.0632164
80,0.0633435
81,0.0634628
82,0.0635893
83,0.0637101
84,0.0638323
85,0.0639502
86,0.064072
87,0.0641883
88,0.0643081
89,0.0644177
90,0.0645268
91,0.0646334
92,0.0647382
93,0.0648428
94,0.0649445
95,0.0650464
96,0.0651455
97,0.0652444
98,0.0653388
99,0.0654423
100,0.0655406
101,0.0656426
102,0.0657391
103,0.0658368
104,0.0659311
105,0.0660218
106,0.0661059
107,0.066194
108,0.0662859
109,0.0663856
110,0.0664842
111,0.0665766
112,0.0666624
113,0.0667481
114,0.0668413
115,0.066931
116,0.0670224
117,0.067114
118,0.0672063
119,0.0672991
120,0.0673962
121,0.067492
122,0.0675813
123,0.0676622
124,0.0677212
125,0.0677843
126,0.067845
127,0.0679293
128,0.0680095
129,0.0680897
130,0.0681483
131,0.0682094
132,0.0682767
133,0.0683541
134,0.0684351
135,0.0685091
136,0.06858
137,0.0686487
138,0.0687138
139,0.068778
140,0.0688356
141,0.0688924
142,0.0689642
143,0.0690351
144,0.069104
145,0.0691618
146,0.0692139
147,0.0692826
148,0.0693654
149,0.0694518
150,0.0695353
151,0.069604
152,0.0696668
153,0.0697308
154,0.069796
155,0.0698684
156,0.0699314
157,0.0699955
158,0.0700571
159,0.0701235
160,0.070186
161,0.0702501
162,0.0703166
163,0.0703849
164,0.0704557
165,0.0705226
166,0.0705876
167,0.0706466
168,0.0707092
169,0.0707715
170,0.0708373
171,0.0708995
172,0.0709597
173,0.0710192
174,0.0710796
175,0.0711423
176,0.0712014
177,0.0712644
178,0.0713269
179,0.0713848
180,0.0714472
181,0.0715076
182,0.0715664
183,0.0716274
184,0.0716883
185,0.0717462
186,0.0717936
187,0.0718426
188,0.0718831
189,0.0719309
190,0.0719715
191,0.0720198
192,0.0720626
193,0.0721077
194,0.0721546
195,0.0722005
196,0.0722492
197,0.0722981
198,0.072349
199,0.0723969
200,0.0724458
201,0.0724885
202,0.0725367
203,0.0725821
204,0.0726385
205,0.0726883
206,0.0727424
207,0.0727944
208,0.0728469
209,0.0729025
210,0.0729532
211,0.0730077
212,0.073058
213,0.073107
214,0.0731577
215,0.0732004
216,0.0732434
217,0.0732869
218,0.0733251
219,0.0733652
220,0.0734037
221,0.073442
222,0.0734793
223,0.0735155
224,0.073552
225,0.0735882
226,0.0736309
227,0.0736894
228,0.0737553
229,0.0738224
230,0.0738822
231,0.0739473
232,0.0740077
233,0.0740647
234,0.0741207
235,0.0741715
236,0.0742219
237,0.0742715
238,0.074318
239,0.0743615
240,0.0744056
241,0.074448
242,0.0744905
243,0.0745323
244,0.0745734
245,0.0746105
246,0.0746485
247,0.0746917
248,0.0747305
249,0.0747728
250,0.0748145
251,0.074852
252,0.0748972
253,0.0749364
254,0.0749807
255,0.0750209
256,0.0750636
257,0.0751003
258,0.0751419
259,0.0751794
260,0.0752211
261,0.0752572
262,0.0752942
263,0.0753297
264,0.0753689
265,0.0754018
266,0.0754409
267,0.0754764
268,0.0755111
269,0.0755486
270,0.0755843
271,0.0756187
272,0.0756598
273,0.0757045
274,0.0757542
275,0.0758025
276,0.0758498
277,0.0758975
278,0.0759386
279,0.0759817
280,0.0760219
281,0.0760639
282,0.0761064
283,0.0761489
284,0.0761866
285,0.0762311
286,0.0762676
287,0.0763112
288,0.0763491
289,0.0763935
290,0.0764323
291,0.0764722
292,0.0765132
293,0.0765532
294,0.0765974
295,0.0766329
296,0.0766741
297,0.0767131
298,0.0767543
299,0.0767908
300,0.0768254
301,0.0768588
302,0.0768899
303,0.0769269
304,0.0769621
305,0.0769985
306,0.0770329
307,0.0770708
308,0.0771056
309,0.0771455
310,0.0771821
311,0.0772114
312,0.0772461
313,0.0772736
314,0.0773064
315,0.0773369
316,0.077369
317,0.0774057
318,0.0774394
319,0.0774743
320,0.0775059
321,0.077536
322,0.0775685
323,0.0776
324,0.0776353
325,0.0776691
326,0.0777024
327,0.0777332
328,0.0777684
329,0.0777977
330,0.0778362
331,0.0778763
332,0.0779206
333,0.0779664
334,0.0780161
335,0.0780635
336,0.0781152
337,0.0781684
338,0.0782258
339,0.0782876
340,0.0783376
341,0.0783662
342,0.0783791
343,0.0783902
344,0.078401
345,0.0784158
346,0.0784317
347,0.0784494
348,0.0784687
349,0.0784925
350,0.078519
351,0.0785433
352,0.0785746
353,0.0786031
354,0.0786355
355,0.0786679
356,0.0787003
357,0.0787371
358,0.0787686
359,0.0788042
360,0.0788326
361,0.0788657
362,0.078897
363,0.0789256
364,0.0789583
365,0.0789924
366,0.0790252
367,0.0790564
368,0.0790926
369,0.0791253
370,0.0791579
371,0.0791925
372,0.0792239
373,0.0792619
374,0.0792946
375,0.079339
376,0.0793758
377,0.0794242
378,0.0794688
379,0.0795214
380,0.0795692
381,0.0796115
382,0.0796372
383,0.0796518
384,0.0796671
385,0.0796848
386,0.0796977
387,0.0797165
388,0.0797342
389,0.0797529
390,0.0797715
391,0.0797896
392,0.079805
393,0.0798186
394,0.0798294
395,0.0798396
396,0.0798475
397,0.0798504
398,0.0798556
399,0.0798567
