2,0.926822
3,0.800165
4,0.696955
5,0.610839
6,0.537895
7,0.477786
8,0.428703
9,0.388375
10,0.35519
11,0.328465
12,0.307828
13,0.291365
14,0.277982
15,0.267393
16,0.259281
17,0.253199
18,0.248103
19,0.243024
20,0.237081
21,0.230326
22,0.222973
23,0.215509
24,0.207702
25,0.199888
26,0.191118
27,0.181554
28,0.171481
29,0.161499
30,0.151376
31,0.141521
32,0.132141
33,0.122598
34,0.112509
35,0.102595
36,0.0930876
37,0.0841545
38,0.0761654
39,0.0688688
40,0.0621603
41,0.0559612
42,0.0503138
43,0.0452633
44,0.0410398
45,0.0374975
46,0.0343782
47,0.0312336
48,0.0284757
49,0.0258266
50,0.0236817
51,0.0216413
52,0.020049
53,0.0185299
54,0.0173705
55,0.0159515
56,0.0150161
57,0.0136545
58,0.0129077
59,0.0116804
60,0.0112998
61,0.0102718
62,0.0100965
63,0.00899525
64,0.00885584
65,0.00780048
66,0.00771721
67,0.00691035
68,0.00693932
69,0.00644096
70,0.00636544
71,0.00608838
72,0.00570946
73,0.00580736
74,0.00531501
75,0.00565079
76,0.00500015
77,0.0052844
78,0.00459713
79,0.00491621
80,0.00421438
81,0.00452986
82,0.00375607
83,0.00379429
84,0.00321327
85,0.00308849
86,0.00309341
87,0.00286178
88,0.00321038
89,0.00291558
90,0.00318831
91,0.00289521
92,0.00313894
93,0.00281957
94,0.00301536
95,0.00266345
96,0.00286708
97,0.00263229
98,0.0028304
99,0.00251168
100,0.00260479
101,0.00231982
102,0.00240889
103,0.00213342
104,0.00215482
105,0.0018333
106,0.00173917
107,0.00147034
108,0.0014771
109,0.00171217
110,0.00166724
111,0.00179079
112,0.00175919
113,0.00182968
114,0.00170151
115,0.00173078
116,0.00167469
117,0.0016776
118,0.00166643
119,0.00166705
120,0.00167823
121,0.00169274
122,0.00180931
123,0.00174887
124,0.00165734
125,0.0015392
126,0.00145544
127,0.00146016
128,0.00150463
129,0.00144183
130,0.00143301
131,0.00138156
132,0.00135044
133,0.00133896
134,0.00135883
135,0.00130693
136,0.00133722
137,0.00130267
138,0.00130638
139,0.00132106
140,0.00132479
141,0.001356
142,0.00134514
143,0.0013365
144,0.00129935
145,0.00136519
146,0.00147354
147,0.00147441
148,0.00135615
149,0.00127292
150,0.0011953
151,0.00119987
152,0.00121296
153,0.00117684
154,0.00119591
155,0.00120353
156,0.0011926
157,0.00118911
158,0.00120353
159,0.00119307
160,0.00118532
161,0.00118293
162,0.00115715
163,0.00119594
164,0.00121398
165,0.0012409
166,0.00121883
167,0.00126852
168,0.00122574
169,0.00126696
170,0.00130697
171,0.00131297
172,0.00129556
173,0.00129311
174,0.0013302
175,0.00136716
176,0.0013645
177,0.00141134
178,0.00143164
179,0.0014506
180,0.00150701
181,0.00152698
182,0.00154054
183,0.00161198
184,0.00164455
185,0.0016678
186,0.00158878
187,0.00151762
188,0.0013876
189,0.00133624
190,0.00123435
191,0.00118961
192,0.00115257
193,0.00109155
194,0.00106925
195,0.00105591
196,0.00106674
197,0.00107151
198,0.00107114
199,0.0010606
200,0.00109478
201,0.00109677
202,0.00108267
203,0.00113685
204,0.00109209
205,0.00112818
206,0.00109778
207,0.0010786
208,0.00106276
209,0.00106601
210,0.00106998
211,0.00103489
212,0.00103175
213,0.000996902
214,0.000788514
215,0.000559346
216,0.000615871
217,0.000867508
218,0.00102973
219,0.00115516
220,0.00120837
221,0.00130017
222,0.00137993
223,0.00148383
224,0.00157742
225,0.0017124
226,0.00174429
227,0.00161322
228,0.00142731
229,0.00123072
230,0.00114531
231,0.0010713
232,0.00104443
233,0.00105392
234,0.00108114
235,0.00108534
236,0.00110864
237,0.00113054
238,0.00115578
239,0.00113791
240,0.00115626
241,0.00111154
242,0.00112486
243,0.00112953
244,0.00107941
245,0.00107304
246,0.00107105
247,0.00104776
248,0.00105547
249,0.00104804
250,0.00102225
251,0.00102564
252,0.00104421
253,0.00101616
254,0.00103263
255,0.00104105
256,0.00101839
257,0.00101554
258,0.0010283
259,0.00100937
260,0.00102024
261,0.0010352
262,0.00102181
263,0.00103791
264,0.00106917
265,0.00104784
266,0.00108054
267,0.00112949
268,0.00113539
269,0.0011577
270,0.0012007
271,0.00121071
272,0.00119442
273,0.00118448
274,0.00110564
275,0.00105836
276,0.00102261
277,0.000976043
278,0.000967184
279,0.00100519
280,0.000966302
281,0.000999743
282,0.000991511
283,0.000958653
284,0.000956629
285,0.000988933
286,0.000974397
287,0.000989818
288,0.00100651
289,0.00100826
290,0.00101337
291,0.00104862
292,0.00101658
293,0.00105512
294,0.00110439
295,0.00108154
296,0.00110432
297,0.00114852
298,0.00113005
299,0.00113774
300,0.00114934
301,0.00111313
302,0.00109236
303,0.00108805
304,0.00105567
305,0.00106699
306,0.001074
307,0.00106656
308,0.00106906
309,0.00112838
310,0.00108478
311,0.00106991
312,0.00106584
313,0.00101908
314,0.00102696
315,0.00101862
316,0.000987196
317,0.0010057
318,0.000990951
319,0.000993435
320,0.000998618
321,0.000988394
322,0.000981517
323,0.00098322
324,0.000971327
325,0.000970754
326,0.000976969
327,0.000987701
328,0.000978619
329,0.00101586
330,0.000981894
331,0.000976894
332,0.00101311
333,0.00109083
334,0.00117315
335,0.00129013
336,0.00145533
337,0.00165617
338,0.00189122
339,0.00224417
340,0.00242139
341,0.00237937
342,0.00216926
343,0.00193776
344,0.00172602
345,0.00161041
346,0.00150147
347,0.00147184
348,0.00141936
349,0.00143599
350,0.00146935
351,0.00145302
352,0.00146094
353,0.00145017
354,0.00144893
355,0.00143493
356,0.00142011
357,0.0014018
358,0.00134968
359,0.00137596
360,0.00127984
361,0.00127277
362,0.00126142
363,0.00124185
364,0.00123807
365,0.00125282
366,0.00124832
367,0.0012516
368,0.00128181
369,0.00129913
370,0.00130459
371,0.00134818
372,0.00133664
373,0.00142096
374,0.00143465
375,0.00158189
376,0.00162414
377,0.00181925
378,0.00196054
379,0.00220891
380,0.00240856
381,0.00256295
382,0.00253053
383,0.0024058
384,0.00227531
385,0.00219073
386,0.00204498
387,0.00198899
388,0.00190661
389,0.0018497
390,0.00179078
391,0.00175234
392,0.00171673
393,0.0016693
394,0.00168321
395,0.00168492
396,0.00174588
397,0.0018666
398,0.00201811
399,0.00225241
