2,0.927372
3,0.804529
4,0.708771
5,0.628102
6,0.554596
7,0.489809
8,0.437336
9,0.394362
10,0.358172
11,0.329016
12,0.307433
13,0.289826
14,0.275347
15,0.264506
16,0.25677
17,0.250763
18,0.246313
19,0.24243
20,0.237476
21,0.231689
22,0.225811
23,0.219337
24,0.212281
25,0.205544
26,0.197877
27,0.188937
28,0.179718
29,0.170731
30,0.161114
31,0.151655
32,0.142484
33,0.132868
34,0.122982
35,0.113364
36,0.103914
37,0.0945298
38,0.0858759
39,0.0777675
40,0.0701016
41,0.0630194
42,0.056631
43,0.0510664
44,0.0463389
45,0.0425042
46,0.0389141
47,0.0354822
48,0.0323443
49,0.0295543
50,0.0272343
51,0.0250367
52,0.0232628
53,0.0214596
54,0.0200248
55,0.0184842
56,0.0174263
57,0.0161623
58,0.0152396
59,0.0139593
60,0.0131852
61,0.0122004
62,0.0117627
63,0.0107595
64,0.0104419
65,0.00948387
66,0.00908584
67,0.00828536
68,0.00823687
69,0.00769458
70,0.00757789
71,0.00735571
72,0.00697453
73,0.00679352
74,0.00653814
75,0.00640264
76,0.00592634
77,0.00599893
78,0.00543666
79,0.00541363
80,0.00494865
81,0.00494742
82,0.00438349
83,0.00428521
84,0.00400134
85,0.00361117
86,0.00364828
87,0.00339374
88,0.0036081
89,0.00332008
90,0.00355172
91,0.00332794
92,0.00348555
93,0.00323999
94,0.00339558
95,0.00314901
96,0.00322403
97,0.00306724
98,0.00317008
99,0.00285261
100,0.00291273
101,0.0026755
102,0.00265192
103,0.00240956
104,0.00229865
105,0.00202759
106,0.00188352
107,0.00177357
108,0.00185582
109,0.00195727
110,0.00186941
111,0.00198494
112,0.00203675
113,0.00209997
114,0.00205167
115,0.00211203
116,0.00202955
117,0.0019712
118,0.00202407
119,0.00200902
120,0.00195143
121,0.00206841
122,0.00213172
123,0.00204963
124,0.0019902
125,0.00196678
126,0.0018358
127,0.00189286
128,0.00188685
129,0.00182596
130,0.00188834
131,0.00185878
132,0.00178431
133,0.00185111
134,0.00185442
135,0.00172649
136,0.00183625
137,0.00184084
138,0.00173945
139,0.00184578
140,0.00188869
141,0.00177289
142,0.00186842
143,0.00188027
144,0.00187852
145,0.00192586
146,0.00203129
147,0.00190176
148,0.00187927
149,0.00185248
150,0.0017176
151,0.00178673
152,0.0018806
153,0.0017338
154,0.00180235
155,0.00186693
156,0.00172914
157,0.00180639
158,0.00186482
159,0.00173128
160,0.00178882
161,0.0018627
162,0.00171357
163,0.00181932
164,0.0018841
165,0.00179707
166,0.00180857
167,0.00191895
168,0.00177116
169,0.001885
170,0.00192154
171,0.00189664
172,0.0018544
173,0.00196343
174,0.00187224
175,0.00192096
176,0.00198214
177,0.00197496
178,0.00193684
179,0.0020678
180,0.00202463
181,0.00205038
182,0.00207706
183,0.00213413
184,0.00211179
185,0.00217773
186,0.00208434
187,0.00199086
188,0.00197771
189,0.00183862
190,0.0017488
191,0.0018027
192,0.00168775
193,0.00161113
194,0.00171755
195,0.00159622
196,0.00155758
197,0.00166028
198,0.00157598
199,0.00157227
200,0.0016806
201,0.00158294
202,0.00160999
203,0.00167591
204,0.00160102
205,0.00158166
206,0.00165722
207,0.00158452
208,0.00154802
209,0.00164462
210,0.00148121
211,0.00136736
212,0.00128727
213,0.0011228
214,0.00104506
215,0.00103348
216,0.000971306
217,0.001156
218,0.00133939
219,0.00151412
220,0.00160763
221,0.00177923
222,0.00183056
223,0.00193569
224,0.00202922
225,0.00214308
226,0.00209118
227,0.00207838
228,0.00188834
229,0.00178841
230,0.00171827
231,0.00162211
232,0.00158034
233,0.0016576
234,0.00160085
235,0.00158634
236,0.00173902
237,0.00161724
238,0.00169679
239,0.00172405
240,0.0016749
241,0.00161204
242,0.00173789
243,0.0016508
244,0.00163776
245,0.00168171
246,0.00163192
247,0.00157069
248,0.00169329
249,0.00160543
250,0.00159284
251,0.00170772
252,0.00160632
253,0.00157416
254,0.00164653
255,0.00162326
256,0.00153881
257,0.00170321
258,0.00157766
259,0.00156232
260,0.00163761
261,0.00160047
262,0.00152533
263,0.00167304
264,0.0015825
265,0.00157191
266,0.00168145
267,0.00162804
268,0.00162535
269,0.00173498
270,0.00168798
271,0.00165575
272,0.00171098
273,0.00162924
274,0.00159561
275,0.0015918
276,0.00154553
277,0.00143405
278,0.00155596
279,0.00149004
280,0.00144852
281,0.00153417
282,0.00146822
283,0.00145651
284,0.0015354
285,0.00145503
286,0.0014598
287,0.00151716
288,0.00149085
289,0.00146202
290,0.00155951
291,0.0014944
292,0.00148421
293,0.00158932
294,0.00152956
295,0.00155539
296,0.00161665
297,0.00158462
298,0.00157736
299,0.00165076
300,0.00157244
301,0.00153935
302,0.00161504
303,0.00151383
304,0.00154671
305,0.00159966
306,0.00153409
307,0.00153741
308,0.00160947
309,0.00154326
310,0.00157274
311,0.00159267
312,0.00150659
313,0.00149721
314,0.00157872
315,0.0014545
316,0.00149889
317,0.0015747
318,0.00148293
319,0.00148695
320,0.00157095
321,0.00146503
322,0.00149837
323,0.00158579
324,0.00146794
325,0.00150946
326,0.00158435
327,0.00145589
328,0.00149895
329,0.00156862
330,0.00147161
331,0.00148244
332,0.00161206
333,0.00157503
334,0.00165823
335,0.00179881
336,0.00189617
337,0.00208243
338,0.00230459
339,0.00259221
340,0.00265036
341,0.00263174
342,0.00250871
343,0.00231012
344,0.00211081
345,0.00196309
346,0.00176167
347,0.00178974
348,0.00162943
349,0.00164425
350,0.00169343
351,0.00162226
352,0.00160351
353,0.00169484
354,0.00157615
355,0.00160842
356,0.00164274
357,0.00155858
358,0.00154683
359,0.00161916
360,0.00148989
361,0.00152735
362,0.00156112
363,0.00149727
364,0.00148492
365,0.00157483
366,0.00145635
367,0.00151027
368,0.00157461
369,0.00151632
370,0.00153213
371,0.00160583
372,0.00154839
373,0.00162298
374,0.00167103
375,0.00172842
376,0.00182651
377,0.00196537
378,0.00214234
379,0.0023495
380,0.00251834
381,0.00266888
382,0.00263644
383,0.00248457
384,0.00237429
385,0.00219966
386,0.00210623
387,0.00201309
388,0.00194398
389,0.00189712
390,0.00178209
391,0.00179335
392,0.00175529
393,0.00166246
394,0.00172334
395,0.00177059
396,0.00177667
397,0.00195133
398,0.0021441
399,0.00232492
