2,0.00272607
3,0.0077739
4,0.0120679
5,0.0159096
6,0.0195569
7,0.0229005
8,0.0257423
9,0.0281786
10,0.0303155
11,0.0321274
12,0.0335755
13,0.034825
14,0.0359137
15,0.0368119
16,0.0375439
17,0.0381764
18,0.0387184
19,0.0392194
20,0.0397662
21,0.0403483
22,0.0409282
23,0.0415331
24,0.0421647
25,0.0427737
26,0.0434294
27,0.0441506
28,0.0448852
29,0.0456048
30,0.0463582
31,0.047101
32,0.0478266
33,0.0485761
34,0.0493408
35,0.0500881
36,0.0508267
37,0.0515609
38,0.0522527
39,0.0529118
40,0.0535463
41,0.0541443
42,0.054703
43,0.055211
44,0.0556713
45,0.0560728
46,0.0564646
47,0.0568385
48,0.0571988
49,0.0575317
50,0.0578425
51,0.0581319
52,0.05841
53,0.0586719
54,0.0589254
55,0.0591652
56,0.059395
57,0.0596114
58,0.0598298
59,0.0600454
60,0.060247
61,0.0604376
62,0.0606176
63,0.0607994
64,0.0609691
65,0.0611476
66,0.061317
67,0.0614783
68,0.0616239
69,0.0617721
70,0.0619082
71,0.0620521
72,0.0621964
73,0.0623403
74,0.0624785
75,0.062621
76,0.0627585
77,0.0628955
78,0.0630323
79,0.0631629
80,0.0632881
81,0.0634163
82,0.0635397
83,0.063664
84,0.0637875
85,0.0639126
86,0.0640314
87,0.0641509
88,0.0642679
89,0.0643837
90,0.0644949
91,0.0646052
92,0.0647164
93,0.0648177
94,0.0649239
95,0.0650207
96,0.065126
97,0.0652239
98,0.0653266
99,0.0654242
100,0.0655264
101,0.0656284
102,0.0657207
103,0.065821
104,0.0659154
105,0.0660053
106,0.0660938
107,0.0661808
108,0.0662746
109,0.0663733
110,0.0664755
111,0.0665686
112,0.0666538
113,0.0667425
114,0.0668296
115,0.0669215
116,0.0670155
117,0.0671091
118,0.0672014
119,0.0672956
120,0.0673898
121,0.0674858
122,0.0675751
123,0.0676545
124,0.0677189
125,0.0677818
126,0.067848
127,0.0679221
128,0.0680065
129,0.0680817
130,0.0681464
131,0.0682019
132,0.0682762
133,0.0683467
134,0.0684348
135,0.0685095
136,0.0685784
137,0.0686415
138,0.068703
139,0.0687684
140,0.0688317
141,0.0688979
142,0.0689629
143,0.0690304
144,0.0690932
145,0.0691511
146,0.0692185
147,0.0692831
148,0.0693687
149,0.0694451
150,0.0695297
151,0.0695997
152,0.069664
153,0.0697311
154,0.0697956
155,0.0698673
156,0.0699308
157,0.0699983
158,0.0700577
159,0.070122
160,0.0701859
161,0.0702554
162,0.0703171
163,0.0703911
164,0.0704564
165,0.0705223
166,0.0705884
167,0.0706481
168,0.0707104
169,0.070777
170,0.0708382
171,0.0709015
172,0.0709616
173,0.0710252
174,0.0710846
175,0.0711435
176,0.0712075
177,0.0712689
178,0.0713289
179,0.0713926
180,0.0714503
181,0.0715113
182,0.0715729
183,0.0716332
184,0.0716924
185,0.071748
186,0.0718
187,0.0718428
188,0.0718881
189,0.0719307
190,0.071977
191,0.0720206
192,0.0720675
193,0.0721068
194,0.0721578
195,0.0722006
196,0.0722507
197,0.0722959
198,0.07235
199,0.0723958
200,0.072443
201,0.07249
202,0.0725291
203,0.0725846
204,0.0726344
205,0.0726869
206,0.0727406
207,0.0727935
208,0.0728448
209,0.0728949
210,0.0729519
211,0.0730048
212,0.073055
213,0.0731045
214,0.0731512
215,0.0731964
216,0.073243
217,0.0732811
218,0.0733236
219,0.0733621
220,0.0733998
221,0.0734382
222,0.0734722
223,0.0735118
224,0.0735459
225,0.0735838
226,0.0736288
227,0.0736844
228,0.073748
229,0.0738157
230,0.0738794
231,0.0739431
232,0.0740035
233,0.0740612
234,0.0741169
235,0.0741696
236,0.0742202
237,0.0742693
238,0.0743156
239,0.0743618
240,0.0744044
241,0.0744485
242,0.0744916
243,0.0745317
244,0.0745727
245,0.0746097
246,0.0746503
247,0.0746891
248,0.0747318
249,0.0747707
250,0.0748151
251,0.0748562
252,0.0748964
253,0.0749409
254,0.0749775
255,0.0750273
256,0.0750614
257,0.0751055
258,0.0751422
259,0.0751824
260,0.0752202
261,0.0752579
262,0.0752945
263,0.0753322
264,0.075369
265,0.0754001
266,0.0754411
267,0.0754748
268,0.0755104
269,0.0755443
270,0.0755849
271,0.0756194
272,0.0756636
273,0.075704
274,0.075754
275,0.0758025
276,0.075848
277,0.0758962
278,0.0759369
279,0.0759833
280,0.0760216
281,0.076067
282,0.0761049
283,0.0761494
284,0.0761882
285,0.0762312
286,0.0762708
287,0.0763085
288,0.0763542
289,0.0763908
290,0.0764342
291,0.0764733
292,0.0765128
293,0.0765557
294,0.076595
295,0.0766362
296,0.0766759
297,0.0767138
298,0.0767541
299,0.0767918
300,0.0768262
301,0.0768588
302,0.0768933
303,0.0769263
304,0.0769638
305,0.0769982
306,0.0770342
307,0.077071
308,0.0771078
309,0.0771462
310,0.0771812
311,0.0772126
312,0.0772432
313,0.0772756
314,0.0773067
315,0.0773356
316,0.0773724
317,0.0774063
318,0.0774386
319,0.0774769
320,0.0775033
321,0.0775385
322,0.0775669
323,0.0776025
324,0.0776341
325,0.0776682
326,0.0777033
327,0.0777352
328,0.0777697
329,0.0778012
330,0.0778404
331,0.077879
332,0.0779261
333,0.0779722
334,0.0780226
335,0.0780712
336,0.0781218
337,0.0781784
338,0.078236
339,0.0782932
340,0.0783351
341,0.0783672
342,0.0783851
343,0.0783981
344,0.0784127
345,0.0784217
346,0.0784331
347,0.0784528
348,0.0784717
349,0.0784917
350,0.0785226
351,0.0785462
352,0.078577
353,0.0786053
354,0.0786385
355,0.0786685
356,0.0787065
357,0.0787371
358,0.078771
359,0.0788051
360,0.0788344
361,0.0788651
362,0.0788963
363,0.0789262
364,0.0789572
365,0.0789935
366,0.0790233
367,0.0790594
368,0.0790951
369,0.0791257
370,0.0791608
371,0.0791935
372,0.0792283
373,0.0792665
374,0.0793009
375,0.0793421
376,0.0793869
377,0.0794272
378,0.0794795
379,0.0795293
380,0.0795774
381,0.0796171
382,0.079646
383,0.0796593
384,0.079674
385,0.0796835
386,0.0797002
387,0.0797175
388,0.079734
389,0.0797536
390,0.0797687
391,0.079789
392,0.0798011
393,0.0798156
394,0.0798269
395,0.0798364
396,0.0798422
397,0.0798502
398,0.0798497
399,0.0798541
