2,0.00268593
3,0.00758319
4,0.0116639
5,0.0152984
6,0.0188549
7,0.0222109
8,0.0250926
9,0.0275544
10,0.029785
11,0.0317082
12,0.0332667
13,0.0346021
14,0.0357961
15,0.0367733
16,0.0375623
17,0.038233
18,0.0387797
19,0.0392527
20,0.0397622
21,0.040299
22,0.0408315
23,0.041385
24,0.0419679
25,0.0425275
26,0.0431303
27,0.0438038
28,0.0444979
29,0.0451823
30,0.0458984
31,0.0466132
32,0.0473128
33,0.0480255
34,0.0487751
35,0.04952
36,0.0502599
37,0.0510012
38,0.0517065
39,0.0523868
40,0.0530601
41,0.053693
42,0.0542969
43,0.0548481
44,0.0553422
45,0.0557756
46,0.0561866
47,0.0565845
48,0.0569564
49,0.0573011
50,0.0576241
51,0.0579245
52,0.0582112
53,0.0584912
54,0.0587566
55,0.0590056
56,0.0592368
57,0.0594588
58,0.0596778
59,0.0599039
60,0.0601202
61,0.0603135
62,0.0605024
63,0.0606765
64,0.0608574
65,0.0610362
66,0.061222
67,0.0613863
68,0.0615396
69,0.0616856
70,0.0618322
71,0.061975
72,0.0621274
73,0.0622746
74,0.0624132
75,0.0625609
76,0.0626954
77,0.0628367
78,0.0629757
79,0.0631136
80,0.063243
81,0.0633701
82,0.0634992
83,0.0636221
84,0.0637467
85,0.0638775
86,0.0639944
87,0.0641182
88,0.0642374
89,0.0643517
90,0.0644671
91,0.0645824
92,0.0646892
93,0.0647978
94,0.0649057
95,0.0650052
96,0.0651051
97,0.0652083
98,0.0653131
99,0.0654097
100,0.0655153
101,0.0656137
102,0.0657097
103,0.0658062
104,0.0659021
105,0.065993
106,0.0660822
107,0.0661751
108,0.066269
109,0.0663631
110,0.0664665
111,0.0665568
112,0.0666482
113,0.0667355
114,0.0668225
115,0.0669151
116,0.0670093
117,0.0671015
118,0.0671953
119,0.0672901
120,0.0673864
121,0.0674766
122,0.0675683
123,0.067648
124,0.0677129
125,0.0677791
126,0.0678503
127,0.0679182
128,0.0679966
129,0.0680711
130,0.0681384
131,0.0681995
132,0.0682713
133,0.0683433
134,0.0684239
135,0.0685028
136,0.068569
137,0.0686301
138,0.0686922
139,0.0687561
140,0.068824
141,0.0688952
142,0.0689559
143,0.0690211
144,0.0690831
145,0.0691459
146,0.0692131
147,0.0692847
148,0.0693636
149,0.0694412
150,0.0695204
151,0.0695939
152,0.0696598
153,0.0697269
154,0.0697961
155,0.0698649
156,0.0699287
157,0.0699955
158,0.0700564
159,0.070123
160,0.0701856
161,0.0702564
162,0.0703226
163,0.0703946
164,0.0704561
165,0.0705257
166,0.0705902
167,0.0706518
168,0.0707147
169,0.0707803
170,0.070843
171,0.0709049
172,0.0709664
173,0.0710293
174,0.0710881
175,0.0711516
176,0.0712157
177,0.0712738
178,0.0713373
179,0.0714006
180,0.0714578
181,0.0715187
182,0.0715815
183,0.0716422
184,0.0716981
185,0.0717554
186,0.0718048
187,0.0718455
188,0.0718945
189,0.0719354
190,0.0719797
191,0.0720232
192,0.0720701
193,0.0721114
194,0.0721562
195,0.0722058
196,0.0722493
197,0.0722978
198,0.0723481
199,0.0723942
200,0.0724391
201,0.0724858
202,0.0725317
203,0.0725783
204,0.0726354
205,0.0726842
206,0.0727385
207,0.0727897
208,0.0728401
209,0.0728932
210,0.0729475
211,0.0729978
212,0.0730486
213,0.0730996
214,0.0731437
215,0.073191
216,0.0732364
217,0.0732783
218,0.0733164
219,0.0733539
220,0.073393
221,0.0734282
222,0.0734652
223,0.0735026
224,0.0735377
225,0.0735751
226,0.0736244
227,0.0736791
228,0.0737427
229,0.0738094
230,0.0738704
231,0.0739335
232,0.0739957
233,0.0740526
234,0.0741101
235,0.0741666
236,0.0742142
237,0.0742671
238,0.0743123
239,0.0743593
240,0.0744024
241,0.0744462
242,0.0744895
243,0.0745309
244,0.074573
245,0.0746118
246,0.0746493
247,0.0746914
248,0.0747339
249,0.0747739
250,0.0748153
251,0.074859
252,0.074899
253,0.0749404
254,0.0749858
255,0.0750257
256,0.0750672
257,0.0751078
258,0.075146
259,0.0751848
260,0.0752237
261,0.0752598
262,0.0752959
263,0.0753349
264,0.0753689
265,0.0754038
266,0.0754385
267,0.075476
268,0.0755105
269,0.0755458
270,0.0755842
271,0.0756194
272,0.0756644
273,0.0757068
274,0.0757541
275,0.0758018
276,0.0758508
277,0.0758918
278,0.0759425
279,0.0759802
280,0.076024
281,0.0760655
282,0.0761086
283,0.0761475
284,0.076191
285,0.0762303
286,0.0762696
287,0.0763129
288,0.0763501
289,0.0763927
290,0.0764308
291,0.0764742
292,0.0765112
293,0.0765533
294,0.0765916
295,0.076636
296,0.0766724
297,0.0767134
298,0.0767504
299,0.0767886
300,0.076824
301,0.0768577
302,0.0768912
303,0.0769275
304,0.0769606
305,0.0769976
306,0.0770299
307,0.077071
308,0.0771055
309,0.0771428
310,0.0771798
311,0.0772081
312,0.0772417
313,0.0772737
314,0.0773021
315,0.0773368
316,0.077371
317,0.0774025
318,0.0774399
319,0.0774712
320,0.0775048
321,0.0775348
322,0.0775703
323,0.0776003
324,0.0776342
325,0.0776682
326,0.0777023
327,0.0777389
328,0.0777713
329,0.0778066
330,0.0778439
331,0.0778858
332,0.0779306
333,0.07798
334,0.0780283
335,0.0780815
336,0.0781311
337,0.0781937
338,0.0782515
339,0.0783026
340,0.0783415
341,0.0783705
342,0.0783916
343,0.0784077
344,0.0784216
345,0.0784345
346,0.0784408
347,0.0784601
348,0.0784765
349,0.0784963
350,0.0785269
351,0.0785499
352,0.07858
353,0.078611
354,0.0786411
355,0.0786724
356,0.0787105
357,0.07874
358,0.0787735
359,0.0788059
360,0.0788339
361,0.0788641
362,0.0788995
363,0.0789253
364,0.078958
365,0.0789904
366,0.0790274
367,0.0790585
368,0.0790925
369,0.0791289
370,0.0791583
371,0.0791963
372,0.0792298
373,0.0792668
374,0.0793038
375,0.0793491
376,0.0793888
377,0.0794373
378,0.0794852
379,0.0795342
380,0.0795832
381,0.07962
382,0.07965
383,0.0796654
384,0.0796798
385,0.0796881
386,0.0797048
387,0.0797155
388,0.0797357
389,0.0797485
390,0.079769
391,0.0797823
392,0.0797994
393,0.0798116
394,0.0798254
395,0.0798314
396,0.0798414
397,0.0798463
398,0.079848
399,0.079853
