2,0.928442
3,0.809326
4,0.718522
5,0.642388
6,0.570583
7,0.505175
8,0.45154
9,0.407781
10,0.369403
11,0.337772
12,0.313807
13,0.294372
14,0.277723
15,0.265279
16,0.256402
17,0.249652
18,0.245125
19,0.241788
20,0.237553
21,0.232633
22,0.22764
23,0.22212
24,0.215958
25,0.210117
26,0.203393
27,0.195305
28,0.186796
29,0.178409
30,0.169433
31,0.160442
32,0.151693
33,0.142696
34,0.133032
35,0.123417
36,0.113902
37,0.104353
38,0.0954313
39,0.086911
40,0.0785503
41,0.0708342
42,0.0636251
43,0.0573086
44,0.0519645
45,0.0475739
46,0.0436315
47,0.0397757
48,0.0364279
49,0.0334256
50,0.0308757
51,0.0285006
52,0.0265391
53,0.0244645
54,0.0227458
55,0.0211107
56,0.0199514
57,0.0186132
58,0.0176044
59,0.0161982
60,0.0151229
61,0.0141161
62,0.0134997
63,0.01268
64,0.0121007
65,0.011264
66,0.0104832
67,0.00974015
68,0.00954318
69,0.00905912
70,0.00875542
71,0.00855581
72,0.00801572
73,0.00772777
74,0.00746608
75,0.00718408
76,0.00670824
77,0.00662867
78,0.00613972
79,0.00589118
80,0.00559698
81,0.00540051
82,0.00493426
83,0.00488661
84,0.00459738
85,0.00413096
86,0.00413621
87,0.00380739
88,0.00393678
89,0.00364228
90,0.00383411
91,0.00359341
92,0.00373368
93,0.00350703
94,0.00366417
95,0.00351182
96,0.0035623
97,0.00340336
98,0.0034154
99,0.00316152
100,0.00319016
101,0.00287985
102,0.00284006
103,0.00255717
104,0.00238182
105,0.00212675
106,0.00193708
107,0.00183468
108,0.00189216
109,0.00203396
110,0.00204028
111,0.00215635
112,0.00220115
113,0.0022896
114,0.00223273
115,0.00233903
116,0.00231804
117,0.0022109
118,0.00231554
119,0.00231646
120,0.00221205
121,0.00232074
122,0.00236765
123,0.00225139
124,0.0022971
125,0.00226734
126,0.0021383
127,0.00221313
128,0.00223999
129,0.00209253
130,0.00221719
131,0.00219487
132,0.00209413
133,0.00216357
134,0.00223439
135,0.0020397
136,0.00219411
137,0.00221392
138,0.00212935
139,0.00216453
140,0.00227124
141,0.00208931
142,0.00227494
143,0.00230449
144,0.00226293
145,0.00228714
146,0.00241204
147,0.00220255
148,0.00227358
149,0.00225829
150,0.00210981
151,0.00214473
152,0.00227691
153,0.00207519
154,0.00218852
155,0.00227745
156,0.00207984
157,0.0021953
158,0.00227117
159,0.00208944
160,0.00217349
161,0.00231721
162,0.00213009
163,0.00221803
164,0.00232666
165,0.0021825
166,0.00222054
167,0.00233078
168,0.00213211
169,0.00227957
170,0.00234761
171,0.00227582
172,0.00222522
173,0.00240735
174,0.00223472
175,0.00232566
176,0.0023911
177,0.00233715
178,0.00231042
179,0.00248526
180,0.00236031
181,0.0024293
182,0.00247592
183,0.00250359
184,0.00246192
185,0.00255133
186,0.00238866
187,0.00230811
188,0.00231306
189,0.00218522
190,0.00206612
191,0.00216413
192,0.00201192
193,0.00193201
194,0.00206291
195,0.00194246
196,0.00188019
197,0.00201687
198,0.00192343
199,0.00188079
200,0.00202396
201,0.00193647
202,0.00190657
203,0.00203307
204,0.00191824
205,0.00191883
206,0.00199582
207,0.00188969
208,0.00185072
209,0.00191738
210,0.00174598
211,0.00153385
212,0.00147607
213,0.0012295
214,0.0011008
215,0.00116526
216,0.00111737
217,0.00126484
218,0.0015517
219,0.00173449
220,0.00184666
221,0.0021034
222,0.00209638
223,0.00225058
224,0.00235689
225,0.00246154
226,0.00242287
227,0.00239826
228,0.00216098
229,0.00212512
230,0.00210964
231,0.0019583
232,0.00190301
233,0.0020593
234,0.00192177
235,0.00190552
236,0.00204712
237,0.00194163
238,0.00197118
239,0.00207979
240,0.00200108
241,0.00194105
242,0.00211933
243,0.00193513
244,0.00194827
245,0.0020515
246,0.00194724
247,0.00190802
248,0.00204252
249,0.00196267
250,0.00190957
251,0.0020708
252,0.00195232
253,0.00189998
254,0.00204058
255,0.00192786
256,0.00186054
257,0.00203241
258,0.00192881
259,0.00186947
260,0.00202386
261,0.00191917
262,0.00185452
263,0.00201372
264,0.00189655
265,0.00186158
266,0.00200039
267,0.00192492
268,0.00191371
269,0.00203813
270,0.0019612
271,0.00194466
272,0.00200381
273,0.00189531
274,0.00186744
275,0.0018967
276,0.00183137
277,0.00176286
278,0.00187549
279,0.00180672
280,0.0017588
281,0.00188041
282,0.00175747
283,0.00176414
284,0.00185964
285,0.00176435
286,0.00174619
287,0.0018607
288,0.00178649
289,0.00176213
290,0.00187869
291,0.00179007
292,0.00174938
293,0.00187146
294,0.00177967
295,0.0018209
296,0.00189334
297,0.00183581
298,0.00181632
299,0.00192949
300,0.00183519
301,0.00183406
302,0.00191565
303,0.00178248
304,0.00180651
305,0.00188799
306,0.00178529
307,0.00181907
308,0.00192227
309,0.00180354
310,0.0018509
311,0.00192609
312,0.00177931
313,0.00180599
314,0.00188261
315,0.0017506
316,0.00182561
317,0.00190648
318,0.00178567
319,0.00179982
320,0.00191702
321,0.0017402
322,0.00179287
323,0.00190257
324,0.00175124
325,0.00180325
326,0.0019168
327,0.00176488
328,0.00181218
329,0.00192692
330,0.00177489
331,0.00183239
332,0.00194636
333,0.00188477
334,0.00198085
335,0.0021563
336,0.00222228
337,0.00244086
338,0.00267915
339,0.00286419
340,0.00291353
341,0.00284403
342,0.00275906
343,0.00259596
344,0.00241757
345,0.00227268
346,0.00204193
347,0.00207507
348,0.00185248
349,0.00187287
350,0.00188139
351,0.00179518
352,0.00177097
353,0.00188092
354,0.00174513
355,0.00177881
356,0.00186606
357,0.00178334
358,0.00175824
359,0.00184997
360,0.00170769
361,0.00175532
362,0.00184742
363,0.0017011
364,0.00175424
365,0.001821
366,0.00171278
367,0.00178566
368,0.00181431
369,0.00174874
370,0.00176538
371,0.00185395
372,0.0017685
373,0.00186427
374,0.00190764
375,0.00197634
376,0.00203405
377,0.00222806
378,0.0023388
379,0.00250832
380,0.00268544
381,0.00279776
382,0.00276844
383,0.00265856
384,0.0025075
385,0.00234558
386,0.00223101
387,0.00209648
388,0.00205015
389,0.00198307
390,0.00188201
391,0.00189393
392,0.00186263
393,0.00175023
394,0.00185605
395,0.00192544
396,0.00186117
397,0.00209377
398,0.00225147
399,0.00242075
