2,0.00264403
3,0.00744991
4,0.0114404
5,0.0149882
6,0.0184577
7,0.0217627
8,0.0246354
9,0.0270808
10,0.0293306
11,0.0312807
12,0.0328833
13,0.034271
14,0.0355347
15,0.0365907
16,0.0374522
17,0.0381789
18,0.0387705
19,0.0392539
20,0.0397451
21,0.0402561
22,0.040755
23,0.0412716
24,0.0418074
25,0.0423257
26,0.0428706
27,0.0435075
28,0.0441516
29,0.0448105
30,0.0454958
31,0.0461773
32,0.0468336
33,0.0475242
34,0.0482509
35,0.0489761
36,0.0497098
37,0.0504538
38,0.0511694
39,0.0518719
40,0.0525609
41,0.053224
42,0.053861
43,0.054459
44,0.0549923
45,0.0554612
46,0.0558997
47,0.0563147
48,0.0567001
49,0.057059
50,0.0573969
51,0.05771
52,0.0580101
53,0.0583027
54,0.0585824
55,0.058834
56,0.0590746
57,0.0592995
58,0.0595256
59,0.0597612
60,0.0599863
61,0.060188
62,0.0603777
63,0.0605611
64,0.0607373
65,0.0609296
66,0.0611151
67,0.0612948
68,0.061452
69,0.061603
70,0.0617477
71,0.0618983
72,0.0620567
73,0.062206
74,0.0623528
75,0.062494
76,0.062637
77,0.0627763
78,0.0629241
79,0.063061
80,0.0631939
81,0.0633267
82,0.0634593
83,0.0635789
84,0.0637115
85,0.0638403
86,0.0639644
87,0.0640858
88,0.0642092
89,0.064322
90,0.0644436
91,0.0645556
92,0.0646695
93,0.0647782
94,0.0648863
95,0.0649895
96,0.0650895
97,0.0651946
98,0.0652974
99,0.0653994
100,0.0655011
101,0.0656038
102,0.0656982
103,0.0657928
104,0.0658902
105,0.0659787
106,0.0660741
107,0.0661676
108,0.0662618
109,0.066356
110,0.0664564
111,0.0665481
112,0.0666378
113,0.0667304
114,0.0668179
115,0.066907
116,0.067003
117,0.067097
118,0.0671878
119,0.0672852
120,0.0673832
121,0.0674688
122,0.0675617
123,0.0676387
124,0.0677079
125,0.0677768
126,0.0678471
127,0.0679161
128,0.0679884
129,0.0680635
130,0.0681261
131,0.068193
132,0.0682648
133,0.0683391
134,0.0684142
135,0.0684953
136,0.068557
137,0.0686213
138,0.0686817
139,0.0687491
140,0.0688144
141,0.0688863
142,0.068953
143,0.0690137
144,0.069073
145,0.0691409
146,0.0692064
147,0.0692831
148,0.0693609
149,0.0694374
150,0.069512
151,0.0695857
152,0.0696557
153,0.0697216
154,0.0697952
155,0.06986
156,0.0699268
157,0.0699955
158,0.0700566
159,0.0701192
160,0.070191
161,0.0702564
162,0.0703254
163,0.0703957
164,0.0704644
165,0.0705265
166,0.0705924
167,0.0706573
168,0.070719
169,0.0707857
170,0.0708468
171,0.0709098
172,0.0709724
173,0.0710371
174,0.0710966
175,0.0711584
176,0.0712236
177,0.0712815
178,0.0713437
179,0.0714089
180,0.0714649
181,0.0715273
182,0.0715906
183,0.0716528
184,0.0717059
185,0.0717612
186,0.0718096
187,0.0718546
188,0.0718989
189,0.0719413
190,0.0719849
191,0.0720264
192,0.0720729
193,0.0721122
194,0.0721611
195,0.072206
196,0.0722513
197,0.0722985
198,0.0723473
199,0.0723925
200,0.0724385
201,0.0724841
202,0.0725291
203,0.0725787
204,0.0726322
205,0.0726808
206,0.0727363
207,0.0727856
208,0.0728368
209,0.0728906
210,0.0729436
211,0.0729931
212,0.0730418
213,0.073095
214,0.0731409
215,0.0731824
216,0.0732283
217,0.0732705
218,0.0733104
219,0.073346
220,0.0733856
221,0.0734204
222,0.0734563
223,0.073494
224,0.073529
225,0.0735664
226,0.0736186
227,0.0736726
228,0.0737368
229,0.0737985
230,0.0738649
231,0.0739256
232,0.0739857
233,0.0740481
234,0.0741023
235,0.0741588
236,0.0742116
237,0.0742607
238,0.0743102
239,0.0743561
240,0.0743991
241,0.0744444
242,0.0744878
243,0.0745304
244,0.0745711
245,0.0746122
246,0.0746496
247,0.0746944
248,0.0747326
249,0.0747781
250,0.0748179
251,0.0748626
252,0.074901
253,0.0749449
254,0.0749875
255,0.0750305
256,0.0750663
257,0.0751147
258,0.0751488
259,0.075188
260,0.0752273
261,0.0752622
262,0.0752989
263,0.0753345
264,0.0753719
265,0.075404
266,0.0754407
267,0.0754785
268,0.075509
269,0.0755458
270,0.0755822
271,0.0756191
272,0.0756657
273,0.0757073
274,0.0757556
275,0.0758011
276,0.0758503
277,0.0758941
278,0.075941
279,0.0759816
280,0.0760237
281,0.076065
282,0.0761104
283,0.0761509
284,0.0761873
285,0.0762342
286,0.0762697
287,0.0763099
288,0.0763531
289,0.0763888
290,0.0764299
291,0.0764711
292,0.0765108
293,0.0765482
294,0.0765907
295,0.0766333
296,0.0766692
297,0.0767112
298,0.0767453
299,0.0767869
300,0.0768197
301,0.0768558
302,0.076891
303,0.0769227
304,0.0769595
305,0.0769929
306,0.077028
307,0.0770682
308,0.0771026
309,0.0771382
310,0.0771765
311,0.0772067
312,0.0772397
313,0.0772701
314,0.0773021
315,0.0773325
316,0.0773697
317,0.0773999
318,0.077437
319,0.0774693
320,0.077503
321,0.0775345
322,0.0775717
323,0.0776005
324,0.0776317
325,0.0776713
326,0.0777037
327,0.0777377
328,0.0777755
329,0.0778122
330,0.0778475
331,0.0778915
332,0.0779382
333,0.0779855
334,0.0780386
335,0.0780889
336,0.0781452
337,0.0782031
338,0.0782633
339,0.0783149
340,0.0783486
341,0.078381
342,0.078395
343,0.0784152
344,0.0784319
345,0.0784381
346,0.0784521
347,0.0784679
348,0.0784829
349,0.0785041
350,0.0785303
351,0.0785546
352,0.0785814
353,0.078616
354,0.0786442
355,0.0786764
356,0.0787105
357,0.0787438
358,0.0787745
359,0.0788066
360,0.0788392
361,0.0788637
362,0.0788967
363,0.0789282
364,0.0789585
365,0.0789923
366,0.0790262
367,0.0790569
368,0.0790926
369,0.0791289
370,0.0791598
371,0.0791964
372,0.0792322
373,0.0792663
374,0.0793083
375,0.0793513
376,0.0793936
377,0.0794408
378,0.079492
379,0.0795385
380,0.0795854
381,0.0796242
382,0.0796504
383,0.0796711
384,0.0796826
385,0.0796916
386,0.0797057
387,0.0797187
388,0.0797351
389,0.0797482
390,0.0797663
391,0.0797822
392,0.0797952
393,0.0798099
394,0.0798216
395,0.0798274
396,0.0798404
397,0.0798416
398,0.0798462
399,0.0798503
