2,0.929559
3,0.81268
4,0.723919
5,0.649644
6,0.579632
7,0.51516
8,0.461537
9,0.417959
10,0.379027
11,0.346701
12,0.321715
13,0.301127
14,0.283
15,0.268931
16,0.258587
17,0.25072
18,0.245306
19,0.241764
20,0.237882
21,0.233451
22,0.229089
23,0.224253
24,0.218955
25,0.213869
26,0.208193
27,0.200754
28,0.193126
29,0.185174
30,0.176717
31,0.168291
32,0.160287
33,0.15164
34,0.142349
35,0.133048
36,0.123599
37,0.11397
38,0.10482
39,0.095883
40,0.0872062
41,0.0789344
42,0.0711328
43,0.0639771
44,0.0579425
45,0.0529354
46,0.0484979
47,0.0443602
48,0.040733
49,0.037502
50,0.0346649
51,0.0320697
52,0.0298354
53,0.0275504
54,0.0255802
55,0.0238853
56,0.02256
57,0.0211978
58,0.0200248
59,0.0184992
60,0.0172097
61,0.0161202
62,0.0154542
63,0.0145221
64,0.0139493
65,0.0129401
66,0.0121045
67,0.0111794
68,0.0108675
69,0.0103842
70,0.0100511
71,0.00974876
72,0.00913768
73,0.00870518
74,0.00839626
75,0.00807126
76,0.0075877
77,0.00743198
78,0.00682873
79,0.00651575
80,0.00619683
81,0.0059406
82,0.00542015
83,0.00542063
84,0.00500787
85,0.00456407
86,0.00446329
87,0.00438091
88,0.00420582
89,0.00414375
90,0.00405069
91,0.00395123
92,0.00392309
93,0.00374209
94,0.00388119
95,0.00363908
96,0.00374379
97,0.00354027
98,0.00353539
99,0.00324971
100,0.00327812
101,0.00302559
102,0.00287116
103,0.00268065
104,0.00249114
105,0.0023747
106,0.00207705
107,0.00202547
108,0.0020032
109,0.00210166
110,0.00208226
111,0.00219719
112,0.0022906
113,0.0023856
114,0.00228243
115,0.00247409
116,0.00243964
117,0.00235226
118,0.00243354
119,0.0024719
120,0.00237144
121,0.00249012
122,0.00251052
123,0.00242513
124,0.00247965
125,0.0024609
126,0.00229473
127,0.0024048
128,0.00241327
129,0.00225333
130,0.00236809
131,0.00243326
132,0.0022658
133,0.00237856
134,0.00241375
135,0.00224973
136,0.00237371
137,0.00243813
138,0.00232977
139,0.00243003
140,0.00250383
141,0.00232726
142,0.00248437
143,0.00250923
144,0.00256127
145,0.00249618
146,0.00266503
147,0.00238564
148,0.00248744
149,0.00248629
150,0.00235636
151,0.00239492
152,0.00250282
153,0.00230399
154,0.0023969
155,0.00250717
156,0.00230194
157,0.00238043
158,0.00249461
159,0.00228069
160,0.00237643
161,0.00250319
162,0.00230985
163,0.00240444
164,0.00248867
165,0.00236717
166,0.00235946
167,0.00257064
168,0.00235244
169,0.00247441
170,0.00254293
171,0.00242939
172,0.00243213
173,0.00263069
174,0.00241196
175,0.00251123
176,0.00260673
177,0.00253694
178,0.00250625
179,0.00267719
180,0.0025593
181,0.00262332
182,0.00270556
183,0.00270003
184,0.00263058
185,0.00269051
186,0.00259638
187,0.00249566
188,0.00250603
189,0.00234679
190,0.00225259
191,0.00232616
192,0.00216991
193,0.00204524
194,0.00224704
195,0.00207736
196,0.00202232
197,0.00218426
198,0.00207297
199,0.00200748
200,0.00218206
201,0.00207223
202,0.00206904
203,0.0021604
204,0.00206624
205,0.00201397
206,0.00212096
207,0.00200767
208,0.00194618
209,0.00203504
210,0.00181847
211,0.00160848
212,0.00152183
213,0.00129197
214,0.00112736
215,0.00120994
216,0.00120079
217,0.00131881
218,0.00160967
219,0.00183028
220,0.0019378
221,0.0022322
222,0.00228057
223,0.00238526
224,0.00251461
225,0.00264309
226,0.00253576
227,0.00257477
228,0.00234357
229,0.00228545
230,0.00225619
231,0.00214886
232,0.00202981
233,0.00217882
234,0.00204398
235,0.00203861
236,0.00219544
237,0.00206716
238,0.0021118
239,0.0022103
240,0.00212812
241,0.00207289
242,0.00222755
243,0.00209817
244,0.00208904
245,0.0022074
246,0.00208551
247,0.00202725
248,0.00221964
249,0.0020888
250,0.00205798
251,0.00221141
252,0.00210212
253,0.00202109
254,0.0022042
255,0.0020925
256,0.00200383
257,0.00219933
258,0.00206832
259,0.00200371
260,0.00214921
261,0.00209582
262,0.00198236
263,0.00215324
264,0.00204359
265,0.00200749
266,0.00215556
267,0.00208376
268,0.00204606
269,0.00218958
270,0.00210807
271,0.00205599
272,0.00216631
273,0.00206849
274,0.00199781
275,0.002069
276,0.00197637
277,0.00190667
278,0.00201877
279,0.00195433
280,0.00185481
281,0.00202145
282,0.00192559
283,0.00185756
284,0.00198452
285,0.00193819
286,0.00184472
287,0.00199121
288,0.00192812
289,0.00184912
290,0.00201027
291,0.00190812
292,0.00187471
293,0.0019993
294,0.00191246
295,0.0019395
296,0.00199956
297,0.00192527
298,0.00191877
299,0.00203253
300,0.00192461
301,0.00193279
302,0.00201106
303,0.00191434
304,0.00191018
305,0.00201133
306,0.0018986
307,0.00194079
308,0.00204926
309,0.00188427
310,0.00195871
311,0.00202526
312,0.00188757
313,0.00191483
314,0.00202385
315,0.00187842
316,0.00192515
317,0.00204506
318,0.00188719
319,0.00192652
320,0.00202016
321,0.00188607
322,0.00190825
323,0.00205909
324,0.00188983
325,0.00192539
326,0.00206692
327,0.00189628
328,0.00192671
329,0.00208558
330,0.00191349
331,0.00194046
332,0.00209145
333,0.00202044
334,0.0021538
335,0.00230672
336,0.00242663
337,0.00261349
338,0.00286202
339,0.00305669
340,0.00306562
341,0.00303678
342,0.00287594
343,0.00273633
344,0.00261692
345,0.00240421
346,0.00222465
347,0.00223619
348,0.00198735
349,0.00199221
350,0.00203181
351,0.00191174
352,0.00190617
353,0.00202286
354,0.00184783
355,0.00191457
356,0.00197789
357,0.00189424
358,0.0018631
359,0.0019735
360,0.00182834
361,0.00188187
362,0.00194282
363,0.00184268
364,0.00186119
365,0.00196047
366,0.00180907
367,0.00188514
368,0.00197365
369,0.00186675
370,0.00190309
371,0.0019974
372,0.00189706
373,0.00198862
374,0.00206119
375,0.00211259
376,0.00218203
377,0.00234222
378,0.00250284
379,0.00264375
380,0.00278992
381,0.002914
382,0.00286403
383,0.00277829
384,0.00262603
385,0.00244272
386,0.00234344
387,0.00219405
388,0.00213736
389,0.00209122
390,0.00194963
391,0.00201012
392,0.00199407
393,0.00182174
394,0.00197301
395,0.0019786
396,0.00196617
397,0.00215732
398,0.00233611
399,0.00251691
