2,0.00813433
3,0.00689637
4,0.006296
5,0.00634281
6,0.00621578
7,0.00640344
8,0.0064032
9,0.00557789
10,0.00564526
11,0.00595743
12,0.00592387
13,0.00566325
14,0.00670314
15,0.00546265
16,0.00609051
17,0.00657492
18,0.00637033
19,0.00609975
20,0.00635525
21,0.00606457
22,0.00582805
23,0.00599516
24,0.0056793
25,0.005986
26,0.0053229
27,0.00604759
28,0.00633679
29,0.00608042
30,0.00635597
31,0.00574538
32,0.00621462
33,0.00606772
34,0.0055997
35,0.00585079
36,0.00593375
37,0.00599595
38,0.00637274
39,0.00623494
40,0.00618287
41,0.00566531
42,0.00559166
43,0.00637515
44,0.00577976
45,0.00588249
46,0.00631874
47,0.00569607
48,0.00602162
49,0.00534711
50,0.00654362
51,0.00588818
52,0.0061686
53,0.00616178
54,0.00629937
55,0.00609113
56,0.00589918
57,0.00585749
58,0.00558392
59,0.00648857
60,0.00531712
61,0.00632534
62,0.00544555
63,0.00624672
64,0.00626375
65,0.00581414
66,0.00638977
67,0.00572386
68,0.00622531
69,0.0061462
70,0.00600917
71,0.00648926
72,0.00579246
73,0.00598488
74,0.0056811
75,0.00576042
76,0.00529635
77,0.00612512
78,0.00639787
79,0.00603176
80,0.00611828
81,0.00583744
82,0.00582744
83,0.00658409
84,0.00574396
85,0.00564767
86,0.00538106
87,0.00661519
88,0.00701211
89,0.00649135
90,0.0059331
91,0.00600114
92,0.00666054
93,0.006305
94,0.00635755
95,0.00618233
96,0.00545196
97,0.00596583
98,0.00595501
99,0.0062126
100,0.00607266
101,0.00561803
102,0.00625865
103,0.00587369
104,0.00577934
105,0.00589063
106,0.00620174
107,0.00545272
108,0.00639668
109,0.00574968
110,0.00569805
111,0.0058871
112,0.00564386
113,0.00650129
114,0.00589357
115,0.00564362
116,0.00654649
117,0.00592842
118,0.00595676
119,0.00572137
120,0.00665246
121,0.00593386
122,0.00578656
123,0.00613823
124,0.00548367
125,0.00645992
126,0.00625847
127,0.00596031
128,0.0062042
129,0.00576349
130,0.0056184
131,0.00630307
132,0.005617
133,0.00595426
134,0.00582039
135,0.0064274
136,0.00540758
137,0.00640844
138,0.00617528
139,0.00549397
140,0.00622419
141,0.00597941
142,0.00634689
143,0.00633754
144,0.00650587
145,0.0060146
146,0.00595696
147,0.00572433
148,0.00661536
149,0.00625227
150,0.00618243
151,0.0057609
152,0.00575544
153,0.00586875
154,0.00597322
155,0.0061728
156,0.00614675
157,0.00631828
158,0.00619873
159,0.00674092
160,0.00572467
161,0.00593296
162,0.00570644
163,0.0064807
164,0.00596126
165,0.00591834
166,0.00567785
167,0.00601263
168,0.00652451
169,0.0058366
170,0.00594403
171,0.00561017
172,0.00554236
173,0.00582839
174,0.00572533
175,0.00565226
176,0.00583551
177,0.0060618
178,0.00593158
179,0.00553182
180,0.00562686
181,0.00565955
182,0.00625987
183,0.00564584
184,0.00614251
185,0.00554278
186,0.0056864
187,0.0060728
188,0.00594777
189,0.00567918
190,0.00581798
191,0.00635013
192,0.00571061
193,0.00572005
194,0.00578626
195,0.0061855
196,0.00547804
197,0.00560287
198,0.00540059
199,0.005637
200,0.00528405
201,0.00587431
202,0.00602404
203,0.00564975
204,0.00559706
205,0.00522582
206,0.00610524
207,0.00602219
208,0.00574876
209,0.00584302
210,0.00591073
211,0.0063519
212,0.0056897
213,0.00615228
214,0.00603581
215,0.00628969
216,0.00572468
217,0.00563728
218,0.00660437
219,0.00586809
220,0.00633849
221,0.00589771
222,0.00608692
223,0.00553304
224,0.00630356
225,0.00599607
226,0.00642742
227,0.0063351
228,0.00609111
229,0.00571703
230,0.00612398
231,0.0059712
232,0.0058487
233,0.00606748
234,0.0061704
235,0.00607021
236,0.00608322
237,0.00609356
238,0.00637181
239,0.00574265
240,0.00608109
241,0.00541446
242,0.00662561
243,0.00622745
244,0.00598554
245,0.00556981
246,0.00642351
247,0.00548314
248,0.00589846
249,0.00607703
250,0.00637932
251,0.00591932
252,0.00617059
253,0.00565568
254,0.00571551
255,0.00589346
256,0.00578278
257,0.00585868
258,0.00620975
259,0.00613632
260,0.0058078
261,0.00558894
262,0.00615943
263,0.00587429
264,0.00655325
265,0.00592352
266,0.00560834
267,0.00596762
268,0.00549114
269,0.00615405
270,0.00639678
271,0.00562616
272,0.00610708
273,0.0054971
274,0.00565129
275,0.0052781
276,0.0068639
277,0.0060064
278,0.0066642
279,0.00617077
280,0.00599029
281,0.00628268
282,0.00606842
283,0.00578093
284,0.00547663
285,0.00633767
286,0.00634899
287,0.00573703
288,0.00607379
289,0.00626422
290,0.00628615
291,0.00649067
292,0.0059053
293,0.0066798
294,0.00570832
295,0.00574637
296,0.00590195
297,0.00604748
298,0.00594836
299,0.00670784
300,0.00609047
301,0.00620092
302,0.00610888
303,0.0061577
304,0.00559937
305,0.00648869
306,0.00629307
307,0.00558019
308,0.00584116
309,0.00552984
310,0.00565802
311,0.00517494
312,0.00605114
313,0.00582773
314,0.00699715
315,0.00604488
316,0.00564356
317,0.00598794
318,0.00648806
319,0.00652825
320,0.00635399
321,0.00559078
322,0.00613141
323,0.00619443
324,0.00543617
325,0.00618004
326,0.00577132
327,0.00576024
328,0.00600321
329,0.00574705
330,0.00648226
331,0.00608269
332,0.00619468
333,0.00626479
334,0.0060503
335,0.00639115
336,0.00568084
337,0.0059357
338,0.00525614
339,0.00613292
340,0.00607586
341,0.00613874
342,0.00601931
343,0.00578711
344,0.00604495
345,0.00631698
346,0.00645357
347,0.00667368
348,0.00603409
349,0.00614314
350,0.00567053
351,0.00647994
352,0.00629823
353,0.00586689
354,0.00555326
355,0.00584311
356,0.00650469
357,0.00610489
358,0.00636251
359,0.00594897
360,0.00550249
361,0.00595523
362,0.00654837
363,0.00602313
364,0.0057379
365,0.00673094
366,0.00549177
367,0.00581575
368,0.00590295
369,0.00577666
370,0.0059302
371,0.00577638
372,0.00608053
373,0.005905
374,0.00630131
375,0.00585799
376,0.00649836
377,0.00600743
378,0.00651419
379,0.00640381
380,0.00695509
381,0.00654559
382,0.00577333
383,0.00556875
384,0.00580926
385,0.00621544
386,0.00645266
387,0.00583068
388,0.00652233
389,0.00598584
390,0.00577835
391,0.0061852
392,0.00555602
393,0.00621297
394,0.00617826
395,0.00541034
396,0.00679205
397,0.00564955
398,0.00605147
399,0.00660985
