2,0.00430692
3,0.0116259
4,0.0173731
5,0.0225994
6,0.0272387
7,0.0313545
8,0.0350082
9,0.0381768
10,0.0409642
11,0.0433585
12,0.0453838
13,0.04708
14,0.0484267
15,0.0493876
16,0.0500197
17,0.0504621
18,0.0508753
19,0.0512872
20,0.0516725
21,0.052055
22,0.052422
23,0.05278
24,0.0531216
25,0.0534623
26,0.0537796
27,0.0540922
28,0.0543979
29,0.0546923
30,0.0549794
31,0.0552616
32,0.0555331
33,0.0557956
34,0.0560543
35,0.0562968
36,0.0565377
37,0.0567735
38,0.0570047
39,0.0572275
40,0.0574467
41,0.0576602
42,0.057867
43,0.058067
44,0.0582715
45,0.0584637
46,0.0586664
47,0.0588594
48,0.0590498
49,0.0592387
50,0.0594112
51,0.0595874
52,0.0597493
53,0.0599204
54,0.0600808
55,0.0602397
56,0.0603977
57,0.0605566
58,0.0607082
59,0.0608575
60,0.0610032
61,0.0611495
62,0.0612891
63,0.0614279
64,0.0615662
65,0.061699
66,0.0618407
67,0.0619678
68,0.0621007
69,0.0622381
70,0.0623704
71,0.062505
72,0.0626375
73,0.0627728
74,0.0628898
75,0.0630084
76,0.0631215
77,0.0632317
78,0.06334
79,0.0634455
80,0.0635569
81,0.0636697
82,0.0637801
83,0.0638991
84,0.0640098
85,0.0641241
86,0.0642295
87,0.0643393
88,0.0644427
89,0.0645455
90,0.064652
91,0.0647459
92,0.0648494
93,0.0649425
94,0.0650387
95,0.0651307
96,0.0652246
97,0.065311
98,0.0654084
99,0.065503
100,0.0656019
101,0.0656969
102,0.0657983
103,0.0658962
104,0.0659906
105,0.0660807
106,0.066174
107,0.0662537
108,0.0663434
109,0.0664283
110,0.0665095
111,0.0665995
112,0.0666821
113,0.0667706
114,0.0668541
115,0.0669407
116,0.067034
117,0.0671169
118,0.067206
119,0.0672849
120,0.0673695
121,0.0674463
122,0.0675253
123,0.0675975
124,0.0676701
125,0.0677394
126,0.0678131
127,0.0678902
128,0.0679685
129,0.0680504
130,0.0681243
131,0.0682034
132,0.0682772
133,0.0683515
134,0.0684302
135,0.0684996
136,0.0685727
137,0.0686474
138,0.0687162
139,0.0687888
140,0.0688607
141,0.0689343
142,0.0690004
143,0.0690713
144,0.0691337
145,0.0691987
146,0.0692648
147,0.0693344
148,0.0694025
149,0.0694656
150,0.0695335
151,0.0695975
152,0.0696535
153,0.0697197
154,0.0697818
155,0.069843
156,0.0699075
157,0.0699713
158,0.0700311
159,0.0700993
160,0.0701662
161,0.0702331
162,0.070302
163,0.0703668
164,0.0704309
165,0.0704949
166,0.0705546
167,0.0706212
168,0.0706818
169,0.0707477
170,0.0708077
171,0.0708606
172,0.0709229
173,0.0709711
174,0.0710333
175,0.0710946
176,0.071155
177,0.0712116
178,0.0712701
179,0.0713269
180,0.071382
181,0.071434
182,0.0714909
183,0.0715483
184,0.0715975
185,0.0716515
186,0.0717056
187,0.0717552
188,0.0718132
189,0.0718649
190,0.0719272
191,0.0719814
192,0.0720363
193,0.0720928
194,0.0721419
195,0.0721927
196,0.0722361
197,0.072289
198,0.0723352
199,0.0723849
200,0.0724366
201,0.0724961
202,0.0725506
203,0.0726102
204,0.0726634
205,0.0727141
206,0.0727651
207,0.0728143
208,0.0728589
209,0.0729076
210,0.0729564
211,0.0730034
212,0.0730491
213,0.0730977
214,0.0731425
215,0.0731854
216,0.0732369
217,0.0732784
218,0.0733345
219,0.0733885
220,0.0734402
221,0.0734922
222,0.0735389
223,0.0735846
224,0.0736274
225,0.0736786
226,0.0737308
227,0.0737778
228,0.073829
229,0.0738851
230,0.0739306
231,0.0739899
232,0.0740455
233,0.0740999
234,0.0741449
235,0.0741888
236,0.0742292
237,0.0742702
238,0.0743046
239,0.0743423
240,0.0743847
241,0.0744207
242,0.0744645
243,0.0745048
244,0.0745514
245,0.0745965
246,0.0746374
247,0.0746792
248,0.0747207
249,0.0747586
250,0.0748036
251,0.074841
252,0.0748794
253,0.0749208
254,0.0749664
255,0.0750069
256,0.0750482
257,0.0750961
258,0.0751303
259,0.0751754
260,0.075211
261,0.0752464
262,0.0752895
263,0.0753306
264,0.075372
265,0.0754129
266,0.0754634
267,0.0755032
268,0.0755419
269,0.0755861
270,0.0756258
271,0.0756634
272,0.0757076
273,0.0757474
274,0.0757884
275,0.0758305
276,0.0758621
277,0.0759042
278,0.0759375
279,0.0759744
280,0.076013
281,0.076048
282,0.0760892
283,0.0761239
284,0.0761668
285,0.0762002
286,0.0762333
287,0.0762768
288,0.0763141
289,0.0763533
290,0.0763923
291,0.0764307
292,0.0764748
293,0.0765186
294,0.0765583
295,0.0765993
296,0.0766476
297,0.0766861
298,0.0767231
299,0.0767604
300,0.0767981
301,0.0768292
302,0.0768592
303,0.0768936
304,0.0769234
305,0.0769632
306,0.0770001
307,0.0770372
308,0.0770763
309,0.0771079
310,0.0771464
311,0.0771801
312,0.0772195
313,0.0772528
314,0.0772901
315,0.0773295
316,0.0773661
317,0.0774066
318,0.0774417
319,0.0774824
320,0.0775173
321,0.0775517
322,0.0775805
323,0.0776158
324,0.0776412
325,0.0776741
326,0.0777047
327,0.0777359
328,0.077765
329,0.0777978
330,0.0778318
331,0.0778655
332,0.077904
333,0.0779394
334,0.0779783
335,0.0780163
336,0.0780543
337,0.0780877
338,0.0781288
339,0.0781632
340,0.0782049
341,0.0782436
342,0.078287
343,0.0783274
344,0.0783599
345,0.0783877
346,0.0784125
347,0.0784316
348,0.0784522
349,0.0784717
350,0.0784981
351,0.0785198
352,0.0785531
353,0.0785838
354,0.0786111
355,0.0786517
356,0.0786877
357,0.0787192
358,0.0787535
359,0.0787818
360,0.0788083
361,0.0788354
362,0.0788668
363,0.0789001
364,0.0789324
365,0.0789642
366,0.0789965
367,0.0790296
368,0.0790539
369,0.0790864
370,0.07911
371,0.0791403
372,0.079169
373,0.0791989
374,0.0792357
375,0.0792628
376,0.0793007
377,0.0793334
378,0.0793635
379,0.0794003
380,0.0794302
381,0.0794635
382,0.0795011
383,0.0795352
384,0.0795697
385,0.0796058
386,0.0796279
387,0.0796573
388,0.0796825
389,0.0797067
390,0.0797296
391,0.079759
392,0.0797883
393,0.0798171
394,0.0798494
395,0.0798777
396,0.0798978
397,0.0799169
398,0.0799255
399,0.0799298
