2,0.930249
3,0.813964
4,0.724882
5,0.650966
6,0.584309
7,0.524807
8,0.474611
9,0.431726
10,0.393273
11,0.35984
12,0.332611
13,0.309412
14,0.288759
15,0.271899
16,0.259236
17,0.249743
18,0.24336
19,0.239097
20,0.235331
21,0.231451
22,0.22771
23,0.223689
24,0.219422
25,0.215672
26,0.211426
27,0.205648
28,0.199447
29,0.1928
30,0.185124
31,0.177338
32,0.169709
33,0.161654
34,0.15259
35,0.143595
36,0.134178
37,0.124327
38,0.114533
39,0.105363
40,0.0962633
41,0.087382
42,0.0789339
43,0.0711304
44,0.064294
45,0.0584806
46,0.0536503
47,0.0490683
48,0.045215
49,0.041656
50,0.0385006
51,0.0355833
52,0.0330616
53,0.0306008
54,0.0285984
55,0.0266416
56,0.0252269
57,0.0236715
58,0.022326
59,0.0206805
60,0.0193313
61,0.0181151
62,0.0173186
63,0.0163191
64,0.01568
65,0.0145944
66,0.0136312
67,0.0127199
68,0.0122158
69,0.01165
70,0.0112326
71,0.0108502
72,0.0101906
73,0.00968862
74,0.00932577
75,0.00889642
76,0.00842371
77,0.00812882
78,0.00759143
79,0.00714011
80,0.00677896
81,0.00647393
82,0.00600857
83,0.00579296
84,0.00547885
85,0.00502519
86,0.00492575
87,0.0046269
88,0.00451972
89,0.00431216
90,0.00430436
91,0.0040204
92,0.0040863
93,0.00387629
94,0.00393729
95,0.00373727
96,0.00378758
97,0.00354054
98,0.00357935
99,0.00331612
100,0.00328836
101,0.00305055
102,0.00290497
103,0.00268774
104,0.00244954
105,0.00223726
106,0.00201568
107,0.00191341
108,0.0019681
109,0.00202372
110,0.00210443
111,0.00220337
112,0.00228148
113,0.00233769
114,0.00230656
115,0.00243134
116,0.00242342
117,0.0023722
118,0.00245507
119,0.00243916
120,0.00238317
121,0.00244697
122,0.00250902
123,0.00241087
124,0.00248979
125,0.00243881
126,0.00235334
127,0.00240734
128,0.00240683
129,0.00229402
130,0.00239542
131,0.00243557
132,0.00236296
133,0.00242323
134,0.00246614
135,0.00232358
136,0.00239829
137,0.00243684
138,0.00237265
139,0.00245086
140,0.00251904
141,0.00239407
142,0.00250078
143,0.00255777
144,0.00253188
145,0.00257339
146,0.00263532
147,0.00245035
148,0.0024978
149,0.00248293
150,0.00237957
151,0.00238968
152,0.0024936
153,0.0023028
154,0.00239351
155,0.00244391
156,0.0023452
157,0.00235675
158,0.0024261
159,0.00229501
160,0.00234171
161,0.0024453
162,0.0023062
163,0.00238682
164,0.00242765
165,0.00235064
166,0.00233808
167,0.0024959
168,0.0023189
169,0.00244788
170,0.00249621
171,0.00242206
172,0.00241478
173,0.00253538
174,0.00245659
175,0.00252004
176,0.00257022
177,0.0025432
178,0.00252648
179,0.00268794
180,0.00261671
181,0.00264465
182,0.00271319
183,0.00271081
184,0.00270077
185,0.0027292
186,0.00260606
187,0.00249569
188,0.00248471
189,0.00233611
190,0.00225812
191,0.00230593
192,0.00219649
193,0.00209937
194,0.00219989
195,0.00206389
196,0.00205859
197,0.00212974
198,0.00206675
199,0.00202084
200,0.00213115
201,0.00207645
202,0.00201588
203,0.00213112
204,0.00204717
205,0.00201966
206,0.00207838
207,0.00195035
208,0.00190335
209,0.00193566
210,0.00177547
211,0.00157752
212,0.00146809
213,0.00120738
214,0.00111207
215,0.00113061
216,0.00112308
217,0.00130057
218,0.00158999
219,0.00177456
220,0.00194768
221,0.00217712
222,0.00226203
223,0.00239491
224,0.00253095
225,0.00262441
226,0.00257115
227,0.00257437
228,0.00237897
229,0.00231613
230,0.00220806
231,0.00213848
232,0.00203374
233,0.00214778
234,0.00202822
235,0.00201325
236,0.00214938
237,0.00204083
238,0.00205508
239,0.00213901
240,0.00208208
241,0.00205744
242,0.00219576
243,0.0020657
244,0.00205851
245,0.00216987
246,0.00207797
247,0.00204289
248,0.00214848
249,0.00208151
250,0.00204104
251,0.00219405
252,0.00204237
253,0.00204662
254,0.00213049
255,0.00206088
256,0.00200046
257,0.00213856
258,0.00205075
259,0.00204113
260,0.0021251
261,0.00205941
262,0.00197149
263,0.00211686
264,0.00201299
265,0.00200319
266,0.00211562
267,0.00206452
268,0.00205127
269,0.00214163
270,0.00211301
271,0.00205827
272,0.00214799
273,0.00201701
274,0.00198772
275,0.00206197
276,0.00196632
277,0.00189651
278,0.00198003
279,0.00193192
280,0.00187167
281,0.00198453
282,0.00188134
283,0.00187339
284,0.0019509
285,0.00189328
286,0.00185446
287,0.00195507
288,0.00188615
289,0.00187767
290,0.00193157
291,0.00186569
292,0.00184276
293,0.00192733
294,0.00190693
295,0.00188035
296,0.00193672
297,0.00193208
298,0.00191365
299,0.00198351
300,0.00190548
301,0.0019015
302,0.00195089
303,0.00189028
304,0.00187005
305,0.00198346
306,0.00187748
307,0.00191977
308,0.00197101
309,0.00191029
310,0.00191772
311,0.00199433
312,0.00186223
313,0.00189923
314,0.00196974
315,0.00188608
316,0.00188107
317,0.00196834
318,0.00188828
319,0.00189133
320,0.0019441
321,0.00186752
322,0.00190496
323,0.00197436
324,0.00190559
325,0.00191733
326,0.00200734
327,0.00187088
328,0.00193983
329,0.00197317
330,0.00192167
331,0.0019353
332,0.00206855
333,0.00203516
334,0.00219339
335,0.00233641
336,0.0024687
337,0.00270756
338,0.00294458
339,0.003159
340,0.0031422
341,0.00311686
342,0.00289949
343,0.00274594
344,0.00259224
345,0.00243486
346,0.00223538
347,0.00218019
348,0.00201633
349,0.00199239
350,0.0019945
351,0.0019119
352,0.00189013
353,0.00198635
354,0.00186659
355,0.00189564
356,0.00193427
357,0.0018685
358,0.0018756
359,0.00192098
360,0.00183357
361,0.0018578
362,0.00189168
363,0.00182942
364,0.00187026
365,0.00190627
366,0.00183769
367,0.00186577
368,0.00192118
369,0.0018889
370,0.00191761
371,0.00196764
372,0.00191337
373,0.00202199
374,0.00206722
375,0.00210814
376,0.00222244
377,0.00235398
378,0.00251636
379,0.00271396
380,0.00281605
381,0.00295556
382,0.00289167
383,0.00281103
384,0.00265423
385,0.00250514
386,0.00233431
387,0.00220469
388,0.00215281
389,0.00210745
390,0.00195823
391,0.00200285
392,0.00196634
393,0.00185503
394,0.00194271
395,0.00199533
396,0.00200133
397,0.00217708
398,0.00237405
399,0.0025417
