2,0.885244
3,0.707659
4,0.580733
5,0.471718
6,0.379644
7,0.301463
8,0.234805
9,0.179476
10,0.132727
11,0.09447
12,0.0639141
13,0.0400263
14,0.0231307
15,0.0138922
16,0.0111882
17,0.0107537
18,0.0109412
19,0.0104317
20,0.0103734
21,0.00983259
22,0.00959776
23,0.00892892
24,0.00879374
25,0.00812652
26,0.00806817
27,0.00743814
28,0.00723899
29,0.00668776
30,0.00653613
31,0.00591157
32,0.00578661
33,0.00527425
34,0.00505366
35,0.00478406
36,0.00449732
37,0.00423438
38,0.00398998
39,0.00373643
40,0.0034502
41,0.00331705
42,0.00316962
43,0.00292216
44,0.00282887
45,0.00261277
46,0.00249613
47,0.00242858
48,0.00249905
49,0.00241419
50,0.00243286
51,0.00235885
52,0.00232858
53,0.00225557
54,0.00220235
55,0.00215995
56,0.00206632
57,0.00199187
58,0.00185575
59,0.00174976
60,0.00162171
61,0.00159961
62,0.00155676
63,0.00144102
64,0.00154102
65,0.00143761
66,0.00165909
67,0.0015324
68,0.0017313
69,0.00151562
70,0.00169155
71,0.00145802
72,0.00163537
73,0.00133465
74,0.00130108
75,0.000975104
76,0.000874578
77,0.000970236
78,0.000872186
79,0.00123694
80,0.00106053
81,0.00140228
82,0.00120735
83,0.00150833
84,0.00136037
85,0.00153005
86,0.00135357
87,0.00151164
88,0.00132519
89,0.00127956
90,0.00114862
91,0.00117353
92,0.000984523
93,0.00116979
94,0.000945697
95,0.00124082
96,0.000948463
97,0.00123628
98,0.000977577
99,0.00107084
100,0.000984156
101,0.000938283
102,0.00100206
103,0.000918704
104,0.00102949
105,0.000943496
106,0.00100249
107,0.000958221
108,0.000899704
109,0.00102035
110,0.000889477
111,0.00106097
112,0.000787991
113,0.00105725
114,0.000786708
115,0.00118213
116,0.000866245
117,0.00113296
118,0.000819343
119,0.000978166
120,0.000872661
121,0.000932706
122,0.000906616
123,0.000937807
124,0.00103927
125,0.00107899
126,0.00122561
127,0.00132676
128,0.00148827
129,0.0014713
130,0.0015183
131,0.0013873
132,0.00140397
133,0.00123398
134,0.00120323
135,0.00103043
136,0.00110134
137,0.00108169
138,0.00115078
139,0.00113391
140,0.00119984
141,0.00113118
142,0.0010942
143,0.00131451
144,0.000938021
145,0.00140953
146,0.00090964
147,0.00134258
148,0.000928905
149,0.00102299
150,0.00100496
151,0.000831555
152,0.00117699
153,0.00101225
154,0.00113536
155,0.00103819
156,0.00100741
157,0.00106117
158,0.00102465
159,0.00106206
160,0.000930609
161,0.000976708
162,0.000872567
163,0.000947408
164,0.000887661
165,0.000957389
166,0.00087574
167,0.000986955
168,0.000907624
169,0.00109709
170,0.000944726
171,0.00118646
172,0.000899463
173,0.00111731
174,0.000938648
175,0.00109523
176,0.00106251
177,0.00125142
178,0.00120802
179,0.0013812
180,0.00129369
181,0.00144464
182,0.00137539
183,0.00152232
184,0.00136149
185,0.00150484
186,0.00123184
187,0.0014107
188,0.00113152
189,0.00149794
190,0.00118396
191,0.00157339
192,0.00125118
193,0.00152185
194,0.00125538
195,0.00145831
196,0.00124965
197,0.00129002
198,0.00120918
199,0.00116337
200,0.00122665
201,0.00123594
202,0.00137265
203,0.00135751
204,0.00135904
205,0.0013303
206,0.00129621
207,0.00127947
208,0.00125599
209,0.00108854
210,0.00119589
211,0.00098925
212,0.0012332
213,0.000899107
214,0.00134235
215,0.000954968
216,0.00136236
217,0.000972001
218,0.00128202
219,0.00107985
220,0.00117929
221,0.0011408
222,0.00112425
223,0.00111674
224,0.00101335
225,0.000992836
226,0.000904848
227,0.000925065
228,0.00074429
229,0.00081331
230,0.000903912
231,0.000929314
232,0.00110225
233,0.00104504
234,0.00121269
235,0.00114373
236,0.00120672
237,0.00114778
238,0.00130202
239,0.00115842
240,0.00134386
241,0.00118385
242,0.00138315
243,0.00122103
244,0.00123428
245,0.0011257
246,0.00117443
247,0.00101954
248,0.00111662
249,0.000931282
250,0.00106729
251,0.00095105
252,0.000974982
253,0.000990835
254,0.000896155
255,0.000933238
256,0.000868047
257,0.000820708
258,0.000791523
259,0.00085701
260,0.00082082
261,0.00105455
262,0.000865271
263,0.00119415
264,0.000994537
265,0.00114028
266,0.00101721
267,0.00102521
268,0.00105348
269,0.000978828
270,0.00106634
271,0.00104181
272,0.00113382
273,0.00119806
274,0.0012391
275,0.0011669
276,0.00115591
277,0.00104987
278,0.000944707
279,0.000934429
280,0.000877705
281,0.00096159
282,0.000842876
283,0.000936606
284,0.000851598
285,0.000927253
286,0.000875112
287,0.000856002
288,0.000885193
289,0.000875607
290,0.000901473
291,0.000868276
292,0.000993462
293,0.000961816
294,0.000946618
295,0.000895631
296,0.000890344
297,0.00103857
298,0.000996166
299,0.00111606
300,0.00112801
301,0.00119556
302,0.0011763
303,0.00125823
304,0.00123167
305,0.00139365
306,0.00127257
307,0.00146363
308,0.00127438
309,0.00142096
310,0.00125436
311,0.00140271
312,0.00116972
313,0.0013348
314,0.00110148
315,0.00125074
316,0.00103409
317,0.00122867
318,0.000997344
319,0.0011602
320,0.00100231
321,0.00112136
322,0.00100712
323,0.0011147
324,0.00101794
325,0.00111088
326,0.00104469
327,0.00105052
328,0.00105509
329,0.00103381
330,0.00110824
331,0.00112942
332,0.00114111
333,0.00124181
334,0.00114455
335,0.00126733
336,0.00107702
337,0.00129158
338,0.00112129
339,0.00139637
340,0.00127386
341,0.00149133
342,0.00148463
343,0.00161369
344,0.00154342
345,0.00156325
346,0.00135453
347,0.00141645
348,0.00123243
349,0.00130252
350,0.00126475
351,0.00135496
352,0.00133694
353,0.00136876
354,0.00137008
355,0.00136915
356,0.0013536
357,0.00139321
358,0.00138306
359,0.00149844
360,0.00143541
361,0.0015
362,0.0014477
363,0.00137892
364,0.00135033
365,0.00134487
366,0.00126845
367,0.00136254
368,0.00118327
369,0.00127966
370,0.00115895
371,0.00118955
372,0.00113483
373,0.00114903
374,0.00120279
375,0.00115681
376,0.00121758
377,0.00131634
378,0.0012337
379,0.00134435
380,0.00114793
381,0.00117032
382,0.00115036
383,0.00121176
384,0.00121989
385,0.00126903
386,0.00115189
387,0.00110811
388,0.00103634
389,0.00112421
390,0.00103848
391,0.00121528
392,0.00118479
393,0.00134033
394,0.00139161
395,0.00147279
396,0.00153593
397,0.00164288
398,0.00153404
399,0.00146772
