2,0.00261811
3,0.00739871
4,0.0114003
5,0.0149316
6,0.0182523
7,0.0213297
8,0.0240371
9,0.0264401
10,0.0286574
11,0.0306514
12,0.0323548
13,0.0338644
14,0.0352488
15,0.0364417
16,0.037419
17,0.0382282
18,0.0388701
19,0.039392
20,0.0398781
21,0.0403609
22,0.0408279
23,0.0413018
24,0.0417825
25,0.0422287
26,0.0426961
27,0.0432414
28,0.0438062
29,0.0443917
30,0.0450318
31,0.0456753
32,0.0463087
33,0.0469638
34,0.047675
35,0.0483806
36,0.0491108
37,0.049864
38,0.050615
39,0.0513288
40,0.0520397
41,0.0527369
42,0.0534095
43,0.0540432
44,0.0546222
45,0.0551365
46,0.0555965
47,0.056037
48,0.056435
49,0.0568122
50,0.0571671
51,0.0575004
52,0.0578156
53,0.0581187
54,0.0583982
55,0.058666
56,0.0589094
57,0.0591471
58,0.0593805
59,0.0596239
60,0.0598515
61,0.0600628
62,0.0602569
63,0.0604476
64,0.0606269
65,0.0608234
66,0.0610177
67,0.0611982
68,0.0613641
69,0.0615219
70,0.0616729
71,0.0618246
72,0.0619876
73,0.0621398
74,0.0622883
75,0.0624359
76,0.062579
77,0.0627223
78,0.062869
79,0.0630141
80,0.0631482
81,0.0632861
82,0.0634153
83,0.063546
84,0.0636744
85,0.0638056
86,0.0639322
87,0.0640574
88,0.0641808
89,0.0642985
90,0.064416
91,0.0645376
92,0.0646474
93,0.0647611
94,0.0648674
95,0.064974
96,0.0650759
97,0.0651824
98,0.0652834
99,0.0653855
100,0.0654892
101,0.0655902
102,0.0656872
103,0.0657835
104,0.0658792
105,0.0659693
106,0.0660641
107,0.0661622
108,0.0662545
109,0.0663505
110,0.0664449
111,0.0665407
112,0.0666272
113,0.066727
114,0.0668111
115,0.0669057
116,0.0669951
117,0.067091
118,0.0671832
119,0.0672816
120,0.0673771
121,0.0674683
122,0.0675524
123,0.0676337
124,0.0677038
125,0.0677746
126,0.0678461
127,0.0679136
128,0.0679787
129,0.0680527
130,0.0681201
131,0.0681883
132,0.068259
133,0.0683329
134,0.0684104
135,0.0684827
136,0.0685544
137,0.0686077
138,0.0686766
139,0.0687397
140,0.0688127
141,0.0688794
142,0.0689482
143,0.0690023
144,0.0690704
145,0.0691333
146,0.0692028
147,0.0692786
148,0.0693575
149,0.0694311
150,0.0695071
151,0.0695799
152,0.0696516
153,0.0697211
154,0.0697898
155,0.0698601
156,0.0699233
157,0.0699939
158,0.0700561
159,0.0701224
160,0.0701884
161,0.0702583
162,0.070327
163,0.0703986
164,0.0704634
165,0.0705303
166,0.0705955
167,0.0706623
168,0.0707218
169,0.0707912
170,0.0708517
171,0.0709143
172,0.0709778
173,0.0710407
174,0.0711034
175,0.0711638
176,0.0712291
177,0.07129
178,0.07135
179,0.071415
180,0.0714743
181,0.0715344
182,0.0716003
183,0.0716566
184,0.0717151
185,0.0717705
186,0.0718163
187,0.0718576
188,0.071902
189,0.0719445
190,0.0719898
191,0.0720312
192,0.0720757
193,0.0721176
194,0.0721621
195,0.072208
196,0.0722513
197,0.0723006
198,0.0723473
199,0.0723911
200,0.072438
201,0.0724828
202,0.0725284
203,0.0725765
204,0.0726286
205,0.0726786
206,0.072733
207,0.0727842
208,0.0728339
209,0.0728861
210,0.0729377
211,0.0729896
212,0.0730351
213,0.0730913
214,0.0731295
215,0.0731792
216,0.0732216
217,0.0732637
218,0.0733004
219,0.0733437
220,0.0733768
221,0.0734132
222,0.0734503
223,0.0734891
224,0.0735225
225,0.0735628
226,0.0736107
227,0.0736648
228,0.0737295
229,0.0737923
230,0.0738586
231,0.0739156
232,0.0739827
233,0.0740406
234,0.0740952
235,0.074152
236,0.074207
237,0.074257
238,0.0743074
239,0.0743546
240,0.0743964
241,0.0744441
242,0.0744862
243,0.0745285
244,0.0745722
245,0.0746115
246,0.0746529
247,0.0746929
248,0.0747376
249,0.0747751
250,0.0748222
251,0.0748626
252,0.0749066
253,0.0749462
254,0.0749915
255,0.075031
256,0.075073
257,0.0751131
258,0.0751523
259,0.075189
260,0.0752305
261,0.0752634
262,0.0753016
263,0.0753352
264,0.075372
265,0.0754065
266,0.0754406
267,0.0754753
268,0.0755101
269,0.0755477
270,0.0755815
271,0.0756233
272,0.075661
273,0.0757118
274,0.0757549
275,0.0758039
276,0.0758493
277,0.0758954
278,0.0759392
279,0.0759823
280,0.0760255
281,0.0760656
282,0.0761105
283,0.0761488
284,0.0761916
285,0.076231
286,0.0762696
287,0.0763115
288,0.0763486
289,0.0763931
290,0.0764261
291,0.0764699
292,0.0765074
293,0.0765484
294,0.0765895
295,0.0766294
296,0.0766681
297,0.0767085
298,0.0767456
299,0.0767831
300,0.0768202
301,0.0768538
302,0.0768881
303,0.07692
304,0.0769562
305,0.0769897
306,0.0770277
307,0.0770646
308,0.077099
309,0.0771378
310,0.0771734
311,0.0772033
312,0.0772376
313,0.0772682
314,0.0772991
315,0.0773317
316,0.0773681
317,0.0773996
318,0.0774345
319,0.0774699
320,0.0775023
321,0.0775334
322,0.077569
323,0.0776009
324,0.0776341
325,0.0776698
326,0.0777061
327,0.0777407
328,0.077778
329,0.0778138
330,0.0778528
331,0.077898
332,0.0779446
333,0.0779919
334,0.0780475
335,0.0780992
336,0.0781537
337,0.0782149
338,0.0782739
339,0.0783265
340,0.0783596
341,0.0783896
342,0.0784002
343,0.0784175
344,0.0784334
345,0.0784458
346,0.0784547
347,0.0784726
348,0.0784889
349,0.0785106
350,0.078532
351,0.0785608
352,0.0785855
353,0.0786184
354,0.078649
355,0.078678
356,0.0787127
357,0.0787457
358,0.0787786
359,0.0788059
360,0.0788386
361,0.0788664
362,0.0788982
363,0.0789279
364,0.0789597
365,0.0789919
366,0.0790273
367,0.0790572
368,0.0790933
369,0.0791288
370,0.0791634
371,0.079196
372,0.0792327
373,0.0792701
374,0.0793123
375,0.0793522
376,0.0793988
377,0.0794432
378,0.079496
379,0.0795443
380,0.0795887
381,0.0796273
382,0.0796536
383,0.0796719
384,0.0796855
385,0.0796947
386,0.0797081
387,0.0797202
388,0.0797346
389,0.0797478
390,0.0797658
391,0.0797794
392,0.0797935
393,0.0798061
394,0.0798198
395,0.0798273
396,0.0798348
397,0.0798422
398,0.0798416
399,0.0798488
