2,0.930881
3,0.8151
4,0.726084
5,0.65278
6,0.58776
7,0.530923
8,0.482708
9,0.441518
10,0.404023
11,0.370519
12,0.34279
13,0.31833
14,0.295337
15,0.275932
16,0.260392
17,0.248343
18,0.239916
19,0.234822
20,0.23078
21,0.227375
22,0.224131
23,0.220861
24,0.218099
25,0.215907
26,0.213077
27,0.209362
28,0.204817
29,0.199504
30,0.19308
31,0.186213
32,0.17876
33,0.170906
34,0.162261
35,0.153382
36,0.144247
37,0.134856
38,0.125383
39,0.116024
40,0.106865
41,0.0977452
42,0.088997
43,0.0807765
44,0.0732456
45,0.0663372
46,0.0602541
47,0.054999
48,0.0504519
49,0.0464693
50,0.0428629
51,0.0396384
52,0.0367118
53,0.0341527
54,0.0318899
55,0.0298879
56,0.0281452
57,0.0264351
58,0.0248557
59,0.0231385
60,0.0216531
61,0.0203457
62,0.0194072
63,0.0183071
64,0.0174968
65,0.0163177
66,0.0153256
67,0.0142928
68,0.0136806
69,0.0130322
70,0.0125233
71,0.0120378
72,0.0114109
73,0.0107478
74,0.0103544
75,0.00981557
76,0.00935119
77,0.00895708
78,0.00836626
79,0.00788867
80,0.00743678
81,0.00711468
82,0.00662303
83,0.00633641
84,0.00601069
85,0.00560017
86,0.00543148
87,0.00513536
88,0.00499127
89,0.00472648
90,0.00468588
91,0.00433718
92,0.00436782
93,0.00407308
94,0.00409224
95,0.00386681
96,0.00388804
97,0.003674
98,0.00368881
99,0.0034084
100,0.00335938
101,0.00307553
102,0.00296103
103,0.00276393
104,0.00254395
105,0.00240841
106,0.00215598
107,0.00206039
108,0.00205897
109,0.00215716
110,0.00219584
111,0.00228497
112,0.00231296
113,0.0023677
114,0.00232637
115,0.00239126
116,0.00242186
117,0.00234652
118,0.00238781
119,0.00242015
120,0.00232103
121,0.00244883
122,0.00242667
123,0.00238093
124,0.00241283
125,0.00242277
126,0.00232085
127,0.00239499
128,0.00239464
129,0.00231464
130,0.00235954
131,0.00242637
132,0.00230098
133,0.00237181
134,0.00238458
135,0.00233991
136,0.00239012
137,0.00246387
138,0.00241125
139,0.00244286
140,0.00248686
141,0.00236672
142,0.00246354
143,0.00256237
144,0.0025363
145,0.00255423
146,0.00258643
147,0.00244701
148,0.00245917
149,0.00245897
150,0.00235694
151,0.00239288
152,0.00240148
153,0.00233777
154,0.00228862
155,0.0023833
156,0.00227542
157,0.00232814
158,0.00236532
159,0.0022749
160,0.00228859
161,0.00239246
162,0.00226194
163,0.00231799
164,0.00240617
165,0.00233173
166,0.00227431
167,0.00243241
168,0.00231158
169,0.0024206
170,0.00243527
171,0.00237715
172,0.00239059
173,0.002519
174,0.002448
175,0.00248612
176,0.00252695
177,0.00255301
178,0.00252433
179,0.00264504
180,0.00262723
181,0.00265663
182,0.0027302
183,0.00275281
184,0.00266064
185,0.00270547
186,0.00258241
187,0.00251955
188,0.00245152
189,0.00233841
190,0.00223218
191,0.00221797
192,0.00214959
193,0.00203153
194,0.00212453
195,0.00202944
196,0.00198329
197,0.00208554
198,0.00200821
199,0.0019571
200,0.00206412
201,0.00201046
202,0.00200038
203,0.00208051
204,0.00199922
205,0.00192356
206,0.00198632
207,0.0018829
208,0.00182597
209,0.00184501
210,0.00170387
211,0.00151267
212,0.00139455
213,0.00117861
214,0.0010611
215,0.00115391
216,0.00110856
217,0.00129344
218,0.00151684
219,0.00178049
220,0.00189314
221,0.00211991
222,0.00219279
223,0.00237272
224,0.00240286
225,0.00255505
226,0.0025413
227,0.00256601
228,0.0023444
229,0.00229745
230,0.00219196
231,0.00209741
232,0.00200742
233,0.00207486
234,0.00198979
235,0.00194931
236,0.00207277
237,0.00196311
238,0.00199008
239,0.00205309
240,0.00204901
241,0.00199872
242,0.00215111
243,0.0020191
244,0.00201866
245,0.00210316
246,0.00201323
247,0.00196989
248,0.00211443
249,0.00203405
250,0.00203377
251,0.00212586
252,0.00206023
253,0.00199946
254,0.00212228
255,0.0019973
256,0.00199355
257,0.00207062
258,0.0020344
259,0.0019666
260,0.00208547
261,0.00199195
262,0.00198348
263,0.00205362
264,0.00201545
265,0.00194824
266,0.00208741
267,0.00201308
268,0.00203326
269,0.00210476
270,0.00207406
271,0.00202526
272,0.00210627
273,0.00199968
274,0.00196247
275,0.00197004
276,0.00193512
277,0.00186604
278,0.00196218
279,0.0018766
280,0.00184545
281,0.00191459
282,0.00186362
283,0.00183096
284,0.00189074
285,0.00182727
286,0.00181852
287,0.00191353
288,0.00182937
289,0.00178459
290,0.00190167
291,0.00182403
292,0.00180199
293,0.00187269
294,0.00184517
295,0.00181045
296,0.00190496
297,0.00183753
298,0.00185932
299,0.00190056
300,0.00187524
301,0.00182824
302,0.00190368
303,0.00180034
304,0.001839
305,0.00189176
306,0.00184354
307,0.0018528
308,0.00192298
309,0.00183254
310,0.00185536
311,0.00192853
312,0.00184292
313,0.00184113
314,0.00192703
315,0.00181028
316,0.00183993
317,0.00190148
318,0.00183663
319,0.0018324
320,0.00195069
321,0.00181595
322,0.0018725
323,0.00191478
324,0.00186068
325,0.00186406
326,0.00197332
327,0.00184879
328,0.00188168
329,0.00194681
330,0.00186851
331,0.00190976
332,0.00203795
333,0.00200057
334,0.00218046
335,0.00233248
336,0.00252338
337,0.00276276
338,0.00303405
339,0.00323905
340,0.00326281
341,0.00316097
342,0.00290589
343,0.00274119
344,0.00254103
345,0.00237783
346,0.00220538
347,0.00218788
348,0.00197909
349,0.00196617
350,0.00193847
351,0.00188274
352,0.00185777
353,0.00191905
354,0.00181332
355,0.00185014
356,0.00189009
357,0.00183388
358,0.0018208
359,0.00187021
360,0.00180826
361,0.00181877
362,0.00186078
363,0.00180717
364,0.00181569
365,0.00187678
366,0.00180267
367,0.001858
368,0.00187151
369,0.00184527
370,0.00186339
371,0.00196204
372,0.00191428
373,0.0020253
374,0.00203777
375,0.00214229
376,0.00221868
377,0.0023694
378,0.00256905
379,0.00271157
380,0.00288791
381,0.0029216
382,0.00291515
383,0.00276524
384,0.00262786
385,0.00245456
386,0.00231303
387,0.00217786
388,0.00212653
389,0.00206326
390,0.00194242
391,0.00195365
392,0.00194083
393,0.00184888
394,0.00196345
395,0.00197681
396,0.00206399
397,0.00220026
398,0.00237234
399,0.00258125
