2,0.00259431
3,0.00735347
4,0.0113506
5,0.014854
6,0.0181008
7,0.0210551
8,0.0236666
9,0.0259846
10,0.0281498
11,0.0301401
12,0.0318614
13,0.0334271
14,0.0349229
15,0.0362399
16,0.0373608
17,0.0382998
18,0.0390475
19,0.0396139
20,0.0401163
21,0.0405761
22,0.0410186
23,0.0414539
24,0.0418555
25,0.0422185
26,0.0426095
27,0.0430427
28,0.0435164
29,0.0440277
30,0.0445973
31,0.0451894
32,0.045811
33,0.0464537
34,0.0471405
35,0.0478381
36,0.0485512
37,0.0492774
38,0.0500088
39,0.0507333
40,0.0514472
41,0.0521577
42,0.0528471
43,0.0535051
44,0.0541237
45,0.0547023
46,0.0552345
47,0.0557142
48,0.0561502
49,0.0565522
50,0.0569309
51,0.0572826
52,0.0576192
53,0.0579272
54,0.058221
55,0.0584904
56,0.0587508
57,0.0589982
58,0.0592425
59,0.0594907
60,0.0597235
61,0.0599409
62,0.0601396
63,0.060337
64,0.0605255
65,0.0607263
66,0.0609231
67,0.06111
68,0.0612809
69,0.061445
70,0.0615998
71,0.0617577
72,0.061918
73,0.0620792
74,0.0622279
75,0.0623796
76,0.0625238
77,0.0626705
78,0.0628198
79,0.0629674
80,0.0631058
81,0.0632431
82,0.063378
83,0.0635084
84,0.0636442
85,0.063772
86,0.0639036
87,0.0640276
88,0.0641535
89,0.0642708
90,0.0643934
91,0.0645115
92,0.064629
93,0.0647374
94,0.0648496
95,0.0649554
96,0.0650614
97,0.0651645
98,0.0652691
99,0.065373
100,0.0654741
101,0.0655778
102,0.0656772
103,0.065769
104,0.0658658
105,0.0659577
106,0.0660537
107,0.0661551
108,0.0662474
109,0.0663444
110,0.0664351
111,0.0665325
112,0.0666224
113,0.066718
114,0.0668083
115,0.0669005
116,0.0669929
117,0.0670834
118,0.0671813
119,0.0672769
120,0.0673736
121,0.0674618
122,0.067548
123,0.0676285
124,0.0677011
125,0.0677744
126,0.0678482
127,0.0679091
128,0.0679765
129,0.0680431
130,0.0681146
131,0.0681829
132,0.0682602
133,0.068331
134,0.0684015
135,0.0684756
136,0.0685426
137,0.0686048
138,0.0686686
139,0.0687398
140,0.0688051
141,0.06888
142,0.0689416
143,0.069001
144,0.0690635
145,0.0691296
146,0.0692007
147,0.069278
148,0.0693531
149,0.0694276
150,0.0695033
151,0.0695742
152,0.0696495
153,0.0697181
154,0.0697888
155,0.0698577
156,0.0699232
157,0.0699909
158,0.0700561
159,0.0701202
160,0.0701898
161,0.0702609
162,0.0703245
163,0.0704025
164,0.0704633
165,0.0705327
166,0.0705962
167,0.0706633
168,0.0707268
169,0.0707924
170,0.0708569
171,0.0709141
172,0.0709816
173,0.0710407
174,0.0711092
175,0.0711668
176,0.0712334
177,0.0712935
178,0.0713558
179,0.0714179
180,0.0714807
181,0.0715415
182,0.071603
183,0.0716638
184,0.0717181
185,0.0717733
186,0.0718164
187,0.0718644
188,0.0719054
189,0.0719496
190,0.0719917
191,0.072034
192,0.0720762
193,0.0721179
194,0.0721633
195,0.0722071
196,0.0722527
197,0.0723
198,0.0723463
199,0.0723928
200,0.0724365
201,0.0724837
202,0.0725254
203,0.0725752
204,0.0726268
205,0.0726786
206,0.072729
207,0.0727802
208,0.0728328
209,0.0728812
210,0.0729336
211,0.0729857
212,0.0730336
213,0.0730815
214,0.0731295
215,0.0731726
216,0.0732185
217,0.0732596
218,0.0732973
219,0.0733362
220,0.0733753
221,0.0734075
222,0.0734457
223,0.0734823
224,0.0735229
225,0.0735622
226,0.0736067
227,0.0736586
228,0.0737241
229,0.0737869
230,0.0738502
231,0.0739119
232,0.0739782
233,0.0740325
234,0.0740948
235,0.074148
236,0.0742044
237,0.0742536
238,0.0743054
239,0.0743515
240,0.0743974
241,0.0744415
242,0.0744856
243,0.0745258
244,0.0745713
245,0.0746123
246,0.0746516
247,0.0746943
248,0.074734
249,0.0747784
250,0.0748198
251,0.0748643
252,0.0749048
253,0.0749487
254,0.0749907
255,0.0750341
256,0.075072
257,0.0751156
258,0.075152
259,0.0751914
260,0.0752294
261,0.0752671
262,0.0753035
263,0.0753357
264,0.0753727
265,0.0754051
266,0.0754418
267,0.0754733
268,0.0755113
269,0.0755463
270,0.0755815
271,0.0756213
272,0.0756639
273,0.0757086
274,0.0757538
275,0.0758057
276,0.0758466
277,0.0758973
278,0.0759375
279,0.0759838
280,0.0760231
281,0.076068
282,0.0761079
283,0.0761516
284,0.0761918
285,0.0762304
286,0.0762724
287,0.0763106
288,0.0763498
289,0.07639
290,0.0764275
291,0.0764703
292,0.0765086
293,0.0765477
294,0.0765889
295,0.0766269
296,0.0766697
297,0.0767056
298,0.076747
299,0.0767813
300,0.0768204
301,0.0768515
302,0.076888
303,0.0769185
304,0.0769581
305,0.0769894
306,0.0770268
307,0.0770636
308,0.0770999
309,0.0771367
310,0.0771712
311,0.0772033
312,0.0772355
313,0.0772682
314,0.0772961
315,0.0773327
316,0.0773642
317,0.0773996
318,0.0774333
319,0.0774713
320,0.0774983
321,0.0775341
322,0.077568
323,0.0776015
324,0.0776335
325,0.0776723
326,0.0777074
327,0.0777415
328,0.0777786
329,0.0778167
330,0.0778564
331,0.0779015
332,0.077948
333,0.0779992
334,0.078054
335,0.0781059
336,0.0781635
337,0.0782246
338,0.0782873
339,0.0783381
340,0.0783737
341,0.078397
342,0.0784051
343,0.0784194
344,0.0784327
345,0.0784434
346,0.0784586
347,0.0784768
348,0.0784915
349,0.0785131
350,0.0785371
351,0.0785644
352,0.0785902
353,0.0786194
354,0.0786519
355,0.0786819
356,0.0787168
357,0.0787488
358,0.0787799
359,0.0788082
360,0.0788406
361,0.0788664
362,0.0788994
363,0.0789269
364,0.0789613
365,0.0789936
366,0.079028
367,0.0790596
368,0.0790965
369,0.0791312
370,0.0791633
371,0.0792027
372,0.0792343
373,0.0792777
374,0.079312
375,0.0793577
376,0.0794025
377,0.0794482
378,0.0795024
379,0.0795471
380,0.0795955
381,0.0796265
382,0.0796562
383,0.0796719
384,0.0796849
385,0.0796962
386,0.0797072
387,0.0797204
388,0.079733
389,0.0797507
390,0.0797629
391,0.0797783
392,0.079791
393,0.0798058
394,0.0798134
395,0.0798252
396,0.0798296
397,0.0798371
398,0.0798412
399,0.0798438
