2,0.00258798
3,0.00728191
4,0.0112009
5,0.0146436
6,0.017893
7,0.020932
8,0.0235688
9,0.0258986
10,0.028076
11,0.0300639
12,0.031739
13,0.0332537
14,0.034697
15,0.0360107
16,0.0371294
17,0.0381344
18,0.0389475
19,0.0395768
20,0.0401006
21,0.0405768
22,0.0410012
23,0.0414117
24,0.0417938
25,0.0421432
26,0.0424868
27,0.0428732
28,0.0433029
29,0.0437722
30,0.0442957
31,0.044862
32,0.0454324
33,0.0460496
34,0.046701
35,0.047381
36,0.0480719
37,0.0487823
38,0.0494859
39,0.0501968
40,0.0509105
41,0.0516146
42,0.0523081
43,0.0529851
44,0.0536323
45,0.0542389
46,0.0548122
47,0.0553382
48,0.0558243
49,0.0562668
50,0.0566739
51,0.0570479
52,0.0573987
53,0.0577239
54,0.0580273
55,0.0583111
56,0.0585807
57,0.0588395
58,0.0590951
59,0.0593448
60,0.0595886
61,0.0598087
62,0.0600193
63,0.0602214
64,0.0604172
65,0.0606181
66,0.0608256
67,0.0610144
68,0.0611916
69,0.0613594
70,0.0615173
71,0.0616827
72,0.0618488
73,0.0620112
74,0.0621686
75,0.0623205
76,0.0624675
77,0.0626132
78,0.0627686
79,0.0629189
80,0.0630603
81,0.0632056
82,0.0633387
83,0.0634741
84,0.0636067
85,0.0637443
86,0.0638687
87,0.0640023
88,0.0641247
89,0.0642471
90,0.0643669
91,0.0644886
92,0.0646061
93,0.0647169
94,0.0648317
95,0.0649375
96,0.0650461
97,0.0651515
98,0.0652556
99,0.0653603
100,0.0654608
101,0.0655669
102,0.0656603
103,0.0657608
104,0.0658509
105,0.065948
106,0.0660413
107,0.0661451
108,0.0662403
109,0.0663343
110,0.0664318
111,0.0665252
112,0.0666156
113,0.0667122
114,0.0668034
115,0.0668951
116,0.0669871
117,0.0670801
118,0.0671741
119,0.0672699
120,0.0673669
121,0.0674559
122,0.0675467
123,0.0676242
124,0.0677015
125,0.0677711
126,0.0678421
127,0.0679081
128,0.067969
129,0.0680392
130,0.0681059
131,0.0681828
132,0.0682536
133,0.0683263
134,0.0683942
135,0.0684665
136,0.0685334
137,0.0685977
138,0.0686694
139,0.0687321
140,0.0688022
141,0.0688697
142,0.0689364
143,0.0689959
144,0.0690604
145,0.0691244
146,0.0691977
147,0.0692707
148,0.0693516
149,0.0694223
150,0.0694973
151,0.069573
152,0.0696444
153,0.0697162
154,0.0697898
155,0.0698521
156,0.0699241
157,0.0699863
158,0.0700577
159,0.0701205
160,0.0701919
161,0.0702616
162,0.0703269
163,0.0704013
164,0.070468
165,0.0705337
166,0.0705991
167,0.0706665
168,0.0707285
169,0.0707952
170,0.0708574
171,0.0709189
172,0.0709832
173,0.0710465
174,0.0711115
175,0.0711735
176,0.0712369
177,0.0713003
178,0.0713628
179,0.071425
180,0.0714855
181,0.0715482
182,0.0716104
183,0.0716697
184,0.0717221
185,0.0717782
186,0.0718211
187,0.0718657
188,0.0719092
189,0.0719522
190,0.0719957
191,0.0720342
192,0.0720813
193,0.0721205
194,0.0721636
195,0.0722124
196,0.0722527
197,0.0722999
198,0.0723461
199,0.0723928
200,0.0724355
201,0.0724827
202,0.0725236
203,0.0725745
204,0.0726228
205,0.0726752
206,0.0727275
207,0.0727756
208,0.0728278
209,0.0728787
210,0.0729299
211,0.0729795
212,0.0730299
213,0.0730777
214,0.0731252
215,0.0731673
216,0.073214
217,0.0732536
218,0.0732916
219,0.0733339
220,0.0733652
221,0.0734043
222,0.0734416
223,0.0734809
224,0.0735142
225,0.0735587
226,0.0736019
227,0.0736561
228,0.0737167
229,0.0737787
230,0.0738439
231,0.0739054
232,0.0739711
233,0.0740274
234,0.0740858
235,0.0741447
236,0.0741984
237,0.0742512
238,0.074302
239,0.0743505
240,0.0743936
241,0.0744425
242,0.0744836
243,0.0745256
244,0.0745693
245,0.0746088
246,0.0746514
247,0.0746919
248,0.074737
249,0.0747772
250,0.074822
251,0.0748646
252,0.074906
253,0.0749487
254,0.0749922
255,0.0750331
256,0.0750735
257,0.0751182
258,0.0751541
259,0.0751921
260,0.0752335
261,0.0752665
262,0.0753022
263,0.0753368
264,0.075375
265,0.0754044
266,0.0754432
267,0.0754752
268,0.0755123
269,0.0755444
270,0.0755835
271,0.0756212
272,0.0756615
273,0.0757111
274,0.0757544
275,0.0758051
276,0.0758488
277,0.0758963
278,0.0759407
279,0.075982
280,0.076025
281,0.0760663
282,0.0761131
283,0.076151
284,0.0761922
285,0.0762317
286,0.0762701
287,0.0763103
288,0.0763525
289,0.0763873
290,0.0764282
291,0.0764673
292,0.0765074
293,0.0765472
294,0.0765871
295,0.0766268
296,0.0766656
297,0.0767046
298,0.0767464
299,0.0767804
300,0.0768178
301,0.0768506
302,0.0768858
303,0.0769186
304,0.0769517
305,0.0769892
306,0.077024
307,0.0770623
308,0.0770975
309,0.0771359
310,0.0771689
311,0.0772021
312,0.0772323
313,0.0772674
314,0.0772959
315,0.0773319
316,0.0773641
317,0.0773994
318,0.0774298
319,0.0774707
320,0.0775
321,0.0775313
322,0.0775671
323,0.0776009
324,0.0776361
325,0.077669
326,0.0777105
327,0.0777391
328,0.0777839
329,0.0778168
330,0.0778601
331,0.0779078
332,0.0779531
333,0.0780074
334,0.0780586
335,0.078118
336,0.0781708
337,0.0782362
338,0.0782937
339,0.0783469
340,0.0783798
341,0.078402
342,0.0784119
343,0.0784248
344,0.0784375
345,0.0784465
346,0.0784626
347,0.0784802
348,0.0784966
349,0.0785167
350,0.0785443
351,0.0785653
352,0.0785934
353,0.0786237
354,0.0786548
355,0.0786849
356,0.0787169
357,0.078751
358,0.0787809
359,0.0788115
360,0.0788394
361,0.0788706
362,0.0788976
363,0.0789302
364,0.0789604
365,0.0789951
366,0.079027
367,0.0790607
368,0.0790968
369,0.079133
370,0.0791667
371,0.0792031
372,0.0792396
373,0.0792771
374,0.0793183
375,0.0793604
376,0.0794072
377,0.0794529
378,0.079503
379,0.0795525
380,0.079594
381,0.0796318
382,0.0796562
383,0.0796721
384,0.079686
385,0.0796984
386,0.0797082
387,0.0797216
388,0.0797345
389,0.0797467
390,0.0797657
391,0.0797754
392,0.0797885
393,0.0798034
394,0.0798115
395,0.0798218
396,0.0798283
397,0.0798347
398,0.0798362
399,0.079841
