2,0.931052
3,0.816902
4,0.729698
5,0.657698
6,0.592493
7,0.533666
8,0.484847
9,0.443369
10,0.405584
11,0.372112
12,0.345313
13,0.321869
14,0.299897
15,0.280515
16,0.264974
17,0.251593
18,0.241871
19,0.23555
20,0.231089
21,0.227377
22,0.224479
23,0.221676
24,0.219273
25,0.217337
26,0.215388
27,0.212517
28,0.208767
29,0.204211
30,0.19861
31,0.192186
32,0.185634
33,0.178228
34,0.170192
35,0.161602
36,0.152839
37,0.143714
38,0.134708
39,0.125573
40,0.116388
41,0.107375
42,0.0985336
43,0.0899651
44,0.0819399
45,0.0745367
46,0.0677534
47,0.0616963
48,0.0563073
49,0.0516109
50,0.0475211
51,0.0438976
52,0.0406921
53,0.0378602
54,0.0353944
55,0.033142
56,0.0312132
57,0.0293031
58,0.0274961
59,0.0257385
60,0.0240292
61,0.0226692
62,0.021509
63,0.0203458
64,0.0193762
65,0.0182165
66,0.0170586
67,0.0159834
68,0.0152825
69,0.0145692
70,0.0139673
71,0.0133693
72,0.0126193
73,0.0119409
74,0.011388
75,0.0108163
76,0.0103255
77,0.0098797
78,0.00924696
79,0.00863522
80,0.00821668
81,0.00776685
82,0.00731425
83,0.006968
84,0.00667131
85,0.00613428
86,0.00601233
87,0.00562293
88,0.00544992
89,0.00514946
90,0.00511778
91,0.00470435
92,0.00464424
93,0.00443275
94,0.0042993
95,0.00417159
96,0.00403419
97,0.00392685
98,0.00381519
99,0.00365241
100,0.00355831
101,0.00328387
102,0.00322076
103,0.00293994
104,0.00283572
105,0.00269923
106,0.0025261
107,0.00216716
108,0.00228397
109,0.00223407
110,0.00228708
111,0.00240498
112,0.00239673
113,0.00249898
114,0.00242704
115,0.0025001
116,0.00255522
117,0.00243143
118,0.00248922
119,0.00247207
120,0.00236962
121,0.0024132
122,0.0024901
123,0.00240034
124,0.00244068
125,0.00252163
126,0.00238884
127,0.00243002
128,0.0024583
129,0.0023397
130,0.00245338
131,0.00248658
132,0.00236641
133,0.00243669
134,0.00250632
135,0.00236505
136,0.00246765
137,0.00254873
138,0.00243578
139,0.00248893
140,0.0025801
141,0.00242588
142,0.00255511
143,0.00260956
144,0.00261662
145,0.00260957
146,0.00272852
147,0.00247124
148,0.00253234
149,0.00247258
150,0.0024283
151,0.0023446
152,0.00247448
153,0.00229691
154,0.00237706
155,0.002451
156,0.00233606
157,0.00230965
158,0.00245186
159,0.0022679
160,0.00232398
161,0.00241726
162,0.00231657
163,0.00234287
164,0.00248553
165,0.00236895
166,0.00235283
167,0.00250724
168,0.00233837
169,0.0024487
170,0.00250171
171,0.00244507
172,0.00239966
173,0.00259502
174,0.00248985
175,0.00254897
176,0.00262925
177,0.00264079
178,0.00260567
179,0.00271423
180,0.00268465
181,0.00276954
182,0.00278756
183,0.00283249
184,0.00275457
185,0.00280774
186,0.00264732
187,0.00255899
188,0.00250994
189,0.00239771
190,0.00227547
191,0.002255
192,0.00224312
193,0.00205388
194,0.00215233
195,0.00208977
196,0.00199094
197,0.00212201
198,0.00206862
199,0.00201349
200,0.00207828
201,0.00207796
202,0.00199674
203,0.00214046
204,0.00203206
205,0.00197993
206,0.00204221
207,0.00197233
208,0.00186917
209,0.00189991
210,0.00176634
211,0.00154556
212,0.00146875
213,0.00125941
214,0.00113097
215,0.00118368
216,0.00120581
217,0.00144129
218,0.00160624
219,0.00184446
220,0.00201616
221,0.00222182
222,0.00227885
223,0.00245299
224,0.00254572
225,0.00261555
226,0.00261623
227,0.0026096
228,0.00242575
229,0.00234748
230,0.00227951
231,0.00218099
232,0.00203277
233,0.00212973
234,0.00199306
235,0.00197084
236,0.00209814
237,0.00201224
238,0.00197436
239,0.00213168
240,0.00207839
241,0.00201711
242,0.00220789
243,0.00204787
244,0.00204957
245,0.00210946
246,0.00206759
247,0.00198325
248,0.00213276
249,0.00205375
250,0.00205381
251,0.0021959
252,0.0020948
253,0.00201909
254,0.0021464
255,0.00205216
256,0.00198657
257,0.00212599
258,0.00208384
259,0.00198986
260,0.00215638
261,0.00206658
262,0.00198216
263,0.00211245
264,0.0020455
265,0.00198591
266,0.00213879
267,0.0020639
268,0.00201974
269,0.00216344
270,0.00211901
271,0.00204647
272,0.00211813
273,0.00202565
274,0.00198234
275,0.00200574
276,0.00196043
277,0.00189187
278,0.00200509
279,0.00193165
280,0.00184062
281,0.00199815
282,0.00188294
283,0.00186337
284,0.00194232
285,0.00189066
286,0.00184832
287,0.00195561
288,0.00187707
289,0.00183117
290,0.00192801
291,0.00185071
292,0.00183984
293,0.00190505
294,0.00185751
295,0.00184534
296,0.00191875
297,0.00189444
298,0.00187442
299,0.00198128
300,0.00187202
301,0.00183767
302,0.00195571
303,0.00180739
304,0.00183672
305,0.0019163
306,0.00185612
307,0.00183954
308,0.00194449
309,0.00186592
310,0.0018633
311,0.00192199
312,0.00182544
313,0.00184657
314,0.00191239
315,0.00183906
316,0.00185307
317,0.00196075
318,0.00184949
319,0.00189759
320,0.00197471
321,0.00182642
322,0.00188945
323,0.00195808
324,0.00184511
325,0.00189061
326,0.00202347
327,0.001867
328,0.00192558
329,0.00199149
330,0.00188469
331,0.0019436
332,0.00208362
333,0.0021006
334,0.00223145
335,0.00243993
336,0.00261373
337,0.00288487
338,0.00311406
339,0.00335785
340,0.00334246
341,0.0032099
342,0.00299755
343,0.00279243
344,0.00261168
345,0.00240783
346,0.00226906
347,0.00218823
348,0.00204069
349,0.00200559
350,0.00199277
351,0.00187684
352,0.00187126
353,0.00193972
354,0.00183478
355,0.00185402
356,0.00194913
357,0.00187592
358,0.00182823
359,0.00193791
360,0.00179809
361,0.00184824
362,0.00188675
363,0.0018259
364,0.00181935
365,0.0019259
366,0.00176671
367,0.00189369
368,0.00189274
369,0.00190564
370,0.00187251
371,0.00197701
372,0.00191235
373,0.00204031
374,0.00205607
375,0.00221141
376,0.00226161
377,0.00241908
378,0.00259838
379,0.00278017
380,0.00286814
381,0.00297656
382,0.00290062
383,0.00279495
384,0.00264517
385,0.00250667
386,0.00234517
387,0.00220846
388,0.00213948
389,0.00205099
390,0.00195892
391,0.00196826
392,0.00194987
393,0.00186446
394,0.00196286
395,0.00205818
396,0.00206848
397,0.00226367
398,0.00244104
399,0.00264643
