2,0.00256736
3,0.00723788
4,0.0110746
5,0.0144672
6,0.0177189
7,0.0208139
8,0.0235352
9,0.0258677
10,0.0280418
11,0.0300372
12,0.03169
13,0.0331643
14,0.0345706
15,0.035831
16,0.0369263
17,0.0379319
18,0.0387807
19,0.0394263
20,0.0399699
21,0.0404488
22,0.0408716
23,0.0412733
24,0.0416624
25,0.0420002
26,0.0423253
27,0.0426848
28,0.0430915
29,0.043532
30,0.0440202
31,0.0445588
32,0.0451135
33,0.0457026
34,0.0463232
35,0.0469662
36,0.0476317
37,0.0483247
38,0.049027
39,0.0497312
40,0.0504309
41,0.0511388
42,0.0518304
43,0.0525186
44,0.053179
45,0.0538117
46,0.054405
47,0.0549609
48,0.0554792
49,0.0559612
50,0.0563949
51,0.0567959
52,0.0571649
53,0.0575039
54,0.0578221
55,0.0581205
56,0.0584017
57,0.0586752
58,0.0589357
59,0.0591977
60,0.0594385
61,0.0596714
62,0.0598889
63,0.0601015
64,0.0603026
65,0.0605111
66,0.0607159
67,0.0609158
68,0.0610948
69,0.0612721
70,0.0614362
71,0.0616023
72,0.0617728
73,0.0619423
74,0.0621016
75,0.0622606
76,0.0624092
77,0.0625583
78,0.062713
79,0.0628684
80,0.0630164
81,0.0631614
82,0.0633037
83,0.0634371
84,0.0635733
85,0.063709
86,0.0638429
87,0.0639703
88,0.0640987
89,0.0642226
90,0.0643443
91,0.0644652
92,0.0645869
93,0.0646969
94,0.0648148
95,0.0649205
96,0.065033
97,0.0651368
98,0.0652457
99,0.0653452
100,0.0654497
101,0.065555
102,0.0656484
103,0.0657476
104,0.065844
105,0.0659392
106,0.0660349
107,0.0661382
108,0.0662335
109,0.066331
110,0.0664256
111,0.0665191
112,0.0666108
113,0.0667077
114,0.0667984
115,0.0668883
116,0.0669845
117,0.0670758
118,0.0671658
119,0.0672659
120,0.0673573
121,0.0674505
122,0.067539
123,0.0676257
124,0.0676949
125,0.0677665
126,0.0678378
127,0.0679005
128,0.0679666
129,0.0680315
130,0.0681044
131,0.0681724
132,0.0682512
133,0.0683195
134,0.0683881
135,0.0684567
136,0.068523
137,0.0685932
138,0.0686601
139,0.0687308
140,0.0687913
141,0.0688651
142,0.0689297
143,0.0689901
144,0.0690548
145,0.0691241
146,0.0691915
147,0.0692667
148,0.0693412
149,0.0694192
150,0.0694929
151,0.0695685
152,0.0696433
153,0.0697125
154,0.0697857
155,0.069854
156,0.0699186
157,0.0699881
158,0.0700539
159,0.0701226
160,0.0701915
161,0.0702634
162,0.0703316
163,0.0704012
164,0.070474
165,0.0705337
166,0.0706065
167,0.0706661
168,0.0707351
169,0.0707951
170,0.0708642
171,0.0709233
172,0.0709874
173,0.0710518
174,0.0711184
175,0.0711751
176,0.0712477
177,0.0713048
178,0.0713681
179,0.0714316
180,0.071495
181,0.0715521
182,0.0716182
183,0.0716746
184,0.07173
185,0.0717832
186,0.0718281
187,0.0718703
188,0.0719139
189,0.0719566
190,0.0719974
191,0.0720412
192,0.072082
193,0.0721231
194,0.072168
195,0.0722104
196,0.0722578
197,0.0722989
198,0.0723493
199,0.0723911
200,0.0724343
201,0.0724826
202,0.072521
203,0.0725719
204,0.0726219
205,0.072673
206,0.0727213
207,0.0727768
208,0.0728242
209,0.0728726
210,0.0729263
211,0.0729763
212,0.0730232
213,0.0730722
214,0.0731189
215,0.0731618
216,0.0732079
217,0.0732484
218,0.0732858
219,0.0733248
220,0.0733639
221,0.0733972
222,0.0734328
223,0.0734753
224,0.0735106
225,0.0735514
226,0.0735969
227,0.0736502
228,0.0737077
229,0.0737734
230,0.0738357
231,0.0738987
232,0.0739634
233,0.0740238
234,0.0740808
235,0.0741424
236,0.0741936
237,0.0742477
238,0.0742987
239,0.0743494
240,0.0743908
241,0.0744387
242,0.0744839
243,0.0745245
244,0.0745665
245,0.0746101
246,0.0746495
247,0.0746932
248,0.0747374
249,0.0747791
250,0.0748236
251,0.0748669
252,0.074909
253,0.0749511
254,0.074996
255,0.0750337
256,0.0750776
257,0.07512
258,0.0751576
259,0.0751968
260,0.0752329
261,0.0752702
262,0.0753042
263,0.0753417
264,0.0753738
265,0.0754078
266,0.0754455
267,0.075477
268,0.0755097
269,0.0755459
270,0.0755852
271,0.0756208
272,0.0756643
273,0.0757099
274,0.0757561
275,0.075803
276,0.0758538
277,0.0758937
278,0.0759428
279,0.0759835
280,0.0760268
281,0.076069
282,0.0761102
283,0.0761542
284,0.0761914
285,0.0762322
286,0.0762688
287,0.0763109
288,0.0763488
289,0.0763907
290,0.0764266
291,0.0764679
292,0.076506
293,0.0765464
294,0.0765835
295,0.0766271
296,0.0766609
297,0.0767072
298,0.0767398
299,0.0767796
300,0.0768149
301,0.0768485
302,0.0768807
303,0.0769179
304,0.0769521
305,0.0769843
306,0.077022
307,0.0770606
308,0.0770936
309,0.0771312
310,0.0771698
311,0.077199
312,0.0772356
313,0.0772648
314,0.077296
315,0.0773274
316,0.0773655
317,0.0773953
318,0.0774332
319,0.0774644
320,0.0775017
321,0.0775305
322,0.0775681
323,0.0776005
324,0.077636
325,0.0776716
326,0.0777113
327,0.077744
328,0.0777846
329,0.0778241
330,0.077863
331,0.0779123
332,0.0779629
333,0.0780105
334,0.078067
335,0.0781254
336,0.0781806
337,0.0782407
338,0.0783018
339,0.0783481
340,0.0783857
341,0.0784052
342,0.0784191
343,0.078429
344,0.0784417
345,0.0784558
346,0.0784666
347,0.0784851
348,0.0785012
349,0.0785215
350,0.0785476
351,0.0785723
352,0.0785981
353,0.078628
354,0.0786571
355,0.0786898
356,0.0787213
357,0.0787532
358,0.0787843
359,0.0788144
360,0.0788417
361,0.078871
362,0.078901
363,0.0789327
364,0.0789624
365,0.078995
366,0.0790298
367,0.0790611
368,0.0790987
369,0.0791357
370,0.0791674
371,0.079204
372,0.0792391
373,0.079281
374,0.0793207
375,0.0793642
376,0.0794095
377,0.0794565
378,0.0795064
379,0.0795533
380,0.0795943
381,0.0796342
382,0.0796558
383,0.0796767
384,0.0796865
385,0.0796978
386,0.0797087
387,0.0797219
388,0.0797334
389,0.079748
390,0.0797611
391,0.0797765
392,0.0797851
393,0.079801
394,0.0798089
395,0.0798192
396,0.0798258
397,0.0798319
398,0.0798361
399,0.0798375
