2,0.931602
3,0.818011
4,0.732746
5,0.661822
6,0.596457
7,0.536299
8,0.485585
9,0.444031
10,0.406309
11,0.372672
12,0.346332
13,0.323696
14,0.302452
15,0.284114
16,0.269003
17,0.255571
18,0.245123
19,0.238455
20,0.2336
21,0.229812
22,0.226929
23,0.224277
24,0.221728
25,0.22
26,0.218369
27,0.215988
28,0.212649
29,0.208584
30,0.203605
31,0.197661
32,0.191372
33,0.184428
34,0.176922
35,0.168974
36,0.160627
37,0.151783
38,0.142779
39,0.133717
40,0.124758
41,0.115649
42,0.106813
43,0.0980263
44,0.0897435
45,0.0818931
46,0.0747273
47,0.068171
48,0.0622346
49,0.0568671
50,0.0523308
51,0.048234
52,0.044697
53,0.0416182
54,0.0388252
55,0.0363636
56,0.0341726
57,0.0320325
58,0.030137
59,0.0281525
60,0.0265668
61,0.0249491
62,0.0237171
63,0.022391
64,0.0212785
65,0.0200663
66,0.0188008
67,0.0176417
68,0.0168298
69,0.0159514
70,0.0153093
71,0.0146147
72,0.0138879
73,0.0130349
74,0.0124692
75,0.0118656
76,0.0112729
77,0.0108175
78,0.010203
79,0.00945251
80,0.00898598
81,0.00844319
82,0.00792112
83,0.00753662
84,0.00721191
85,0.00668544
86,0.00639608
87,0.00614668
88,0.00579057
89,0.0055348
90,0.00541477
91,0.00510586
92,0.00497326
93,0.00481845
94,0.00462138
95,0.00433223
96,0.00428812
97,0.00399063
98,0.00392951
99,0.00370405
100,0.00357735
101,0.00334026
102,0.00326132
103,0.00318481
104,0.00281258
105,0.00299236
106,0.0025139
107,0.0025197
108,0.00230747
109,0.00237789
110,0.00236378
111,0.00247552
112,0.00254998
113,0.00260731
114,0.00250452
115,0.00262052
116,0.00254878
117,0.00252432
118,0.00250617
119,0.00256599
120,0.00245675
121,0.00252045
122,0.00265741
123,0.00251302
124,0.00254121
125,0.00258301
126,0.00243566
127,0.00249554
128,0.00254133
129,0.00240654
130,0.00249531
131,0.00259093
132,0.00245816
133,0.00249689
134,0.0026154
135,0.00242771
136,0.00260343
137,0.00258067
138,0.00256725
139,0.00255349
140,0.00273626
141,0.00251557
142,0.00268363
143,0.00271678
144,0.00272294
145,0.00266286
146,0.00278143
147,0.00260082
148,0.00263868
149,0.00264169
150,0.00253814
151,0.00249932
152,0.00260284
153,0.00241858
154,0.00249185
155,0.00256208
156,0.0023877
157,0.00241659
158,0.00252518
159,0.00239375
160,0.00240648
161,0.00259215
162,0.00235638
163,0.00246391
164,0.0025343
165,0.00242965
166,0.00237116
167,0.00257592
168,0.00249619
169,0.00252532
170,0.00265464
171,0.00260436
172,0.00250728
173,0.00269083
174,0.00257208
175,0.00264433
176,0.0027226
177,0.00273444
178,0.00270907
179,0.0028833
180,0.00281279
181,0.00287165
182,0.00292445
183,0.00292482
184,0.00288136
185,0.0028864
186,0.00279103
187,0.00265346
188,0.0026433
189,0.00251404
190,0.00233213
191,0.00241795
192,0.00224783
193,0.00216159
194,0.00224001
195,0.00214992
196,0.0020785
197,0.0022239
198,0.00211525
199,0.00206674
200,0.00222905
201,0.00211094
202,0.00210205
203,0.00217955
204,0.00211834
205,0.00205773
206,0.00213813
207,0.00208753
208,0.00195414
209,0.00201622
210,0.00185396
211,0.00161732
212,0.00143917
213,0.00124073
214,0.00123447
215,0.00128064
216,0.00129033
217,0.00154475
218,0.00178719
219,0.00197773
220,0.00211383
221,0.00231994
222,0.00243577
223,0.00254044
224,0.00265179
225,0.00274371
226,0.00273063
227,0.00273257
228,0.0026057
229,0.00250105
230,0.00239018
231,0.00227898
232,0.00210312
233,0.00221501
234,0.00213999
235,0.00204364
236,0.00222306
237,0.00209124
238,0.00208668
239,0.00221111
240,0.0021273
241,0.00207736
242,0.00219899
243,0.00212963
244,0.00209069
245,0.00220962
246,0.00214024
247,0.00205255
248,0.00223197
249,0.0021513
250,0.00208168
251,0.00224625
252,0.00216259
253,0.00207174
254,0.00222094
255,0.00213541
256,0.00207815
257,0.00225538
258,0.00214299
259,0.00207678
260,0.00218359
261,0.00210915
262,0.00201679
263,0.00217237
264,0.0021365
265,0.00203717
266,0.00217392
267,0.00215939
268,0.00208225
269,0.00221796
270,0.00215963
271,0.00211585
272,0.00217629
273,0.00214886
274,0.00200452
275,0.00212919
276,0.00201168
277,0.0019515
278,0.00207394
279,0.00199463
280,0.00190288
281,0.00201405
282,0.00200226
283,0.0018864
284,0.00203158
285,0.00197311
286,0.00190765
287,0.00202696
288,0.0019436
289,0.00190521
290,0.0020136
291,0.00194911
292,0.00188522
293,0.00205556
294,0.00194095
295,0.00191997
296,0.00199868
297,0.00196606
298,0.00192476
299,0.00202884
300,0.00194236
301,0.00194892
302,0.00201316
303,0.00194537
304,0.00190575
305,0.00200492
306,0.001924
307,0.0019283
308,0.00203778
309,0.00193434
310,0.00193111
311,0.00202441
312,0.00192347
313,0.00191707
314,0.00206985
315,0.00194128
316,0.00194431
317,0.00206045
318,0.00191782
319,0.00191583
320,0.00204751
321,0.00191439
322,0.00193339
323,0.00206221
324,0.00193283
325,0.00196476
326,0.00209781
327,0.00190622
328,0.00195689
329,0.00206469
330,0.0019921
331,0.00201364
332,0.00226476
333,0.00215442
334,0.00237901
335,0.00256061
336,0.00275681
337,0.00298945
338,0.00324339
339,0.00341444
340,0.00345748
341,0.00327674
342,0.00312474
343,0.00289534
344,0.00271142
345,0.00256026
346,0.00236141
347,0.00228992
348,0.00212047
349,0.00205923
350,0.00209924
351,0.00201279
352,0.00197809
353,0.00207964
354,0.00193204
355,0.00198098
356,0.00201668
357,0.001919
358,0.00193117
359,0.00199942
360,0.00186617
361,0.00190899
362,0.00199176
363,0.00187856
364,0.00187901
365,0.0019658
366,0.00186313
367,0.00191792
368,0.0019966
369,0.00195824
370,0.00196944
371,0.00207263
372,0.00198611
373,0.0021089
374,0.00217529
375,0.00222192
376,0.00232658
377,0.00250105
378,0.00264716
379,0.00279451
380,0.00292007
381,0.00303644
382,0.00292049
383,0.00286447
384,0.00269331
385,0.00255732
386,0.00237805
387,0.00226452
388,0.00213489
389,0.00216091
390,0.00197369
391,0.00208839
392,0.00204041
393,0.00191645
394,0.00208092
395,0.00208793
396,0.00210005
397,0.00230159
398,0.00246472
399,0.00269543
