2,0.002531
3,0.00715512
4,0.0110378
5,0.0144601
6,0.0176395
7,0.020581
8,0.0231712
9,0.0255265
10,0.0277586
11,0.0298238
12,0.0315954
13,0.0331658
14,0.0345843
15,0.0358534
16,0.0369398
17,0.0379077
18,0.0387018
19,0.0393269
20,0.0398347
21,0.0402793
22,0.0406663
23,0.0410388
24,0.0414124
25,0.0417608
26,0.0420586
27,0.0424133
28,0.042802
29,0.0432452
30,0.0437376
31,0.0442777
32,0.0448349
33,0.0454161
34,0.0460163
35,0.0466378
36,0.0472829
37,0.0479684
38,0.0486602
39,0.049359
40,0.0500547
41,0.0507472
42,0.0514348
43,0.0521089
44,0.0527855
45,0.0534324
46,0.0540401
47,0.0546095
48,0.0551457
49,0.0556445
50,0.0561003
51,0.0565226
52,0.0569041
53,0.0572585
54,0.0575897
55,0.0578987
56,0.0581982
57,0.0584853
58,0.05875
59,0.0590167
60,0.0592689
61,0.0595081
62,0.0597352
63,0.0599678
64,0.060176
65,0.0603802
66,0.0605909
67,0.0607977
68,0.0609864
69,0.0611731
70,0.0613507
71,0.0615179
72,0.06169
73,0.0618619
74,0.0620301
75,0.0621927
76,0.0623487
77,0.0625019
78,0.0626592
79,0.0628139
80,0.0629669
81,0.0631152
82,0.0632629
83,0.0634006
84,0.0635369
85,0.063676
86,0.0638137
87,0.0639407
88,0.0640739
89,0.0641978
90,0.0643216
91,0.0644442
92,0.0645652
93,0.0646792
94,0.0647973
95,0.0649066
96,0.0650179
97,0.065127
98,0.0652317
99,0.0653352
100,0.0654377
101,0.0655398
102,0.0656387
103,0.0657345
104,0.0658327
105,0.065932
106,0.0660263
107,0.0661308
108,0.0662283
109,0.0663251
110,0.066419
111,0.0665152
112,0.0666037
113,0.0667033
114,0.0667922
115,0.0668874
116,0.0669788
117,0.0670724
118,0.067163
119,0.0672577
120,0.0673496
121,0.0674454
122,0.0675345
123,0.067622
124,0.0676899
125,0.0677615
126,0.067832
127,0.0678961
128,0.06796
129,0.0680292
130,0.0680969
131,0.0681713
132,0.0682436
133,0.0683153
134,0.0683814
135,0.0684494
136,0.0685188
137,0.068585
138,0.0686574
139,0.0687249
140,0.0687879
141,0.0688572
142,0.0689213
143,0.0689857
144,0.069053
145,0.0691177
146,0.0691871
147,0.0692599
148,0.0693386
149,0.0694124
150,0.0694907
151,0.0695647
152,0.0696384
153,0.0697113
154,0.0697835
155,0.0698512
156,0.0699179
157,0.0699875
158,0.0700532
159,0.0701229
160,0.0701949
161,0.0702625
162,0.0703346
163,0.0704028
164,0.0704741
165,0.0705409
166,0.070605
167,0.0706733
168,0.0707349
169,0.0708039
170,0.070864
171,0.070927
172,0.0709933
173,0.0710575
174,0.0711197
175,0.0711847
176,0.0712503
177,0.071312
178,0.0713729
179,0.0714392
180,0.0714996
181,0.0715612
182,0.0716217
183,0.0716838
184,0.0717335
185,0.0717881
186,0.0718339
187,0.0718752
188,0.0719196
189,0.0719603
190,0.0720007
191,0.072045
192,0.0720844
193,0.0721259
194,0.0721691
195,0.0722126
196,0.0722577
197,0.0723007
198,0.0723504
199,0.0723889
200,0.0724373
201,0.0724784
202,0.0725217
203,0.0725727
204,0.0726195
205,0.0726685
206,0.0727196
207,0.0727717
208,0.0728211
209,0.0728692
210,0.0729197
211,0.0729721
212,0.0730171
213,0.0730682
214,0.073113
215,0.0731592
216,0.0732017
217,0.0732425
218,0.0732803
219,0.073321
220,0.0733554
221,0.0733936
222,0.0734278
223,0.0734682
224,0.0735063
225,0.073546
226,0.073592
227,0.0736406
228,0.0737
229,0.0737662
230,0.0738277
231,0.0738939
232,0.0739559
233,0.0740195
234,0.074077
235,0.0741375
236,0.0741892
237,0.0742457
238,0.0742935
239,0.0743446
240,0.0743913
241,0.0744376
242,0.0744812
243,0.0745237
244,0.0745674
245,0.0746072
246,0.0746524
247,0.0746913
248,0.0747393
249,0.074781
250,0.0748242
251,0.074867
252,0.0749118
253,0.074952
254,0.0749986
255,0.075037
256,0.07508
257,0.0751213
258,0.0751615
259,0.0751962
260,0.0752381
261,0.0752712
262,0.0753078
263,0.0753408
264,0.0753782
265,0.0754082
266,0.0754452
267,0.0754764
268,0.0755121
269,0.075547
270,0.0755828
271,0.0756241
272,0.075664
273,0.07571
274,0.0757556
275,0.0758055
276,0.0758546
277,0.0758967
278,0.0759427
279,0.0759845
280,0.0760267
281,0.0760696
282,0.0761118
283,0.0761516
284,0.0761938
285,0.0762305
286,0.0762715
287,0.0763092
288,0.0763486
289,0.0763881
290,0.0764267
291,0.0764681
292,0.0765048
293,0.0765471
294,0.0765832
295,0.0766254
296,0.0766623
297,0.0767013
298,0.0767424
299,0.0767751
300,0.0768117
301,0.076847
302,0.076881
303,0.0769127
304,0.0769483
305,0.0769828
306,0.0770202
307,0.0770569
308,0.0770926
309,0.0771298
310,0.0771654
311,0.0771998
312,0.0772321
313,0.0772652
314,0.077293
315,0.077327
316,0.0773607
317,0.0773945
318,0.0774313
319,0.0774655
320,0.0774997
321,0.077531
322,0.0775669
323,0.0776027
324,0.0776359
325,0.0776749
326,0.077711
327,0.0777482
328,0.0777847
329,0.0778292
330,0.0778664
331,0.0779191
332,0.0779655
333,0.0780209
334,0.0780724
335,0.0781319
336,0.0781886
337,0.0782457
338,0.0783074
339,0.078352
340,0.0783897
341,0.0784097
342,0.0784217
343,0.0784323
344,0.0784484
345,0.0784542
346,0.0784758
347,0.0784856
348,0.0785077
349,0.0785255
350,0.0785517
351,0.0785753
352,0.0786032
353,0.0786325
354,0.0786635
355,0.0786927
356,0.0787254
357,0.0787561
358,0.0787834
359,0.0788205
360,0.0788409
361,0.078875
362,0.0789012
363,0.0789349
364,0.0789644
365,0.0789963
366,0.0790308
367,0.0790641
368,0.0790994
369,0.079134
370,0.0791702
371,0.0792062
372,0.0792433
373,0.0792811
374,0.0793211
375,0.079367
376,0.0794107
377,0.0794595
378,0.079507
379,0.0795568
380,0.0795965
381,0.0796343
382,0.0796576
383,0.0796753
384,0.0796866
385,0.0797018
386,0.0797096
387,0.0797217
388,0.0797355
389,0.0797463
390,0.0797597
391,0.0797731
392,0.0797844
393,0.0797986
394,0.0798068
395,0.0798152
396,0.0798219
397,0.0798295
398,0.0798316
399,0.0798362
