2,0.932569
3,0.820089
4,0.733635
5,0.661991
6,0.598269
7,0.54149
8,0.493541
9,0.451365
10,0.412303
11,0.377122
12,0.348272
13,0.323659
14,0.302169
15,0.283659
16,0.268731
17,0.256044
18,0.246658
19,0.240379
20,0.236192
21,0.233041
22,0.230803
23,0.228674
24,0.22638
25,0.224415
26,0.223261
27,0.220932
28,0.217881
29,0.213748
30,0.208647
31,0.202633
32,0.196274
33,0.189452
34,0.182261
35,0.174672
36,0.166642
37,0.157885
38,0.149054
39,0.140031
40,0.13111
41,0.122238
42,0.113416
43,0.104865
44,0.0962471
45,0.0881116
46,0.0806886
47,0.0738512
48,0.0675952
49,0.0619114
50,0.0569882
51,0.0525521
52,0.0488057
53,0.0454476
54,0.0424594
55,0.0398102
56,0.0373203
57,0.0349444
58,0.033007
59,0.030908
60,0.0291247
61,0.0274252
62,0.0259995
63,0.024381
64,0.0231781
65,0.0220013
66,0.0207036
67,0.0194164
68,0.0184721
69,0.0174415
70,0.0166039
71,0.0158664
72,0.0150881
73,0.0142306
74,0.0134848
75,0.0127899
76,0.012142
77,0.0115965
78,0.0109581
79,0.0102351
80,0.0096841
81,0.00909258
82,0.00851696
83,0.0080764
84,0.00773545
85,0.00714848
86,0.00681749
87,0.00647308
88,0.00616268
89,0.00580275
90,0.00568054
91,0.00528786
92,0.00518802
93,0.00490302
94,0.00470385
95,0.00445397
96,0.00432161
97,0.00402547
98,0.00398073
99,0.00374328
100,0.00368547
101,0.00336597
102,0.00335638
103,0.00312841
104,0.00292879
105,0.00285953
106,0.00259213
107,0.00239268
108,0.00226109
109,0.00227626
110,0.00226627
111,0.00243868
112,0.00244879
113,0.00255906
114,0.00248166
115,0.00254177
116,0.00258114
117,0.00248024
118,0.00251252
119,0.00251579
120,0.00243857
121,0.00247499
122,0.0025795
123,0.00250422
124,0.00252911
125,0.00259886
126,0.00245058
127,0.00252438
128,0.00253561
129,0.00246022
130,0.00248548
131,0.00256364
132,0.00250288
133,0.00249197
134,0.00256142
135,0.00253071
136,0.00254833
137,0.00263264
138,0.0025387
139,0.00256693
140,0.00267213
141,0.00263014
142,0.00267093
143,0.00273945
144,0.00270996
145,0.00272745
146,0.00274946
147,0.00265986
148,0.00260793
149,0.00261627
150,0.00251822
151,0.00245724
152,0.00254096
153,0.00242678
154,0.00241216
155,0.00249392
156,0.00241328
157,0.00241216
158,0.00248823
159,0.00239595
160,0.00241843
161,0.00251054
162,0.00240387
163,0.0024199
164,0.00246708
165,0.00245778
166,0.00242784
167,0.00255491
168,0.00249876
169,0.00252922
170,0.00260653
171,0.00258832
172,0.00255821
173,0.00269002
174,0.0026335
175,0.0026746
176,0.00276092
177,0.00276696
178,0.00274598
179,0.00290267
180,0.00286425
181,0.00296808
182,0.00296367
183,0.00299416
184,0.0029336
185,0.00293694
186,0.00282645
187,0.00269518
188,0.00263179
189,0.00250812
190,0.00239752
191,0.00240282
192,0.00229245
193,0.00220249
194,0.00222269
195,0.00216006
196,0.00210007
197,0.00217062
198,0.00213968
199,0.00210605
200,0.00220466
201,0.00213688
202,0.00211803
203,0.00216096
204,0.00211477
205,0.0020896
206,0.00208724
207,0.00204464
208,0.00192973
209,0.00194087
210,0.00181731
211,0.00155623
212,0.001437
213,0.00117587
214,0.00108171
215,0.0011722
216,0.00127248
217,0.00151118
218,0.00173621
219,0.00195608
220,0.00213399
221,0.00231565
222,0.00245235
223,0.00256655
224,0.00268442
225,0.00277967
226,0.0027798
227,0.00276446
228,0.00269073
229,0.00251726
230,0.00244156
231,0.00231596
232,0.00217943
233,0.00215676
234,0.0021091
235,0.00204354
236,0.00216256
237,0.00207233
238,0.00211264
239,0.00216452
240,0.002145
241,0.00210223
242,0.00218436
243,0.00210382
244,0.00211157
245,0.00214339
246,0.00214777
247,0.0020974
248,0.00220911
249,0.00213056
250,0.00212808
251,0.00219052
252,0.00216441
253,0.00206751
254,0.00220772
255,0.00214519
256,0.00207863
257,0.00219211
258,0.00215774
259,0.0020916
260,0.00218067
261,0.00210613
262,0.00206814
263,0.00215294
264,0.00210432
265,0.00206691
266,0.00213874
267,0.00214238
268,0.00210003
269,0.00222455
270,0.00216933
271,0.00213206
272,0.00218021
273,0.00212202
274,0.00203357
275,0.00209264
276,0.00203058
277,0.00197259
278,0.00205504
279,0.00201999
280,0.00194269
281,0.00202874
282,0.00196185
283,0.00191709
284,0.00202119
285,0.00196708
286,0.00192283
287,0.00200583
288,0.00196818
289,0.00193692
290,0.00200917
291,0.00195831
292,0.00191282
293,0.00200303
294,0.00194867
295,0.00192561
296,0.00199063
297,0.00196039
298,0.00198189
299,0.00199428
300,0.00196584
301,0.00192056
302,0.00197012
303,0.00190764
304,0.00193457
305,0.00199106
306,0.00191678
307,0.00194327
308,0.00201735
309,0.0018998
310,0.00193052
311,0.00199205
312,0.00192043
313,0.00191961
314,0.00199138
315,0.00191331
316,0.00193006
317,0.0019756
318,0.00194023
319,0.00192968
320,0.00200116
321,0.00192209
322,0.00193391
323,0.0019792
324,0.00192907
325,0.00197428
326,0.00201569
327,0.00191492
328,0.00194179
329,0.00199976
330,0.00199026
331,0.00204501
332,0.00216261
333,0.00224632
334,0.00240935
335,0.00261974
336,0.00280921
337,0.00303625
338,0.00329626
339,0.00343556
340,0.00346314
341,0.00333572
342,0.00313559
343,0.00291262
344,0.00275305
345,0.00253102
346,0.00241998
347,0.00229705
348,0.00215874
349,0.00208506
350,0.00207269
351,0.00205718
352,0.00196096
353,0.00205133
354,0.00194507
355,0.00197319
356,0.00199535
357,0.00195121
358,0.00191363
359,0.00199604
360,0.00185592
361,0.0019332
362,0.00192076
363,0.00189514
364,0.00188773
365,0.00192397
366,0.00188254
367,0.00194782
368,0.00195132
369,0.00194115
370,0.00199284
371,0.00208244
372,0.0020332
373,0.00212321
374,0.00216923
375,0.00222288
376,0.002342
377,0.00252603
378,0.00267138
379,0.00284864
380,0.00291704
381,0.00301684
382,0.00296812
383,0.00282686
384,0.00267991
385,0.00257911
386,0.00238306
387,0.00228516
388,0.00214739
389,0.00210808
390,0.00200837
391,0.00200523
392,0.00201477
393,0.00196549
394,0.0020488
395,0.00211474
396,0.00212595
397,0.00232124
398,0.00247626
399,0.00269511
