2,0.934148
3,0.822356
4,0.734606
5,0.663715
6,0.604914
7,0.554501
8,0.511294
9,0.471573
10,0.432438
11,0.39378
12,0.357309
13,0.325263
14,0.297956
15,0.276233
16,0.259327
17,0.246801
18,0.238589
19,0.234671
20,0.233224
21,0.233533
22,0.235013
23,0.236033
24,0.235845
25,0.235484
26,0.234837
27,0.232841
28,0.228826
29,0.223305
30,0.215951
31,0.207147
32,0.197719
33,0.188445
34,0.179689
35,0.17132
36,0.162589
37,0.153221
38,0.144177
39,0.136421
40,0.128928
41,0.121453
42,0.114767
43,0.108763
44,0.101487
45,0.0941519
46,0.0881127
47,0.0822901
48,0.0760201
49,0.0703694
50,0.0650791
51,0.0597368
52,0.0551229
53,0.0512299
54,0.0478469
55,0.0452695
56,0.0424016
57,0.039576
58,0.0378006
59,0.0355788
60,0.0330462
61,0.0314068
62,0.0298741
63,0.0274736
64,0.0261348
65,0.0250179
66,0.0234474
67,0.0219467
68,0.0208864
69,0.0195797
70,0.0184403
71,0.0175652
72,0.0167148
73,0.0157792
74,0.014996
75,0.0139888
76,0.013282
77,0.0126279
78,0.0119379
79,0.0110869
80,0.0106451
81,0.00991639
82,0.00930161
83,0.0088024
84,0.00839407
85,0.00777149
86,0.00744726
87,0.00694808
88,0.0066411
89,0.00617296
90,0.00600601
91,0.00554502
92,0.005404
93,0.00498765
94,0.00479783
95,0.00444812
96,0.00432981
97,0.00396544
98,0.00390767
99,0.00372938
100,0.0036436
101,0.00353273
102,0.00334607
103,0.00313776
104,0.00295521
105,0.00275307
106,0.00260852
107,0.00241695
108,0.00230809
109,0.00226461
110,0.00225979
111,0.00237218
112,0.0023181
113,0.00236316
114,0.00234057
115,0.00238084
116,0.00234297
117,0.00235311
118,0.00238752
119,0.00239152
120,0.00241063
121,0.00239402
122,0.00241886
123,0.00243997
124,0.00243896
125,0.00239483
126,0.00242322
127,0.00238898
128,0.00243744
129,0.00244545
130,0.00243138
131,0.0024037
132,0.00245993
133,0.00245178
134,0.00248872
135,0.00250762
136,0.00251694
137,0.00248858
138,0.00248297
139,0.00254139
140,0.0026182
141,0.00263985
142,0.00262922
143,0.00263314
144,0.00263281
145,0.00266534
146,0.0027183
147,0.00260784
148,0.00259975
149,0.00250652
150,0.00252572
151,0.00243233
152,0.00240193
153,0.00239776
154,0.00237502
155,0.00232751
156,0.00233529
157,0.00234618
158,0.00236613
159,0.00233399
160,0.0022926
161,0.00232936
162,0.00235557
163,0.00235314
164,0.00238493
165,0.00243797
166,0.00240205
167,0.00240995
168,0.00246594
169,0.00245751
170,0.00249191
171,0.00250522
172,0.0025277
173,0.00260861
174,0.00258744
175,0.00265452
176,0.00268142
177,0.00270113
178,0.00277103
179,0.00278209
180,0.00288703
181,0.00287119
182,0.00297297
183,0.00293123
184,0.00295119
185,0.00286038
186,0.00281482
187,0.00265108
188,0.00254669
189,0.00248624
190,0.00237551
191,0.00229239
192,0.00221773
193,0.00216683
194,0.00212764
195,0.00211851
196,0.00212054
197,0.00204019
198,0.00208418
199,0.00204797
200,0.00209465
201,0.00202853
202,0.00206582
203,0.00203197
204,0.00204654
205,0.00197215
206,0.00195581
207,0.00186772
208,0.001809
209,0.00168305
210,0.00158761
211,0.00143297
212,0.00124302
213,0.000950486
214,0.000861787
215,0.00103554
216,0.00118162
217,0.00137605
218,0.00157514
219,0.00176547
220,0.00200645
221,0.0021311
222,0.00235885
223,0.00243689
224,0.00258315
225,0.00263969
226,0.00276018
227,0.00276962
228,0.00265427
229,0.00252189
230,0.00233076
231,0.00226974
232,0.00212853
233,0.00210002
234,0.00204568
235,0.00206977
236,0.00203619
237,0.00204616
238,0.00202464
239,0.00204081
240,0.00206202
241,0.00209878
242,0.00205095
243,0.00207138
244,0.0020785
245,0.00208628
246,0.00207237
247,0.0020814
248,0.00207456
249,0.00206199
250,0.00207676
251,0.00206802
252,0.00208836
253,0.00207291
254,0.0020891
255,0.00208049
256,0.00205101
257,0.00206282
258,0.00208778
259,0.00205295
260,0.00203551
261,0.00204087
262,0.00204303
263,0.00204867
264,0.00208441
265,0.00203648
266,0.00207853
267,0.0020536
268,0.00208031
269,0.00209624
270,0.00210404
271,0.00211414
272,0.002072
273,0.00208697
274,0.00200922
275,0.00198935
276,0.00196433
277,0.00197234
278,0.00195283
279,0.00196238
280,0.00192453
281,0.00194445
282,0.00193229
283,0.0019316
284,0.00193403
285,0.00195491
286,0.00191428
287,0.00192966
288,0.00189869
289,0.00193635
290,0.00189281
291,0.00192341
292,0.00189017
293,0.00192657
294,0.00191142
295,0.00192538
296,0.00189333
297,0.00192488
298,0.00193144
299,0.00194529
300,0.001924
301,0.00192578
302,0.00186221
303,0.00189671
304,0.00190391
305,0.0019137
306,0.00189691
307,0.0018877
308,0.00188999
309,0.00188944
310,0.00188916
311,0.00193497
312,0.00189611
313,0.00190096
314,0.0018823
315,0.00189639
316,0.00188928
317,0.00188439
318,0.00189876
319,0.00190936
320,0.00186469
321,0.00189958
322,0.00189852
323,0.00191225
324,0.00188192
325,0.00193435
326,0.00193607
327,0.00192585
328,0.00188233
329,0.00192697
330,0.0019591
331,0.00201522
332,0.00212332
333,0.00222468
334,0.00237904
335,0.00255286
336,0.00278644
337,0.00310815
338,0.00337204
339,0.00345968
340,0.00336653
341,0.00321321
342,0.00307444
343,0.00283715
344,0.00266589
345,0.00250867
346,0.00236676
347,0.00224295
348,0.0021367
349,0.00204312
350,0.00205264
351,0.00198295
352,0.00196258
353,0.00194662
354,0.0019334
355,0.0019069
356,0.00192456
357,0.00191621
358,0.00189148
359,0.00188984
360,0.00187632
361,0.00187611
362,0.00185294
363,0.00186773
364,0.00184499
365,0.00191841
366,0.00188805
367,0.00189583
368,0.00189891
369,0.00192637
370,0.001937
371,0.00197446
372,0.00203751
373,0.00208121
374,0.00217328
375,0.00221742
376,0.00236837
377,0.00248281
378,0.00269331
379,0.00288283
380,0.00301055
381,0.00302462
382,0.00292019
383,0.00277559
384,0.00263376
385,0.00250963
386,0.00234771
387,0.00222932
388,0.00214942
389,0.0020587
390,0.00200708
391,0.00196422
392,0.00192979
393,0.00192967
394,0.00198528
395,0.00203553
396,0.00214537
397,0.00225289
398,0.00244957
399,0.00267714
