2,0.00245158
3,0.00700739
4,0.0109134
5,0.0142992
6,0.0172801
7,0.0199237
8,0.0222945
9,0.0245064
10,0.0266784
11,0.0288859
12,0.030999
13,0.0329395
14,0.0346517
15,0.0361213
16,0.0373492
17,0.0383478
18,0.0390936
19,0.0396093
20,0.0399561
21,0.0401802
22,0.040353
23,0.0405384
24,0.040752
25,0.0410197
26,0.0413759
27,0.0417959
28,0.042266
29,0.0428004
30,0.0433714
31,0.0439929
32,0.0446332
33,0.0453001
34,0.0459756
35,0.0466444
36,0.0473152
37,0.0479855
38,0.0486566
39,0.0493036
40,0.049926
41,0.0505461
42,0.0511077
43,0.0516361
44,0.0521541
45,0.0526613
46,0.053147
47,0.053633
48,0.0541225
49,0.0546115
50,0.0550924
51,0.0555677
52,0.0560267
53,0.0564513
54,0.0568393
55,0.0571826
56,0.0575279
57,0.0578447
58,0.0581264
59,0.0584142
60,0.0587154
61,0.0589706
62,0.0592426
63,0.0595229
64,0.0597637
65,0.0599797
66,0.060217
67,0.060443
68,0.0606595
69,0.0608834
70,0.0610901
71,0.0612789
72,0.0614643
73,0.0616454
74,0.0618286
75,0.0620143
76,0.0621933
77,0.0623511
78,0.0625249
79,0.0626846
80,0.0628398
81,0.0629987
82,0.0631579
83,0.0633016
84,0.0634458
85,0.0635884
86,0.0637301
87,0.0638659
88,0.0640053
89,0.0641332
90,0.0642619
91,0.0643885
92,0.0645076
93,0.0646305
94,0.0647518
95,0.0648743
96,0.0649855
97,0.0651026
98,0.0652064
99,0.0653104
100,0.0654073
101,0.0655076
102,0.0656067
103,0.0657145
104,0.0658111
105,0.0659132
106,0.0660052
107,0.0661085
108,0.066207
109,0.0663064
110,0.0664037
111,0.0665013
112,0.0665957
113,0.0666906
114,0.0667872
115,0.066881
116,0.0669774
117,0.0670686
118,0.0671551
119,0.0672464
120,0.0673382
121,0.0674422
122,0.0675375
123,0.0676261
124,0.0676879
125,0.0677552
126,0.06782
127,0.0678932
128,0.0679577
129,0.0680351
130,0.068096
131,0.0681747
132,0.0682382
133,0.068313
134,0.0683748
135,0.068445
136,0.0685176
137,0.0685869
138,0.068661
139,0.0687206
140,0.0687842
141,0.0688466
142,0.0689181
143,0.068986
144,0.0690527
145,0.0691146
146,0.0691779
147,0.0692498
148,0.0693303
149,0.0694107
150,0.0694881
151,0.0695614
152,0.0696399
153,0.0697072
154,0.0697821
155,0.069848
156,0.0699146
157,0.0699865
158,0.0700536
159,0.0701255
160,0.07019
161,0.0702646
162,0.0703318
163,0.0704034
164,0.0704762
165,0.0705378
166,0.0706078
167,0.0706706
168,0.0707376
169,0.0708015
170,0.0708674
171,0.0709283
172,0.0709944
173,0.0710574
174,0.0711265
175,0.0711862
176,0.0712525
177,0.0713142
178,0.0713796
179,0.0714426
180,0.0715065
181,0.071566
182,0.071627
183,0.0716887
184,0.0717448
185,0.0717939
186,0.0718356
187,0.0718766
188,0.0719217
189,0.0719603
190,0.0720024
191,0.0720444
192,0.0720865
193,0.072126
194,0.0721696
195,0.0722117
196,0.0722593
197,0.0723028
198,0.0723489
199,0.0723921
200,0.0724366
201,0.0724783
202,0.0725212
203,0.0725691
204,0.0726163
205,0.0726677
206,0.072719
207,0.0727665
208,0.0728138
209,0.0728669
210,0.0729123
211,0.0729677
212,0.0730139
213,0.0730628
214,0.0731095
215,0.0731537
216,0.0731973
217,0.0732385
218,0.0732794
219,0.0733173
220,0.0733518
221,0.0733942
222,0.0734258
223,0.0734662
224,0.0735073
225,0.0735439
226,0.0735857
227,0.0736292
228,0.0736898
229,0.0737554
230,0.0738203
231,0.0738832
232,0.0739497
233,0.0740105
234,0.0740706
235,0.074131
236,0.0741834
237,0.0742403
238,0.0742891
239,0.0743412
240,0.0743875
241,0.0744335
242,0.07448
243,0.0745227
244,0.0745668
245,0.0746059
246,0.0746502
247,0.0746895
248,0.0747372
249,0.0747786
250,0.0748233
251,0.0748652
252,0.0749085
253,0.0749533
254,0.0749968
255,0.0750343
256,0.0750776
257,0.0751183
258,0.0751567
259,0.0751988
260,0.0752332
261,0.0752705
262,0.0753056
263,0.0753391
264,0.0753745
265,0.0754096
266,0.0754395
267,0.0754736
268,0.0755107
269,0.0755466
270,0.0755813
271,0.0756183
272,0.0756588
273,0.0757062
274,0.0757546
275,0.0758039
276,0.0758494
277,0.0759021
278,0.0759397
279,0.0759873
280,0.0760277
281,0.0760676
282,0.0761133
283,0.0761536
284,0.0761946
285,0.0762343
286,0.0762716
287,0.076313
288,0.0763491
289,0.0763909
290,0.0764284
291,0.0764678
292,0.0765059
293,0.0765499
294,0.0765871
295,0.0766259
296,0.0766673
297,0.0767045
298,0.0767443
299,0.0767818
300,0.0768172
301,0.0768477
302,0.0768805
303,0.0769131
304,0.0769489
305,0.0769862
306,0.0770237
307,0.0770552
308,0.0770946
309,0.077129
310,0.077167
311,0.0772034
312,0.0772309
313,0.0772659
314,0.0772945
315,0.077325
316,0.0773615
317,0.0773929
318,0.0774305
319,0.077466
320,0.0774988
321,0.0775341
322,0.0775654
323,0.0776022
324,0.0776383
325,0.0776766
326,0.0777127
327,0.0777526
328,0.077789
329,0.0778297
330,0.0778743
331,0.0779221
332,0.077974
333,0.0780267
334,0.078085
335,0.0781388
336,0.078202
337,0.0782634
338,0.0783246
339,0.0783616
340,0.0783859
341,0.0783985
342,0.0784145
343,0.0784268
344,0.0784408
345,0.0784554
346,0.0784716
347,0.0784897
348,0.0785095
349,0.0785317
350,0.0785558
351,0.0785831
352,0.0786087
353,0.0786361
354,0.0786654
355,0.0786973
356,0.0787279
357,0.0787609
358,0.0787912
359,0.0788217
360,0.0788465
361,0.0788808
362,0.0789049
363,0.0789385
364,0.0789692
365,0.0790026
366,0.0790351
367,0.0790676
368,0.0791068
369,0.0791402
370,0.0791765
371,0.0792129
372,0.0792505
373,0.0792908
374,0.079333
375,0.0793734
376,0.0794244
377,0.0794669
378,0.0795228
379,0.07957
380,0.0796168
381,0.0796352
382,0.079657
383,0.0796687
384,0.0796846
385,0.0796962
386,0.0797109
387,0.0797229
388,0.0797342
389,0.0797498
390,0.0797604
391,0.079772
392,0.0797877
393,0.0797955
394,0.0798047
395,0.079812
396,0.0798185
397,0.0798246
398,0.0798271
399,0.0798276
