2,0.934686
3,0.823802
4,0.736634
5,0.665752
6,0.606458
7,0.556133
8,0.512702
9,0.473292
10,0.435174
11,0.39671
12,0.360577
13,0.328277
14,0.300813
15,0.278311
16,0.26064
17,0.247426
18,0.239047
19,0.234948
20,0.233915
21,0.234995
22,0.236831
23,0.238207
24,0.238877
25,0.238365
26,0.236098
27,0.232527
28,0.227957
29,0.222128
30,0.215598
31,0.208094
32,0.20024
33,0.191846
34,0.183328
35,0.174865
36,0.166372
37,0.157858
38,0.149344
39,0.141214
40,0.133501
41,0.125791
42,0.119125
43,0.112952
44,0.106965
45,0.101126
46,0.0956703
47,0.0901853
48,0.0846146
49,0.079051
50,0.0736104
51,0.0682332
52,0.0631524
53,0.0585822
54,0.0546463
55,0.0514038
56,0.0481201
57,0.0452648
58,0.0429935
59,0.0405645
60,0.0379379
61,0.0359865
62,0.0338051
63,0.0314095
64,0.0296843
65,0.0282932
66,0.0265873
67,0.0249949
68,0.0235808
69,0.0219813
70,0.0206974
71,0.0196182
72,0.0186293
73,0.0176421
74,0.0166597
75,0.0155519
76,0.0146254
77,0.0139363
78,0.0130522
79,0.0122992
80,0.0116974
81,0.0109164
82,0.0102436
83,0.00966864
84,0.00920709
85,0.00861238
86,0.00816657
87,0.00762783
88,0.00722529
89,0.00674551
90,0.0064834
91,0.00598092
92,0.00582518
93,0.00535908
94,0.00516749
95,0.00466749
96,0.00461233
97,0.00414835
98,0.00414935
99,0.00384316
100,0.00390797
101,0.00361737
102,0.00355433
103,0.00318099
104,0.00300727
105,0.00279892
106,0.0026587
107,0.0026078
108,0.0024433
109,0.00248915
110,0.00238111
111,0.0024353
112,0.0023241
113,0.00236827
114,0.00225705
115,0.00228999
116,0.00227471
117,0.00230168
118,0.00230683
119,0.00231872
120,0.00232438
121,0.00236238
122,0.00238989
123,0.00240146
124,0.0024007
125,0.00237255
126,0.00242508
127,0.00241769
128,0.00240907
129,0.00244632
130,0.00247427
131,0.00244884
132,0.00245567
133,0.00248258
134,0.00247307
135,0.00252394
136,0.00248237
137,0.00253183
138,0.00251564
139,0.00258752
140,0.00257459
141,0.00267958
142,0.0025849
143,0.00268808
144,0.00264051
145,0.00272615
146,0.00272214
147,0.00272002
148,0.00261075
149,0.00254411
150,0.0024669
151,0.00246536
152,0.00241442
153,0.00240511
154,0.00236131
155,0.00236639
156,0.00236173
157,0.00236806
158,0.00234903
159,0.0023395
160,0.00231782
161,0.00234123
162,0.00231668
163,0.00236117
164,0.00240415
165,0.00239423
166,0.00243635
167,0.00245562
168,0.00245739
169,0.00248715
170,0.00248343
171,0.0025378
172,0.0025091
173,0.00258688
174,0.00263552
175,0.00261497
176,0.0026818
177,0.002735
178,0.00277333
179,0.00283655
180,0.00289562
181,0.0029158
182,0.00293029
183,0.00300093
184,0.00297818
185,0.00292267
186,0.00278171
187,0.0027027
188,0.00256889
189,0.00248646
190,0.00234568
191,0.00232689
192,0.00220103
193,0.00218927
194,0.00212403
195,0.00210863
196,0.00208185
197,0.00207649
198,0.00201924
199,0.00206249
200,0.00202953
201,0.00206741
202,0.00202175
203,0.00205498
204,0.00194383
205,0.00192367
206,0.00185367
207,0.00177756
208,0.00173073
209,0.00158047
210,0.00146619
211,0.00126561
212,0.000982839
213,0.00083195
214,0.001002
215,0.00117696
216,0.0012996
217,0.00142395
218,0.00155827
219,0.00173003
220,0.00194999
221,0.00205898
222,0.00229239
223,0.00239734
224,0.00251707
225,0.00264758
226,0.00275344
227,0.00279448
228,0.00265708
229,0.0025033
230,0.00236191
231,0.00226766
232,0.00216987
233,0.00209596
234,0.00205874
235,0.00202413
236,0.00203311
237,0.00202513
238,0.00204124
239,0.00204297
240,0.00207851
241,0.00207778
242,0.00207147
243,0.00205832
244,0.00210176
245,0.002059
246,0.00206026
247,0.00206938
248,0.00208094
249,0.00208067
250,0.00207966
251,0.00205369
252,0.00207214
253,0.00207703
254,0.00207334
255,0.00207167
256,0.00209484
257,0.00207445
258,0.0020435
259,0.00204456
260,0.00202631
261,0.00202897
262,0.00204804
263,0.00203277
264,0.00206839
265,0.00204433
266,0.00204486
267,0.00206089
268,0.00208005
269,0.00208852
270,0.00209516
271,0.00212468
272,0.00210599
273,0.00207932
274,0.00202001
275,0.0019939
276,0.00198469
277,0.0019661
278,0.00195051
279,0.00194708
280,0.0019421
281,0.00194152
282,0.00194976
283,0.00192521
284,0.00193442
285,0.00193686
286,0.00191851
287,0.00194121
288,0.00191174
289,0.00192088
290,0.00191939
291,0.00191072
292,0.00192246
293,0.00190329
294,0.0018926
295,0.0019125
296,0.0019416
297,0.00195247
298,0.00192913
299,0.00190498
300,0.00196236
301,0.00192368
302,0.00188945
303,0.00189314
304,0.00190802
305,0.00191179
306,0.00192209
307,0.00188873
308,0.00189971
309,0.00188658
310,0.00190752
311,0.00192557
312,0.00189848
313,0.00191118
314,0.00187733
315,0.00187051
316,0.00187422
317,0.00188147
318,0.00190024
319,0.00188868
320,0.00188543
321,0.00191203
322,0.00187507
323,0.00190843
324,0.00188419
325,0.00194512
326,0.0019076
327,0.00190927
328,0.00192823
329,0.00194029
330,0.00194568
331,0.0020399
332,0.00213776
333,0.00227004
334,0.00240245
335,0.00261287
336,0.00287547
337,0.00317236
338,0.00344217
339,0.00350369
340,0.00339766
341,0.00318788
342,0.003011
343,0.00280817
344,0.002632
345,0.00246634
346,0.00235612
347,0.00223674
348,0.00215868
349,0.00206085
350,0.00205227
351,0.00201341
352,0.00200243
353,0.00192526
354,0.00193179
355,0.00192029
356,0.00191345
357,0.00190156
358,0.00195264
359,0.00188811
360,0.00188457
361,0.00188166
362,0.00188103
363,0.00188908
364,0.0018658
365,0.00189968
366,0.00189301
367,0.00188963
368,0.00192111
369,0.00192905
370,0.00195879
371,0.00202302
372,0.00203038
373,0.002125
374,0.00217615
375,0.0022755
376,0.00243397
377,0.00253773
378,0.00276767
379,0.00294612
380,0.00311611
381,0.00299432
382,0.00291337
383,0.00275718
384,0.00263764
385,0.00248837
386,0.00236679
387,0.00226773
388,0.00212664
389,0.00207995
390,0.00197063
391,0.0019523
392,0.00194791
393,0.00195664
394,0.00195996
395,0.0020408
396,0.0021375
397,0.00226207
398,0.00245593
399,0.00270668
