2,0.00254231
3,0.00721367
4,0.0112118
5,0.0146444
6,0.0175535
7,0.0200979
8,0.0223078
9,0.0242207
10,0.0260099
11,0.0277604
12,0.029415
13,0.0310379
14,0.0326883
15,0.0342055
16,0.0355503
17,0.0368427
18,0.037943
19,0.0387361
20,0.0393828
21,0.0399082
22,0.0402483
23,0.0405283
24,0.0408021
25,0.0410982
26,0.0414289
27,0.0418282
28,0.0422704
29,0.0427616
30,0.0432996
31,0.0438901
32,0.044505
33,0.0451461
34,0.0458016
35,0.0464753
36,0.0471304
37,0.0478
38,0.0484604
39,0.0490976
40,0.0497065
41,0.0503013
42,0.0508626
43,0.0514012
44,0.051905
45,0.0523957
46,0.0528728
47,0.0533525
48,0.0538304
49,0.0543074
50,0.0547823
51,0.0552484
52,0.0556919
53,0.0561148
54,0.056515
55,0.0568946
56,0.0572601
57,0.0575915
58,0.0579053
59,0.0581922
60,0.0584731
61,0.0587609
62,0.0590529
63,0.0593334
64,0.0595942
65,0.0598289
66,0.0600554
67,0.0602793
68,0.0605224
69,0.0607511
70,0.060972
71,0.0611698
72,0.061353
73,0.0615385
74,0.0617307
75,0.0619214
76,0.0621109
77,0.0622805
78,0.0624471
79,0.0626105
80,0.0627722
81,0.0629365
82,0.063097
83,0.0632508
84,0.0633956
85,0.0635396
86,0.0636817
87,0.063829
88,0.0639638
89,0.0641018
90,0.0642284
91,0.0643571
92,0.0644794
93,0.0646017
94,0.0647274
95,0.0648485
96,0.0649639
97,0.0650771
98,0.0651851
99,0.0652898
100,0.065395
101,0.0654949
102,0.0655991
103,0.0657013
104,0.0657995
105,0.0659021
106,0.065995
107,0.0660942
108,0.0661946
109,0.0662954
110,0.0663968
111,0.0664937
112,0.0665903
113,0.0666898
114,0.0667824
115,0.0668765
116,0.0669711
117,0.0670608
118,0.0671573
119,0.0672424
120,0.0673399
121,0.0674377
122,0.0675403
123,0.0676184
124,0.0676904
125,0.0677507
126,0.0678166
127,0.0678889
128,0.067963
129,0.0680318
130,0.0680956
131,0.0681681
132,0.0682364
133,0.0683087
134,0.0683753
135,0.0684463
136,0.0685158
137,0.0685853
138,0.068656
139,0.0687197
140,0.0687842
141,0.0688464
142,0.0689166
143,0.0689848
144,0.0690484
145,0.0691122
146,0.0691736
147,0.0692462
148,0.0693268
149,0.0694046
150,0.0694867
151,0.0695621
152,0.0696359
153,0.0697089
154,0.0697756
155,0.06985
156,0.0699177
157,0.0699833
158,0.0700531
159,0.0701216
160,0.0701925
161,0.0702616
162,0.0703316
163,0.0704039
164,0.0704728
165,0.0705406
166,0.0706062
167,0.0706692
168,0.0707387
169,0.0707991
170,0.0708689
171,0.0709316
172,0.0709942
173,0.0710589
174,0.0711263
175,0.071188
176,0.0712559
177,0.0713166
178,0.0713831
179,0.0714455
180,0.0715085
181,0.0715707
182,0.0716302
183,0.0716881
184,0.071747
185,0.0717935
186,0.0718375
187,0.0718794
188,0.0719186
189,0.0719638
190,0.072002
191,0.0720458
192,0.072084
193,0.0721289
194,0.0721693
195,0.0722132
196,0.0722579
197,0.0723054
198,0.0723491
199,0.0723944
200,0.0724362
201,0.0724808
202,0.0725199
203,0.0725686
204,0.0726132
205,0.0726656
206,0.0727147
207,0.0727667
208,0.0728105
209,0.0728634
210,0.0729109
211,0.0729638
212,0.0730139
213,0.0730601
214,0.0731065
215,0.0731547
216,0.0731956
217,0.0732366
218,0.073278
219,0.0733163
220,0.0733509
221,0.0733915
222,0.0734261
223,0.0734658
224,0.0735044
225,0.073541
226,0.0735826
227,0.0736256
228,0.0736867
229,0.0737489
230,0.073818
231,0.0738797
232,0.0739432
233,0.0740079
234,0.0740685
235,0.0741269
236,0.0741827
237,0.0742368
238,0.0742901
239,0.0743398
240,0.0743871
241,0.0744325
242,0.0744789
243,0.0745208
244,0.0745649
245,0.074606
246,0.0746497
247,0.0746898
248,0.074735
249,0.0747788
250,0.0748202
251,0.0748662
252,0.0749097
253,0.0749522
254,0.0749953
255,0.0750364
256,0.075075
257,0.0751186
258,0.0751583
259,0.0751926
260,0.0752362
261,0.0752682
262,0.0753033
263,0.0753399
264,0.0753702
265,0.0754082
266,0.0754375
267,0.0754766
268,0.0755085
269,0.0755449
270,0.0755806
271,0.0756171
272,0.0756566
273,0.0757014
274,0.0757524
275,0.0758016
276,0.0758506
277,0.0758972
278,0.0759395
279,0.0759845
280,0.0760276
281,0.076068
282,0.0761108
283,0.0761543
284,0.0761951
285,0.0762344
286,0.0762731
287,0.0763112
288,0.076352
289,0.0763889
290,0.0764295
291,0.0764711
292,0.0765104
293,0.0765458
294,0.0765904
295,0.0766259
296,0.0766671
297,0.0767073
298,0.0767443
299,0.0767818
300,0.0768183
301,0.0768492
302,0.0768819
303,0.0769129
304,0.0769509
305,0.076986
306,0.077023
307,0.0770588
308,0.0770939
309,0.0771303
310,0.0771678
311,0.0771997
312,0.077235
313,0.0772634
314,0.077297
315,0.0773266
316,0.0773586
317,0.0773939
318,0.0774305
319,0.0774658
320,0.0774986
321,0.0775319
322,0.0775662
323,0.0776005
324,0.0776382
325,0.077677
326,0.0777173
327,0.0777495
328,0.0777923
329,0.0778299
330,0.0778816
331,0.077925
332,0.077979
333,0.0780302
334,0.0780874
335,0.0781478
336,0.0782054
337,0.0782712
338,0.0783265
339,0.0783648
340,0.0783834
341,0.0783986
342,0.0784101
343,0.0784259
344,0.0784373
345,0.0784555
346,0.0784694
347,0.0784908
348,0.0785097
349,0.0785357
350,0.0785568
351,0.0785855
352,0.0786111
353,0.0786387
354,0.0786668
355,0.0787017
356,0.0787303
357,0.0787637
358,0.0787941
359,0.0788226
360,0.0788493
361,0.0788813
362,0.0789098
363,0.0789421
364,0.078971
365,0.0790067
366,0.0790368
367,0.0790723
368,0.079107
369,0.0791466
370,0.0791782
371,0.0792155
372,0.0792544
373,0.079295
374,0.0793399
375,0.0793821
376,0.0794281
377,0.0794768
378,0.0795307
379,0.0795785
380,0.07962
381,0.07964
382,0.0796563
383,0.0796704
384,0.0796841
385,0.0796962
386,0.0797118
387,0.0797217
388,0.0797351
389,0.0797479
390,0.0797607
391,0.0797734
392,0.0797873
393,0.0797951
394,0.0798022
395,0.0798108
396,0.079817
397,0.0798219
398,0.0798218
399,0.0798255
