2,0.93227
3,0.81862
4,0.729441
5,0.657694
6,0.600246
7,0.552272
8,0.512435
9,0.479458
10,0.449357
11,0.420245
12,0.393275
13,0.367078
14,0.340449
15,0.316595
16,0.296252
17,0.276956
18,0.261421
19,0.251788
20,0.244862
21,0.240108
22,0.238717
23,0.2383
24,0.237825
25,0.236772
26,0.234967
27,0.231762
28,0.227693
29,0.222658
30,0.216699
31,0.209756
32,0.202331
33,0.194407
34,0.186209
35,0.177657
36,0.169424
37,0.16091
38,0.152581
39,0.144585
40,0.137125
41,0.129839
42,0.123148
43,0.116794
44,0.111058
45,0.105488
46,0.100167
47,0.0947596
48,0.0893942
49,0.0839976
50,0.0786536
51,0.0734199
52,0.0685723
53,0.0640298
54,0.0598724
55,0.0560242
56,0.0523987
57,0.0492999
58,0.0465003
59,0.0440852
60,0.0417773
61,0.0393055
62,0.0367858
63,0.0343905
64,0.0323451
65,0.0306542
66,0.0291219
67,0.0275651
68,0.0257257
69,0.0240589
70,0.0225455
71,0.0213227
72,0.0203806
73,0.0193156
74,0.0181949
75,0.0170234
76,0.0159193
77,0.0150347
78,0.0142843
79,0.0134602
80,0.012771
81,0.0119073
82,0.0112232
83,0.010478
84,0.010028
85,0.0094062
86,0.00895184
87,0.00823813
88,0.00788175
89,0.00726167
90,0.00702478
91,0.00648981
92,0.00626873
93,0.00583068
94,0.00555326
95,0.00505384
96,0.00493799
97,0.00450931
98,0.00446905
99,0.00414183
100,0.0040452
101,0.00377463
102,0.00360109
103,0.00333818
104,0.00315325
105,0.00296865
106,0.00283299
107,0.00285103
108,0.00267473
109,0.00270055
110,0.00248614
111,0.00251722
112,0.00235718
113,0.00241819
114,0.00223156
115,0.00230411
116,0.00220955
117,0.00225325
118,0.00225718
119,0.00229973
120,0.00224796
121,0.00228517
122,0.00235725
123,0.00234489
124,0.00235863
125,0.00240788
126,0.0023817
127,0.00239661
128,0.00240302
129,0.0024118
130,0.00245197
131,0.0024204
132,0.00246545
133,0.00250656
134,0.00249943
135,0.00249919
136,0.00249524
137,0.00252316
138,0.00252454
139,0.00257138
140,0.00255211
141,0.00266279
142,0.00259929
143,0.00264181
144,0.00265035
145,0.00275336
146,0.00272505
147,0.00273998
148,0.00260449
149,0.00255829
150,0.00250051
151,0.00246414
152,0.00242045
153,0.0023738
154,0.00233712
155,0.00234654
156,0.00237706
157,0.00231128
158,0.00233284
159,0.00232428
160,0.0023554
161,0.00231233
162,0.00230092
163,0.0023639
164,0.00235226
165,0.00241675
166,0.00237713
167,0.00244554
168,0.00243734
169,0.00242965
170,0.0024672
171,0.00255765
172,0.00251198
173,0.00258561
174,0.00264201
175,0.00261644
176,0.00273758
177,0.00271637
178,0.00281981
179,0.0028364
180,0.00289353
181,0.00294393
182,0.00297842
183,0.0029847
184,0.00300777
185,0.00289428
186,0.00282102
187,0.00267164
188,0.0025631
189,0.0024825
190,0.00236596
191,0.0023617
192,0.00220724
193,0.00209939
194,0.00210656
195,0.00211777
196,0.00202583
197,0.00204733
198,0.00211139
199,0.00202372
200,0.00197208
201,0.00199626
202,0.00198013
203,0.00196406
204,0.00190348
205,0.00182259
206,0.00174236
207,0.00166591
208,0.00156353
209,0.00140112
210,0.0012533
211,0.000969872
212,0.000794066
213,0.000979494
214,0.0011829
215,0.00125422
216,0.00135403
217,0.00148391
218,0.00158627
219,0.00169247
220,0.00190831
221,0.00202203
222,0.00225402
223,0.00234446
224,0.00248751
225,0.00262135
226,0.00273676
227,0.00277862
228,0.00266855
229,0.00253471
230,0.00236807
231,0.00223496
232,0.00215827
233,0.0021027
234,0.00202527
235,0.00203631
236,0.0020363
237,0.0020311
238,0.00199115
239,0.00203399
240,0.00206301
241,0.00204583
242,0.00208696
243,0.00208076
244,0.00202857
245,0.0020375
246,0.00206979
247,0.00206441
248,0.00208405
249,0.00206375
250,0.00205751
251,0.00206484
252,0.00202986
253,0.00208201
254,0.00207851
255,0.00208494
256,0.00205497
257,0.00210093
258,0.00204163
259,0.00204449
260,0.00202738
261,0.00203351
262,0.00207881
263,0.00199249
264,0.00203187
265,0.00203118
266,0.00207541
267,0.00207266
268,0.00204751
269,0.00207729
270,0.00209824
271,0.00213257
272,0.00212212
273,0.0021137
274,0.00207626
275,0.00199518
276,0.00198465
277,0.00202408
278,0.00194476
279,0.00192979
280,0.00191696
281,0.00189264
282,0.00190814
283,0.00196236
284,0.00193901
285,0.00195453
286,0.0018846
287,0.00193546
288,0.00192627
289,0.00188076
290,0.0018933
291,0.0019205
292,0.00193202
293,0.00191531
294,0.00194542
295,0.0019153
296,0.00191661
297,0.00191736
298,0.0019439
299,0.00192498
300,0.00196048
301,0.00190634
302,0.00191038
303,0.00189128
304,0.00187476
305,0.00189924
306,0.00188179
307,0.00189316
308,0.00189406
309,0.00185668
310,0.00189061
311,0.0018969
312,0.00191462
313,0.00187281
314,0.00191516
315,0.00186822
316,0.00192688
317,0.00187542
318,0.00185599
319,0.00185529
320,0.00188019
321,0.00187546
322,0.00190312
323,0.00187199
324,0.00190925
325,0.00188569
326,0.00188684
327,0.00192725
328,0.00193926
329,0.00193138
330,0.00199005
331,0.00201579
332,0.00217947
333,0.0022378
334,0.00244315
335,0.00268409
336,0.00290695
337,0.00323812
338,0.00345472
339,0.00353458
340,0.00338467
341,0.0031747
342,0.00295492
343,0.0027994
344,0.00259974
345,0.00247084
346,0.00232923
347,0.00221496
348,0.00219281
349,0.00209243
350,0.00204585
351,0.00199565
352,0.00193024
353,0.00198676
354,0.00191243
355,0.0019422
356,0.00191177
357,0.00194015
358,0.00191468
359,0.00192462
360,0.0018725
361,0.00188481
362,0.00186917
363,0.00188444
364,0.00185447
365,0.00192327
366,0.00188996
367,0.00189602
368,0.00193507
369,0.00199338
370,0.00193299
371,0.00202378
372,0.00207934
373,0.00213179
374,0.0022144
375,0.00233689
376,0.00247589
377,0.00259909
378,0.00286292
379,0.00301771
380,0.00314973
381,0.00304277
382,0.00290798
383,0.00277091
384,0.00264297
385,0.00247982
386,0.00238557
387,0.00224509
388,0.00216286
389,0.00202938
390,0.00199345
391,0.00194912
392,0.00192106
393,0.00194697
394,0.00195922
395,0.00201836
396,0.00211707
397,0.00229849
398,0.00247339
399,0.00270955
