2,0.00251243
3,0.00714335
4,0.0110866
5,0.014439
6,0.0172812
7,0.0197081
8,0.021799
9,0.0235651
10,0.025187
11,0.0267538
12,0.0281854
13,0.0295832
14,0.0310122
15,0.0323908
16,0.0336701
17,0.0349478
18,0.0361343
19,0.0371036
20,0.0379938
21,0.0388278
22,0.0394889
23,0.0400749
24,0.0406374
25,0.0411004
26,0.0415109
27,0.0419365
28,0.0423904
29,0.0428273
30,0.0433075
31,0.0438348
32,0.0443783
33,0.0449612
34,0.0455927
35,0.0462384
36,0.0468769
37,0.0475297
38,0.048176
39,0.048807
40,0.0494302
41,0.0500322
42,0.0506028
43,0.051131
44,0.0516426
45,0.0521394
46,0.0526271
47,0.0531106
48,0.0535974
49,0.054072
50,0.0545459
51,0.0549959
52,0.0554382
53,0.0558517
54,0.0562594
55,0.0566474
56,0.057028
57,0.0573825
58,0.0576989
59,0.0580027
60,0.0582859
61,0.0585778
62,0.0588806
63,0.0591745
64,0.0594427
65,0.0596855
66,0.0599101
67,0.0601453
68,0.0603852
69,0.0606258
70,0.0608559
71,0.0610605
72,0.0612502
73,0.0614367
74,0.0616324
75,0.0618321
76,0.0620222
77,0.0622002
78,0.0623654
79,0.0625347
80,0.0626985
81,0.0628687
82,0.0630333
83,0.0631926
84,0.0633429
85,0.0634924
86,0.0636328
87,0.0637818
88,0.0639258
89,0.0640634
90,0.0641961
91,0.0643239
92,0.0644483
93,0.0645727
94,0.0646991
95,0.0648225
96,0.0649399
97,0.0650531
98,0.0651599
99,0.0652727
100,0.0653779
101,0.0654816
102,0.065588
103,0.0656898
104,0.0657882
105,0.0658908
106,0.0659802
107,0.0660805
108,0.0661835
109,0.0662861
110,0.0663876
111,0.0664867
112,0.0665839
113,0.0666796
114,0.066773
115,0.0668705
116,0.0669634
117,0.0670572
118,0.0671501
119,0.067243
120,0.0673386
121,0.0674373
122,0.0675353
123,0.0676155
124,0.0676858
125,0.0677472
126,0.0678157
127,0.0678898
128,0.0679615
129,0.0680313
130,0.0680956
131,0.0681614
132,0.0682317
133,0.0683057
134,0.0683761
135,0.0684474
136,0.0685148
137,0.0685828
138,0.0686503
139,0.0687188
140,0.0687798
141,0.0688471
142,0.0689125
143,0.0689827
144,0.0690458
145,0.0691076
146,0.0691719
147,0.069241
148,0.0693253
149,0.069404
150,0.0694841
151,0.0695618
152,0.0696322
153,0.0697058
154,0.0697789
155,0.0698484
156,0.0699162
157,0.0699835
158,0.0700497
159,0.0701207
160,0.0701917
161,0.0702602
162,0.0703322
163,0.0704042
164,0.0704713
165,0.0705391
166,0.0706075
167,0.0706686
168,0.070739
169,0.0708017
170,0.0708661
171,0.0709318
172,0.0709959
173,0.0710612
174,0.0711282
175,0.07119
176,0.0712569
177,0.0713208
178,0.0713864
179,0.0714443
180,0.0715128
181,0.0715731
182,0.071633
183,0.0716925
184,0.0717474
185,0.0717959
186,0.0718384
187,0.0718797
188,0.0719217
189,0.0719637
190,0.0720004
191,0.0720452
192,0.0720846
193,0.0721287
194,0.07217
195,0.0722127
196,0.0722577
197,0.0723049
198,0.0723525
199,0.0723925
200,0.072438
201,0.0724785
202,0.072521
203,0.0725653
204,0.0726135
205,0.0726626
206,0.0727132
207,0.0727645
208,0.0728096
209,0.0728631
210,0.0729082
211,0.0729632
212,0.073009
213,0.0730635
214,0.0731036
215,0.0731521
216,0.0731968
217,0.0732339
218,0.0732745
219,0.0733153
220,0.0733523
221,0.0733857
222,0.0734278
223,0.0734621
224,0.0735036
225,0.0735406
226,0.0735788
227,0.0736233
228,0.0736792
229,0.0737459
230,0.0738143
231,0.0738758
232,0.0739423
233,0.0740029
234,0.0740669
235,0.0741237
236,0.0741816
237,0.0742324
238,0.0742861
239,0.0743346
240,0.0743847
241,0.0744304
242,0.0744772
243,0.0745222
244,0.0745617
245,0.0746066
246,0.0746474
247,0.0746904
248,0.0747351
249,0.0747788
250,0.074821
251,0.0748661
252,0.0749095
253,0.0749506
254,0.0749958
255,0.075035
256,0.0750758
257,0.0751173
258,0.0751575
259,0.0751918
260,0.0752333
261,0.0752665
262,0.0753036
263,0.0753387
264,0.0753702
265,0.0754041
266,0.0754401
267,0.0754718
268,0.0755043
269,0.0755468
270,0.0755767
271,0.0756178
272,0.0756507
273,0.0757021
274,0.0757499
275,0.0758013
276,0.0758504
277,0.0758926
278,0.0759411
279,0.0759839
280,0.076027
281,0.0760705
282,0.0761097
283,0.0761541
284,0.0761947
285,0.0762349
286,0.0762732
287,0.0763115
288,0.076354
289,0.0763918
290,0.076431
291,0.0764719
292,0.0765122
293,0.0765492
294,0.0765899
295,0.076629
296,0.0766685
297,0.0767067
298,0.0767451
299,0.0767831
300,0.0768195
301,0.07685
302,0.0768812
303,0.0769163
304,0.0769503
305,0.0769893
306,0.0770205
307,0.0770574
308,0.0770939
309,0.0771325
310,0.0771678
311,0.077201
312,0.0772334
313,0.0772649
314,0.0772934
315,0.0773292
316,0.0773568
317,0.0773947
318,0.0774298
319,0.077467
320,0.0774981
321,0.077533
322,0.0775638
323,0.0776
324,0.0776397
325,0.0776788
326,0.0777148
327,0.0777527
328,0.0777926
329,0.0778337
330,0.0778815
331,0.077928
332,0.077984
333,0.0780352
334,0.0780921
335,0.0781509
336,0.0782123
337,0.0782765
338,0.0783318
339,0.0783648
340,0.078383
341,0.0783966
342,0.0784106
343,0.0784228
344,0.0784384
345,0.0784523
346,0.0784728
347,0.0784895
348,0.078514
349,0.0785324
350,0.0785606
351,0.0785846
352,0.0786152
353,0.0786423
354,0.0786696
355,0.078702
356,0.0787324
357,0.0787674
358,0.078793
359,0.078825
360,0.078853
361,0.0788816
362,0.0789119
363,0.078941
364,0.078976
365,0.0790073
366,0.0790396
367,0.0790747
368,0.0791126
369,0.0791453
370,0.0791837
371,0.0792184
372,0.0792598
373,0.0793013
374,0.0793434
375,0.0793881
376,0.0794359
377,0.0794867
378,0.0795391
379,0.0795874
380,0.0796224
381,0.0796422
382,0.0796583
383,0.0796707
384,0.0796838
385,0.0796956
386,0.0797091
387,0.0797236
388,0.0797328
389,0.0797495
390,0.0797619
391,0.0797731
392,0.0797851
393,0.0797968
394,0.0798031
395,0.0798101
396,0.0798145
397,0.0798188
398,0.0798248
399,0.0798213
