2,0.933067
3,0.820387
4,0.732462
5,0.662497
6,0.606447
7,0.560956
8,0.523552
9,0.493543
10,0.466778
11,0.441263
12,0.418629
13,0.396739
14,0.374258
15,0.352839
16,0.33346
17,0.314126
18,0.296606
19,0.283289
20,0.271456
21,0.260633
22,0.253029
23,0.24674
24,0.240802
25,0.236618
26,0.233305
27,0.229614
28,0.225318
29,0.221253
30,0.216337
31,0.210501
32,0.204345
33,0.197434
34,0.189632
35,0.181557
36,0.173591
37,0.165363
38,0.157233
39,0.149352
40,0.141611
41,0.134207
42,0.127345
43,0.121177
44,0.115303
45,0.109643
46,0.104133
47,0.0986665
48,0.0931412
49,0.0877916
50,0.0824532
51,0.0774897
52,0.0726509
53,0.0682618
54,0.0639691
55,0.0599718
56,0.0560997
57,0.0526195
58,0.0497704
59,0.0470867
60,0.0447377
61,0.0422059
62,0.0395036
63,0.0368914
64,0.0347191
65,0.0329046
66,0.0313986
67,0.0296622
68,0.0278752
69,0.0260115
70,0.0243453
71,0.0230228
72,0.02197
73,0.0209016
74,0.0197225
75,0.0184183
76,0.0173087
77,0.0163051
78,0.0155671
79,0.0146723
80,0.0139259
81,0.0129859
82,0.0122093
83,0.0113903
84,0.0108191
85,0.010101
86,0.00964901
87,0.00892831
88,0.00841437
89,0.007819
90,0.00744211
91,0.00696007
92,0.00666051
93,0.00621568
94,0.00587599
95,0.00542818
96,0.00520495
97,0.00482959
98,0.00472653
99,0.00435564
100,0.00424558
101,0.00394477
102,0.00371205
103,0.00340143
104,0.00330984
105,0.00308848
106,0.00309758
107,0.00303581
108,0.00285501
109,0.00281486
110,0.00257669
111,0.00251442
112,0.00240458
113,0.00242711
114,0.00230786
115,0.00231207
116,0.00224421
117,0.00228827
118,0.00216388
119,0.0022283
120,0.00219996
121,0.00223745
122,0.0022854
123,0.00231529
124,0.00239268
125,0.0023513
126,0.00237305
127,0.00233786
128,0.00241592
129,0.00239895
130,0.00243033
131,0.00244943
132,0.00246686
133,0.00244747
134,0.00250279
135,0.00248979
136,0.00249224
137,0.00249726
138,0.00258863
139,0.00255668
140,0.00262628
141,0.00266352
142,0.00265895
143,0.00264712
144,0.00267093
145,0.00269623
146,0.00275063
147,0.00270482
148,0.00266892
149,0.00254288
150,0.00250546
151,0.00241521
152,0.00241774
153,0.00240476
154,0.00236208
155,0.00234062
156,0.00231996
157,0.00230974
158,0.00234294
159,0.00234147
160,0.00231364
161,0.00230004
162,0.00233074
163,0.00234779
164,0.00239788
165,0.00235044
166,0.00242384
167,0.00240969
168,0.00245837
169,0.00246026
170,0.00246715
171,0.00250246
172,0.00255525
173,0.00258816
174,0.00263415
175,0.00264334
176,0.00271057
177,0.00279214
178,0.00283516
179,0.00281221
180,0.00292103
181,0.00297284
182,0.00303451
183,0.00298544
184,0.00300836
185,0.0029175
186,0.00282532
187,0.00267222
188,0.00259376
189,0.00247072
190,0.00235578
191,0.00228612
192,0.00224634
193,0.00216163
194,0.00209619
195,0.002053
196,0.00206736
197,0.00202055
198,0.00194623
199,0.00194571
200,0.00194644
201,0.00188507
202,0.0019268
203,0.0018498
204,0.00181687
205,0.00171351
206,0.0016432
207,0.00147193
208,0.00140921
209,0.00124229
210,0.000997329
211,0.000803545
212,0.00100953
213,0.0011323
214,0.00125665
215,0.00130205
216,0.00136458
217,0.00148688
218,0.00157707
219,0.00167869
220,0.00184935
221,0.00206543
222,0.00218877
223,0.00237854
224,0.00242282
225,0.00260128
226,0.00272002
227,0.00278303
228,0.00268962
229,0.00252398
230,0.00237715
231,0.0022642
232,0.00213202
233,0.00211538
234,0.00202133
235,0.00198778
236,0.0020201
237,0.00200471
238,0.00201327
239,0.00203788
240,0.00204438
241,0.00205084
242,0.00205139
243,0.00206694
244,0.00204541
245,0.00204936
246,0.00207164
247,0.00203709
248,0.00206994
249,0.00205294
250,0.00206814
251,0.00204595
252,0.00204109
253,0.00204997
254,0.00209564
255,0.00206305
256,0.00202271
257,0.00207274
258,0.0020924
259,0.00202136
260,0.00199823
261,0.0020488
262,0.00204644
263,0.00204014
264,0.00203054
265,0.00202566
266,0.00207694
267,0.00206465
268,0.00213787
269,0.00207667
270,0.00209199
271,0.00212012
272,0.00215942
273,0.00206026
274,0.00202485
275,0.00200183
276,0.00200778
277,0.00198049
278,0.00194992
279,0.00190983
280,0.00196287
281,0.00190394
282,0.00195013
283,0.00192538
284,0.00189786
285,0.00192739
286,0.00194408
287,0.00191531
288,0.00192573
289,0.00188936
290,0.00186235
291,0.00192252
292,0.00193842
293,0.0019176
294,0.00193972
295,0.00195184
296,0.00193388
297,0.00191737
298,0.00191992
299,0.00193394
300,0.0019311
301,0.0019253
302,0.00189328
303,0.00190397
304,0.00187124
305,0.00193418
306,0.00183138
307,0.00187805
308,0.00191538
309,0.00189912
310,0.00185802
311,0.00191164
312,0.00186424
313,0.00189454
314,0.00190263
315,0.00188572
316,0.00189512
317,0.00186314
318,0.0018786
319,0.00191271
320,0.00188704
321,0.00185728
322,0.0018501
323,0.00185493
324,0.00192515
325,0.00188408
326,0.00192943
327,0.00190352
328,0.00191037
329,0.00196676
330,0.00197959
331,0.00202002
332,0.00220553
333,0.00228421
334,0.00248893
335,0.00269082
336,0.00297809
337,0.00327519
338,0.0035212
339,0.00353273
340,0.00336458
341,0.00315879
342,0.00298556
343,0.0027627
344,0.00259847
345,0.00244234
346,0.00235395
347,0.00220853
348,0.00215034
349,0.00206893
350,0.00203024
351,0.00201094
352,0.00202393
353,0.00197175
354,0.00191842
355,0.00198619
356,0.00188387
357,0.00194173
358,0.00188498
359,0.00193032
360,0.0019127
361,0.00190235
362,0.00183456
363,0.00189064
364,0.00192057
365,0.00187254
366,0.00187083
367,0.00193161
368,0.0019307
369,0.00195803
370,0.00202212
371,0.00203357
372,0.00209878
373,0.00216399
374,0.00224138
375,0.00237907
376,0.00251346
377,0.00271274
378,0.00292935
379,0.00312929
380,0.00315834
381,0.00307589
382,0.00294252
383,0.00279159
384,0.00261636
385,0.00247824
386,0.00233204
387,0.00226552
388,0.00208464
389,0.00211203
390,0.00200212
391,0.00195517
392,0.00194326
393,0.00189839
394,0.00194829
395,0.00203526
396,0.00213289
397,0.00226891
398,0.00242368
399,0.00275856
