2,0.934604
3,0.823773
4,0.737221
5,0.66855
6,0.613083
7,0.568352
8,0.532027
9,0.502399
10,0.476332
11,0.451983
12,0.430153
13,0.40961
14,0.38906
15,0.369889
16,0.352602
17,0.33501
18,0.318272
19,0.304627
20,0.291691
21,0.279238
22,0.268892
23,0.259937
24,0.250778
25,0.243396
26,0.237586
27,0.231803
28,0.226254
29,0.221693
30,0.216777
31,0.211121
32,0.205537
33,0.199749
34,0.193077
35,0.186145
36,0.179022
37,0.17131
38,0.163395
39,0.155678
40,0.147733
41,0.140037
42,0.132862
43,0.126199
44,0.119966
45,0.114142
46,0.108421
47,0.102769
48,0.0973365
49,0.0918558
50,0.0867055
51,0.0816285
52,0.0768759
53,0.0723452
54,0.0680381
55,0.0638815
56,0.0600519
57,0.0563622
58,0.0531914
59,0.05033
60,0.047692
61,0.0450442
62,0.0423966
63,0.0396934
64,0.0373312
65,0.0353561
66,0.0335628
67,0.0318661
68,0.029983
69,0.0280431
70,0.0263084
71,0.0248506
72,0.0236658
73,0.0224764
74,0.0212278
75,0.0198694
76,0.0187208
77,0.0176057
78,0.0168407
79,0.0159064
80,0.0150756
81,0.0140733
82,0.013163
83,0.0123156
84,0.0116365
85,0.0108975
86,0.0103423
87,0.00959842
88,0.0090357
89,0.00834398
90,0.00794313
91,0.00741295
92,0.0070262
93,0.00655636
94,0.00619065
95,0.0057369
96,0.00545062
97,0.00507024
98,0.00492391
99,0.00458313
100,0.00435466
101,0.00403258
102,0.00379018
103,0.00352799
104,0.00336723
105,0.00334248
106,0.00324569
107,0.00320297
108,0.00299447
109,0.00291849
110,0.00266471
111,0.00264226
112,0.0024428
113,0.00245838
114,0.00225769
115,0.00234651
116,0.00218
117,0.00220446
118,0.00220513
119,0.00213154
120,0.00208887
121,0.00220369
122,0.00223686
123,0.0022976
124,0.00230501
125,0.00231968
126,0.00233782
127,0.00238581
128,0.0023214
129,0.00237903
130,0.00241772
131,0.00244449
132,0.00251813
133,0.00245554
134,0.00247887
135,0.00245561
136,0.00251945
137,0.00252138
138,0.00249549
139,0.00260025
140,0.00259283
141,0.00263569
142,0.00263264
143,0.00272633
144,0.00267953
145,0.00274866
146,0.00274191
147,0.00272481
148,0.00267276
149,0.00251107
150,0.00249389
151,0.0024676
152,0.00243562
153,0.00235968
154,0.00232046
155,0.00241377
156,0.00230039
157,0.00238848
158,0.00228929
159,0.00234275
160,0.00232071
161,0.0022988
162,0.00227652
163,0.00241305
164,0.00232231
165,0.00239791
166,0.002415
167,0.00242928
168,0.002437
169,0.00250192
170,0.00249394
171,0.00248916
172,0.00253428
173,0.00261955
174,0.00262584
175,0.00265177
176,0.00273715
177,0.0028156
178,0.00281624
179,0.00289823
180,0.00290996
181,0.00301871
182,0.00298037
183,0.0030607
184,0.00299126
185,0.00293844
186,0.00281742
187,0.00272859
188,0.00254805
189,0.002503
190,0.0023123
191,0.00228337
192,0.00225577
193,0.0020989
194,0.00212991
195,0.00206518
196,0.00199478
197,0.00196283
198,0.00192681
199,0.00192197
200,0.00187242
201,0.00187385
202,0.00179373
203,0.00177036
204,0.00169427
205,0.00161112
206,0.0015041
207,0.00137139
208,0.00128959
209,0.0009962
210,0.000870908
211,0.0010462
212,0.00113342
213,0.00122516
214,0.00130486
215,0.00130155
216,0.00140891
217,0.00146993
218,0.00152333
219,0.00169113
220,0.0018276
221,0.00198979
222,0.00216957
223,0.00232863
224,0.00243428
225,0.00257443
226,0.00268167
227,0.00280596
228,0.00268171
229,0.00254765
230,0.00236527
231,0.00222645
232,0.00217549
233,0.00205755
234,0.00201144
235,0.00201967
236,0.0019754
237,0.00203669
238,0.00196003
239,0.00203005
240,0.00198754
241,0.00202852
242,0.00203913
243,0.00210053
244,0.0020908
245,0.00202947
246,0.00207695
247,0.00202267
248,0.00206975
249,0.0020193
250,0.00203491
251,0.0020594
252,0.00203983
253,0.00205951
254,0.00203364
255,0.00207235
256,0.00203679
257,0.0020885
258,0.00205482
259,0.00203177
260,0.00201954
261,0.00200867
262,0.00205519
263,0.00202438
264,0.00202711
265,0.00206489
266,0.00205091
267,0.00206397
268,0.00213832
269,0.00207177
270,0.00210788
271,0.00214867
272,0.00213604
273,0.00210383
274,0.00204764
275,0.00201382
276,0.00201212
277,0.00195845
278,0.00193192
279,0.00192001
280,0.00193352
281,0.00191042
282,0.00193978
283,0.00192557
284,0.00196455
285,0.00184074
286,0.00194276
287,0.00191627
288,0.00189941
289,0.00192516
290,0.00189331
291,0.00193766
292,0.00188405
293,0.00194614
294,0.00192264
295,0.00192934
296,0.00195466
297,0.00193526
298,0.00194502
299,0.00195176
300,0.00188915
301,0.00193801
302,0.00189503
303,0.00188879
304,0.00186572
305,0.00189428
306,0.00187639
307,0.00191666
308,0.00187419
309,0.00190785
310,0.00189966
311,0.00192938
312,0.00181379
313,0.00189809
314,0.00185073
315,0.00190409
316,0.00183735
317,0.00194312
318,0.00186621
319,0.00189142
320,0.00185217
321,0.00186598
322,0.00186351
323,0.00185248
324,0.00188433
325,0.00186937
326,0.00190151
327,0.00190755
328,0.00189462
329,0.00191366
330,0.00201335
331,0.0020822
332,0.00215943
333,0.00234202
334,0.00257148
335,0.00273221
336,0.00303653
337,0.00333619
338,0.00357839
339,0.00356101
340,0.00334524
341,0.0031543
342,0.0029242
343,0.00276583
344,0.0025692
345,0.0024777
346,0.00230148
347,0.00224596
348,0.00210861
349,0.00214363
350,0.00204731
351,0.00203425
352,0.00198485
353,0.00197566
354,0.00193158
355,0.00196781
356,0.00195192
357,0.00193763
358,0.00191868
359,0.00189497
360,0.0018819
361,0.00190818
362,0.00189654
363,0.00187377
364,0.001884
365,0.00192979
366,0.00190093
367,0.00196359
368,0.00196305
369,0.00196737
370,0.00199818
371,0.00206493
372,0.00211797
373,0.0021733
374,0.00230468
375,0.00244645
376,0.00259084
377,0.00276417
378,0.00300042
379,0.00319415
380,0.00322234
381,0.0030893
382,0.00290525
383,0.00276267
384,0.00259731
385,0.00248777
386,0.00230995
387,0.00227006
388,0.00209785
389,0.0020431
390,0.00198837
391,0.00196441
392,0.00190218
393,0.00192808
394,0.00193701
395,0.0020314
396,0.00213007
397,0.00227372
398,0.00248209
399,0.00270445
