2,0.00245474
3,0.00700873
4,0.0108894
5,0.0141799
6,0.0169896
7,0.0193761
8,0.0214112
9,0.0231528
10,0.0247355
11,0.0262404
12,0.0276266
13,0.0289517
14,0.0302783
15,0.0315374
16,0.032703
17,0.0338836
18,0.0350212
19,0.0359989
20,0.0369383
21,0.0378505
22,0.0386498
23,0.0393723
24,0.040103
25,0.0407346
26,0.0412783
27,0.0418161
28,0.0423375
29,0.0428014
30,0.0432812
31,0.043798
32,0.044309
33,0.0448281
34,0.0453951
35,0.045975
36,0.0465646
37,0.0471864
38,0.0478194
39,0.0484396
40,0.049073
41,0.0496909
42,0.0502787
43,0.0508353
44,0.0513665
45,0.0518725
46,0.052372
47,0.0528657
48,0.0533466
49,0.0538283
50,0.0542903
51,0.0547463
52,0.0551832
53,0.0556045
54,0.0560127
55,0.0564097
56,0.0567871
57,0.0571537
58,0.0574891
59,0.0578031
60,0.058104
61,0.0584022
62,0.0587015
63,0.0590013
64,0.0592805
65,0.059533
66,0.0597751
67,0.0600078
68,0.0602535
69,0.0604989
70,0.0607344
71,0.0609474
72,0.0611459
73,0.0613396
74,0.0615407
75,0.0617423
76,0.0619355
77,0.0621199
78,0.0622872
79,0.0624574
80,0.062626
81,0.0627984
82,0.0629714
83,0.0631316
84,0.0632878
85,0.0634396
86,0.0635862
87,0.0637355
88,0.0638835
89,0.0640253
90,0.0641601
91,0.064291
92,0.0644219
93,0.0645469
94,0.064675
95,0.0647974
96,0.0649207
97,0.0650347
98,0.0651442
99,0.0652551
100,0.065366
101,0.0654704
102,0.0655767
103,0.0656781
104,0.0657787
105,0.0658756
106,0.0659729
107,0.0660719
108,0.0661754
109,0.0662765
110,0.0663804
111,0.0664766
112,0.0665769
113,0.0666734
114,0.0667675
115,0.0668619
116,0.0669531
117,0.0670533
118,0.0671466
119,0.0672451
120,0.0673373
121,0.067434
122,0.0675313
123,0.0676117
124,0.067683
125,0.0677471
126,0.0678142
127,0.067886
128,0.0679607
129,0.0680283
130,0.0680943
131,0.0681594
132,0.0682282
133,0.0683042
134,0.0683797
135,0.0684468
136,0.0685139
137,0.0685808
138,0.0686499
139,0.0687146
140,0.068784
141,0.0688447
142,0.0689121
143,0.0689755
144,0.0690447
145,0.0691068
146,0.0691707
147,0.0692447
148,0.0693229
149,0.0694043
150,0.069484
151,0.0695603
152,0.0696284
153,0.069707
154,0.069775
155,0.0698486
156,0.0699179
157,0.0699842
158,0.0700504
159,0.0701204
160,0.0701908
161,0.0702602
162,0.0703337
163,0.0704004
164,0.0704747
165,0.0705409
166,0.0706065
167,0.0706711
168,0.070737
169,0.0708052
170,0.070866
171,0.0709354
172,0.0709954
173,0.0710639
174,0.0711262
175,0.0711909
176,0.0712581
177,0.0713231
178,0.071387
179,0.0714483
180,0.071513
181,0.0715752
182,0.0716338
183,0.071697
184,0.071748
185,0.0717965
186,0.07184
187,0.0718816
188,0.0719225
189,0.0719634
190,0.0720032
191,0.0720444
192,0.0720885
193,0.0721269
194,0.0721699
195,0.0722143
196,0.072257
197,0.0723061
198,0.0723507
199,0.0723912
200,0.0724395
201,0.072477
202,0.0725209
203,0.0725637
204,0.0726124
205,0.0726611
206,0.0727114
207,0.0727616
208,0.0728101
209,0.0728596
210,0.072908
211,0.0729592
212,0.07301
213,0.073058
214,0.0731023
215,0.0731511
216,0.073193
217,0.0732337
218,0.0732763
219,0.0733114
220,0.0733513
221,0.0733868
222,0.0734245
223,0.0734595
224,0.0735024
225,0.0735396
226,0.0735793
227,0.0736181
228,0.0736775
229,0.0737422
230,0.0738085
231,0.073874
232,0.0739371
233,0.0740032
234,0.0740623
235,0.0741215
236,0.0741773
237,0.0742312
238,0.0742825
239,0.0743362
240,0.0743791
241,0.0744289
242,0.0744783
243,0.0745202
244,0.0745627
245,0.0746036
246,0.0746485
247,0.0746903
248,0.0747323
249,0.0747791
250,0.0748202
251,0.074864
252,0.07491
253,0.0749511
254,0.0749961
255,0.0750337
256,0.0750763
257,0.075118
258,0.0751549
259,0.0751969
260,0.0752285
261,0.0752675
262,0.0752989
263,0.0753382
264,0.0753693
265,0.0754023
266,0.0754359
267,0.0754714
268,0.0755065
269,0.0755411
270,0.0755795
271,0.0756125
272,0.0756526
273,0.0756987
274,0.0757476
275,0.0757992
276,0.0758479
277,0.0758933
278,0.0759401
279,0.0759835
280,0.0760271
281,0.0760708
282,0.0761125
283,0.0761525
284,0.0761964
285,0.0762325
286,0.0762757
287,0.0763144
288,0.0763512
289,0.0763919
290,0.0764339
291,0.0764738
292,0.0765107
293,0.0765521
294,0.0765916
295,0.0766314
296,0.0766674
297,0.07671
298,0.0767448
299,0.0767866
300,0.076818
301,0.0768521
302,0.0768813
303,0.0769165
304,0.0769503
305,0.0769875
306,0.0770221
307,0.0770593
308,0.0770964
309,0.0771328
310,0.0771679
311,0.0772005
312,0.077237
313,0.0772623
314,0.0772965
315,0.0773269
316,0.0773588
317,0.0773949
318,0.0774328
319,0.0774653
320,0.0775006
321,0.0775308
322,0.0775654
323,0.077601
324,0.0776404
325,0.0776769
326,0.0777189
327,0.0777543
328,0.0777952
329,0.077836
330,0.0778837
331,0.0779335
332,0.0779857
333,0.0780386
334,0.0780998
335,0.0781548
336,0.0782205
337,0.0782812
338,0.0783362
339,0.0783673
340,0.0783833
341,0.0783957
342,0.0784079
343,0.0784226
344,0.0784352
345,0.0784538
346,0.0784695
347,0.0784943
348,0.0785106
349,0.07854
350,0.0785581
351,0.0785881
352,0.0786166
353,0.0786453
354,0.078672
355,0.0787039
356,0.0787342
357,0.0787679
358,0.0787977
359,0.0788245
360,0.0788544
361,0.0788837
362,0.0789129
363,0.0789437
364,0.0789779
365,0.0790086
366,0.0790441
367,0.0790773
368,0.0791139
369,0.0791508
370,0.0791848
371,0.0792238
372,0.0792656
373,0.0793031
374,0.0793519
375,0.079397
376,0.0794409
377,0.0794926
378,0.0795472
379,0.079596
380,0.0796259
381,0.0796445
382,0.0796557
383,0.0796727
384,0.0796814
385,0.0796967
386,0.0797066
387,0.079723
388,0.0797317
389,0.0797489
390,0.0797603
391,0.0797744
392,0.0797862
393,0.0797931
394,0.0798046
395,0.0798052
396,0.0798149
397,0.079819
398,0.0798218
399,0.0798225
