2,0.00242601
3,0.0069238
4,0.0107564
5,0.0140235
6,0.0168267
7,0.0191986
8,0.0212077
9,0.0229076
10,0.0244611
11,0.0259564
12,0.0273241
13,0.0286022
14,0.0298716
15,0.0310653
16,0.0321376
17,0.0332601
18,0.034334
19,0.0352759
20,0.0362178
21,0.037155
22,0.0379859
23,0.0387532
24,0.0395454
25,0.0402472
26,0.0408618
27,0.0414777
28,0.0420649
29,0.0425784
30,0.0431043
31,0.0436576
32,0.0441748
33,0.0446893
34,0.0452326
35,0.0457705
36,0.0463094
37,0.0468874
38,0.0474813
39,0.0480854
40,0.0487023
41,0.0493224
42,0.0499207
43,0.0505025
44,0.051062
45,0.0515894
46,0.0521037
47,0.0526003
48,0.0530917
49,0.0535671
50,0.0540334
51,0.0544889
52,0.0549343
53,0.0553629
54,0.0557748
55,0.056164
56,0.0565453
57,0.0569144
58,0.0572704
59,0.0576069
60,0.057925
61,0.0582257
62,0.0585237
63,0.0588212
64,0.0591058
65,0.0593792
66,0.0596376
67,0.0598814
68,0.0601224
69,0.0603672
70,0.0606062
71,0.0608321
72,0.0610448
73,0.0612482
74,0.0614494
75,0.061648
76,0.0618504
77,0.0620363
78,0.0622148
79,0.0623877
80,0.0625572
81,0.0627309
82,0.0629085
83,0.0630715
84,0.063234
85,0.0633879
86,0.0635413
87,0.0636911
88,0.0638408
89,0.0639826
90,0.0641247
91,0.0642623
92,0.0643925
93,0.0645224
94,0.064655
95,0.0647799
96,0.0649027
97,0.065021
98,0.0651294
99,0.0652475
100,0.0653533
101,0.0654619
102,0.0655637
103,0.0656666
104,0.0657654
105,0.0658681
106,0.0659655
107,0.0660664
108,0.0661654
109,0.06627
110,0.0663698
111,0.0664696
112,0.0665671
113,0.0666678
114,0.0667609
115,0.066856
116,0.0669492
117,0.0670488
118,0.067148
119,0.0672444
120,0.0673386
121,0.0674304
122,0.0675244
123,0.0676056
124,0.0676831
125,0.0677487
126,0.067815
127,0.0678849
128,0.0679557
129,0.0680268
130,0.0680922
131,0.0681595
132,0.0682262
133,0.0683039
134,0.0683774
135,0.0684494
136,0.068514
137,0.068579
138,0.0686466
139,0.0687151
140,0.0687827
141,0.0688491
142,0.0689081
143,0.0689786
144,0.0690412
145,0.0691036
146,0.0691717
147,0.0692425
148,0.0693227
149,0.0694033
150,0.0694841
151,0.0695587
152,0.0696298
153,0.0697052
154,0.0697739
155,0.0698505
156,0.0699169
157,0.0699844
158,0.0700513
159,0.0701204
160,0.0701889
161,0.0702645
162,0.0703318
163,0.0704026
164,0.0704743
165,0.0705387
166,0.070609
167,0.0706711
168,0.0707397
169,0.0708045
170,0.0708699
171,0.0709357
172,0.0709985
173,0.0710628
174,0.0711315
175,0.0711918
176,0.0712613
177,0.0713236
178,0.0713886
179,0.0714493
180,0.0715161
181,0.0715762
182,0.0716367
183,0.071697
184,0.0717521
185,0.071798
186,0.0718403
187,0.0718828
188,0.071924
189,0.0719612
190,0.0720058
191,0.0720448
192,0.0720879
193,0.0721278
194,0.0721704
195,0.0722151
196,0.0722602
197,0.0723033
198,0.0723524
199,0.0723946
200,0.0724361
201,0.0724782
202,0.0725191
203,0.0725616
204,0.0726103
205,0.0726618
206,0.0727084
207,0.0727609
208,0.0728099
209,0.0728559
210,0.0729069
211,0.0729548
212,0.0730091
213,0.0730532
214,0.0731052
215,0.0731451
216,0.0731919
217,0.0732328
218,0.0732724
219,0.0733133
220,0.0733464
221,0.0733888
222,0.0734202
223,0.0734633
224,0.0734974
225,0.0735378
226,0.0735769
227,0.0736174
228,0.0736725
229,0.0737384
230,0.0738036
231,0.0738709
232,0.0739336
233,0.0739972
234,0.0740585
235,0.074117
236,0.0741755
237,0.0742292
238,0.0742806
239,0.0743305
240,0.0743772
241,0.074428
242,0.0744729
243,0.074519
244,0.0745638
245,0.0746041
246,0.074647
247,0.0746905
248,0.0747318
249,0.0747766
250,0.0748204
251,0.0748622
252,0.0749106
253,0.0749507
254,0.0749944
255,0.0750376
256,0.0750741
257,0.0751167
258,0.0751561
259,0.0751935
260,0.0752329
261,0.0752641
262,0.0752987
263,0.0753337
264,0.0753688
265,0.0754008
266,0.0754364
267,0.075469
268,0.0755051
269,0.0755398
270,0.0755775
271,0.0756125
272,0.075649
273,0.0756992
274,0.0757461
275,0.0757956
276,0.0758472
277,0.0758925
278,0.0759394
279,0.0759826
280,0.076027
281,0.0760692
282,0.0761133
283,0.076153
284,0.0761953
285,0.0762354
286,0.0762732
287,0.0763182
288,0.0763517
289,0.0763968
290,0.0764309
291,0.0764748
292,0.0765142
293,0.076552
294,0.0765942
295,0.0766318
296,0.0766676
297,0.0767126
298,0.0767458
299,0.0767871
300,0.0768168
301,0.0768502
302,0.0768831
303,0.0769172
304,0.0769519
305,0.0769899
306,0.0770209
307,0.0770594
308,0.0770973
309,0.0771317
310,0.0771698
311,0.0772034
312,0.0772347
313,0.0772651
314,0.0772982
315,0.0773224
316,0.07736
317,0.0773944
318,0.0774321
319,0.0774644
320,0.0775009
321,0.0775332
322,0.0775668
323,0.077602
324,0.0776409
325,0.0776793
326,0.0777169
327,0.0777555
328,0.0777957
329,0.0778398
330,0.077886
331,0.077936
332,0.0779903
333,0.0780432
334,0.0781046
335,0.0781616
336,0.0782238
337,0.0782882
338,0.078339
339,0.0783677
340,0.078383
341,0.0783948
342,0.0784106
343,0.0784192
344,0.0784386
345,0.0784499
346,0.0784721
347,0.0784918
348,0.0785129
349,0.0785378
350,0.0785629
351,0.0785894
352,0.0786187
353,0.0786472
354,0.0786749
355,0.0787048
356,0.0787354
357,0.0787727
358,0.0787978
359,0.0788299
360,0.078853
361,0.0788863
362,0.0789156
363,0.078948
364,0.0789791
365,0.0790103
366,0.0790464
367,0.079081
368,0.0791177
369,0.0791526
370,0.0791897
371,0.0792274
372,0.0792698
373,0.0793109
374,0.0793549
375,0.079403
376,0.0794482
377,0.0795007
378,0.0795536
379,0.0795989
380,0.0796316
381,0.0796453
382,0.0796605
383,0.0796689
384,0.0796834
385,0.0796952
386,0.0797074
387,0.0797195
388,0.0797324
389,0.0797477
390,0.079762
391,0.0797731
392,0.0797853
393,0.0797948
394,0.0798006
395,0.0798096
396,0.0798131
397,0.0798182
398,0.0798206
399,0.0798223
