2,0.00298413
3,0.00867593
4,0.0138783
5,0.0186376
6,0.0230068
7,0.02695
8,0.0304385
9,0.0335438
10,0.036418
11,0.0390622
12,0.0414747
13,0.0436427
14,0.0455639
15,0.0471872
16,0.048508
17,0.049564
18,0.0503646
19,0.0509951
20,0.0515015
21,0.0518688
22,0.0520984
23,0.0523359
24,0.0526493
25,0.0529996
26,0.0533722
27,0.0537792
28,0.0541344
29,0.0543752
30,0.0545578
31,0.0548073
32,0.0551217
33,0.0554405
34,0.0557715
35,0.0560919
36,0.0563406
37,0.0565074
38,0.0566901
39,0.0569389
40,0.0572136
41,0.0574791
42,0.0577414
43,0.0579795
44,0.0581531
45,0.0583045
46,0.0584926
47,0.0587194
48,0.0589412
49,0.0591626
50,0.0593674
51,0.0595512
52,0.0596806
53,0.0598307
54,0.0600004
55,0.0601847
56,0.0603602
57,0.0605353
58,0.0606977
59,0.0608399
60,0.0609668
61,0.061106
62,0.061256
63,0.0614083
64,0.0615588
65,0.0616991
66,0.0618394
67,0.0619622
68,0.0620834
69,0.0622147
70,0.062356
71,0.0624952
72,0.062634
73,0.0627701
74,0.062887
75,0.0629989
76,0.0631065
77,0.063224
78,0.0633316
79,0.0634481
80,0.0635621
81,0.063677
82,0.0637842
83,0.0638945
84,0.064009
85,0.0641181
86,0.0642305
87,0.0643384
88,0.0644415
89,0.0645487
90,0.0646449
91,0.0647463
92,0.0648426
93,0.0649417
94,0.0650361
95,0.0651315
96,0.0652252
97,0.0653175
98,0.0654102
99,0.0655065
100,0.0656041
101,0.065701
102,0.065798
103,0.065892
104,0.0659852
105,0.0660731
106,0.0661639
107,0.0662523
108,0.0663418
109,0.0664279
110,0.0665175
111,0.066603
112,0.0666854
113,0.0667725
114,0.0668575
115,0.0669411
116,0.0670246
117,0.0671059
118,0.067185
119,0.0672681
120,0.0673512
121,0.067435
122,0.0675279
123,0.0676142
124,0.0676868
125,0.067767
126,0.0678425
127,0.0679172
128,0.0679901
129,0.0680599
130,0.0681341
131,0.0682042
132,0.0682735
133,0.0683478
134,0.0684242
135,0.0684971
136,0.068569
137,0.0686466
138,0.0687196
139,0.06879
140,0.0688639
141,0.0689294
142,0.069
143,0.0690619
144,0.0691265
145,0.0691858
146,0.0692533
147,0.0693259
148,0.0693896
149,0.0694586
150,0.0695237
151,0.0695874
152,0.0696524
153,0.0697143
154,0.0697798
155,0.0698388
156,0.069905
157,0.0699693
158,0.0700346
159,0.0700987
160,0.070162
161,0.0702269
162,0.0702904
163,0.0703563
164,0.0704217
165,0.0704863
166,0.0705531
167,0.0706221
168,0.0706832
169,0.0707477
170,0.0708079
171,0.0708666
172,0.0709237
173,0.0709805
174,0.071044
175,0.0710974
176,0.0711585
177,0.0712163
178,0.0712726
179,0.0713311
180,0.0713903
181,0.0714419
182,0.0714992
183,0.0715522
184,0.071608
185,0.0716652
186,0.0717157
187,0.0717702
188,0.0718214
189,0.0718714
190,0.0719238
191,0.0719755
192,0.0720281
193,0.0720788
194,0.0721299
195,0.0721797
196,0.0722299
197,0.0722803
198,0.0723357
199,0.0723882
200,0.0724405
201,0.0724948
202,0.072546
203,0.0726046
204,0.072655
205,0.0727137
206,0.0727656
207,0.0728155
208,0.0728607
209,0.0729072
210,0.0729556
211,0.0730014
212,0.0730514
213,0.0731002
214,0.0731498
215,0.0731981
216,0.0732488
217,0.0732994
218,0.0733466
219,0.0733909
220,0.0734376
221,0.0734837
222,0.0735249
223,0.0735712
224,0.0736136
225,0.0736659
226,0.0737169
227,0.0737742
228,0.0738255
229,0.0738775
230,0.0739328
231,0.0739794
232,0.074034
233,0.0740822
234,0.0741282
235,0.074177
236,0.0742203
237,0.0742659
238,0.0743099
239,0.0743504
240,0.0743918
241,0.0744324
242,0.0744777
243,0.0745151
244,0.0745585
245,0.074597
246,0.0746388
247,0.074677
248,0.0747185
249,0.0747586
250,0.0748015
251,0.0748416
252,0.0748843
253,0.0749242
254,0.0749662
255,0.0750047
256,0.0750464
257,0.0750865
258,0.0751254
259,0.0751693
260,0.0752094
261,0.0752485
262,0.0752888
263,0.0753287
264,0.075374
265,0.0754144
266,0.0754554
267,0.0754956
268,0.075535
269,0.075577
270,0.0756131
271,0.0756532
272,0.0756945
273,0.0757388
274,0.0757803
275,0.0758226
276,0.0758635
277,0.0759052
278,0.0759387
279,0.0759758
280,0.076014
281,0.076048
282,0.0760868
283,0.0761233
284,0.0761619
285,0.0761997
286,0.0762392
287,0.076277
288,0.0763177
289,0.0763579
290,0.0763977
291,0.0764424
292,0.0764808
293,0.0765249
294,0.0765661
295,0.0766034
296,0.0766459
297,0.0766846
298,0.0767242
299,0.076762
300,0.0767977
301,0.0768289
302,0.0768633
303,0.076895
304,0.0769255
305,0.076959
306,0.0769945
307,0.0770308
308,0.0770658
309,0.0771058
310,0.0771421
311,0.0771815
312,0.0772193
313,0.0772579
314,0.0772929
315,0.0773347
316,0.077365
317,0.0774049
318,0.0774422
319,0.0774803
320,0.077513
321,0.0775502
322,0.0775789
323,0.0776105
324,0.0776417
325,0.077672
326,0.0777023
327,0.0777356
328,0.0777655
329,0.077797
330,0.0778328
331,0.0778646
332,0.0779045
333,0.0779419
334,0.0779807
335,0.0780232
336,0.0780566
337,0.078098
338,0.0781386
339,0.0781736
340,0.0782195
341,0.078258
342,0.0782991
343,0.0783305
344,0.0783619
345,0.0783813
346,0.0784051
347,0.0784243
348,0.0784465
349,0.0784695
350,0.0784964
351,0.0785251
352,0.0785576
353,0.078591
354,0.078623
355,0.0786545
356,0.078688
357,0.078722
358,0.0787565
359,0.0787904
360,0.0788236
361,0.0788557
362,0.0788851
363,0.0789137
364,0.07894
365,0.0789683
366,0.0789967
367,0.0790239
368,0.0790529
369,0.0790815
370,0.0791103
371,0.0791391
372,0.0791687
373,0.0792017
374,0.0792344
375,0.0792686
376,0.0793031
377,0.0793367
378,0.0793703
379,0.0794057
380,0.0794412
381,0.0794761
382,0.0795114
383,0.0795472
384,0.079581
385,0.079614
386,0.0796367
387,0.0796658
388,0.0796875
389,0.0797135
390,0.079736
391,0.0797636
392,0.0797918
393,0.0798201
394,0.079845
395,0.079872
396,0.0798898
397,0.0799086
398,0.0799166
399,0.0799203
