2,0.920489
3,0.781838
4,0.665073
5,0.564329
6,0.476025
7,0.399586
8,0.334688
9,0.279056
10,0.228979
11,0.184191
12,0.144517
13,0.110054
14,0.0807253
15,0.0573518
16,0.0399713
17,0.0276746
18,0.0204214
19,0.0160152
20,0.0140486
21,0.0137076
22,0.0156616
23,0.0169591
24,0.017069
25,0.016188
26,0.0148949
27,0.0127618
28,0.0116145
29,0.0120099
30,0.0132779
31,0.0132503
32,0.0121102
33,0.010759
34,0.0091654
35,0.00779793
36,0.00744422
37,0.00813311
38,0.00861427
39,0.00782851
40,0.00676225
41,0.00566425
42,0.00484568
43,0.00411481
44,0.00449228
45,0.00469498
46,0.00488045
47,0.00386245
48,0.00371043
49,0.00290069
50,0.00308469
51,0.00285323
52,0.00316137
53,0.00296626
54,0.00311511
55,0.002573
56,0.00233891
57,0.00227772
58,0.0022934
59,0.0022008
60,0.00227287
61,0.00213887
62,0.00206594
63,0.00181591
64,0.00174455
65,0.00183734
66,0.00181817
67,0.00172586
68,0.00178542
69,0.00169971
70,0.00159107
71,0.00144984
72,0.00135993
73,0.00133083
74,0.000933068
75,0.000821766
76,0.000862137
77,0.00105534
78,0.00117479
79,0.00119853
80,0.00134205
81,0.0013633
82,0.0014481
83,0.00139968
84,0.00148131
85,0.0014012
86,0.00143889
87,0.00138989
88,0.00139496
89,0.00132594
90,0.00129682
91,0.00120111
92,0.0011364
93,0.000928437
94,0.00105953
95,0.000786481
96,0.000781062
97,0.000762369
98,0.00088327
99,0.00111773
100,0.00113746
101,0.00122698
102,0.00119459
103,0.00125622
104,0.00114392
105,0.00124399
106,0.00112814
107,0.00124844
108,0.00111014
109,0.00123119
110,0.00114608
111,0.00124229
112,0.00119674
113,0.00127067
114,0.00124967
115,0.00132805
116,0.00128053
117,0.00130683
118,0.00127326
119,0.00115267
120,0.00120877
121,0.000943088
122,0.00108848
123,0.000968411
124,0.00115252
125,0.00113724
126,0.00132985
127,0.00127601
128,0.00138309
129,0.00131337
130,0.00141761
131,0.00131366
132,0.0014145
133,0.00128287
134,0.00135358
135,0.00125637
136,0.00133113
137,0.00122424
138,0.00129006
139,0.00122512
140,0.00127034
141,0.00117953
142,0.00121155
143,0.00118431
144,0.00114985
145,0.0011284
146,0.00103298
147,0.00101291
148,0.000964573
149,0.00104028
150,0.000936057
151,0.000990184
152,0.000920591
153,0.000959415
154,0.000930081
155,0.000964215
156,0.00098552
157,0.000925583
158,0.000989563
159,0.000910196
160,0.000958858
161,0.000864055
162,0.000821901
163,0.000975383
164,0.000948283
165,0.00116112
166,0.000970599
167,0.00122255
168,0.0010937
169,0.00123484
170,0.00107485
171,0.00119171
172,0.00107239
173,0.00112962
174,0.00117658
175,0.00118625
176,0.00115311
177,0.0011692
178,0.00117435
179,0.00113378
180,0.0011839
181,0.00111856
182,0.00115417
183,0.000962387
184,0.000784733
185,0.000961368
186,0.000752354
187,0.00109958
188,0.000899908
189,0.00098478
190,0.00111027
191,0.000911813
192,0.00123697
193,0.000860163
194,0.00112004
195,0.000881308
196,0.00104182
197,0.000937016
198,0.00100056
199,0.000992936
200,0.0010816
201,0.000964858
202,0.0010324
203,0.000949046
204,0.00110376
205,0.00107237
206,0.00113038
207,0.00100303
208,0.00102424
209,0.000949707
210,0.00101699
211,0.000919882
212,0.00112278
213,0.000919781
214,0.00113397
215,0.000913899
216,0.0011305
217,0.000870646
218,0.00111042
219,0.000904669
220,0.00115954
221,0.000983426
222,0.00114066
223,0.00101061
224,0.00113989
225,0.00111938
226,0.00109514
227,0.00112096
228,0.000960089
229,0.00118793
230,0.0009113
231,0.00120128
232,0.000984792
233,0.00119027
234,0.00103333
235,0.00121106
236,0.00119109
237,0.00128233
238,0.00135453
239,0.00133224
240,0.00138622
241,0.00132466
242,0.00137471
243,0.00138699
244,0.00137479
245,0.00137525
246,0.00129396
247,0.00135844
248,0.00118616
249,0.00122702
250,0.000973251
251,0.00102368
252,0.000772301
253,0.000952793
254,0.000765509
255,0.000996394
256,0.000757961
257,0.00106585
258,0.000883483
259,0.00112193
260,0.000941751
261,0.00115296
262,0.000984378
263,0.00111019
264,0.000974571
265,0.000975973
266,0.000961229
267,0.00085748
268,0.000907342
269,0.00078079
270,0.000843581
271,0.000908887
272,0.000843078
273,0.000965464
274,0.000970957
275,0.000971701
276,0.000926986
277,0.000954433
278,0.000942297
279,0.000963097
280,0.00094635
281,0.000987148
282,0.000976428
283,0.00101345
284,0.00102583
285,0.00109108
286,0.00113738
287,0.00112305
288,0.00130385
289,0.00108068
290,0.00142096
291,0.00118268
292,0.00148476
293,0.00134503
294,0.00150853
295,0.0013833
296,0.00143634
297,0.00131531
298,0.00130462
299,0.00119227
300,0.00104145
301,0.00112449
302,0.000868018
303,0.0012023
304,0.000774609
305,0.00122879
306,0.000762813
307,0.00122399
308,0.0007627
309,0.00121618
310,0.000743968
311,0.00117505
312,0.000790222
313,0.00109635
314,0.000723257
315,0.00102508
316,0.000773195
317,0.000923622
318,0.000808002
319,0.000973753
320,0.000841498
321,0.00100063
322,0.000899202
323,0.00103597
324,0.000882785
325,0.00118557
326,0.000891593
327,0.00133546
328,0.000936767
329,0.00143244
330,0.00101332
331,0.00149364
332,0.00113183
333,0.00153561
334,0.00126267
335,0.00157606
336,0.00128881
337,0.00152571
338,0.00128066
339,0.00140174
340,0.00132457
341,0.00150323
342,0.00141202
343,0.00155866
344,0.0014041
345,0.00142711
346,0.00134824
347,0.00134217
348,0.00124994
349,0.00130302
350,0.00115633
351,0.00132514
352,0.00114596
353,0.00141085
354,0.00118244
355,0.00149592
356,0.00120794
357,0.00149795
358,0.00124967
359,0.00150314
360,0.00130953
361,0.00155077
362,0.00132655
363,0.00158982
364,0.00131326
365,0.00148812
366,0.00133835
367,0.00135752
368,0.00123978
369,0.00128421
370,0.00122322
371,0.00122695
372,0.00123318
373,0.00119814
374,0.00117068
375,0.00121573
376,0.00121723
377,0.00125875
378,0.00132226
379,0.00122738
380,0.00140618
381,0.00125466
382,0.00141998
383,0.00130512
384,0.00139039
385,0.00132527
386,0.00133751
387,0.00128716
388,0.00125789
389,0.00125091
390,0.00121384
391,0.00134501
392,0.00139352
393,0.00144144
394,0.00154849
395,0.00163424
396,0.00171789
397,0.00181562
398,0.00176752
399,0.00167503
