2,0.935369
3,0.825909
4,0.740429
5,0.672207
6,0.616794
7,0.572305
8,0.536472
9,0.507669
10,0.48214
11,0.457908
12,0.436395
13,0.416737
14,0.397264
15,0.379324
16,0.363793
17,0.347243
18,0.331648
19,0.318594
20,0.305506
21,0.29248
22,0.281456
23,0.271576
24,0.261192
25,0.252451
26,0.245279
27,0.238021
28,0.23124
29,0.225745
30,0.219971
31,0.213647
32,0.207935
33,0.202229
34,0.195967
35,0.189767
36,0.183525
37,0.17656
38,0.169307
39,0.161852
40,0.154171
41,0.146412
42,0.139037
43,0.13192
44,0.125185
45,0.118975
46,0.112991
47,0.107276
48,0.101652
49,0.0962634
50,0.0910304
51,0.0859504
52,0.0810344
53,0.0763756
54,0.0719995
55,0.0679623
56,0.0640564
57,0.0603134
58,0.0567967
59,0.0535605
60,0.0506257
61,0.0479419
62,0.0453054
63,0.0426341
64,0.0401846
65,0.0378605
66,0.0358109
67,0.0339355
68,0.0321268
69,0.0301965
70,0.0283902
71,0.0267311
72,0.0253119
73,0.0239608
74,0.0226888
75,0.02139
76,0.0200769
77,0.0189419
78,0.0179789
79,0.0170025
80,0.0161455
81,0.0151286
82,0.0141282
83,0.0132433
84,0.0124713
85,0.0116811
86,0.0110232
87,0.0102568
88,0.00961857
89,0.00898499
90,0.00843575
91,0.00781357
92,0.00744427
93,0.00690016
94,0.00644586
95,0.00598573
96,0.00565919
97,0.00524481
98,0.00507071
99,0.00466013
100,0.00446845
101,0.00409532
102,0.00392403
103,0.00365729
104,0.00357784
105,0.0035265
106,0.00339103
107,0.00332342
108,0.00314587
109,0.00300472
110,0.00277703
111,0.00267124
112,0.00254905
113,0.00244841
114,0.00237658
115,0.00233733
116,0.00224169
117,0.00219388
118,0.00214466
119,0.00209796
120,0.00213835
121,0.00216777
122,0.00218907
123,0.00219287
124,0.00222665
125,0.0022553
126,0.00232243
127,0.00234281
128,0.00235234
129,0.00234867
130,0.00238753
131,0.00246685
132,0.00248775
133,0.00244904
134,0.00244215
135,0.00243542
136,0.00249091
137,0.00253087
138,0.00258969
139,0.0025756
140,0.00260652
141,0.0026034
142,0.00268279
143,0.00265286
144,0.00270941
145,0.00277412
146,0.00272189
147,0.00272418
148,0.00262334
149,0.00255894
150,0.00250253
151,0.0023973
152,0.00243421
153,0.00238405
154,0.00231691
155,0.00239095
156,0.00232389
157,0.00237189
158,0.00232599
159,0.00230434
160,0.00230093
161,0.00233917
162,0.00229913
163,0.00235899
164,0.00239895
165,0.00237041
166,0.00240084
167,0.00243208
168,0.00242506
169,0.00242879
170,0.00249714
171,0.00259701
172,0.00255039
173,0.00259106
174,0.00265037
175,0.00264356
176,0.00273094
177,0.00281771
178,0.00283737
179,0.00289357
180,0.00296713
181,0.00298408
182,0.00299069
183,0.00304032
184,0.0030472
185,0.00296967
186,0.0028006
187,0.00269869
188,0.00253931
189,0.00248377
190,0.0023808
191,0.00225928
192,0.0021838
193,0.00211333
194,0.00205575
195,0.00203433
196,0.00201568
197,0.00193515
198,0.00189268
199,0.00181797
200,0.00180132
201,0.00177967
202,0.00171346
203,0.00170905
204,0.00155035
205,0.00142842
206,0.00135196
207,0.00121726
208,0.000925224
209,0.000970957
210,0.00107509
211,0.00123131
212,0.00123404
213,0.00131052
214,0.00130871
215,0.00135635
216,0.0013785
217,0.00150164
218,0.00156491
219,0.00164042
220,0.00183086
221,0.00194814
222,0.00216544
223,0.0022531
224,0.00245379
225,0.00253725
226,0.00268873
227,0.00277345
228,0.00271112
229,0.00254527
230,0.00240535
231,0.00221072
232,0.00216111
233,0.002039
234,0.00199708
235,0.00198258
236,0.00200855
237,0.00196234
238,0.00201082
239,0.001967
240,0.00201794
241,0.00203815
242,0.00205019
243,0.00203168
244,0.00203242
245,0.00203249
246,0.00204374
247,0.00210075
248,0.00202495
249,0.00206316
250,0.00201916
251,0.00204478
252,0.00201952
253,0.00205611
254,0.00210654
255,0.00203237
256,0.00205551
257,0.00205694
258,0.00199519
259,0.00204231
260,0.00201693
261,0.00207255
262,0.00204538
263,0.0020525
264,0.00202008
265,0.00206703
266,0.00208901
267,0.00206095
268,0.00205697
269,0.00212238
270,0.00212329
271,0.00213098
272,0.00215603
273,0.00208915
274,0.00202992
275,0.00203276
276,0.00199323
277,0.0019934
278,0.00196261
279,0.00195543
280,0.00193109
281,0.00192478
282,0.00195239
283,0.00189729
284,0.00195035
285,0.00189901
286,0.00195164
287,0.00189384
288,0.0019179
289,0.00191146
290,0.00185835
291,0.00191502
292,0.00191708
293,0.00195221
294,0.0019357
295,0.00192501
296,0.00192137
297,0.00195945
298,0.00191196
299,0.0019568
300,0.00191935
301,0.00192499
302,0.00192568
303,0.00187402
304,0.00191291
305,0.00188412
306,0.00194367
307,0.00185408
308,0.00191854
309,0.00187804
310,0.00185917
311,0.00187509
312,0.001858
313,0.0019113
314,0.00190701
315,0.00186436
316,0.0018542
317,0.00186758
318,0.00184459
319,0.0018804
320,0.00186421
321,0.00189253
322,0.00185037
323,0.00186464
324,0.00186892
325,0.00192356
326,0.00188101
327,0.00188834
328,0.00190922
329,0.00194932
330,0.00197829
331,0.00207024
332,0.0022229
333,0.00236651
334,0.00259752
335,0.00279316
336,0.0030777
337,0.00339813
338,0.00360645
339,0.00356289
340,0.00337612
341,0.00313811
342,0.00297092
343,0.00274474
344,0.00258791
345,0.00242449
346,0.0023294
347,0.00225924
348,0.00214693
349,0.00208677
350,0.00207514
351,0.00204087
352,0.00199234
353,0.00197379
354,0.00197349
355,0.00196611
356,0.00190978
357,0.00198155
358,0.00191545
359,0.00195065
360,0.00186238
361,0.00189389
362,0.00188716
363,0.001897
364,0.00189002
365,0.00187417
366,0.00191436
367,0.00194439
368,0.00199705
369,0.00199537
370,0.00199993
371,0.00205917
372,0.00218906
373,0.00223367
374,0.00233432
375,0.00250986
376,0.00261744
377,0.0028532
378,0.0030696
379,0.00322217
380,0.00327249
381,0.00310928
382,0.00296165
383,0.00274994
384,0.00265102
385,0.00245741
386,0.00232472
387,0.00220968
388,0.00210364
389,0.00208642
390,0.00202583
391,0.00192433
392,0.00186162
393,0.00196627
394,0.00195002
395,0.00198827
396,0.00213159
397,0.0022615
398,0.00249675
399,0.00267617
