2,0.00240215
3,0.00685899
4,0.0106804
5,0.0139606
6,0.0167415
7,0.0191039
8,0.0211035
9,0.022789
10,0.0243172
11,0.0257851
12,0.0271334
13,0.0283703
14,0.0296012
15,0.030744
16,0.031776
17,0.0328343
18,0.0338675
19,0.0347744
20,0.0356977
21,0.0366417
22,0.0374673
23,0.0382502
24,0.0390521
25,0.0397672
26,0.0404065
27,0.0410773
28,0.041697
29,0.0422618
30,0.0428367
31,0.0434197
32,0.0439414
33,0.0444669
34,0.0449985
35,0.0455212
36,0.046034
37,0.0466062
38,0.0471691
39,0.0477577
40,0.0483696
41,0.0489799
42,0.0495903
43,0.050181
44,0.0507526
45,0.0512985
46,0.05182
47,0.0523239
48,0.0528181
49,0.0533008
50,0.0537714
51,0.0542369
52,0.0546857
53,0.0551217
54,0.0555346
55,0.0559259
56,0.0563013
57,0.0566783
58,0.0570497
59,0.0574106
60,0.0577446
61,0.0580511
62,0.0583398
63,0.0586352
64,0.0589324
65,0.0592246
66,0.0595047
67,0.0597514
68,0.0599941
69,0.0602302
70,0.0604738
71,0.0607121
72,0.0609478
73,0.0611557
74,0.0613602
75,0.0615531
76,0.0617572
77,0.0619512
78,0.0621392
79,0.0623244
80,0.0624946
81,0.0626648
82,0.0628419
83,0.0630105
84,0.0631787
85,0.0633414
86,0.0634963
87,0.0636488
88,0.0637982
89,0.0639444
90,0.0640905
91,0.0642276
92,0.0643659
93,0.064498
94,0.0646295
95,0.06476
96,0.0648858
97,0.0650071
98,0.0651186
99,0.0652409
100,0.065342
101,0.0654533
102,0.0655562
103,0.0656567
104,0.0657549
105,0.0658584
106,0.0659563
107,0.0660633
108,0.066158
109,0.0662606
110,0.0663597
111,0.0664624
112,0.0665621
113,0.0666605
114,0.0667578
115,0.0668495
116,0.0669474
117,0.0670442
118,0.0671449
119,0.067248
120,0.0673397
121,0.0674262
122,0.0675206
123,0.0676015
124,0.0676847
125,0.0677487
126,0.0678188
127,0.0678821
128,0.0679504
129,0.0680222
130,0.0680909
131,0.0681587
132,0.0682318
133,0.0683034
134,0.068376
135,0.0684465
136,0.0685147
137,0.0685783
138,0.0686509
139,0.0687128
140,0.068784
141,0.0688483
142,0.0689116
143,0.0689723
144,0.0690394
145,0.0691038
146,0.0691704
147,0.0692446
148,0.0693214
149,0.0694016
150,0.0694782
151,0.0695594
152,0.0696305
153,0.0697042
154,0.0697744
155,0.0698492
156,0.0699156
157,0.0699857
158,0.070051
159,0.0701192
160,0.0701912
161,0.0702598
162,0.0703348
163,0.0704049
164,0.0704727
165,0.0705422
166,0.0706077
167,0.0706732
168,0.0707405
169,0.0708078
170,0.0708723
171,0.0709341
172,0.0709986
173,0.0710682
174,0.0711312
175,0.0711958
176,0.0712621
177,0.0713242
178,0.0713907
179,0.0714562
180,0.0715145
181,0.0715792
182,0.0716375
183,0.0717015
184,0.0717505
185,0.0718007
186,0.0718415
187,0.0718857
188,0.0719252
189,0.0719658
190,0.0720034
191,0.0720473
192,0.0720869
193,0.0721292
194,0.0721696
195,0.072216
196,0.0722595
197,0.0723048
198,0.0723506
199,0.0723951
200,0.0724361
201,0.0724765
202,0.0725171
203,0.0725592
204,0.0726114
205,0.0726586
206,0.0727072
207,0.0727587
208,0.0728053
209,0.0728565
210,0.072904
211,0.0729551
212,0.0730051
213,0.0730526
214,0.0730998
215,0.0731455
216,0.0731906
217,0.07323
218,0.0732713
219,0.0733103
220,0.0733479
221,0.0733853
222,0.073421
223,0.0734593
224,0.0734972
225,0.0735342
226,0.0735744
227,0.073616
228,0.0736704
229,0.073735
230,0.0738015
231,0.0738658
232,0.0739307
233,0.0739953
234,0.0740552
235,0.0741138
236,0.0741714
237,0.0742252
238,0.0742793
239,0.0743268
240,0.0743796
241,0.074423
242,0.0744754
243,0.0745164
244,0.074561
245,0.0746038
246,0.0746455
247,0.0746871
248,0.0747323
249,0.0747739
250,0.07482
251,0.0748631
252,0.0749091
253,0.074955
254,0.0749896
255,0.075035
256,0.0750751
257,0.0751158
258,0.0751536
259,0.0751944
260,0.0752289
261,0.075265
262,0.0752991
263,0.0753317
264,0.0753676
265,0.0754007
266,0.0754354
267,0.0754674
268,0.0755017
269,0.0755399
270,0.0755751
271,0.0756134
272,0.0756468
273,0.075698
274,0.075745
275,0.0757964
276,0.0758436
277,0.0758923
278,0.0759386
279,0.0759807
280,0.076028
281,0.0760697
282,0.0761136
283,0.07615
284,0.076197
285,0.0762322
286,0.0762799
287,0.0763138
288,0.0763544
289,0.0763947
290,0.0764363
291,0.0764742
292,0.0765154
293,0.0765551
294,0.0765918
295,0.0766312
296,0.0766711
297,0.0767093
298,0.0767494
299,0.0767857
300,0.0768218
301,0.0768506
302,0.0768847
303,0.0769185
304,0.0769541
305,0.076989
306,0.0770246
307,0.0770601
308,0.0770981
309,0.0771355
310,0.077169
311,0.0772039
312,0.0772338
313,0.077267
314,0.0772951
315,0.0773263
316,0.0773592
317,0.0773932
318,0.0774309
319,0.0774664
320,0.0774988
321,0.0775332
322,0.0775655
323,0.0776022
324,0.0776399
325,0.0776804
326,0.0777153
327,0.0777586
328,0.0777966
329,0.0778401
330,0.0778885
331,0.0779404
332,0.0779936
333,0.0780493
334,0.0781068
335,0.0781673
336,0.0782286
337,0.0782907
338,0.0783407
339,0.0783708
340,0.0783814
341,0.0783974
342,0.0784066
343,0.0784213
344,0.0784357
345,0.0784524
346,0.078472
347,0.0784913
348,0.0785147
349,0.0785385
350,0.078565
351,0.0785914
352,0.0786204
353,0.0786491
354,0.0786765
355,0.0787074
356,0.0787379
357,0.0787723
358,0.078801
359,0.0788316
360,0.0788575
361,0.0788879
362,0.0789181
363,0.0789479
364,0.0789818
365,0.0790153
366,0.0790481
367,0.0790827
368,0.0791223
369,0.0791559
370,0.0791956
371,0.0792329
372,0.0792737
373,0.0793164
374,0.0793611
375,0.079407
376,0.0794573
377,0.0795086
378,0.0795582
379,0.0796066
380,0.0796326
381,0.0796471
382,0.0796621
383,0.0796698
384,0.0796838
385,0.0796953
386,0.0797058
387,0.0797173
388,0.0797335
389,0.0797445
390,0.0797611
391,0.0797706
392,0.0797858
393,0.0797902
394,0.0798017
395,0.079807
396,0.0798132
397,0.0798187
398,0.0798188
399,0.0798227
