2,0.936006
3,0.827538
4,0.742264
5,0.673677
6,0.618736
7,0.574414
8,0.538747
9,0.510217
10,0.485186
11,0.46149
12,0.440326
13,0.421467
14,0.402724
15,0.385743
16,0.37095
17,0.355601
18,0.34073
19,0.328279
20,0.315483
21,0.302255
22,0.291264
23,0.28103
24,0.27041
25,0.261363
26,0.253685
27,0.245377
28,0.23796
29,0.231501
30,0.224815
31,0.217933
32,0.212121
33,0.206193
34,0.200125
35,0.194178
36,0.188379
37,0.181496
38,0.174766
39,0.16756
40,0.159944
41,0.152333
42,0.144729
43,0.137438
44,0.130483
45,0.123937
46,0.117812
47,0.111961
48,0.106272
49,0.100756
50,0.0954356
51,0.0901727
52,0.085196
53,0.0804003
54,0.0759906
55,0.0719107
56,0.06809
57,0.0642152
58,0.0604238
59,0.0567858
60,0.0535829
61,0.0507989
62,0.048304
63,0.0456659
64,0.043004
65,0.0403821
66,0.0379696
67,0.0360489
68,0.0342148
69,0.0324143
70,0.0305273
71,0.0286618
72,0.0268672
73,0.0254599
74,0.0241247
75,0.022912
76,0.0215588
77,0.020286
78,0.0191578
79,0.0179982
80,0.0171148
81,0.0161686
82,0.0151513
83,0.0141963
84,0.0132813
85,0.0124018
86,0.0116815
87,0.0109157
88,0.010243
89,0.00953618
90,0.00894178
91,0.00832862
92,0.00778612
93,0.00725143
94,0.00682721
95,0.00623652
96,0.00586122
97,0.00542251
98,0.00517662
99,0.004728
100,0.00458703
101,0.00416888
102,0.00394779
103,0.00385142
104,0.00376452
105,0.00368935
106,0.00355255
107,0.00336825
108,0.00326573
109,0.00310109
110,0.00290859
111,0.00278439
112,0.00259791
113,0.0025191
114,0.00235662
115,0.00236562
116,0.00226247
117,0.00221857
118,0.00212976
119,0.00208547
120,0.00207347
121,0.00214972
122,0.00216001
123,0.00219709
124,0.00220351
125,0.00222069
126,0.00218166
127,0.00230529
128,0.00229449
129,0.00240705
130,0.0023901
131,0.00244093
132,0.00243983
133,0.00242757
134,0.00249565
135,0.00243785
136,0.00249101
137,0.00250808
138,0.00256197
139,0.00256127
140,0.00258564
141,0.00257412
142,0.00264977
143,0.002736
144,0.00273748
145,0.00276072
146,0.00276984
147,0.00271809
148,0.00260841
149,0.00256432
150,0.00249646
151,0.00243306
152,0.00242466
153,0.00238099
154,0.00234012
155,0.00233825
156,0.00233851
157,0.00231153
158,0.00236816
159,0.00228705
160,0.00231921
161,0.00227816
162,0.00235819
163,0.0023422
164,0.00239387
165,0.00237869
166,0.00240402
167,0.00245538
168,0.00243711
169,0.00251441
170,0.00252904
171,0.00251966
172,0.00252713
173,0.00259599
174,0.002649
175,0.00272447
176,0.002755
177,0.00281103
178,0.00286238
179,0.00291945
180,0.00294818
181,0.00302448
182,0.00304448
183,0.00309957
184,0.00303785
185,0.00296702
186,0.00283574
187,0.00268372
188,0.00255776
189,0.00241014
190,0.00236904
191,0.00230453
192,0.00219431
193,0.00212028
194,0.00199897
195,0.00197554
196,0.00191924
197,0.00189787
198,0.00182586
199,0.00177577
200,0.00174229
201,0.00167494
202,0.00155092
203,0.00155309
204,0.0014462
205,0.00135971
206,0.00118894
207,0.000903845
208,0.000975652
209,0.00108246
210,0.00126158
211,0.0012942
212,0.0012908
213,0.00127869
214,0.00134926
215,0.00136616
216,0.00139877
217,0.00148223
218,0.00152747
219,0.00168298
220,0.00178427
221,0.00191829
222,0.00209736
223,0.00227051
224,0.00241118
225,0.00254146
226,0.00266678
227,0.00276672
228,0.00270839
229,0.00253658
230,0.00242622
231,0.0022665
232,0.00214728
233,0.00204109
234,0.0019912
235,0.00197928
236,0.00194256
237,0.0019478
238,0.00195898
239,0.00197929
240,0.00200881
241,0.00200516
242,0.00200652
243,0.00202191
244,0.00204089
245,0.00202061
246,0.0019891
247,0.00202303
248,0.00204668
249,0.00201957
250,0.00205455
251,0.00204414
252,0.00204323
253,0.00206426
254,0.00202838
255,0.00204078
256,0.00204833
257,0.00201505
258,0.00202774
259,0.00205305
260,0.00205046
261,0.00203721
262,0.00200377
263,0.00202256
264,0.00208999
265,0.00201412
266,0.00206906
267,0.00207841
268,0.00211507
269,0.00209804
270,0.00212617
271,0.0021182
272,0.00215762
273,0.00211985
274,0.00206088
275,0.00201776
276,0.00199031
277,0.0019626
278,0.00195573
279,0.00193715
280,0.00191848
281,0.00190272
282,0.00195298
283,0.00196264
284,0.00193588
285,0.00188029
286,0.00194083
287,0.00190714
288,0.00187808
289,0.00193552
290,0.00195945
291,0.0019337
292,0.00192421
293,0.0019587
294,0.0018785
295,0.00193393
296,0.00192803
297,0.0019323
298,0.00196018
299,0.00196285
300,0.00193578
301,0.00190115
302,0.0019088
303,0.00189948
304,0.00190615
305,0.00185567
306,0.00190785
307,0.00191568
308,0.00189142
309,0.00190338
310,0.00185146
311,0.00194012
312,0.00187755
313,0.00188263
314,0.00183612
315,0.00184283
316,0.00189131
317,0.00184914
318,0.00188052
319,0.00186304
320,0.00185753
321,0.00187448
322,0.0018637
323,0.00185192
324,0.00186856
325,0.00187787
326,0.00187377
327,0.00191679
328,0.00191136
329,0.00194537
330,0.00200467
331,0.00212164
332,0.00219649
333,0.00238392
334,0.00263552
335,0.00283452
336,0.00314174
337,0.00344089
338,0.00364218
339,0.00357866
340,0.00334195
341,0.00315294
342,0.00295059
343,0.00273642
344,0.00257645
345,0.00240428
346,0.00237048
347,0.00224844
348,0.00217248
349,0.0020769
350,0.00207848
351,0.00204401
352,0.00200263
353,0.00199664
354,0.00195688
355,0.0019513
356,0.00197446
357,0.00199093
358,0.00192918
359,0.00192867
360,0.00191528
361,0.00189197
362,0.00188708
363,0.00188714
364,0.00186344
365,0.00190789
366,0.00194889
367,0.0019279
368,0.00199019
369,0.00204149
370,0.0020494
371,0.00211728
372,0.0021452
373,0.002287
374,0.00238211
375,0.00251007
376,0.00271371
377,0.00291736
378,0.00312906
379,0.00330962
380,0.00328332
381,0.00312473
382,0.00298877
383,0.00276473
384,0.0026281
385,0.00246907
386,0.00232478
387,0.00222687
388,0.00213921
389,0.00200918
390,0.001986
391,0.00188797
392,0.00192621
393,0.0019279
394,0.0019628
395,0.0020322
396,0.00213726
397,0.00225267
398,0.00246248
399,0.00268861
