2,0.00238362
3,0.00681365
4,0.0106234
5,0.0138947
6,0.0166901
7,0.019066
8,0.0210685
9,0.0227539
10,0.0242836
11,0.0257132
12,0.0269815
13,0.0281937
14,0.0293877
15,0.0304645
16,0.0314637
17,0.0325018
18,0.033506
19,0.0344011
20,0.0352971
21,0.0362351
22,0.0370623
23,0.0378253
24,0.0386164
25,0.0393394
26,0.0399818
27,0.0406653
28,0.0413196
29,0.0419192
30,0.0425171
31,0.0431153
32,0.0436569
33,0.0441769
34,0.0447203
35,0.0452432
36,0.0457597
37,0.0463179
38,0.0468844
39,0.0474594
40,0.0480521
41,0.0486675
42,0.0492733
43,0.0498724
44,0.0504529
45,0.0510036
46,0.0515318
47,0.0520398
48,0.0525397
49,0.0530315
50,0.0535109
51,0.053984
52,0.0544379
53,0.054879
54,0.0552921
55,0.0556873
56,0.0560644
57,0.0564483
58,0.0568333
59,0.0572115
60,0.0575589
61,0.0578705
62,0.0581595
63,0.0584515
64,0.0587582
65,0.0590696
66,0.0593638
67,0.0596259
68,0.0598648
69,0.060094
70,0.0603414
71,0.0605926
72,0.0608411
73,0.0610668
74,0.061268
75,0.0614614
76,0.0616592
77,0.0618637
78,0.0620655
79,0.0622574
80,0.0624331
81,0.0626027
82,0.0627729
83,0.0629493
84,0.0631275
85,0.063294
86,0.0634548
87,0.0636068
88,0.0637542
89,0.0639078
90,0.064053
91,0.0641969
92,0.064334
93,0.0644691
94,0.064603
95,0.0647354
96,0.0648662
97,0.0649937
98,0.0651118
99,0.0652262
100,0.0653366
101,0.0654441
102,0.0655493
103,0.065645
104,0.0657484
105,0.0658474
106,0.0659525
107,0.0660516
108,0.066153
109,0.0662526
110,0.0663533
111,0.0664541
112,0.066553
113,0.0666557
114,0.0667524
115,0.0668468
116,0.0669441
117,0.0670446
118,0.0671439
119,0.0672405
120,0.0673365
121,0.0674286
122,0.0675142
123,0.0676039
124,0.0676801
125,0.0677547
126,0.0678181
127,0.0678828
128,0.0679491
129,0.0680183
130,0.0680901
131,0.0681631
132,0.0682299
133,0.0683051
134,0.0683724
135,0.0684449
136,0.0685134
137,0.0685808
138,0.06865
139,0.0687137
140,0.0687854
141,0.0688469
142,0.0689117
143,0.0689719
144,0.0690383
145,0.0691018
146,0.0691732
147,0.0692448
148,0.0693228
149,0.0694011
150,0.0694778
151,0.0695554
152,0.069631
153,0.069704
154,0.0697754
155,0.0698471
156,0.069914
157,0.069985
158,0.0700514
159,0.0701187
160,0.0701895
161,0.0702607
162,0.0703352
163,0.0704041
164,0.0704735
165,0.0705412
166,0.0706098
167,0.0706747
168,0.0707419
169,0.070809
170,0.0708725
171,0.0709389
172,0.0710011
173,0.0710668
174,0.0711326
175,0.0712006
176,0.0712639
177,0.0713287
178,0.0713926
179,0.0714546
180,0.0715197
181,0.0715797
182,0.0716426
183,0.0716988
184,0.0717561
185,0.0717998
186,0.0718425
187,0.071886
188,0.0719259
189,0.0719661
190,0.0720077
191,0.0720462
192,0.0720903
193,0.0721278
194,0.0721718
195,0.0722164
196,0.0722599
197,0.0723043
198,0.0723491
199,0.072394
200,0.0724351
201,0.0724782
202,0.0725141
203,0.0725598
204,0.0726084
205,0.0726582
206,0.0727048
207,0.072756
208,0.072804
209,0.0728546
210,0.072901
211,0.0729522
212,0.073004
213,0.0730517
214,0.0730963
215,0.0731454
216,0.0731884
217,0.073229
218,0.073269
219,0.0733092
220,0.0733477
221,0.0733822
222,0.0734213
223,0.0734548
224,0.0734966
225,0.0735345
226,0.0735736
227,0.073614
228,0.0736649
229,0.0737332
230,0.0737969
231,0.0738637
232,0.0739284
233,0.0739899
234,0.074051
235,0.0741122
236,0.0741671
237,0.0742248
238,0.0742745
239,0.0743287
240,0.0743752
241,0.0744244
242,0.0744718
243,0.0745161
244,0.0745607
245,0.0746025
246,0.0746465
247,0.074687
248,0.0747322
249,0.0747732
250,0.0748192
251,0.0748613
252,0.0749087
253,0.0749475
254,0.0749969
255,0.0750311
256,0.0750744
257,0.0751144
258,0.0751531
259,0.0751924
260,0.0752266
261,0.075264
262,0.0752975
263,0.0753299
264,0.0753673
265,0.0753983
266,0.0754322
267,0.0754664
268,0.0755016
269,0.0755374
270,0.0755739
271,0.0756112
272,0.0756447
273,0.075694
274,0.0757441
275,0.0757936
276,0.0758419
277,0.0758904
278,0.0759387
279,0.0759814
280,0.0760272
281,0.0760686
282,0.0761128
283,0.0761535
284,0.0761953
285,0.0762359
286,0.0762767
287,0.0763141
288,0.0763602
289,0.0763958
290,0.0764363
291,0.0764775
292,0.0765141
293,0.0765564
294,0.0765947
295,0.0766328
296,0.0766709
297,0.0767145
298,0.0767501
299,0.0767864
300,0.0768215
301,0.0768526
302,0.0768866
303,0.0769228
304,0.0769529
305,0.076991
306,0.0770255
307,0.0770617
308,0.0770959
309,0.0771359
310,0.0771689
311,0.0772044
312,0.0772342
313,0.0772668
314,0.0772949
315,0.0773267
316,0.0773584
317,0.0773948
318,0.0774271
319,0.0774675
320,0.0774982
321,0.0775328
322,0.0775679
323,0.0776017
324,0.0776404
325,0.0776807
326,0.0777191
327,0.0777563
328,0.0777992
329,0.0778443
330,0.0778905
331,0.0779441
332,0.0779971
333,0.0780549
334,0.0781121
335,0.0781695
336,0.078232
337,0.0782939
338,0.0783437
339,0.0783686
340,0.0783851
341,0.0783939
342,0.0784104
343,0.0784196
344,0.0784372
345,0.0784506
346,0.0784724
347,0.0784928
348,0.078516
349,0.0785395
350,0.0785674
351,0.0785909
352,0.0786209
353,0.0786498
354,0.0786782
355,0.0787091
356,0.0787409
357,0.0787744
358,0.0788012
359,0.0788338
360,0.0788596
361,0.0788902
362,0.078917
363,0.0789551
364,0.0789806
365,0.0790184
366,0.0790517
367,0.0790867
368,0.0791254
369,0.0791597
370,0.0792012
371,0.0792343
372,0.0792789
373,0.0793219
374,0.0793689
375,0.0794126
376,0.0794635
377,0.0795157
378,0.0795661
379,0.0796093
380,0.0796351
381,0.079649
382,0.0796628
383,0.0796712
384,0.0796854
385,0.0796939
386,0.0797068
387,0.0797191
388,0.0797321
389,0.0797468
390,0.0797607
391,0.0797712
392,0.0797832
393,0.0797926
394,0.0797978
395,0.079809
396,0.079812
397,0.0798185
398,0.0798195
399,0.0798205
