2,0.9365
3,0.828678
4,0.743641
5,0.675217
6,0.619904
7,0.575258
8,0.539514
9,0.510977
10,0.485896
11,0.462988
12,0.44346
13,0.425068
14,0.407031
15,0.391325
16,0.377134
17,0.362126
18,0.34777
19,0.335494
20,0.323162
21,0.309997
22,0.298923
23,0.289017
24,0.278548
25,0.269313
26,0.261532
27,0.252945
28,0.244855
29,0.237731
30,0.230597
31,0.223413
32,0.217222
33,0.211368
34,0.205067
35,0.199093
36,0.193208
37,0.186555
38,0.179744
39,0.172752
40,0.165452
41,0.157736
42,0.15019
43,0.142741
44,0.135609
45,0.128971
46,0.122715
47,0.116778
48,0.11098
49,0.105295
50,0.099811
51,0.094413
52,0.0893367
53,0.0844458
54,0.0800207
55,0.0758685
56,0.0720097
57,0.0680096
58,0.0639929
59,0.0600576
60,0.0566331
61,0.0537551
62,0.0512582
63,0.0486645
64,0.0458443
65,0.0429075
66,0.0402619
67,0.0380825
68,0.0363033
69,0.0346083
70,0.032653
71,0.0305765
72,0.0285749
73,0.0268741
74,0.0255926
75,0.0243606
76,0.0231027
77,0.021673
78,0.0203183
79,0.0190489
80,0.0180912
81,0.0171278
82,0.0162225
83,0.0151445
84,0.0140803
85,0.0131144
86,0.0123118
87,0.0115408
88,0.0109089
89,0.0100907
90,0.00948469
91,0.00877924
92,0.00826048
93,0.0076579
94,0.00717942
95,0.00659668
96,0.00612923
97,0.00559573
98,0.005273
99,0.00487648
100,0.00459847
101,0.00424634
102,0.00405357
103,0.00406991
104,0.0039077
105,0.00386121
106,0.00364617
107,0.00355042
108,0.00331885
109,0.00323199
110,0.00300262
111,0.0028629
112,0.00268763
113,0.00255483
114,0.00236239
115,0.00238884
116,0.00219243
117,0.00216748
118,0.00207893
119,0.00212882
120,0.0020384
121,0.00211155
122,0.00211477
123,0.0021687
124,0.00217684
125,0.00221065
126,0.0022234
127,0.00225966
128,0.0023052
129,0.00235324
130,0.00238823
131,0.00240644
132,0.00245517
133,0.00243914
134,0.00245269
135,0.00250019
136,0.00249684
137,0.00249225
138,0.00254483
139,0.00258332
140,0.00258311
141,0.00260085
142,0.00263998
143,0.00267803
144,0.00276372
145,0.00276719
146,0.00270132
147,0.00273048
148,0.0026344
149,0.00257246
150,0.00251333
151,0.00241008
152,0.00239576
153,0.00237912
154,0.0023622
155,0.00235297
156,0.00233756
157,0.00228525
158,0.00231694
159,0.00232971
160,0.0022963
161,0.00232193
162,0.00234341
163,0.002327
164,0.00236864
165,0.00235535
166,0.00248332
167,0.00238916
168,0.00246557
169,0.00249974
170,0.00254464
171,0.00254417
172,0.00258012
173,0.00259325
174,0.00261223
175,0.00274421
176,0.00281194
177,0.00279402
178,0.00289515
179,0.00293471
180,0.00296284
181,0.00301275
182,0.00307531
183,0.00308285
184,0.00307105
185,0.00293531
186,0.00282352
187,0.0027022
188,0.00258385
189,0.00249066
190,0.00233775
191,0.00223488
192,0.00214238
193,0.00208415
194,0.00197856
195,0.00194608
196,0.00186075
197,0.00181861
198,0.00174059
199,0.00172556
200,0.00159331
201,0.0015144
202,0.00146279
203,0.00137821
204,0.00130534
205,0.00108448
206,0.0009585
207,0.00100267
208,0.00114831
209,0.00121404
210,0.0013296
211,0.00133705
212,0.00128444
213,0.00133332
214,0.00139113
215,0.00137495
216,0.00140871
217,0.00147508
218,0.00154197
219,0.00163127
220,0.00177151
221,0.00191582
222,0.00206354
223,0.00223363
224,0.00238204
225,0.00251733
226,0.00264795
227,0.00271495
228,0.00271681
229,0.00255263
230,0.00241613
231,0.00222168
232,0.00211883
233,0.00207724
234,0.00199417
235,0.00195517
236,0.00193476
237,0.0019399
238,0.00198233
239,0.00194087
240,0.00193006
241,0.00197773
242,0.00198095
243,0.00198414
244,0.00203996
245,0.00204352
246,0.00201334
247,0.00198803
248,0.00203259
249,0.00205858
250,0.00201067
251,0.00203834
252,0.00205637
253,0.00201248
254,0.00204372
255,0.00204394
256,0.00202316
257,0.00205204
258,0.00203371
259,0.00201311
260,0.00204101
261,0.00201717
262,0.00198395
263,0.00205051
264,0.00200496
265,0.00203721
266,0.00205401
267,0.00211402
268,0.00205931
269,0.00209831
270,0.00210654
271,0.00211951
272,0.00215495
273,0.00208459
274,0.00202871
275,0.00206854
276,0.00199484
277,0.00196441
278,0.00192856
279,0.0019484
280,0.00193303
281,0.00193984
282,0.00191479
283,0.00195661
284,0.0019066
285,0.0019288
286,0.00190939
287,0.00190562
288,0.0019256
289,0.0019026
290,0.00192345
291,0.00194243
292,0.00191095
293,0.00191486
294,0.00195455
295,0.00196802
296,0.00194169
297,0.00192726
298,0.0019496
299,0.0019495
300,0.00192411
301,0.00189142
302,0.00193739
303,0.00191773
304,0.00184524
305,0.00193819
306,0.00183908
307,0.00194365
308,0.0018622
309,0.00191636
310,0.00187009
311,0.00190582
312,0.00188755
313,0.0018916
314,0.00184377
315,0.00186033
316,0.0018384
317,0.00188874
318,0.00189807
319,0.00184335
320,0.00185631
321,0.00187156
322,0.00188566
323,0.00185513
324,0.00186554
325,0.0018607
326,0.00188355
327,0.00196906
328,0.00186877
329,0.00193813
330,0.00202991
331,0.00216083
332,0.00225614
333,0.00242482
334,0.00264369
335,0.00289436
336,0.00313892
337,0.00349798
338,0.00364054
339,0.00355909
340,0.00337379
341,0.00312522
342,0.00293313
343,0.00274922
344,0.0025697
345,0.00241891
346,0.00232999
347,0.00222992
348,0.00218929
349,0.00209156
350,0.00207127
351,0.00204732
352,0.00200227
353,0.00198565
354,0.00199183
355,0.00196214
356,0.00197481
357,0.00193392
358,0.00194071
359,0.00192738
360,0.00189859
361,0.00192102
362,0.00189747
363,0.00197703
364,0.00187184
365,0.00187587
366,0.00193161
367,0.00196279
368,0.00198701
369,0.00201791
370,0.00210409
371,0.00211496
372,0.00223216
373,0.00230885
374,0.00245048
375,0.00255425
376,0.00277009
377,0.00300452
378,0.00320755
379,0.0033511
380,0.00330705
381,0.00316489
382,0.00298159
383,0.00278142
384,0.00265041
385,0.00245159
386,0.00235185
387,0.00222488
388,0.00212091
389,0.00205095
390,0.00194737
391,0.00190201
392,0.00191782
393,0.00186548
394,0.00194004
395,0.00199434
396,0.00214409
397,0.00222301
398,0.00246047
399,0.00272953
