2,0.00239793
3,0.00683509
4,0.0106706
5,0.013988
6,0.0167683
7,0.0191367
8,0.0211662
9,0.0228599
10,0.0243685
11,0.0257342
12,0.0269305
13,0.0280466
14,0.0291527
15,0.0301965
16,0.0311855
17,0.0321804
18,0.0331608
19,0.0340594
20,0.034966
21,0.0358615
22,0.0366695
23,0.0374422
24,0.0382194
25,0.0389354
26,0.0396136
27,0.0403062
28,0.0409656
29,0.0415769
30,0.0422034
31,0.0428159
32,0.0433806
33,0.0439279
34,0.0444782
35,0.0450183
36,0.0455581
37,0.0461156
38,0.046671
39,0.0472408
40,0.0478173
41,0.0483973
42,0.0489923
43,0.0495875
44,0.0501753
45,0.0507351
46,0.0512712
47,0.0517833
48,0.0522862
49,0.0527802
50,0.0532697
51,0.0537439
52,0.0542062
53,0.0546467
54,0.0550589
55,0.0554407
56,0.0558246
57,0.0562126
58,0.0566119
59,0.0569941
60,0.0573603
61,0.057672
62,0.0579581
63,0.0582444
64,0.0585643
65,0.0588856
66,0.0591982
67,0.0594744
68,0.0597119
69,0.0599398
70,0.0601807
71,0.0604445
72,0.060708
73,0.0609432
74,0.0611549
75,0.0613513
76,0.0615489
77,0.0617539
78,0.0619661
79,0.0621691
80,0.0623481
81,0.0625235
82,0.0626991
83,0.0628816
84,0.0630595
85,0.0632333
86,0.0633964
87,0.0635512
88,0.0637014
89,0.0638586
90,0.0640116
91,0.0641616
92,0.0642953
93,0.0644325
94,0.0645645
95,0.0647016
96,0.0648344
97,0.0649716
98,0.0650954
99,0.065206
100,0.0653206
101,0.0654245
102,0.0655343
103,0.0656354
104,0.0657382
105,0.065839
106,0.065943
107,0.0660461
108,0.0661409
109,0.0662469
110,0.0663444
111,0.0664447
112,0.0665458
113,0.0666465
114,0.0667454
115,0.0668463
116,0.0669448
117,0.0670392
118,0.0671398
119,0.0672367
120,0.0673343
121,0.0674231
122,0.0675182
123,0.0676031
124,0.0676832
125,0.0677534
126,0.0678216
127,0.0678828
128,0.0679482
129,0.0680131
130,0.0680926
131,0.0681623
132,0.0682347
133,0.0683009
134,0.0683703
135,0.0684441
136,0.0685113
137,0.068584
138,0.068648
139,0.0687178
140,0.0687823
141,0.0688475
142,0.0689093
143,0.0689755
144,0.0690361
145,0.0691037
146,0.0691694
147,0.0692451
148,0.0693209
149,0.0694015
150,0.0694784
151,0.0695554
152,0.0696316
153,0.0697036
154,0.0697776
155,0.0698469
156,0.0699144
157,0.0699853
158,0.07005
159,0.0701193
160,0.0701908
161,0.0702619
162,0.0703323
163,0.0704047
164,0.0704741
165,0.0705431
166,0.0706089
167,0.0706755
168,0.0707469
169,0.0708081
170,0.0708768
171,0.0709377
172,0.0710046
173,0.0710706
174,0.0711351
175,0.0712026
176,0.0712649
177,0.0713311
178,0.0713947
179,0.0714589
180,0.071521
181,0.0715848
182,0.0716436
183,0.0717041
184,0.0717555
185,0.0718032
186,0.0718431
187,0.0718868
188,0.0719283
189,0.0719687
190,0.0720066
191,0.0720505
192,0.0720896
193,0.0721284
194,0.0721727
195,0.072216
196,0.072258
197,0.0723043
198,0.0723503
199,0.0723922
200,0.0724365
201,0.0724755
202,0.0725148
203,0.0725596
204,0.072603
205,0.0726575
206,0.0727022
207,0.0727567
208,0.0728019
209,0.0728523
210,0.0728989
211,0.0729531
212,0.0729985
213,0.073051
214,0.0730948
215,0.0731434
216,0.0731852
217,0.07323
218,0.0732662
219,0.0733074
220,0.0733464
221,0.0733816
222,0.073419
223,0.0734557
224,0.0734925
225,0.0735299
226,0.0735729
227,0.0736082
228,0.0736667
229,0.0737247
230,0.0737961
231,0.0738579
232,0.0739233
233,0.073988
234,0.0740481
235,0.0741101
236,0.074163
237,0.0742235
238,0.0742723
239,0.0743246
240,0.0743758
241,0.074423
242,0.074469
243,0.0745172
244,0.0745592
245,0.0745997
246,0.0746452
247,0.0746861
248,0.0747299
249,0.0747766
250,0.0748145
251,0.074865
252,0.0749043
253,0.07495
254,0.0749921
255,0.075032
256,0.0750744
257,0.0751132
258,0.0751519
259,0.0751882
260,0.0752277
261,0.0752609
262,0.0752953
263,0.0753294
264,0.0753682
265,0.0753956
266,0.0754344
267,0.0754636
268,0.0755037
269,0.0755353
270,0.0755732
271,0.0756104
272,0.0756462
273,0.0756956
274,0.0757384
275,0.075796
276,0.075841
277,0.0758904
278,0.0759374
279,0.0759827
280,0.0760246
281,0.0760706
282,0.0761095
283,0.0761539
284,0.0761982
285,0.0762334
286,0.0762795
287,0.0763162
288,0.0763592
289,0.0763957
290,0.0764381
291,0.0764766
292,0.0765174
293,0.076556
294,0.076597
295,0.076632
296,0.0766756
297,0.076711
298,0.0767531
299,0.0767869
300,0.0768232
301,0.0768531
302,0.0768883
303,0.0769201
304,0.0769569
305,0.0769934
306,0.0770245
307,0.0770617
308,0.0771009
309,0.077136
310,0.0771715
311,0.0772047
312,0.0772348
313,0.0772653
314,0.0772978
315,0.0773279
316,0.0773576
317,0.0773945
318,0.0774301
319,0.0774684
320,0.0774974
321,0.077534
322,0.0775664
323,0.0776026
324,0.0776405
325,0.0776829
326,0.0777198
327,0.077758
328,0.0778008
329,0.0778458
330,0.0778946
331,0.0779461
332,0.0780028
333,0.0780574
334,0.0781163
335,0.0781739
336,0.0782371
337,0.0782991
338,0.0783441
339,0.0783718
340,0.0783829
341,0.0783954
342,0.07841
343,0.0784204
344,0.0784358
345,0.0784555
346,0.0784718
347,0.0784953
348,0.078515
349,0.0785419
350,0.0785673
351,0.0785937
352,0.078623
353,0.078652
354,0.0786812
355,0.0787104
356,0.0787436
357,0.0787768
358,0.0788059
359,0.0788339
360,0.0788621
361,0.078892
362,0.0789203
363,0.0789544
364,0.078987
365,0.0790203
366,0.079052
367,0.0790901
368,0.0791304
369,0.0791647
370,0.079201
371,0.0792417
372,0.0792828
373,0.0793264
374,0.079374
375,0.0794194
376,0.079469
377,0.0795244
378,0.0795737
379,0.0796118
380,0.0796359
381,0.0796511
382,0.079661
383,0.0796725
384,0.0796842
385,0.0796948
386,0.0797083
387,0.0797207
388,0.0797313
389,0.0797464
390,0.0797579
391,0.079773
392,0.0797852
393,0.079789
394,0.0798034
395,0.0798036
396,0.0798141
397,0.0798146
398,0.0798216
399,0.079819
