2,0.935822
3,0.826831
4,0.742184
5,0.675282
6,0.621517
7,0.577834
8,0.541139
9,0.510533
10,0.48417
11,0.461061
12,0.441398
13,0.424695
14,0.409378
15,0.395303
16,0.382779
17,0.370953
18,0.359601
19,0.348611
20,0.337661
21,0.32708
22,0.316473
23,0.305776
24,0.295759
25,0.286089
26,0.276046
27,0.265347
28,0.255549
29,0.246542
30,0.237399
31,0.228455
32,0.221165
33,0.214508
34,0.207454
35,0.200724
36,0.195084
37,0.188818
38,0.181969
39,0.175954
40,0.169958
41,0.163452
42,0.156835
43,0.150888
44,0.144183
45,0.137357
46,0.131678
47,0.125866
48,0.119697
49,0.114231
50,0.108789
51,0.102753
52,0.097203
53,0.0923865
54,0.0879879
55,0.084193
56,0.080527
57,0.07644
58,0.0722586
59,0.0681079
60,0.0641735
61,0.0612647
62,0.0590085
63,0.0564981
64,0.0536605
65,0.0502911
66,0.0471851
67,0.0445346
68,0.0424382
69,0.0408019
70,0.0390639
71,0.0368513
72,0.0344045
73,0.0322657
74,0.0305056
75,0.0289338
76,0.0275905
77,0.0261962
78,0.0247464
79,0.0231549
80,0.0218435
81,0.0205971
82,0.0193204
83,0.0179964
84,0.0169203
85,0.0158651
86,0.0149885
87,0.0140497
88,0.0132422
89,0.0121857
90,0.0112324
91,0.0103836
92,0.00990194
93,0.00931343
94,0.00875841
95,0.00808375
96,0.00740496
97,0.00657343
98,0.00605909
99,0.00565468
100,0.00536107
101,0.00512715
102,0.00487964
103,0.00476519
104,0.00444786
105,0.0043148
106,0.00406475
107,0.00402594
108,0.00378027
109,0.00363953
110,0.00336215
111,0.00324008
112,0.00292405
113,0.00282755
114,0.00253942
115,0.00244852
116,0.00222885
117,0.00222427
118,0.002091
119,0.0020319
120,0.00199485
121,0.00202299
122,0.00209052
123,0.00210259
124,0.0021381
125,0.00213319
126,0.00221278
127,0.00221903
128,0.00231809
129,0.00231129
130,0.00234194
131,0.00242203
132,0.00241006
133,0.00246506
134,0.00245141
135,0.00254058
136,0.00249564
137,0.00249945
138,0.00255156
139,0.00252901
140,0.00257936
141,0.00262779
142,0.00266451
143,0.00266274
144,0.00273428
145,0.00276129
146,0.00275985
147,0.00271702
148,0.00265435
149,0.00256257
150,0.0025086
151,0.00242047
152,0.00242849
153,0.00237671
154,0.00235338
155,0.00233224
156,0.00232322
157,0.00229179
158,0.00231801
159,0.00229328
160,0.00233341
161,0.00229866
162,0.00235355
163,0.0023301
164,0.00238696
165,0.00235945
166,0.00246178
167,0.00244195
168,0.00246896
169,0.00252023
170,0.00253886
171,0.00257845
172,0.00258454
173,0.00264443
174,0.00268301
175,0.00276142
176,0.0028081
177,0.00284301
178,0.00294366
179,0.00299453
180,0.00305545
181,0.00304348
182,0.00314192
183,0.00308633
184,0.00309433
185,0.00298912
186,0.00285376
187,0.00270356
188,0.0025752
189,0.00239832
190,0.00238472
191,0.00219816
192,0.00212042
193,0.00195045
194,0.00192609
195,0.00179485
196,0.00172326
197,0.00160467
198,0.00153364
199,0.00141005
200,0.00129707
201,0.00124006
202,0.00122675
203,0.000960175
204,0.000920394
205,0.00107278
206,0.00125041
207,0.0012971
208,0.00137628
209,0.00136174
210,0.00139149
211,0.00137835
212,0.00138942
213,0.00138524
214,0.00139199
215,0.00140463
216,0.00148989
217,0.00151694
218,0.00159968
219,0.00171304
220,0.00176532
221,0.00192859
222,0.00206006
223,0.00221576
224,0.00233521
225,0.00247275
226,0.00260959
227,0.00272515
228,0.00270894
229,0.0025569
230,0.00242499
231,0.0022671
232,0.00210588
233,0.00201021
234,0.00198635
235,0.00191359
236,0.0019485
237,0.00192533
238,0.00193013
239,0.00189621
240,0.00196282
241,0.00196542
242,0.00195989
243,0.0019701
244,0.00197494
245,0.00200708
246,0.00200822
247,0.00200376
248,0.00202332
249,0.0019928
250,0.00199413
251,0.0019883
252,0.00206777
253,0.00198573
254,0.00201723
255,0.0020098
256,0.0020428
257,0.00199967
258,0.00203692
259,0.0020257
260,0.00203957
261,0.00200579
262,0.00202575
263,0.00201645
264,0.00201541
265,0.00203673
266,0.00205193
267,0.00208954
268,0.00213453
269,0.0020914
270,0.00212245
271,0.00212309
272,0.00215746
273,0.00210571
274,0.00208946
275,0.00199236
276,0.00195744
277,0.00197195
278,0.00195136
279,0.00194109
280,0.00192421
281,0.0019414
282,0.00192786
283,0.00194556
284,0.00194518
285,0.00190826
286,0.00189149
287,0.00192348
288,0.00190416
289,0.00194435
290,0.00190425
291,0.0019524
292,0.00192847
293,0.00194409
294,0.00190953
295,0.00194425
296,0.00195652
297,0.00190994
298,0.00196542
299,0.0019832
300,0.00193212
301,0.00192522
302,0.00190425
303,0.00191519
304,0.00189611
305,0.00189283
306,0.00187257
307,0.00190765
308,0.00190324
309,0.00190482
310,0.00188989
311,0.00193227
312,0.00189781
313,0.00188491
314,0.00185739
315,0.0018543
316,0.00186729
317,0.00190152
318,0.00186951
319,0.00188843
320,0.00186791
321,0.00184307
322,0.00187015
323,0.00190823
324,0.00187258
325,0.00191572
326,0.0018377
327,0.00190554
328,0.001954
329,0.00200771
330,0.00204198
331,0.00213124
332,0.00229394
333,0.00250416
334,0.00273127
335,0.00295612
336,0.00324568
337,0.00355974
338,0.0036903
339,0.00358065
340,0.00334999
341,0.00314841
342,0.00292981
343,0.00275909
344,0.00258715
345,0.00245688
346,0.00233168
347,0.00224073
348,0.00216003
349,0.00211488
350,0.00205915
351,0.00204318
352,0.00202454
353,0.00200718
354,0.0019845
355,0.00198171
356,0.00200621
357,0.00198423
358,0.00198752
359,0.00195944
360,0.00194823
361,0.00193157
362,0.00190663
363,0.00192013
364,0.0018989
365,0.001928
366,0.00196051
367,0.00202018
368,0.00205243
369,0.00207823
370,0.00210528
371,0.00221284
372,0.00225699
373,0.00241838
374,0.00252429
375,0.00273664
376,0.00286159
377,0.0031506
378,0.00332766
379,0.00342097
380,0.00332138
381,0.00317633
382,0.00298445
383,0.00279152
384,0.00265037
385,0.0024588
386,0.00234574
387,0.00220921
388,0.0021064
389,0.00203896
390,0.0019676
391,0.0018932
392,0.00192286
393,0.00187927
394,0.00195537
395,0.0020095
396,0.00208325
397,0.00227219
398,0.00244313
399,0.00274683
