2,0.00240906
3,0.00688708
4,0.0106835
5,0.0138915
6,0.0166188
7,0.0189495
8,0.0209933
9,0.0227736
10,0.0243643
11,0.0258048
12,0.027081
13,0.0282115
14,0.0292712
15,0.0302656
16,0.0311789
17,0.0320524
18,0.0328988
19,0.0337225
20,0.0345417
21,0.0353385
22,0.0361348
23,0.036934
24,0.0376953
25,0.0384362
26,0.0391956
27,0.0399899
28,0.0407341
29,0.0414342
30,0.0421406
31,0.0428351
32,0.0434365
33,0.0440009
34,0.0445861
35,0.0451517
36,0.0456537
37,0.0461896
38,0.0467577
39,0.0472765
40,0.0477933
41,0.0483381
42,0.0488889
43,0.0493992
44,0.0499536
45,0.0505134
46,0.0510064
47,0.0515053
48,0.0520256
49,0.0525026
50,0.0529781
51,0.0534881
52,0.053969
53,0.0544041
54,0.054815
55,0.055187
56,0.0555514
57,0.0559393
58,0.0563335
59,0.056723
60,0.0571007
61,0.0574129
62,0.0576864
63,0.0579714
64,0.0582786
65,0.0586148
66,0.058937
67,0.0592269
68,0.059485
69,0.0597095
70,0.0599433
71,0.060201
72,0.060478
73,0.0607297
74,0.0609619
75,0.0611755
76,0.0613794
77,0.06158
78,0.0617887
79,0.062
80,0.0621986
81,0.0623857
82,0.0625802
83,0.0627703
84,0.062951
85,0.0631214
86,0.0632874
87,0.0634485
88,0.0636089
89,0.0637756
90,0.063944
91,0.064096
92,0.0642308
93,0.0643643
94,0.0645014
95,0.0646387
96,0.0647831
97,0.0649273
98,0.0650568
99,0.0651698
100,0.0652798
101,0.0653868
102,0.0654964
103,0.065603
104,0.065715
105,0.0658218
106,0.0659264
107,0.0660245
108,0.0661259
109,0.0662284
110,0.0663303
111,0.066432
112,0.0665369
113,0.0666352
114,0.0667404
115,0.0668396
116,0.0669398
117,0.0670341
118,0.0671291
119,0.0672309
120,0.0673282
121,0.0674234
122,0.0675191
123,0.0676066
124,0.0676777
125,0.0677532
126,0.0678153
127,0.0678859
128,0.0679439
129,0.0680176
130,0.0680906
131,0.068162
132,0.0682342
133,0.0682996
134,0.0683691
135,0.0684384
136,0.0685125
137,0.0685827
138,0.0686501
139,0.0687149
140,0.0687801
141,0.0688439
142,0.0689085
143,0.0689758
144,0.0690387
145,0.0691025
146,0.0691711
147,0.069243
148,0.0693187
149,0.0693999
150,0.0694762
151,0.0695556
152,0.0696318
153,0.0697058
154,0.0697759
155,0.0698456
156,0.0699156
157,0.0699817
158,0.0700522
159,0.0701195
160,0.0701905
161,0.0702609
162,0.0703327
163,0.0704056
164,0.0704754
165,0.0705426
166,0.0706134
167,0.0706766
168,0.0707468
169,0.070812
170,0.070876
171,0.0709422
172,0.0710058
173,0.071072
174,0.0711379
175,0.0712019
176,0.071267
177,0.0713336
178,0.071398
179,0.0714614
180,0.0715249
181,0.0715857
182,0.0716497
183,0.0717023
184,0.0717583
185,0.071805
186,0.0718455
187,0.0718886
188,0.0719281
189,0.0719656
190,0.0720107
191,0.0720513
192,0.0720887
193,0.0721318
194,0.0721711
195,0.0722137
196,0.0722589
197,0.0723049
198,0.0723483
199,0.0723928
200,0.0724333
201,0.0724746
202,0.0725143
203,0.0725595
204,0.0726034
205,0.0726549
206,0.0727034
207,0.0727517
208,0.0728008
209,0.0728496
210,0.0729001
211,0.0729476
212,0.0730004
213,0.073048
214,0.0730967
215,0.073143
216,0.0731824
217,0.0732281
218,0.0732677
219,0.0733051
220,0.0733464
221,0.0733794
222,0.0734171
223,0.0734528
224,0.0734938
225,0.0735299
226,0.0735696
227,0.0736087
228,0.0736618
229,0.0737229
230,0.07379
231,0.0738552
232,0.0739198
233,0.0739844
234,0.0740461
235,0.0741054
236,0.0741622
237,0.0742205
238,0.0742713
239,0.074324
240,0.0743745
241,0.0744215
242,0.0744658
243,0.0745173
244,0.0745557
245,0.0745995
246,0.0746425
247,0.0746851
248,0.0747296
249,0.0747741
250,0.0748187
251,0.0748592
252,0.0749092
253,0.074946
254,0.0749914
255,0.0750311
256,0.0750725
257,0.0751112
258,0.0751505
259,0.0751901
260,0.075225
261,0.0752619
262,0.0752953
263,0.0753306
264,0.0753648
265,0.0753968
266,0.0754317
267,0.0754648
268,0.0755004
269,0.075537
270,0.0755737
271,0.0756068
272,0.0756451
273,0.0756941
274,0.0757417
275,0.0757936
276,0.075841
277,0.0758908
278,0.0759357
279,0.075982
280,0.076026
281,0.0760682
282,0.0761119
283,0.0761551
284,0.0761942
285,0.0762395
286,0.0762773
287,0.0763195
288,0.0763597
289,0.0763986
290,0.0764385
291,0.0764775
292,0.0765189
293,0.0765573
294,0.0765974
295,0.0766332
296,0.0766783
297,0.0767098
298,0.076755
299,0.0767871
300,0.0768233
301,0.076854
302,0.0768892
303,0.0769216
304,0.0769555
305,0.0769934
306,0.0770263
307,0.0770631
308,0.0771007
309,0.0771363
310,0.0771696
311,0.0772057
312,0.077236
313,0.077268
314,0.077297
315,0.0773289
316,0.0773577
317,0.0773956
318,0.0774319
319,0.0774635
320,0.0775018
321,0.0775331
322,0.0775673
323,0.0776056
324,0.0776425
325,0.0776829
326,0.0777201
327,0.0777619
328,0.0778035
329,0.0778483
330,0.0778978
331,0.0779504
332,0.078006
333,0.0780622
334,0.0781207
335,0.0781772
336,0.0782414
337,0.0783019
338,0.0783482
339,0.0783701
340,0.0783829
341,0.0783968
342,0.0784089
343,0.0784217
344,0.0784376
345,0.0784543
346,0.0784724
347,0.0784925
348,0.0785187
349,0.0785427
350,0.0785653
351,0.0785955
352,0.0786238
353,0.0786545
354,0.0786811
355,0.0787141
356,0.0787457
357,0.0787783
358,0.0788092
359,0.0788359
360,0.0788639
361,0.0788929
362,0.0789224
363,0.0789579
364,0.0789882
365,0.0790214
366,0.0790583
367,0.0790939
368,0.0791326
369,0.0791676
370,0.0792037
371,0.0792485
372,0.0792839
373,0.0793337
374,0.0793772
375,0.0794293
376,0.0794722
377,0.0795311
378,0.0795773
379,0.0796179
380,0.0796364
381,0.0796516
382,0.0796628
383,0.0796715
384,0.0796873
385,0.0796926
386,0.0797092
387,0.0797179
388,0.0797313
389,0.0797461
390,0.0797605
391,0.0797733
392,0.079784
393,0.0797931
394,0.0797991
395,0.0798048
396,0.0798119
397,0.0798144
398,0.0798216
399,0.0798176
