2,0.936224
3,0.830146
4,0.748597
5,0.685608
6,0.636296
7,0.594773
8,0.560799
9,0.530806
10,0.502346
11,0.476444
12,0.453897
13,0.431875
14,0.411903
15,0.395637
16,0.381303
17,0.368934
18,0.359896
19,0.351359
20,0.342173
21,0.333206
22,0.323867
23,0.313258
24,0.302358
25,0.291649
26,0.279838
27,0.268252
28,0.25731
29,0.246229
30,0.235793
31,0.225943
32,0.216668
33,0.208015
34,0.200712
35,0.1941
36,0.188342
37,0.183256
38,0.178731
39,0.17432
40,0.170179
41,0.16593
42,0.16172
43,0.157185
44,0.152331
45,0.147105
46,0.141992
47,0.136564
48,0.13091
49,0.124824
50,0.118722
51,0.112133
52,0.105669
53,0.0997215
54,0.0945784
55,0.0899125
56,0.0856808
57,0.081305
58,0.0771636
59,0.0728939
60,0.0690345
61,0.065748
62,0.0629429
63,0.0602044
64,0.0571659
65,0.0539805
66,0.0508923
67,0.047983
68,0.0457973
69,0.0437433
70,0.0418442
71,0.039557
72,0.0371617
73,0.0349788
74,0.0330066
75,0.0312848
76,0.0297476
77,0.028203
78,0.0266291
79,0.0249419
80,0.0236044
81,0.0222012
82,0.0208888
83,0.0194712
84,0.0182743
85,0.0171296
86,0.0161881
87,0.0151422
88,0.0142327
89,0.0131589
90,0.0121306
91,0.0112607
92,0.0105978
93,0.00993277
94,0.00937011
95,0.00864693
96,0.00787279
97,0.00715419
98,0.00656241
99,0.00611396
100,0.00575548
101,0.00549301
102,0.00518462
103,0.0050062
104,0.00467544
105,0.00456636
106,0.00428215
107,0.00417
108,0.00393474
109,0.00376459
110,0.0035136
111,0.00334496
112,0.00304609
113,0.00290375
114,0.00264246
115,0.00253457
116,0.00229079
117,0.00223749
118,0.00212002
119,0.00206896
120,0.00203313
121,0.00199977
122,0.00206209
123,0.00204676
124,0.00209148
125,0.00213054
126,0.00212546
127,0.0022421
128,0.0022675
129,0.0023249
130,0.00231264
131,0.00236636
132,0.00235685
133,0.00244217
134,0.00251512
135,0.00248836
136,0.00245561
137,0.00249786
138,0.00253007
139,0.00256065
140,0.00259366
141,0.00267744
142,0.00260919
143,0.00273422
144,0.00271404
145,0.00275705
146,0.00276146
147,0.00272809
148,0.00264093
149,0.00258247
150,0.002501
151,0.00243331
152,0.00240456
153,0.00233234
154,0.002338
155,0.00230888
156,0.00237136
157,0.00227204
158,0.00233887
159,0.00228715
160,0.00230715
161,0.00228571
162,0.00233732
163,0.00233177
164,0.00239551
165,0.00237315
166,0.00242853
167,0.00241909
168,0.00249519
169,0.0025325
170,0.00257241
171,0.00257129
172,0.00261189
173,0.00267923
174,0.00270311
175,0.00276849
176,0.00281546
177,0.00288366
178,0.00291624
179,0.00298716
180,0.00304914
181,0.00311022
182,0.00312084
183,0.00317674
184,0.00309124
185,0.00301476
186,0.00285497
187,0.00268957
188,0.00251391
189,0.00243351
190,0.00232287
191,0.00213432
192,0.00206919
193,0.00192365
194,0.00180828
195,0.00173795
196,0.00161953
197,0.00151582
198,0.00134915
199,0.00133179
200,0.00115421
201,0.00107131
202,0.00076872
203,0.000922735
204,0.00111368
205,0.00125092
206,0.00134918
207,0.00138386
208,0.00140981
209,0.00143367
210,0.00139083
211,0.00141469
212,0.00140934
213,0.00139085
214,0.00138191
215,0.00147466
216,0.0014808
217,0.00154052
218,0.00163491
219,0.00172905
220,0.00183498
221,0.00196757
222,0.00210617
223,0.00222129
224,0.00238
225,0.00245225
226,0.002648
227,0.00273048
228,0.0027456
229,0.00256856
230,0.00240972
231,0.00225503
232,0.00212884
233,0.0019927
234,0.00193596
235,0.00193185
236,0.00190581
237,0.00185878
238,0.00186317
239,0.00189078
240,0.0019752
241,0.00196707
242,0.00193209
243,0.00199346
244,0.00196076
245,0.00200328
246,0.00202149
247,0.00197979
248,0.00197607
249,0.00204734
250,0.0020153
251,0.00198505
252,0.00200617
253,0.0020186
254,0.00199906
255,0.00201951
256,0.00201918
257,0.00199495
258,0.00202162
259,0.00201324
260,0.00204818
261,0.0020234
262,0.00203199
263,0.00198929
264,0.00202624
265,0.00204301
266,0.00207312
267,0.00207822
268,0.00208243
269,0.00210943
270,0.00211422
271,0.00213226
272,0.00214107
273,0.00210681
274,0.00209637
275,0.0020568
276,0.00193979
277,0.00197732
278,0.00190377
279,0.00195269
280,0.0018962
281,0.00196596
282,0.0018962
283,0.00194591
284,0.00192566
285,0.00194423
286,0.00188745
287,0.00196783
288,0.00188855
289,0.0019548
290,0.00192115
291,0.00193069
292,0.00189474
293,0.00194055
294,0.00191836
295,0.00196708
296,0.00193547
297,0.00195541
298,0.00193979
299,0.00199951
300,0.00191709
301,0.0019514
302,0.00190652
303,0.00185166
304,0.0019231
305,0.00190582
306,0.00187267
307,0.00191398
308,0.00192415
309,0.00187848
310,0.00192462
311,0.00187869
312,0.00188982
313,0.00190513
314,0.00186959
315,0.00184853
316,0.00187254
317,0.00186764
318,0.00185608
319,0.00189129
320,0.0019237
321,0.00186146
322,0.00187674
323,0.00184724
324,0.00190414
325,0.00186168
326,0.00189465
327,0.00185271
328,0.00190952
329,0.00198343
330,0.00205771
331,0.00218686
332,0.00232856
333,0.00254447
334,0.00277985
335,0.00299513
336,0.00330349
337,0.00357537
338,0.00371305
339,0.00360087
340,0.00337915
341,0.00318574
342,0.00287207
343,0.00279818
344,0.00256134
345,0.00245917
346,0.00233845
347,0.00223737
348,0.0021812
349,0.00209928
350,0.00206608
351,0.00205052
352,0.00203232
353,0.0020126
354,0.00203702
355,0.00199569
356,0.00200825
357,0.00198151
358,0.00198818
359,0.00198012
360,0.00190846
361,0.00192738
362,0.00191889
363,0.00195419
364,0.00195341
365,0.00193927
366,0.00201103
367,0.00202267
368,0.00208462
369,0.0021058
370,0.00213082
371,0.00222767
372,0.00228784
373,0.00244441
374,0.0025875
375,0.00273674
376,0.00295086
377,0.0032282
378,0.00339979
379,0.00348455
380,0.00333421
381,0.00320306
382,0.00294153
383,0.00282029
384,0.00262139
385,0.0024815
386,0.00233903
387,0.00222126
388,0.00210247
389,0.00204508
390,0.00195083
391,0.0019355
392,0.0018305
393,0.00192853
394,0.00191232
395,0.00203062
396,0.00212477
397,0.00228669
398,0.00246912
399,0.00271516
