2,0.00243372
3,0.0069017
4,0.0106307
5,0.0137218
6,0.0162672
7,0.0183684
8,0.0200977
9,0.0215824
10,0.0229628
11,0.024181
12,0.0252895
13,0.0264231
14,0.0275677
15,0.0286298
16,0.0297377
17,0.0308773
18,0.0318301
19,0.0327738
20,0.0337291
21,0.0345761
22,0.0354016
23,0.0362909
24,0.037109
25,0.0378822
26,0.0387334
27,0.0395468
28,0.0403031
29,0.0410983
30,0.0418549
31,0.0425456
32,0.0432504
33,0.0439458
34,0.0445672
35,0.0451631
36,0.045732
37,0.0462292
38,0.0466904
39,0.047138
40,0.0475648
41,0.0479834
42,0.0484151
43,0.0488545
44,0.0493011
45,0.0497554
46,0.0502184
47,0.0506888
48,0.0511835
49,0.0516848
50,0.0521957
51,0.0527051
52,0.0531998
53,0.0536887
54,0.0541489
55,0.0545937
56,0.0550219
57,0.0554308
58,0.0558299
59,0.0562184
60,0.0565885
61,0.056937
62,0.0572641
63,0.0575846
64,0.0579055
65,0.0582318
66,0.0585496
67,0.0588485
68,0.0591258
69,0.0593855
70,0.0596451
71,0.0599153
72,0.0601901
73,0.060454
74,0.0606888
75,0.0609208
76,0.0611364
77,0.0613627
78,0.0615915
79,0.0618113
80,0.0620197
81,0.0622117
82,0.0624023
83,0.0625968
84,0.0627973
85,0.0629869
86,0.0631658
87,0.0633355
88,0.0635011
89,0.0636662
90,0.063834
91,0.0639949
92,0.0641525
93,0.0642919
94,0.0644347
95,0.0645758
96,0.0647209
97,0.0648585
98,0.0649961
99,0.0651193
100,0.0652403
101,0.0653518
102,0.0654717
103,0.0655825
104,0.0656916
105,0.0657993
106,0.065901
107,0.0660013
108,0.0661055
109,0.0662121
110,0.0663139
111,0.0664155
112,0.066519
113,0.0666223
114,0.0667217
115,0.066829
116,0.0669315
117,0.0670272
118,0.0671197
119,0.0672178
120,0.0673189
121,0.0674185
122,0.0675227
123,0.067606
124,0.067679
125,0.0677444
126,0.0678138
127,0.0678815
128,0.0679504
129,0.0680186
130,0.0680925
131,0.068161
132,0.068233
133,0.0683004
134,0.0683673
135,0.0684371
136,0.0685101
137,0.0685812
138,0.0686495
139,0.0687116
140,0.0687778
141,0.0688382
142,0.0689039
143,0.0689725
144,0.069037
145,0.0691039
146,0.0691645
147,0.0692395
148,0.0693176
149,0.0693977
150,0.0694764
151,0.0695545
152,0.0696288
153,0.0697022
154,0.0697753
155,0.0698444
156,0.0699129
157,0.0699819
158,0.0700528
159,0.0701201
160,0.0701892
161,0.0702619
162,0.0703323
163,0.0704105
164,0.070474
165,0.0705446
166,0.0706128
167,0.0706798
168,0.0707493
169,0.0708152
170,0.0708793
171,0.0709434
172,0.0710107
173,0.0710733
174,0.0711435
175,0.0712048
176,0.0712713
177,0.0713351
178,0.0714021
179,0.0714669
180,0.0715273
181,0.0715915
182,0.0716501
183,0.071711
184,0.0717656
185,0.0718069
186,0.0718494
187,0.0718891
188,0.0719303
189,0.0719714
190,0.07201
191,0.0720533
192,0.0720878
193,0.0721327
194,0.0721711
195,0.0722157
196,0.0722579
197,0.0723025
198,0.0723469
199,0.0723908
200,0.0724346
201,0.0724734
202,0.0725106
203,0.0725545
204,0.0726012
205,0.0726508
206,0.0726985
207,0.0727494
208,0.072794
209,0.0728492
210,0.0728917
211,0.0729448
212,0.0729958
213,0.0730449
214,0.0730907
215,0.073137
216,0.0731807
217,0.0732259
218,0.0732625
219,0.073303
220,0.0733408
221,0.0733765
222,0.0734132
223,0.0734513
224,0.0734881
225,0.0735279
226,0.0735625
227,0.0736051
228,0.0736511
229,0.0737163
230,0.0737825
231,0.0738475
232,0.0739149
233,0.0739767
234,0.0740408
235,0.0740984
236,0.074157
237,0.0742154
238,0.0742676
239,0.0743191
240,0.0743694
241,0.0744177
242,0.0744655
243,0.0745105
244,0.0745559
245,0.0745964
246,0.0746415
247,0.074683
248,0.0747275
249,0.0747738
250,0.0748172
251,0.0748599
252,0.0749035
253,0.0749449
254,0.0749902
255,0.0750291
256,0.0750704
257,0.0751076
258,0.0751505
259,0.0751872
260,0.0752254
261,0.0752595
262,0.0752941
263,0.075327
264,0.0753625
265,0.0753949
266,0.0754303
267,0.0754634
268,0.0754983
269,0.0755307
270,0.0755694
271,0.0756061
272,0.0756428
273,0.0756897
274,0.0757371
275,0.0757895
276,0.0758381
277,0.0758894
278,0.0759334
279,0.0759799
280,0.0760236
281,0.0760674
282,0.0761124
283,0.0761562
284,0.0761966
285,0.0762373
286,0.0762802
287,0.0763212
288,0.0763607
289,0.0764011
290,0.0764399
291,0.0764806
292,0.0765219
293,0.0765578
294,0.0766001
295,0.0766368
296,0.0766762
297,0.0767176
298,0.0767535
299,0.0767901
300,0.0768245
301,0.0768564
302,0.0768875
303,0.0769238
304,0.0769595
305,0.076992
306,0.077028
307,0.0770631
308,0.0771035
309,0.0771355
310,0.077175
311,0.0772036
312,0.0772368
313,0.0772665
314,0.0773
315,0.077326
316,0.0773615
317,0.0773947
318,0.0774295
319,0.0774672
320,0.0775023
321,0.0775337
322,0.077568
323,0.0776061
324,0.0776441
325,0.0776849
326,0.0777247
327,0.0777655
328,0.0778039
329,0.0778535
330,0.0779029
331,0.0779608
332,0.0780103
333,0.0780697
334,0.0781277
335,0.0781899
336,0.0782535
337,0.0783117
338,0.0783521
339,0.0783748
340,0.0783832
341,0.0783994
342,0.0784096
343,0.0784238
344,0.0784365
345,0.078454
346,0.0784745
347,0.0784957
348,0.0785189
349,0.0785433
350,0.0785706
351,0.0785961
352,0.0786274
353,0.0786579
354,0.0786873
355,0.0787155
356,0.0787531
357,0.0787808
358,0.0788132
359,0.0788398
360,0.0788693
361,0.0788975
362,0.0789299
363,0.0789622
364,0.0789947
365,0.0790294
366,0.0790641
367,0.0791017
368,0.0791391
369,0.0791749
370,0.079218
371,0.0792542
372,0.0792943
373,0.0793453
374,0.0793905
375,0.079439
376,0.079486
377,0.0795428
378,0.0795913
379,0.0796256
380,0.0796412
381,0.0796558
382,0.0796611
383,0.0796754
384,0.0796843
385,0.0796956
386,0.0797089
387,0.0797201
388,0.0797328
389,0.0797439
390,0.0797625
391,0.0797725
392,0.0797835
393,0.0797889
394,0.0798001
395,0.0798037
396,0.0798117
397,0.0798117
398,0.0798169
399,0.0798181
