2,0.935168
3,0.826468
4,0.743469
5,0.679265
6,0.629545
7,0.590803
8,0.560741
9,0.53616
10,0.513865
11,0.494994
12,0.47837
13,0.461182
14,0.443756
15,0.427989
16,0.411303
17,0.394007
18,0.380391
19,0.366925
20,0.353232
21,0.341591
22,0.330338
23,0.317856
24,0.306709
25,0.296379
26,0.284588
27,0.273492
28,0.26343
29,0.252654
30,0.242573
31,0.23367
32,0.224504
33,0.215492
34,0.207782
35,0.200507
36,0.19369
37,0.188104
38,0.183125
39,0.178344
40,0.173902
41,0.169565
42,0.164977
43,0.160225
44,0.15533
45,0.150277
46,0.145065
47,0.139699
48,0.133917
49,0.128002
50,0.121928
51,0.115859
52,0.11004
53,0.104294
54,0.0990328
55,0.0940096
56,0.0892614
57,0.0848083
58,0.0805187
59,0.0763766
60,0.0725366
61,0.0690216
62,0.0658624
63,0.0627734
64,0.059679
65,0.0564703
66,0.0534073
67,0.0506093
68,0.0481779
69,0.0459757
70,0.0437977
71,0.0414007
72,0.0389552
73,0.0366325
74,0.0347931
75,0.0329529
76,0.0313802
77,0.0296073
78,0.0278051
79,0.0260914
80,0.0245907
81,0.0232986
82,0.0220347
83,0.020667
84,0.0192356
85,0.0179214
86,0.0168014
87,0.015773
88,0.0148358
89,0.0138326
90,0.0128362
91,0.0118877
92,0.0109996
93,0.0103569
94,0.00968768
95,0.00897393
96,0.00825057
97,0.00755756
98,0.00690316
99,0.00637016
100,0.00591864
101,0.00566162
102,0.00528291
103,0.00505257
104,0.00478475
105,0.00460093
106,0.00438431
107,0.00427365
108,0.00399666
109,0.00380324
110,0.00355902
111,0.00339719
112,0.00313677
113,0.00297834
114,0.00273062
115,0.0025424
116,0.00228279
117,0.0022861
118,0.00217104
119,0.00213214
120,0.00199819
121,0.0019709
122,0.00206663
123,0.00201441
124,0.00200899
125,0.00208185
126,0.00213854
127,0.00214828
128,0.00225754
129,0.00227639
130,0.00225739
131,0.002333
132,0.00235411
133,0.00234905
134,0.00244423
135,0.00247101
136,0.00248389
137,0.00249872
138,0.00249614
139,0.00259702
140,0.00255479
141,0.00268135
142,0.00268871
143,0.00270375
144,0.00273293
145,0.00274544
146,0.00283665
147,0.00273616
148,0.00266074
149,0.00259899
150,0.0025246
151,0.00244268
152,0.00238811
153,0.00235741
154,0.00227416
155,0.00238372
156,0.00230243
157,0.00232884
158,0.0022484
159,0.00234932
160,0.0022691
161,0.00231588
162,0.00231901
163,0.00237212
164,0.00236328
165,0.00242749
166,0.00242149
167,0.00245803
168,0.00248657
169,0.00252509
170,0.00254335
171,0.00261146
172,0.00259521
173,0.00264813
174,0.00270673
175,0.00277299
176,0.00281782
177,0.00289052
178,0.0029537
179,0.00303199
180,0.00303981
181,0.00311747
182,0.00313448
183,0.00317551
184,0.0031248
185,0.00298494
186,0.00288269
187,0.00266728
188,0.00252617
189,0.0023883
190,0.00227921
191,0.00214148
192,0.00199514
193,0.00184137
194,0.00170773
195,0.00164759
196,0.00148161
197,0.00132751
198,0.00121092
199,0.00113605
200,0.000991773
201,0.000650489
202,0.00088886
203,0.00111844
204,0.0012798
205,0.00136762
206,0.00138661
207,0.00140518
208,0.00146302
209,0.00138508
210,0.00145172
211,0.00142043
212,0.00142447
213,0.00141632
214,0.00142058
215,0.0014413
216,0.00151787
217,0.00154894
218,0.00164913
219,0.0017086
220,0.00186414
221,0.00201797
222,0.00212756
223,0.0022278
224,0.00240067
225,0.00247208
226,0.00267363
227,0.00271602
228,0.00277818
229,0.00258146
230,0.00243392
231,0.00222126
232,0.0020915
233,0.00200614
234,0.00193586
235,0.00189366
236,0.00186645
237,0.00187688
238,0.00187014
239,0.0018745
240,0.00189055
241,0.00194183
242,0.00194135
243,0.00192507
244,0.00197053
245,0.00193374
246,0.001942
247,0.00196226
248,0.00204514
249,0.00198578
250,0.00202727
251,0.0019824
252,0.00202715
253,0.00197731
254,0.00202602
255,0.00201657
256,0.00204678
257,0.00197258
258,0.00199861
259,0.00199945
260,0.00200986
261,0.00196894
262,0.00200912
263,0.00202472
264,0.00201513
265,0.0020424
266,0.00206892
267,0.00213329
268,0.00208627
269,0.00214436
270,0.00211217
271,0.0021611
272,0.00216061
273,0.00208444
274,0.00207794
275,0.00203789
276,0.00197808
277,0.00198662
278,0.00189339
279,0.00195265
280,0.0019199
281,0.00192729
282,0.00190597
283,0.00193011
284,0.00192708
285,0.00193812
286,0.00195324
287,0.00190533
288,0.00194008
289,0.00197451
290,0.00187795
291,0.00192569
292,0.00193965
293,0.00195299
294,0.00190641
295,0.00197284
296,0.0019014
297,0.00194885
298,0.00192519
299,0.00199426
300,0.00195825
301,0.00191137
302,0.00193093
303,0.00190578
304,0.00190559
305,0.00190368
306,0.00187944
307,0.00193618
308,0.00189559
309,0.00193094
310,0.00189436
311,0.00189057
312,0.00185516
313,0.00187889
314,0.0019035
315,0.00187739
316,0.00186798
317,0.00183589
318,0.00185273
319,0.00186815
320,0.00188554
321,0.00186893
322,0.00180774
323,0.00187309
324,0.00186016
325,0.00187329
326,0.00190176
327,0.00187087
328,0.00190461
329,0.00200662
330,0.002073
331,0.00223885
332,0.002308
333,0.00258452
334,0.00278274
335,0.00307132
336,0.00337265
337,0.00365204
338,0.00374155
339,0.00360311
340,0.00333913
341,0.00318247
342,0.00293331
343,0.00274298
344,0.00256181
345,0.00244733
346,0.00233575
347,0.0022412
348,0.00218488
349,0.00213826
350,0.00208968
351,0.00206471
352,0.0020335
353,0.00200882
354,0.00202838
355,0.00196909
356,0.00202206
357,0.00200606
358,0.0020215
359,0.00194893
360,0.00196943
361,0.00194867
362,0.00193463
363,0.00195371
364,0.00195246
365,0.00198526
366,0.00199634
367,0.00200273
368,0.00210235
369,0.00211212
370,0.00221168
371,0.00226492
372,0.002311
373,0.00250264
374,0.00263623
375,0.00282489
376,0.00299731
377,0.00328039
378,0.00344612
379,0.00353161
380,0.00336349
381,0.00319216
382,0.00295738
383,0.00283276
384,0.00260912
385,0.00245314
386,0.00233095
387,0.00223618
388,0.00215524
389,0.00199328
390,0.00200721
391,0.00187442
392,0.00189392
393,0.00186485
394,0.00192488
395,0.00200199
396,0.00214924
397,0.00228198
398,0.00249652
399,0.00272158
