2,0.935874
3,0.82866
4,0.745664
5,0.681792
6,0.63269
7,0.593973
8,0.564392
9,0.540348
10,0.519371
11,0.502045
12,0.48738
13,0.471967
14,0.45647
15,0.442051
16,0.426146
17,0.410128
18,0.396278
19,0.382163
20,0.366724
21,0.353567
22,0.340538
23,0.326661
24,0.314462
25,0.303027
26,0.291114
27,0.280524
28,0.270912
29,0.260796
30,0.251484
31,0.242817
32,0.233592
33,0.224405
34,0.216243
35,0.208357
36,0.200907
37,0.194626
38,0.188854
39,0.183473
40,0.178523
41,0.173809
42,0.168982
43,0.164147
44,0.159056
45,0.154
46,0.148702
47,0.143346
48,0.137723
49,0.131876
50,0.125802
51,0.11987
52,0.113997
53,0.108373
54,0.10297
55,0.0978912
56,0.0929271
57,0.0883304
58,0.0840135
59,0.0797468
60,0.0758429
61,0.0720271
62,0.0685216
63,0.0652053
64,0.0620722
65,0.0589164
66,0.0559504
67,0.0529234
68,0.0502309
69,0.0477701
70,0.0454446
71,0.0430534
72,0.0406681
73,0.0384001
74,0.0362916
75,0.0342618
76,0.0325332
77,0.0308016
78,0.0289753
79,0.0272414
80,0.0256341
81,0.0242068
82,0.022846
83,0.0215293
84,0.0201116
85,0.0187541
86,0.0174913
87,0.0163273
88,0.0153496
89,0.0143136
90,0.0133754
91,0.0123156
92,0.0115305
93,0.0106824
94,0.0100306
95,0.00928524
96,0.00859518
97,0.00785655
98,0.00724682
99,0.00660744
100,0.00612933
101,0.00573106
102,0.00539456
103,0.00512741
104,0.00481835
105,0.00469127
106,0.00444856
107,0.00427653
108,0.00406755
109,0.00390046
110,0.00358474
111,0.00342663
112,0.00316293
113,0.00299198
114,0.00275909
115,0.00256949
116,0.00238594
117,0.00227501
118,0.00218954
119,0.00210265
120,0.00199281
121,0.00196812
122,0.00199683
123,0.00199367
124,0.00209155
125,0.00204996
126,0.0020754
127,0.00209962
128,0.00223182
129,0.00219122
130,0.00232126
131,0.00234785
132,0.00234244
133,0.00236711
134,0.00242378
135,0.00245811
136,0.00243316
137,0.00248837
138,0.00250781
139,0.00254436
140,0.00264732
141,0.0026387
142,0.00268173
143,0.00267955
144,0.00275656
145,0.00274938
146,0.00279816
147,0.00269797
148,0.00268615
149,0.00255999
150,0.00251787
151,0.00244375
152,0.00237197
153,0.00235828
154,0.00235423
155,0.00232757
156,0.00231755
157,0.00232241
158,0.00232987
159,0.0023513
160,0.00225941
161,0.00231305
162,0.00228282
163,0.00232981
164,0.00235822
165,0.00241499
166,0.00242011
167,0.00245796
168,0.00242065
169,0.00256112
170,0.00254394
171,0.00259761
172,0.00264876
173,0.00266007
174,0.00269704
175,0.00281045
176,0.00282182
177,0.00292065
178,0.0029435
179,0.00299006
180,0.00309661
181,0.00311762
182,0.00318093
183,0.00316179
184,0.00313751
185,0.00298915
186,0.00283994
187,0.00266135
188,0.00250404
189,0.00235096
190,0.00220654
191,0.00209368
192,0.00194491
193,0.0017028
194,0.00162588
195,0.00148067
196,0.00135773
197,0.00119455
198,0.00106112
199,0.000878054
200,0.000540167
201,0.000772236
202,0.00108
203,0.00125004
204,0.00131722
205,0.00140937
206,0.00143138
207,0.00140992
208,0.00143117
209,0.00142789
210,0.0014567
211,0.00145032
212,0.00139599
213,0.001422
214,0.00144826
215,0.00146111
216,0.00149855
217,0.00154347
218,0.00161642
219,0.00179043
220,0.00187919
221,0.00197468
222,0.00210718
223,0.00224538
224,0.00236677
225,0.00250399
226,0.0026318
227,0.00274677
228,0.0028279
229,0.00260245
230,0.00241435
231,0.00224316
232,0.00215125
233,0.00194436
234,0.00191288
235,0.00188227
236,0.00182832
237,0.00183452
238,0.00184741
239,0.0018917
240,0.00187167
241,0.001899
242,0.00188841
243,0.00196391
244,0.0019125
245,0.00196488
246,0.00197718
247,0.00197707
248,0.00199679
249,0.00193353
250,0.00199385
251,0.00199437
252,0.00198256
253,0.00199378
254,0.00200987
255,0.0019986
256,0.00197592
257,0.00200461
258,0.00199083
259,0.00202044
260,0.00196611
261,0.00201817
262,0.00197147
263,0.00202771
264,0.00200249
265,0.00206106
266,0.00206426
267,0.00209525
268,0.00213138
269,0.00210006
270,0.00209362
271,0.00215653
272,0.00215767
273,0.00214096
274,0.00205962
275,0.00202205
276,0.00201158
277,0.00197037
278,0.0019203
279,0.0019425
280,0.00191181
281,0.00195103
282,0.00187189
283,0.00193053
284,0.00194149
285,0.00194214
286,0.00188757
287,0.00194521
288,0.00192443
289,0.00192115
290,0.00191043
291,0.00194057
292,0.0019406
293,0.00195036
294,0.00191877
295,0.00193874
296,0.0019252
297,0.00196391
298,0.00199766
299,0.00196178
300,0.00190869
301,0.00197445
302,0.00188409
303,0.00190042
304,0.00188262
305,0.00192786
306,0.00186902
307,0.00188324
308,0.00189751
309,0.00190627
310,0.00191129
311,0.00186719
312,0.00190183
313,0.00187266
314,0.00187835
315,0.00184963
316,0.00183848
317,0.00182405
318,0.00187954
319,0.00183904
320,0.00187161
321,0.00188717
322,0.00182874
323,0.00185913
324,0.00184063
325,0.0018955
326,0.00186476
327,0.00191587
328,0.00196575
329,0.00200442
330,0.00204165
331,0.00220704
332,0.0023939
333,0.00256058
334,0.00281773
335,0.00313234
336,0.00342328
337,0.00373769
338,0.00378264
339,0.00362509
340,0.00338187
341,0.00315265
342,0.0029653
343,0.00270223
344,0.00260797
345,0.00243745
346,0.00237176
347,0.00223809
348,0.00216971
349,0.00214151
350,0.00211879
351,0.00208876
352,0.00201052
353,0.00206099
354,0.00202998
355,0.00201037
356,0.00200698
357,0.0019951
358,0.00200977
359,0.0020007
360,0.00197783
361,0.00198286
362,0.00193375
363,0.0019362
364,0.00198576
365,0.00199347
366,0.00203552
367,0.00204054
368,0.00211481
369,0.00214755
370,0.00222293
371,0.00228019
372,0.00242027
373,0.00253388
374,0.0027013
375,0.00286031
376,0.00310351
377,0.00330875
378,0.0035541
379,0.00351719
380,0.00342193
381,0.0031703
382,0.00301475
383,0.002799
384,0.00262216
385,0.00247042
386,0.00233825
387,0.00220522
388,0.00208534
389,0.00203654
390,0.00195941
391,0.00190338
392,0.00188488
393,0.00185378
394,0.00191075
395,0.00202915
396,0.00212678
397,0.00227717
398,0.00247659
399,0.00274187
