2,0.935978
3,0.828639
4,0.746536
5,0.682542
6,0.63305
7,0.595197
8,0.565868
9,0.542339
10,0.522593
11,0.505917
12,0.491486
13,0.476947
14,0.463262
15,0.450264
16,0.436231
17,0.421975
18,0.408222
19,0.393413
20,0.378499
21,0.364324
22,0.350415
23,0.336104
24,0.323405
25,0.311205
26,0.299056
27,0.287732
28,0.277513
29,0.267372
30,0.257894
31,0.248667
32,0.239709
33,0.231179
34,0.223229
35,0.215474
36,0.208236
37,0.201487
38,0.195155
39,0.189246
40,0.183754
41,0.178685
42,0.17369
43,0.168691
44,0.163384
45,0.158005
46,0.152595
47,0.147221
48,0.141711
49,0.136045
50,0.130127
51,0.124185
52,0.118209
53,0.112558
54,0.107161
55,0.101997
56,0.0969079
57,0.0922766
58,0.0877242
59,0.0834638
60,0.0792506
61,0.0752906
62,0.0715976
63,0.0679839
64,0.06479
65,0.0616261
66,0.0585635
67,0.0554153
68,0.0525126
69,0.0497732
70,0.0473582
71,0.0449262
72,0.0426601
73,0.0402388
74,0.0379476
75,0.0357631
76,0.0338648
77,0.0321414
78,0.0303294
79,0.0285811
80,0.0268296
81,0.0252642
82,0.0237663
83,0.0223791
84,0.0211292
85,0.0196574
86,0.0182987
87,0.0170153
88,0.015939
89,0.0148692
90,0.0139193
91,0.0129622
92,0.0120827
93,0.0111244
94,0.0103778
95,0.009588
96,0.00893217
97,0.00822402
98,0.00749982
99,0.00687011
100,0.00635699
101,0.00593793
102,0.00556457
103,0.00532638
104,0.00496719
105,0.00482837
106,0.00454504
107,0.00438349
108,0.00419837
109,0.00396831
110,0.00371368
111,0.00352441
112,0.00319062
113,0.00302647
114,0.00280241
115,0.002673
116,0.00245861
117,0.00233311
118,0.0021803
119,0.00212355
120,0.0020079
121,0.00201141
122,0.00197931
123,0.00198348
124,0.00203988
125,0.00204759
126,0.00211433
127,0.00214212
128,0.00217587
129,0.00218799
130,0.00229883
131,0.00230446
132,0.00234897
133,0.00237956
134,0.00239011
135,0.00243592
136,0.00243294
137,0.0024908
138,0.00250069
139,0.00257343
140,0.00259694
141,0.00264233
142,0.00268257
143,0.002688
144,0.00276905
145,0.00274222
146,0.00276767
147,0.00274853
148,0.0026596
149,0.00255641
150,0.00250311
151,0.00242718
152,0.00241249
153,0.00234971
154,0.00237052
155,0.00230882
156,0.00231624
157,0.00229466
158,0.00230452
159,0.00229638
160,0.00230275
161,0.00230806
162,0.00234076
163,0.0023315
164,0.00236134
165,0.0023752
166,0.00244006
167,0.00241613
168,0.00249695
169,0.00251631
170,0.00256904
171,0.0025728
172,0.0026306
173,0.00268508
174,0.00274785
175,0.00278838
176,0.00287192
177,0.00289585
178,0.0029668
179,0.00303521
180,0.0031193
181,0.0031338
182,0.00319641
183,0.00318307
184,0.00311886
185,0.00298238
186,0.00281559
187,0.00265256
188,0.00250334
189,0.0023087
190,0.00215273
191,0.00197668
192,0.00186164
193,0.00163736
194,0.00146567
195,0.00132392
196,0.00117832
197,0.0010251
198,0.000653468
199,0.000469472
200,0.000811302
201,0.00104153
202,0.00119802
203,0.00131853
204,0.00136089
205,0.00141808
206,0.00144982
207,0.00143066
208,0.00143883
209,0.00146101
210,0.00145169
211,0.00144408
212,0.00141963
213,0.00141847
214,0.0014765
215,0.00146878
216,0.00152347
217,0.00157762
218,0.00166404
219,0.00174534
220,0.00191712
221,0.00199389
222,0.00214876
223,0.00224281
224,0.00238353
225,0.00249953
226,0.00265043
227,0.00277809
228,0.0028126
229,0.00264014
230,0.00248364
231,0.00222884
232,0.00215276
233,0.00197032
234,0.0019282
235,0.00180991
236,0.00187198
237,0.00179939
238,0.00183947
239,0.00182164
240,0.00186436
241,0.00187368
242,0.00191469
243,0.00192914
244,0.00195133
245,0.00193555
246,0.00196881
247,0.00194576
248,0.00199255
249,0.00194823
250,0.00201072
251,0.00195591
252,0.00201763
253,0.00195163
254,0.00202848
255,0.00199009
256,0.00201533
257,0.00197067
258,0.00200686
259,0.00195982
260,0.00201053
261,0.00196777
262,0.00203898
263,0.00199035
264,0.00203927
265,0.00200605
266,0.00208306
267,0.00207098
268,0.00212093
269,0.00212264
270,0.00215764
271,0.00213805
272,0.00218609
273,0.00210927
274,0.00210513
275,0.00201641
276,0.00198307
277,0.00195854
278,0.00194267
279,0.00193096
280,0.0018988
281,0.0019266
282,0.00194369
283,0.00191208
284,0.00191304
285,0.00190522
286,0.00193517
287,0.00191269
288,0.00192439
289,0.00193536
290,0.00192182
291,0.00192618
292,0.00195049
293,0.00192816
294,0.00194808
295,0.00192759
296,0.00194543
297,0.00195076
298,0.00197117
299,0.00196875
300,0.00194605
301,0.00195658
302,0.00187478
303,0.00192585
304,0.00189364
305,0.00192522
306,0.00187145
307,0.00187772
308,0.00188908
309,0.00188542
310,0.00189415
311,0.00189408
312,0.00187918
313,0.0018485
314,0.00185519
315,0.00183361
316,0.00186676
317,0.00183575
318,0.00185559
319,0.00185827
320,0.00183729
321,0.0018391
322,0.00184282
323,0.00186643
324,0.00185977
325,0.00190418
326,0.00189606
327,0.00192179
328,0.00196675
329,0.00197441
330,0.00212639
331,0.00222695
332,0.00241945
333,0.00261112
334,0.00287618
335,0.00316659
336,0.00352703
337,0.00380754
338,0.00380957
339,0.00361314
340,0.00337883
341,0.00313739
342,0.00297977
343,0.0027464
344,0.00257886
345,0.00246027
346,0.0023397
347,0.00227205
348,0.00217069
349,0.0021469
350,0.00209589
351,0.0020888
352,0.00204206
353,0.00206755
354,0.00201359
355,0.00204816
356,0.00201503
357,0.00205784
358,0.00197564
359,0.0020149
360,0.00196533
361,0.00199024
362,0.00194481
363,0.00197609
364,0.00198361
365,0.00202396
366,0.00203816
367,0.00210411
368,0.00212959
369,0.00217921
370,0.00225738
371,0.00232588
372,0.00242413
373,0.00258889
374,0.00274467
375,0.00294142
376,0.00314166
377,0.00337919
378,0.00358576
379,0.0035536
380,0.0033919
381,0.00319164
382,0.00301617
383,0.00280786
384,0.00262591
385,0.00248006
386,0.00231316
387,0.0021991
388,0.00207109
389,0.00202351
390,0.00192885
391,0.00190889
392,0.00188407
393,0.00188549
394,0.00190532
395,0.00197893
396,0.00208518
397,0.00228705
398,0.00248033
399,0.00272346
