2,0.00242008
3,0.00688088
4,0.0106499
5,0.0137953
6,0.0163915
7,0.0184796
8,0.0202073
9,0.0216338
10,0.0228609
11,0.0239427
12,0.0249406
13,0.0258859
14,0.026817
15,0.027719
16,0.0286429
17,0.0295806
18,0.030521
19,0.0314621
20,0.0324402
21,0.0333898
22,0.034349
23,0.0353003
24,0.0362158
25,0.037087
26,0.0379578
27,0.0387812
28,0.0395554
29,0.040294
30,0.0409932
31,0.0416613
32,0.0423119
33,0.0429343
34,0.0435235
35,0.0440789
36,0.0446188
37,0.0451357
38,0.0456448
39,0.0461384
40,0.0466135
41,0.0470686
42,0.0475162
43,0.047974
44,0.0484461
45,0.0489351
46,0.0494128
47,0.049878
48,0.0503465
49,0.050826
50,0.0513159
51,0.0518205
52,0.0523357
53,0.0528197
54,0.0532681
55,0.0537048
56,0.0541452
57,0.0545786
58,0.055009
59,0.0554341
60,0.0558332
61,0.0561978
62,0.0565446
63,0.0569047
64,0.0572674
65,0.0576157
66,0.0579526
67,0.0582797
68,0.0585794
69,0.0588609
70,0.0591538
71,0.0594522
72,0.0597485
73,0.060021
74,0.0602867
75,0.0605347
76,0.0607692
77,0.0610066
78,0.0612574
79,0.0615063
80,0.0617359
81,0.0619483
82,0.0621545
83,0.0623486
84,0.0625446
85,0.0627527
86,0.0629635
87,0.0631581
88,0.0633358
89,0.0635088
90,0.0636763
91,0.0638431
92,0.0640101
93,0.0641821
94,0.0643425
95,0.0644903
96,0.0646285
97,0.0647645
98,0.0649006
99,0.0650314
100,0.065169
101,0.0652975
102,0.0654175
103,0.0655248
104,0.0656358
105,0.065741
106,0.0658514
107,0.0659573
108,0.0660668
109,0.0661712
110,0.0662711
111,0.0663772
112,0.0664825
113,0.0665848
114,0.0666865
115,0.066792
116,0.0668986
117,0.0670002
118,0.067097
119,0.0671944
120,0.0672976
121,0.0673996
122,0.0675049
123,0.0675959
124,0.0676708
125,0.0677361
126,0.0678088
127,0.0678752
128,0.0679499
129,0.068017
130,0.0680917
131,0.0681607
132,0.0682326
133,0.0683019
134,0.0683684
135,0.0684398
136,0.0685069
137,0.0685809
138,0.0686467
139,0.0687124
140,0.0687767
141,0.0688389
142,0.0689043
143,0.068971
144,0.0690347
145,0.0691037
146,0.069167
147,0.0692427
148,0.069317
149,0.0693983
150,0.0694745
151,0.0695532
152,0.0696287
153,0.0697027
154,0.0697744
155,0.0698455
156,0.069913
157,0.0699842
158,0.0700492
159,0.0701205
160,0.070191
161,0.0702643
162,0.0703351
163,0.0704118
164,0.0704781
165,0.0705496
166,0.0706142
167,0.070686
168,0.0707508
169,0.070821
170,0.0708853
171,0.0709488
172,0.071015
173,0.0710813
174,0.0711464
175,0.0712136
176,0.0712754
177,0.0713428
178,0.0714067
179,0.0714745
180,0.071536
181,0.0715997
182,0.0716632
183,0.0717175
184,0.0717717
185,0.0718135
186,0.0718552
187,0.0718917
188,0.0719367
189,0.0719735
190,0.0720166
191,0.0720515
192,0.0720957
193,0.0721314
194,0.0721752
195,0.0722129
196,0.0722609
197,0.0723021
198,0.0723466
199,0.072389
200,0.0724313
201,0.0724697
202,0.0725121
203,0.0725493
204,0.0726006
205,0.0726442
206,0.0726976
207,0.0727438
208,0.072794
209,0.072842
210,0.072889
211,0.0729405
212,0.0729903
213,0.0730395
214,0.0730857
215,0.0731327
216,0.0731741
217,0.0732209
218,0.0732578
219,0.0733006
220,0.0733334
221,0.0733741
222,0.0734081
223,0.0734485
224,0.0734809
225,0.0735222
226,0.0735572
227,0.0735938
228,0.0736387
229,0.0737002
230,0.0737713
231,0.0738353
232,0.073905
233,0.0739651
234,0.0740317
235,0.07409
236,0.0741497
237,0.0742047
238,0.0742614
239,0.0743126
240,0.0743634
241,0.0744126
242,0.0744633
243,0.0745075
244,0.0745553
245,0.0745966
246,0.0746399
247,0.0746821
248,0.0747266
249,0.0747722
250,0.0748135
251,0.0748589
252,0.0749012
253,0.0749442
254,0.0749872
255,0.075027
256,0.0750694
257,0.0751068
258,0.0751477
259,0.0751849
260,0.0752208
261,0.0752577
262,0.0752899
263,0.0753259
264,0.0753581
265,0.0753934
266,0.0754263
267,0.0754597
268,0.0754945
269,0.0755306
270,0.0755657
271,0.0756027
272,0.0756387
273,0.0756836
274,0.0757341
275,0.0757844
276,0.0758357
277,0.0758847
278,0.0759335
279,0.0759772
280,0.0760231
281,0.0760686
282,0.076112
283,0.0761563
284,0.0761971
285,0.0762394
286,0.07628
287,0.0763229
288,0.0763629
289,0.0764037
290,0.0764424
291,0.0764835
292,0.0765234
293,0.0765639
294,0.0766026
295,0.0766417
296,0.0766788
297,0.0767203
298,0.0767568
299,0.0767977
300,0.076827
301,0.0768616
302,0.0768876
303,0.0769289
304,0.076959
305,0.0769982
306,0.0770289
307,0.0770663
308,0.0771015
309,0.0771397
310,0.077174
311,0.0772069
312,0.0772367
313,0.0772702
314,0.0772958
315,0.0773314
316,0.0773605
317,0.0773959
318,0.077433
319,0.0774677
320,0.077503
321,0.0775355
322,0.0775724
323,0.077607
324,0.0776504
325,0.0776868
326,0.0777315
327,0.0777673
328,0.0778157
329,0.0778581
330,0.0779151
331,0.0779655
332,0.0780263
333,0.0780827
334,0.0781449
335,0.078207
336,0.0782761
337,0.0783312
338,0.0783628
339,0.0783759
340,0.0783854
341,0.0783975
342,0.0784113
343,0.0784247
344,0.0784411
345,0.0784571
346,0.0784778
347,0.0784997
348,0.0785228
349,0.0785481
350,0.0785747
351,0.0786035
352,0.0786324
353,0.0786636
354,0.0786929
355,0.0787267
356,0.0787594
357,0.0787901
358,0.0788198
359,0.078848
360,0.0788786
361,0.0789061
362,0.0789377
363,0.0789706
364,0.0790044
365,0.0790378
366,0.0790756
367,0.0791103
368,0.0791511
369,0.0791893
370,0.0792285
371,0.0792706
372,0.0793144
373,0.0793567
374,0.0794081
375,0.0794544
376,0.0795094
377,0.0795591
378,0.0796073
379,0.0796305
380,0.0796452
381,0.0796568
382,0.0796659
383,0.079676
384,0.0796865
385,0.0796977
386,0.0797057
387,0.0797212
388,0.0797311
389,0.0797479
390,0.079757
391,0.0797745
392,0.0797787
393,0.079793
394,0.0797968
395,0.0798058
396,0.0798068
397,0.0798132
398,0.0798134
399,0.079815
