2,0.00292189
3,0.00847861
4,0.0134582
5,0.0179319
6,0.0219743
7,0.0256037
8,0.0288361
9,0.031739
10,0.034375
11,0.0368026
12,0.0390227
13,0.0410582
14,0.0429641
15,0.0446859
16,0.0462252
17,0.0475784
18,0.048743
19,0.0497678
20,0.0506326
21,0.051268
22,0.0516678
23,0.0519471
24,0.0522056
25,0.0524724
26,0.052794
27,0.0531905
28,0.0536003
29,0.0539393
30,0.0542026
31,0.0544459
32,0.0547075
33,0.0549959
34,0.0553323
35,0.0556957
36,0.0560169
37,0.0562718
38,0.0564799
39,0.0567048
40,0.0569448
41,0.0572178
42,0.0575065
43,0.0577882
44,0.0580212
45,0.0582154
46,0.0583996
47,0.0585992
48,0.0588085
49,0.0590307
50,0.0592551
51,0.059461
52,0.0596425
53,0.0597965
54,0.0599575
55,0.0601241
56,0.0602971
57,0.0604786
58,0.0606563
59,0.0608186
60,0.0609613
61,0.0610991
62,0.0612405
63,0.0613839
64,0.061533
65,0.0616816
66,0.0618292
67,0.0619619
68,0.0620847
69,0.0622128
70,0.0623446
71,0.0624766
72,0.0626164
73,0.0627516
74,0.062881
75,0.0629956
76,0.0631092
77,0.0632191
78,0.0633314
79,0.0634435
80,0.06356
81,0.0636762
82,0.0637884
83,0.0638977
84,0.0640101
85,0.0641204
86,0.0642263
87,0.064336
88,0.0644393
89,0.0645447
90,0.0646462
91,0.064744
92,0.0648418
93,0.064939
94,0.0650368
95,0.0651303
96,0.0652231
97,0.0653219
98,0.0654136
99,0.0655106
100,0.0656064
101,0.0657024
102,0.0657968
103,0.065887
104,0.0659807
105,0.0660714
106,0.0661614
107,0.0662519
108,0.0663421
109,0.0664272
110,0.0665177
111,0.0666025
112,0.066691
113,0.0667743
114,0.0668576
115,0.0669419
116,0.0670253
117,0.067107
118,0.0671898
119,0.0672736
120,0.0673588
121,0.0674501
122,0.0675362
123,0.0676201
124,0.0676943
125,0.0677661
126,0.0678404
127,0.0679144
128,0.0679871
129,0.068062
130,0.0681352
131,0.0682057
132,0.0682799
133,0.0683502
134,0.0684256
135,0.0685003
136,0.0685719
137,0.0686478
138,0.0687188
139,0.0687896
140,0.0688609
141,0.0689289
142,0.0689948
143,0.0690581
144,0.0691189
145,0.0691802
146,0.0692443
147,0.0693214
148,0.069387
149,0.06946
150,0.0695213
151,0.0695938
152,0.0696526
153,0.0697165
154,0.069782
155,0.0698458
156,0.069909
157,0.0699684
158,0.0700353
159,0.070092
160,0.0701581
161,0.0702182
162,0.0702883
163,0.07035
164,0.0704236
165,0.070489
166,0.0705587
167,0.0706208
168,0.0706891
169,0.0707504
170,0.0708144
171,0.0708707
172,0.0709298
173,0.0709825
174,0.071043
175,0.071099
176,0.0711584
177,0.0712156
178,0.0712731
179,0.0713334
180,0.0713923
181,0.0714493
182,0.0715046
183,0.071561
184,0.0716148
185,0.0716722
186,0.0717266
187,0.0717762
188,0.0718294
189,0.0718732
190,0.0719271
191,0.0719754
192,0.0720283
193,0.0720808
194,0.0721291
195,0.072181
196,0.0722284
197,0.0722861
198,0.0723318
199,0.072386
200,0.0724335
201,0.0724883
202,0.0725387
203,0.072596
204,0.0726542
205,0.0727106
206,0.0727642
207,0.0728151
208,0.0728642
209,0.0729095
210,0.0729591
211,0.0730043
212,0.0730498
213,0.0730997
214,0.0731439
215,0.0731967
216,0.0732441
217,0.0732958
218,0.0733407
219,0.0733893
220,0.0734327
221,0.0734781
222,0.0735187
223,0.0735616
224,0.073602
225,0.0736499
226,0.0737032
227,0.0737634
228,0.0738149
229,0.0738693
230,0.0739213
231,0.0739765
232,0.0740277
233,0.0740791
234,0.0741289
235,0.074172
236,0.0742204
237,0.0742659
238,0.0743112
239,0.0743533
240,0.0743981
241,0.0744419
242,0.0744823
243,0.0745288
244,0.074565
245,0.0746073
246,0.0746427
247,0.0746795
248,0.0747213
249,0.074761
250,0.0747981
251,0.0748387
252,0.0748792
253,0.0749219
254,0.0749625
255,0.0750025
256,0.075044
257,0.0750853
258,0.0751249
259,0.0751658
260,0.0752115
261,0.0752447
262,0.0752939
263,0.0753286
264,0.0753764
265,0.0754134
266,0.0754602
267,0.0754932
268,0.0755382
269,0.0755726
270,0.0756113
271,0.0756461
272,0.0756879
273,0.0757322
274,0.0757753
275,0.0758162
276,0.0758565
277,0.0758969
278,0.0759326
279,0.0759698
280,0.076004
281,0.0760415
282,0.0760759
283,0.0761183
284,0.0761517
285,0.0761957
286,0.0762313
287,0.0762747
288,0.0763124
289,0.0763573
290,0.0763986
291,0.0764401
292,0.0764835
293,0.0765271
294,0.0765708
295,0.0766148
296,0.0766539
297,0.0766943
298,0.0767329
299,0.0767692
300,0.0768049
301,0.0768344
302,0.0768674
303,0.0769008
304,0.0769307
305,0.0769654
306,0.0770021
307,0.0770344
308,0.0770751
309,0.0771086
310,0.0771519
311,0.0771895
312,0.0772262
313,0.0772632
314,0.0772967
315,0.077333
316,0.0773678
317,0.0774054
318,0.0774441
319,0.0774767
320,0.0775106
321,0.0775452
322,0.0775761
323,0.0776078
324,0.0776379
325,0.0776712
326,0.0777007
327,0.0777315
328,0.0777627
329,0.077794
330,0.0778258
331,0.0778607
332,0.0778978
333,0.0779351
334,0.0779722
335,0.0780117
336,0.0780514
337,0.07809
338,0.0781309
339,0.0781715
340,0.0782164
341,0.0782613
342,0.0783084
343,0.0783442
344,0.0783745
345,0.0783966
346,0.0784178
347,0.0784358
348,0.0784547
349,0.07847
350,0.0784939
351,0.0785171
352,0.0785457
353,0.0785777
354,0.0786105
355,0.0786465
356,0.0786748
357,0.0787133
358,0.0787429
359,0.0787779
360,0.0788103
361,0.0788419
362,0.0788762
363,0.0789077
364,0.0789364
365,0.0789719
366,0.0790041
367,0.079038
368,0.0790673
369,0.0791028
370,0.0791349
371,0.079164
372,0.0791955
373,0.0792282
374,0.0792564
375,0.0792885
376,0.0793192
377,0.0793473
378,0.0793791
379,0.0794113
380,0.0794492
381,0.0794807
382,0.0795202
383,0.0795606
384,0.0796008
385,0.0796307
386,0.0796607
387,0.0796789
388,0.0797048
389,0.0797255
390,0.0797472
391,0.079771
392,0.0797942
393,0.0798203
394,0.079842
395,0.0798648
396,0.0798825
397,0.0799002
398,0.0799083
399,0.079913
