2,0.93529
3,0.825801
4,0.741285
5,0.675276
6,0.62377
7,0.584027
8,0.55313
9,0.529199
10,0.510292
11,0.494038
12,0.479724
13,0.466684
14,0.45405
15,0.441423
16,0.428449
17,0.415386
18,0.402053
19,0.388733
20,0.374849
21,0.360909
22,0.347345
23,0.334233
24,0.32135
25,0.308992
26,0.297069
27,0.285984
28,0.275862
29,0.266518
30,0.257824
31,0.250066
32,0.242533
33,0.235416
34,0.229057
35,0.223094
36,0.217443
37,0.212132
38,0.206908
39,0.201706
40,0.19677
41,0.191962
42,0.187202
43,0.18235
44,0.177062
45,0.171357
46,0.165688
47,0.160111
48,0.154548
49,0.148916
50,0.143217
51,0.137288
52,0.131285
53,0.125642
54,0.120518
55,0.115571
56,0.110566
57,0.105632
58,0.10071
59,0.0957518
60,0.0912152
61,0.087328
62,0.0837092
63,0.0798156
64,0.0758383
65,0.0719446
66,0.0683004
67,0.0647996
68,0.0619009
69,0.0591548
70,0.0563254
71,0.0530767
72,0.0501191
73,0.047337
74,0.0448885
75,0.0425872
76,0.0406605
77,0.0384749
78,0.0361614
79,0.0337225
80,0.0317258
81,0.0299126
82,0.0283359
83,0.0268092
84,0.0253442
85,0.0235676
86,0.0217899
87,0.0201714
88,0.0189353
89,0.0176844
90,0.016637
91,0.0154495
92,0.0143831
93,0.0130475
94,0.0119969
95,0.0110709
96,0.0103861
97,0.00966034
98,0.00899
99,0.00841573
100,0.00766641
101,0.00722375
102,0.00674376
103,0.00659994
104,0.00624194
105,0.00612336
106,0.00573785
107,0.00552391
108,0.00504676
109,0.00486584
110,0.00454041
111,0.00440145
112,0.00405086
113,0.00387472
114,0.00351704
115,0.00325508
116,0.00284657
117,0.00269647
118,0.00243388
119,0.00237799
120,0.00215247
121,0.00207162
122,0.00200182
123,0.00198537
124,0.00196687
125,0.00207117
126,0.0020713
127,0.00215103
128,0.00214312
129,0.00223797
130,0.00221669
131,0.00224142
132,0.002267
133,0.00232262
134,0.0023553
135,0.00236353
136,0.00238197
137,0.0024812
138,0.00242743
139,0.0024929
140,0.00254894
141,0.00262122
142,0.00263365
143,0.00268676
144,0.00271109
145,0.00276562
146,0.00268994
147,0.00271817
148,0.00262439
149,0.00255188
150,0.00248813
151,0.00239349
152,0.00237397
153,0.00235765
154,0.00231206
155,0.00234184
156,0.00234971
157,0.00228211
158,0.00231835
159,0.00230843
160,0.00228741
161,0.00231536
162,0.00229166
163,0.00228143
164,0.00235983
165,0.00238824
166,0.00246666
167,0.00245754
168,0.00250277
169,0.00257682
170,0.00256327
171,0.00261278
172,0.0026174
173,0.00273486
174,0.00277999
175,0.00284783
176,0.00286587
177,0.00296694
178,0.00302219
179,0.00309816
180,0.00310679
181,0.00320779
182,0.00325937
183,0.0032485
184,0.0031247
185,0.00304809
186,0.00282314
187,0.00263167
188,0.00242261
189,0.00225221
190,0.00201195
191,0.00176163
192,0.00157109
193,0.00127086
194,0.00111534
195,0.000600282
196,0.000417385
197,0.000754851
198,0.000873924
199,0.000993898
200,0.00101694
201,0.00109779
202,0.00126772
203,0.00130021
204,0.00135233
205,0.00136188
206,0.00140634
207,0.00136979
208,0.0014315
209,0.00139796
210,0.00145329
211,0.00145023
212,0.00138103
213,0.00140529
214,0.00141826
215,0.00143626
216,0.00150728
217,0.00155084
218,0.00166023
219,0.00176623
220,0.00187157
221,0.00197317
222,0.00214546
223,0.00222113
224,0.00240542
225,0.00247509
226,0.00265425
227,0.00277178
228,0.00284343
229,0.00266961
230,0.00247967
231,0.00226985
232,0.00211875
233,0.00200991
234,0.00192681
235,0.00178633
236,0.00178481
237,0.00173613
238,0.00175435
239,0.00179658
240,0.00180761
241,0.00183521
242,0.00182834
243,0.00186521
244,0.00188278
245,0.00189668
246,0.0019532
247,0.00193842
248,0.0019351
249,0.00197522
250,0.00194917
251,0.00198522
252,0.00194813
253,0.00199769
254,0.00195728
255,0.00197495
256,0.00201864
257,0.00200629
258,0.00195398
259,0.0019587
260,0.00202463
261,0.0020025
262,0.00196525
263,0.00199787
264,0.00200149
265,0.0020467
266,0.00207351
267,0.00207669
268,0.00214559
269,0.0021357
270,0.00216411
271,0.00216788
272,0.00216593
273,0.00213954
274,0.00207152
275,0.002041
276,0.00204165
277,0.00195668
278,0.0019089
279,0.00193924
280,0.00192028
281,0.00191826
282,0.00190753
283,0.00186496
284,0.0019431
285,0.00194565
286,0.00194805
287,0.00193927
288,0.00188328
289,0.00190517
290,0.00195592
291,0.00192175
292,0.00192748
293,0.00195664
294,0.00196717
295,0.00195453
296,0.00192919
297,0.00197675
298,0.00197468
299,0.00194271
300,0.00194086
301,0.00198354
302,0.00189776
303,0.00186576
304,0.00189989
305,0.00192465
306,0.00187518
307,0.00189393
308,0.00189215
309,0.0019147
310,0.00188836
311,0.0018432
312,0.00189854
313,0.00184832
314,0.00180147
315,0.00180683
316,0.0018812
317,0.00183558
318,0.00181566
319,0.0018787
320,0.00186338
321,0.00185935
322,0.00179921
323,0.00186254
324,0.00185181
325,0.00186083
326,0.00188562
327,0.00193047
328,0.00192141
329,0.00200782
330,0.00213423
331,0.00228545
332,0.00248793
333,0.00271564
334,0.0029838
335,0.00329532
336,0.00366895
337,0.00391548
338,0.0038722
339,0.00363482
340,0.00340075
341,0.00312687
342,0.00296552
343,0.00274078
344,0.00261444
345,0.00240564
346,0.0023716
347,0.00223551
348,0.00219449
349,0.00216201
350,0.00213676
351,0.00210388
352,0.00207431
353,0.00206752
354,0.00205526
355,0.00204533
356,0.0020612
357,0.00204693
358,0.00201829
359,0.00201409
360,0.00198881
361,0.00199302
362,0.00197309
363,0.00199263
364,0.00201145
365,0.00206284
366,0.0020613
367,0.00212817
368,0.00217823
369,0.002225
370,0.00234418
371,0.00243712
372,0.0025088
373,0.00266731
374,0.00285048
375,0.00305236
376,0.0032851
377,0.00351994
378,0.00367125
379,0.00359085
380,0.0034262
381,0.00319455
382,0.00300058
383,0.00282077
384,0.00264396
385,0.00246278
386,0.00231217
387,0.00222282
388,0.00206861
389,0.00197964
390,0.00196174
391,0.00189587
392,0.00186289
393,0.00187732
394,0.00190319
395,0.00195536
396,0.00210585
397,0.00228509
398,0.00248833
399,0.00274028
