2,0.00244787
3,0.00695607
4,0.0107603
5,0.0139556
6,0.0166102
7,0.0187976
8,0.0206181
9,0.0221181
10,0.0233927
11,0.0245309
12,0.0255306
13,0.0264759
14,0.0273939
15,0.0282915
16,0.0291987
17,0.0301145
18,0.031021
19,0.0319589
20,0.0328851
21,0.0337985
22,0.0347279
23,0.0356321
24,0.036491
25,0.037332
26,0.0381553
27,0.0389284
28,0.0396564
29,0.0403451
30,0.04098
31,0.0415726
32,0.0421477
33,0.0426822
34,0.0431888
35,0.0436715
36,0.0441304
37,0.044576
38,0.0450191
39,0.045463
40,0.0459018
41,0.0463399
42,0.0467826
43,0.047226
44,0.0476939
45,0.0481813
46,0.0486677
47,0.0491466
48,0.0496232
49,0.0500921
50,0.0505614
51,0.0510461
52,0.0515385
53,0.0520116
54,0.0524547
55,0.0528875
56,0.0533263
57,0.0537609
58,0.0541986
59,0.05464
60,0.0550576
61,0.0554336
62,0.0557921
63,0.0561665
64,0.0565502
65,0.0569244
66,0.0572925
67,0.0576417
68,0.0579615
69,0.0582589
70,0.0585727
71,0.0589012
72,0.0592254
73,0.0595244
74,0.0598144
75,0.0600802
76,0.0603321
77,0.0605865
78,0.0608634
79,0.0611379
80,0.0613923
81,0.0616225
82,0.0618451
83,0.062054
84,0.0622622
85,0.0624846
86,0.0627151
87,0.062928
88,0.0631231
89,0.0633091
90,0.0634879
91,0.0636654
92,0.0638468
93,0.0640354
94,0.0642122
95,0.0643719
96,0.0645184
97,0.0646612
98,0.0648022
99,0.0649406
100,0.0650822
101,0.0652173
102,0.0653399
103,0.0654531
104,0.0655645
105,0.0656727
106,0.0657828
107,0.0658938
108,0.066012
109,0.0661214
110,0.0662284
111,0.0663299
112,0.0664345
113,0.0665416
114,0.0666481
115,0.0667634
116,0.0668726
117,0.0669828
118,0.0670795
119,0.0671833
120,0.0672791
121,0.0673872
122,0.0674911
123,0.0675912
124,0.0676694
125,0.0677406
126,0.0678085
127,0.06788
128,0.0679492
129,0.0680229
130,0.0680974
131,0.0681701
132,0.0682403
133,0.0683083
134,0.0683754
135,0.0684425
136,0.0685125
137,0.0685827
138,0.0686516
139,0.0687163
140,0.0687807
141,0.0688422
142,0.0689102
143,0.0689721
144,0.069039
145,0.0691034
146,0.0691713
147,0.0692422
148,0.0693214
149,0.0693988
150,0.069478
151,0.0695526
152,0.0696327
153,0.0697037
154,0.0697778
155,0.0698446
156,0.0699153
157,0.0699826
158,0.0700529
159,0.0701202
160,0.0701929
161,0.0702656
162,0.0703385
163,0.0704112
164,0.0704817
165,0.070552
166,0.0706195
167,0.0706891
168,0.0707564
169,0.0708234
170,0.0708889
171,0.0709525
172,0.0710196
173,0.0710862
174,0.0711532
175,0.0712168
176,0.0712847
177,0.0713484
178,0.0714165
179,0.071479
180,0.0715455
181,0.0716068
182,0.0716702
183,0.0717254
184,0.0717753
185,0.0718192
186,0.0718566
187,0.0718994
188,0.071938
189,0.0719795
190,0.072017
191,0.0720564
192,0.0720943
193,0.0721337
194,0.0721728
195,0.0722163
196,0.07226
197,0.0723034
198,0.0723461
199,0.0723877
200,0.0724312
201,0.0724694
202,0.0725096
203,0.0725493
204,0.072596
205,0.0726462
206,0.072693
207,0.0727443
208,0.0727902
209,0.0728403
210,0.0728867
211,0.0729386
212,0.0729869
213,0.0730372
214,0.0730821
215,0.0731281
216,0.0731734
217,0.0732151
218,0.0732574
219,0.073293
220,0.0733337
221,0.0733687
222,0.073406
223,0.0734431
224,0.0734814
225,0.0735153
226,0.0735552
227,0.0735876
228,0.0736334
229,0.0736935
230,0.073762
231,0.0738286
232,0.0738944
233,0.0739597
234,0.0740234
235,0.0740847
236,0.0741442
237,0.0742018
238,0.0742567
239,0.0743106
240,0.0743607
241,0.07441
242,0.0744579
243,0.0745065
244,0.0745517
245,0.0745956
246,0.0746384
247,0.074681
248,0.0747254
249,0.0747689
250,0.0748142
251,0.0748566
252,0.0749007
253,0.0749432
254,0.0749859
255,0.0750257
256,0.0750677
257,0.0751057
258,0.0751455
259,0.0751844
260,0.0752202
261,0.0752562
262,0.0752871
263,0.0753243
264,0.0753541
265,0.0753926
266,0.0754219
267,0.0754613
268,0.07549
269,0.0755296
270,0.0755611
271,0.0756005
272,0.075636
273,0.0756825
274,0.075731
275,0.0757841
276,0.0758328
277,0.075884
278,0.0759321
279,0.0759792
280,0.0760226
281,0.0760667
282,0.0761125
283,0.0761559
284,0.076198
285,0.0762396
286,0.0762821
287,0.0763233
288,0.076366
289,0.0764047
290,0.0764457
291,0.0764828
292,0.0765267
293,0.0765656
294,0.0766048
295,0.0766424
296,0.0766829
297,0.0767222
298,0.0767599
299,0.0767976
300,0.0768308
301,0.0768607
302,0.076892
303,0.0769282
304,0.0769622
305,0.0769977
306,0.0770313
307,0.077066
308,0.0771035
309,0.0771408
310,0.0771754
311,0.0772083
312,0.0772394
313,0.0772685
314,0.0772998
315,0.0773297
316,0.0773627
317,0.0773965
318,0.0774345
319,0.0774693
320,0.0775044
321,0.0775373
322,0.0775732
323,0.0776107
324,0.0776498
325,0.0776924
326,0.0777335
327,0.0777732
328,0.0778196
329,0.0778659
330,0.0779208
331,0.0779748
332,0.0780339
333,0.0780931
334,0.078155
335,0.0782187
336,0.078284
337,0.0783389
338,0.0783656
339,0.0783767
340,0.0783873
341,0.0783974
342,0.0784132
343,0.0784242
344,0.0784421
345,0.0784586
346,0.0784784
347,0.0785018
348,0.0785243
349,0.0785523
350,0.0785782
351,0.0786085
352,0.0786373
353,0.078668
354,0.0786979
355,0.0787304
356,0.0787639
357,0.0787958
358,0.0788244
359,0.0788522
360,0.0788827
361,0.0789108
362,0.0789419
363,0.0789756
364,0.0790088
365,0.0790456
366,0.0790806
367,0.0791213
368,0.0791574
369,0.0791973
370,0.0792376
371,0.0792803
372,0.0793239
373,0.07937
374,0.0794196
375,0.0794668
376,0.0795209
377,0.0795716
378,0.079613
379,0.0796341
380,0.079646
381,0.0796586
382,0.0796665
383,0.0796802
384,0.0796868
385,0.0796978
386,0.0797073
387,0.0797209
388,0.0797329
389,0.0797465
390,0.0797584
391,0.079771
392,0.0797817
393,0.0797907
394,0.0797966
395,0.0798043
396,0.0798056
397,0.0798106
398,0.0798117
399,0.0798142
