2,0.93479
3,0.825099
4,0.740336
5,0.673792
6,0.62172
7,0.581231
8,0.549353
9,0.524634
10,0.504756
11,0.487675
12,0.473384
13,0.460096
14,0.447256
15,0.434741
16,0.42197
17,0.408981
18,0.396145
19,0.38267
20,0.36942
21,0.356406
22,0.343092
23,0.33025
24,0.318269
25,0.306612
26,0.295285
27,0.28487
28,0.275274
29,0.266373
30,0.258437
31,0.251225
32,0.244308
33,0.238075
34,0.23232
35,0.226945
36,0.221962
37,0.217168
38,0.2124
39,0.207578
40,0.202818
41,0.198039
42,0.19317
43,0.18825
44,0.182904
45,0.177195
46,0.171501
47,0.165908
48,0.160356
49,0.154908
50,0.149458
51,0.143719
52,0.137863
53,0.132306
54,0.127264
55,0.122357
56,0.117364
57,0.11241
58,0.107422
59,0.102334
60,0.0976588
61,0.0936342
62,0.089907
63,0.0858806
64,0.0817311
65,0.0776977
66,0.0737866
67,0.0701314
68,0.0669842
69,0.0641262
70,0.0610495
71,0.0576715
72,0.0544162
73,0.0514839
74,0.0487456
75,0.0463213
76,0.0441715
77,0.0418889
78,0.0393272
79,0.0367181
80,0.0344941
81,0.0325434
82,0.0307882
83,0.0291612
84,0.0276062
85,0.0257479
86,0.0238234
87,0.022089
88,0.0207033
89,0.0193471
90,0.0181776
91,0.016946
92,0.015703
93,0.0142742
94,0.0130905
95,0.0120742
96,0.0112922
97,0.0105156
98,0.00979612
99,0.00910379
100,0.00835773
101,0.00777645
102,0.00732324
103,0.0070779
104,0.0067679
105,0.00656194
106,0.00620487
107,0.00594437
108,0.00543773
109,0.00519213
110,0.00481414
111,0.00468377
112,0.00432567
113,0.00410949
114,0.0036978
115,0.00335612
116,0.00295604
117,0.00269636
118,0.00247574
119,0.00236062
120,0.00221431
121,0.00205428
122,0.00194071
123,0.00195504
124,0.00195507
125,0.00199643
126,0.00206607
127,0.00212656
128,0.00214126
129,0.00218413
130,0.00218222
131,0.00219956
132,0.00226485
133,0.00223242
134,0.00230627
135,0.00235518
136,0.00239921
137,0.00239128
138,0.00243544
139,0.00245206
140,0.0024978
141,0.00258338
142,0.0026221
143,0.00268131
144,0.00270123
145,0.00273937
146,0.0027219
147,0.00268571
148,0.00266523
149,0.00253675
150,0.00243192
151,0.00240541
152,0.00236452
153,0.00232449
154,0.00232794
155,0.00232611
156,0.00229972
157,0.00232378
158,0.00227543
159,0.00226472
160,0.00229563
161,0.00231528
162,0.00231521
163,0.00237164
164,0.00233953
165,0.00240706
166,0.00243787
167,0.00249118
168,0.00254053
169,0.00256609
170,0.00259749
171,0.00265004
172,0.00260585
173,0.00276798
174,0.00274932
175,0.00286319
176,0.00292528
177,0.00296063
178,0.00305788
179,0.00310751
180,0.00319116
181,0.00321845
182,0.00327025
183,0.00326161
184,0.00316334
185,0.00300269
186,0.00279793
187,0.00263474
188,0.00241884
189,0.00221216
190,0.00192419
191,0.00159998
192,0.00135948
193,0.00103175
194,0.000516677
195,0.000661517
196,0.000843801
197,0.000885535
198,0.000943611
199,0.000992965
200,0.00102114
201,0.0011308
202,0.00118524
203,0.00131235
204,0.0013561
205,0.00135603
206,0.00140614
207,0.00135813
208,0.00140097
209,0.0013967
210,0.00146823
211,0.00143149
212,0.00143369
213,0.00143436
214,0.00144176
215,0.00148044
216,0.00148829
217,0.00156243
218,0.00162989
219,0.00179381
220,0.00185775
221,0.00203106
222,0.00214663
223,0.00228119
224,0.00237754
225,0.00251907
226,0.00261779
227,0.00280538
228,0.0028132
229,0.00269925
230,0.00246501
231,0.00229572
232,0.00212913
233,0.00201361
234,0.00185728
235,0.00179037
236,0.00176541
237,0.00171113
238,0.00172431
239,0.00174841
240,0.00176746
241,0.00183034
242,0.00182612
243,0.00180143
244,0.00189685
245,0.00186809
246,0.00188994
247,0.00192732
248,0.00191621
249,0.00196375
250,0.00192815
251,0.00193551
252,0.00198712
253,0.00194711
254,0.00195614
255,0.00197523
256,0.00200238
257,0.00197608
258,0.0019811
259,0.00193889
260,0.00197594
261,0.00200031
262,0.00201458
263,0.0019942
264,0.00204429
265,0.0020092
266,0.00208038
267,0.00203774
268,0.00214944
269,0.00215099
270,0.00220538
271,0.00215902
272,0.00220136
273,0.00213259
274,0.00210282
275,0.00200923
276,0.00203888
277,0.00195773
278,0.00196018
279,0.00190459
280,0.0019105
281,0.00188978
282,0.00192814
283,0.00186302
284,0.00189822
285,0.00192144
286,0.00190036
287,0.00193603
288,0.00195993
289,0.00192071
290,0.00191637
291,0.00194266
292,0.00197545
293,0.00197385
294,0.00198239
295,0.0019445
296,0.00195983
297,0.0019757
298,0.00194217
299,0.00197259
300,0.00195556
301,0.00193274
302,0.00190922
303,0.00193654
304,0.00189199
305,0.00191853
306,0.0018501
307,0.00191288
308,0.00189832
309,0.0018662
310,0.00188593
311,0.00186407
312,0.00187115
313,0.00186173
314,0.00184731
315,0.00184084
316,0.00180449
317,0.00180672
318,0.00185663
319,0.00185473
320,0.00185895
321,0.00182971
322,0.00177735
323,0.0018409
324,0.00188342
325,0.00186118
326,0.00186919
327,0.00192021
328,0.00198575
329,0.00199256
330,0.00217743
331,0.00229697
332,0.00254175
333,0.00276488
334,0.0030369
335,0.00334335
336,0.00372116
337,0.00395589
338,0.00386543
339,0.00362897
340,0.00338571
341,0.00313155
342,0.00298287
343,0.00272802
344,0.00260853
345,0.00244351
346,0.00233223
347,0.00227837
348,0.00221553
349,0.00214323
350,0.00211393
351,0.00212414
352,0.0020989
353,0.00210196
354,0.00205608
355,0.00204172
356,0.00207759
357,0.00206925
358,0.00203829
359,0.00202071
360,0.00202051
361,0.00199218
362,0.00204913
363,0.00199074
364,0.00201844
365,0.00202688
366,0.00211279
367,0.00216495
368,0.00219866
369,0.00225317
370,0.00235117
371,0.0024758
372,0.00261222
373,0.00274567
374,0.00292372
375,0.00309288
376,0.0033695
377,0.0035679
378,0.00368803
379,0.00361695
380,0.00342073
381,0.00322676
382,0.00300493
383,0.00285778
384,0.00262329
385,0.0024936
386,0.00232647
387,0.00217969
388,0.0021044
389,0.00197026
390,0.00197213
391,0.0018645
392,0.00187553
393,0.00182793
394,0.00190019
395,0.0019572
396,0.00212964
397,0.00228741
398,0.00249614
399,0.00274143
