2,0.00246105
3,0.00701302
4,0.0108551
5,0.0140647
6,0.0167247
7,0.0189153
8,0.0207226
9,0.0222357
10,0.0235347
11,0.0246781
12,0.0257018
13,0.026656
14,0.0275948
15,0.0285021
16,0.0294087
17,0.0303192
18,0.0312224
19,0.0321481
20,0.0330851
21,0.0340132
22,0.0349153
23,0.0357759
24,0.0366341
25,0.0374502
26,0.0382325
27,0.0389886
28,0.0396838
29,0.0403398
30,0.0409568
31,0.0415183
32,0.0420618
33,0.042578
34,0.0430487
35,0.0435046
36,0.0439347
37,0.0443602
38,0.0447782
39,0.0452001
40,0.0456244
41,0.0460492
42,0.0464681
43,0.0469036
44,0.0473595
45,0.0478375
46,0.0483197
47,0.0487986
48,0.0492697
49,0.0497355
50,0.0501909
51,0.0506677
52,0.0511525
53,0.0516191
54,0.0520561
55,0.0524848
56,0.0529219
57,0.0533526
58,0.0537951
59,0.0542373
60,0.0546626
61,0.0550443
62,0.0554092
63,0.0557933
64,0.0561809
65,0.0565706
66,0.0569422
67,0.0573111
68,0.0576362
69,0.0579522
70,0.0582688
71,0.0586155
72,0.0589456
73,0.0592625
74,0.0595602
75,0.0598406
76,0.060101
77,0.0603679
78,0.0606553
79,0.0609411
80,0.0612063
81,0.0614505
82,0.0616808
83,0.061899
84,0.062115
85,0.0623441
86,0.0625794
87,0.062801
88,0.0630046
89,0.0631971
90,0.0633832
91,0.0635677
92,0.0637533
93,0.0639503
94,0.0641322
95,0.0642994
96,0.0644524
97,0.0646015
98,0.064749
99,0.0648912
100,0.0650382
101,0.0651762
102,0.0653002
103,0.0654152
104,0.0655291
105,0.0656399
106,0.0657542
107,0.0658662
108,0.0659909
109,0.0660986
110,0.0662094
111,0.0663096
112,0.0664202
113,0.0665256
114,0.0666395
115,0.0667537
116,0.066868
117,0.066975
118,0.0670778
119,0.0671792
120,0.0672784
121,0.0673854
122,0.0674891
123,0.0675908
124,0.067668
125,0.0677419
126,0.0678106
127,0.0678808
128,0.0679531
129,0.0680261
130,0.0681004
131,0.0681716
132,0.0682434
133,0.0683115
134,0.0683778
135,0.0684471
136,0.0685126
137,0.0685868
138,0.0686523
139,0.0687179
140,0.068782
141,0.0688435
142,0.0689104
143,0.0689744
144,0.0690394
145,0.0691061
146,0.0691706
147,0.0692452
148,0.0693189
149,0.0694011
150,0.0694765
151,0.0695569
152,0.0696299
153,0.0697081
154,0.0697762
155,0.0698481
156,0.0699141
157,0.0699846
158,0.0700515
159,0.070123
160,0.0701923
161,0.0702664
162,0.070339
163,0.0704136
164,0.0704842
165,0.0705519
166,0.0706236
167,0.070688
168,0.0707613
169,0.070823
170,0.0708921
171,0.0709527
172,0.0710219
173,0.0710871
174,0.0711559
175,0.0712201
176,0.0712874
177,0.071352
178,0.0714191
179,0.0714841
180,0.0715474
181,0.0716123
182,0.0716722
183,0.0717303
184,0.071779
185,0.0718209
186,0.0718608
187,0.0718998
188,0.0719392
189,0.0719799
190,0.0720183
191,0.0720566
192,0.0720958
193,0.0721335
194,0.0721748
195,0.072216
196,0.0722602
197,0.0722999
198,0.0723475
199,0.0723872
200,0.0724314
201,0.0724677
202,0.072508
203,0.07255
204,0.0725943
205,0.0726451
206,0.072692
207,0.0727424
208,0.0727887
209,0.072839
210,0.0728858
211,0.072937
212,0.0729865
213,0.0730363
214,0.0730818
215,0.0731272
216,0.0731717
217,0.0732126
218,0.0732566
219,0.0732904
220,0.0733323
221,0.0733651
222,0.0734064
223,0.0734393
224,0.0734794
225,0.0735128
226,0.0735522
227,0.0735865
228,0.0736298
229,0.0736917
230,0.0737572
231,0.0738255
232,0.0738899
233,0.0739567
234,0.0740196
235,0.0740827
236,0.0741404
237,0.0741988
238,0.0742542
239,0.0743086
240,0.0743569
241,0.0744091
242,0.074457
243,0.0745058
244,0.0745502
245,0.0745951
246,0.0746369
247,0.0746807
248,0.0747249
249,0.07477
250,0.0748135
251,0.0748571
252,0.0749006
253,0.074941
254,0.0749873
255,0.0750249
256,0.075067
257,0.0751046
258,0.0751445
259,0.0751822
260,0.0752196
261,0.0752536
262,0.0752881
263,0.0753221
264,0.0753555
265,0.0753904
266,0.0754231
267,0.0754581
268,0.0754909
269,0.075528
270,0.0755616
271,0.075599
272,0.0756362
273,0.0756805
274,0.0757307
275,0.0757829
276,0.075833
277,0.0758836
278,0.0759326
279,0.0759797
280,0.0760219
281,0.0760697
282,0.0761117
283,0.0761588
284,0.076199
285,0.0762413
286,0.076282
287,0.0763257
288,0.0763647
289,0.0764063
290,0.0764461
291,0.0764849
292,0.0765267
293,0.0765663
294,0.0766073
295,0.076644
296,0.0766837
297,0.076724
298,0.0767625
299,0.0767973
300,0.0768314
301,0.0768622
302,0.0768924
303,0.0769292
304,0.0769639
305,0.0769969
306,0.0770325
307,0.0770667
308,0.0771033
309,0.0771406
310,0.0771751
311,0.0772096
312,0.0772395
313,0.0772704
314,0.0772994
315,0.0773318
316,0.0773638
317,0.0773986
318,0.0774359
319,0.0774701
320,0.077506
321,0.0775381
322,0.0775742
323,0.077613
324,0.0776513
325,0.0776937
326,0.0777355
327,0.0777761
328,0.0778217
329,0.0778702
330,0.0779246
331,0.0779805
332,0.0780385
333,0.0780976
334,0.0781577
335,0.0782226
336,0.0782854
337,0.0783405
338,0.0783641
339,0.0783784
340,0.0783858
341,0.0783998
342,0.0784108
343,0.0784266
344,0.0784421
345,0.0784576
346,0.0784797
347,0.0785003
348,0.0785276
349,0.0785521
350,0.0785816
351,0.0786099
352,0.0786411
353,0.0786682
354,0.0787015
355,0.0787323
356,0.0787673
357,0.0787954
358,0.0788266
359,0.0788547
360,0.0788847
361,0.0789154
362,0.0789456
363,0.078979
364,0.0790115
365,0.07905
366,0.0790838
367,0.0791247
368,0.0791617
369,0.0792018
370,0.0792417
371,0.0792835
372,0.0793294
373,0.0793759
374,0.0794245
375,0.079475
376,0.0795268
377,0.0795783
378,0.0796169
379,0.0796351
380,0.079649
381,0.0796569
382,0.0796695
383,0.0796774
384,0.0796884
385,0.0796968
386,0.0797103
387,0.0797183
388,0.0797345
389,0.0797442
390,0.0797607
391,0.0797691
392,0.0797818
393,0.0797882
394,0.079798
395,0.0798015
396,0.079807
397,0.0798085
398,0.0798117
399,0.0798132
