2,0.93444
3,0.823667
4,0.738048
5,0.671241
6,0.619114
7,0.578607
8,0.54707
9,0.522107
10,0.501745
11,0.484605
12,0.469854
13,0.456423
14,0.443204
15,0.430533
16,0.417814
17,0.404963
18,0.392225
19,0.379017
20,0.365586
21,0.352317
22,0.339547
23,0.327552
24,0.315596
25,0.304415
26,0.29386
27,0.283763
28,0.274777
29,0.26647
30,0.258854
31,0.2522
32,0.245845
33,0.239935
34,0.234809
35,0.229898
36,0.225412
37,0.220962
38,0.216617
39,0.212159
40,0.207641
41,0.203072
42,0.198595
43,0.19379
44,0.188632
45,0.183062
46,0.177424
47,0.171812
48,0.166335
49,0.160926
50,0.155691
51,0.150067
52,0.144322
53,0.138859
54,0.133895
55,0.129036
56,0.124055
57,0.119147
58,0.114059
59,0.108948
60,0.104138
61,0.0999968
62,0.0961511
63,0.0919544
64,0.0877256
65,0.0834258
66,0.0794485
67,0.0754582
68,0.0722134
69,0.0690543
70,0.0659183
71,0.0622399
72,0.0588667
73,0.0556539
74,0.0527829
75,0.0501192
76,0.0478178
77,0.0453421
78,0.0425971
79,0.0398075
80,0.0373978
81,0.0352361
82,0.0333527
83,0.0315728
84,0.029894
85,0.027922
86,0.0259116
87,0.0240503
88,0.0225257
89,0.0210634
90,0.0197765
91,0.0184339
92,0.0171287
93,0.0155697
94,0.0142927
95,0.0131823
96,0.0123155
97,0.0114307
98,0.0106269
99,0.00985063
100,0.00903599
101,0.00837524
102,0.00790725
103,0.00762395
104,0.00727221
105,0.00704676
106,0.006635
107,0.0063516
108,0.0057599
109,0.00551648
110,0.00510659
111,0.00497001
112,0.0045253
113,0.00432605
114,0.00382671
115,0.00350043
116,0.00300565
117,0.0028163
118,0.00250186
119,0.00242702
120,0.00218146
121,0.00204114
122,0.00197737
123,0.0019315
124,0.00197799
125,0.00205037
126,0.0020646
127,0.00207243
128,0.00211172
129,0.00210285
130,0.00216871
131,0.00222278
132,0.00220446
133,0.00228723
134,0.00226953
135,0.00233047
136,0.002375
137,0.00238175
138,0.00237589
139,0.0024469
140,0.0025191
141,0.00258867
142,0.00263315
143,0.00262616
144,0.00267162
145,0.00268487
146,0.00273215
147,0.00267171
148,0.00259457
149,0.00255591
150,0.00247646
151,0.00239792
152,0.00238156
153,0.00233998
154,0.00230084
155,0.00233367
156,0.0023325
157,0.00224863
158,0.00230017
159,0.00224435
160,0.00228697
161,0.00230412
162,0.0023105
163,0.0023303
164,0.00240306
165,0.00243396
166,0.00243649
167,0.00244921
168,0.00258918
169,0.00255697
170,0.00259187
171,0.00260288
172,0.00270054
173,0.00270653
174,0.00281515
175,0.00284953
176,0.0029533
177,0.00296792
178,0.00306837
179,0.00310963
180,0.00319428
181,0.0032514
182,0.0032889
183,0.00326382
184,0.00317588
185,0.00298863
186,0.00280098
187,0.00254755
188,0.00236465
189,0.0020522
190,0.0018112
191,0.00149818
192,0.00100678
193,0.000710626
194,0.000809356
195,0.000910096
196,0.000952896
197,0.000951549
198,0.000959611
199,0.00102233
200,0.00100275
201,0.0011148
202,0.00123327
203,0.00130774
204,0.00137429
205,0.00135552
206,0.00141785
207,0.00140645
208,0.00143361
209,0.00142102
210,0.00145223
211,0.0014211
212,0.00143212
213,0.00141428
214,0.00146025
215,0.00148159
216,0.00150744
217,0.00160434
218,0.00164328
219,0.0018262
220,0.00187815
221,0.00207467
222,0.00212636
223,0.00230091
224,0.00240769
225,0.00257164
226,0.00265224
227,0.00279704
228,0.0028554
229,0.00267706
230,0.00248441
231,0.00229928
232,0.00212601
233,0.00196991
234,0.0019276
235,0.00179533
236,0.00169675
237,0.00174094
238,0.00174439
239,0.00169189
240,0.0017603
241,0.00174386
242,0.00178048
243,0.00183603
244,0.00184709
245,0.00187759
246,0.00187764
247,0.00194269
248,0.00192253
249,0.00188874
250,0.00192671
251,0.00191728
252,0.00200668
253,0.00195642
254,0.00194126
255,0.00196087
256,0.00196817
257,0.00196117
258,0.00195594
259,0.0019667
260,0.0019422
261,0.00196455
262,0.00199714
263,0.00201836
264,0.00202212
265,0.00203878
266,0.00206088
267,0.00210592
268,0.00212574
269,0.00210219
270,0.00217798
271,0.00216988
272,0.00220203
273,0.00213582
274,0.00208535
275,0.00202734
276,0.00200811
277,0.00195037
278,0.00193351
279,0.00193781
280,0.00190698
281,0.00193796
282,0.00190313
283,0.00189364
284,0.00192421
285,0.0019098
286,0.00192106
287,0.00193324
288,0.00193915
289,0.00197022
290,0.00192571
291,0.0019574
292,0.00195115
293,0.00195243
294,0.00195727
295,0.00190638
296,0.00198693
297,0.00195465
298,0.00199741
299,0.00199159
300,0.00198936
301,0.00192657
302,0.00191211
303,0.00186405
304,0.00191235
305,0.00185986
306,0.00190942
307,0.00189462
308,0.00187281
309,0.0018551
310,0.00190141
311,0.00189353
312,0.00187613
313,0.00185757
314,0.00184199
315,0.00183146
316,0.00180584
317,0.00183742
318,0.00183429
319,0.00183727
320,0.00185394
321,0.00180131
322,0.00184045
323,0.00183321
324,0.00183101
325,0.0018762
326,0.00187371
327,0.00194538
328,0.00197803
329,0.00202583
330,0.00216491
331,0.00234207
332,0.00255652
333,0.00278974
334,0.00307362
335,0.00339109
336,0.00372531
337,0.00395736
338,0.00385576
339,0.00364764
340,0.00337697
341,0.00314888
342,0.0029499
343,0.00279476
344,0.00257356
345,0.00246792
346,0.00232676
347,0.00227634
348,0.00219119
349,0.00216158
350,0.00213962
351,0.00215048
352,0.00210959
353,0.00208959
354,0.00203281
355,0.00208914
356,0.00207171
357,0.0021032
358,0.00206189
359,0.00205751
360,0.00199989
361,0.00202407
362,0.00203671
363,0.00200286
364,0.00203491
365,0.00210485
366,0.00210575
367,0.0021823
368,0.00226089
369,0.00231999
370,0.00238957
371,0.00246151
372,0.00263282
373,0.00278251
374,0.00297387
375,0.00318644
376,0.00340738
377,0.0036511
378,0.00376689
379,0.00360994
380,0.00343393
381,0.00321279
382,0.00303421
383,0.00281771
384,0.00263984
385,0.00244454
386,0.00231251
387,0.00218933
388,0.0021403
389,0.00201412
390,0.00194179
391,0.00191882
392,0.00185615
393,0.00188676
394,0.00188644
395,0.0019735
396,0.0020855
397,0.00229977
398,0.00247483
399,0.00275203
