2,0.934099
3,0.823326
4,0.737416
5,0.670472
6,0.618475
7,0.577843
8,0.546291
9,0.521165
10,0.500711
11,0.483641
12,0.468639
13,0.45484
14,0.441829
15,0.429035
16,0.416114
17,0.403225
18,0.39023
19,0.377142
20,0.363675
21,0.350695
22,0.337967
23,0.325978
24,0.314338
25,0.303273
26,0.292945
27,0.283257
28,0.274389
29,0.26638
30,0.259038
31,0.252461
32,0.246393
33,0.240847
34,0.235879
35,0.231239
36,0.226877
37,0.223007
38,0.218995
39,0.215043
40,0.210871
41,0.206757
42,0.202733
43,0.198459
44,0.193769
45,0.188758
46,0.183494
47,0.17811
48,0.172747
49,0.167303
50,0.162016
51,0.15649
52,0.15075
53,0.145293
54,0.140324
55,0.135557
56,0.13065
57,0.125776
58,0.120768
59,0.115581
60,0.110647
61,0.106357
62,0.102424
63,0.0981819
64,0.0938079
65,0.0894462
66,0.0851752
67,0.0810132
68,0.0774652
69,0.0741769
70,0.0708658
71,0.0670751
72,0.0635167
73,0.0600344
74,0.0569734
75,0.0540433
76,0.0515723
77,0.0489126
78,0.0460512
79,0.0430877
80,0.040441
81,0.0381121
82,0.0359835
83,0.0341176
84,0.0322524
85,0.0302434
86,0.0280503
87,0.0260823
88,0.0243596
89,0.022813
90,0.0213612
91,0.0200091
92,0.0185075
93,0.0170097
94,0.0154934
95,0.0144034
96,0.0133373
97,0.0124705
98,0.0115006
99,0.010736
100,0.00980199
101,0.00912475
102,0.00854822
103,0.00824663
104,0.00783138
105,0.00755721
106,0.00715354
107,0.00674957
108,0.00622802
109,0.00584628
110,0.00546393
111,0.00521543
112,0.00480567
113,0.00453109
114,0.00403867
115,0.00366224
116,0.00317517
117,0.00298456
118,0.00263793
119,0.00249435
120,0.0022403
121,0.00213425
122,0.0019701
123,0.00194069
124,0.00198543
125,0.00200488
126,0.00199582
127,0.00206725
128,0.00215359
129,0.00218841
130,0.00213149
131,0.00217229
132,0.00219195
133,0.0022745
134,0.00231025
135,0.0023194
136,0.00231183
137,0.00235801
138,0.00235884
139,0.00246371
140,0.00247891
141,0.00259365
142,0.00262135
143,0.00263246
144,0.0026735
145,0.00265506
146,0.00268316
147,0.00272078
148,0.00256362
149,0.00252644
150,0.0024692
151,0.0023785
152,0.0023718
153,0.00233259
154,0.00235071
155,0.00230024
156,0.00227313
157,0.0022702
158,0.00225616
159,0.00230043
160,0.00230379
161,0.00228267
162,0.00231629
163,0.00232966
164,0.00239376
165,0.00241647
166,0.00244757
167,0.00251695
168,0.00254045
169,0.00260423
170,0.00258502
171,0.0026503
172,0.00271535
173,0.00274354
174,0.0028061
175,0.00289115
176,0.00296126
177,0.00302151
178,0.00305645
179,0.00316142
180,0.00317745
181,0.00323842
182,0.00330127
183,0.00324866
184,0.00316731
185,0.00295932
186,0.00273335
187,0.00250506
188,0.00225807
189,0.00197492
190,0.00165502
191,0.00113362
192,0.000959427
193,0.00102769
194,0.000992062
195,0.000964118
196,0.000955879
197,0.000950486
198,0.00100375
199,0.000986019
200,0.00103233
201,0.00109173
202,0.00122422
203,0.00132415
204,0.0013903
205,0.00139381
206,0.00141756
207,0.00143609
208,0.00143953
209,0.00143333
210,0.00147131
211,0.00147111
212,0.00144765
213,0.00146771
214,0.00145039
215,0.00149082
216,0.00154202
217,0.00163274
218,0.001668
219,0.00180155
220,0.00191668
221,0.00206834
222,0.0021903
223,0.00231744
224,0.00243865
225,0.00258024
226,0.00268852
227,0.00284079
228,0.00285758
229,0.00268198
230,0.00248376
231,0.00231111
232,0.00212454
233,0.00201392
234,0.00181235
235,0.00175627
236,0.00169895
237,0.00170287
238,0.00168123
239,0.00170703
240,0.00174738
241,0.00175085
242,0.00175281
243,0.00180718
244,0.00183768
245,0.00182277
246,0.00185474
247,0.001886
248,0.00187398
249,0.00194408
250,0.00195593
251,0.00192339
252,0.00191782
253,0.00192946
254,0.00194226
255,0.00195515
256,0.00199183
257,0.00193209
258,0.00195434
259,0.00196445
260,0.00195054
261,0.00193308
262,0.00195078
263,0.00200234
264,0.00201377
265,0.00201947
266,0.0020805
267,0.00211852
268,0.00213157
269,0.00211359
270,0.00214286
271,0.00217926
272,0.00217355
273,0.00217024
274,0.00206545
275,0.00203705
276,0.00196655
277,0.00202507
278,0.00191636
279,0.00192202
280,0.00188132
281,0.00191457
282,0.00190616
283,0.00194217
284,0.00189918
285,0.00189619
286,0.00192778
287,0.00192429
288,0.00192295
289,0.00195959
290,0.0019575
291,0.00193078
292,0.00195725
293,0.00194824
294,0.00199201
295,0.00198435
296,0.00195231
297,0.00197226
298,0.00199877
299,0.00196029
300,0.00197872
301,0.00193761
302,0.0019138
303,0.00192783
304,0.0018711
305,0.00192745
306,0.00188336
307,0.00188156
308,0.00189325
309,0.0018803
310,0.00185475
311,0.00189165
312,0.00186327
313,0.00184514
314,0.0018577
315,0.00182545
316,0.00184233
317,0.00180705
318,0.00183548
319,0.00183082
320,0.00185903
321,0.00181267
322,0.00184548
323,0.00183005
324,0.00188263
325,0.00185976
326,0.00190826
327,0.00189382
328,0.00197901
329,0.00204591
330,0.0022282
331,0.00235141
332,0.00261243
333,0.00281547
334,0.00310287
335,0.00342509
336,0.00374634
337,0.00396254
338,0.00387941
339,0.00363217
340,0.0033574
341,0.00318038
342,0.00293901
343,0.00275107
344,0.00259445
345,0.00246695
346,0.00237218
347,0.00228825
348,0.00221538
349,0.00219207
350,0.00212072
351,0.00212583
352,0.00210656
353,0.00212887
354,0.00206576
355,0.00208435
356,0.00207798
357,0.00210986
358,0.00209047
359,0.00205781
360,0.00202266
361,0.00203113
362,0.00202828
363,0.00206777
364,0.00210509
365,0.0021189
366,0.00211264
367,0.00220872
368,0.00227492
369,0.00237349
370,0.00243349
371,0.00254859
372,0.00267061
373,0.00284156
374,0.00305121
375,0.00326314
376,0.0034936
377,0.00375046
378,0.00375766
379,0.00365228
380,0.00344592
381,0.0032322
382,0.00301177
383,0.00285656
384,0.0026539
385,0.00247882
386,0.00232912
387,0.00220064
388,0.00209747
389,0.00201887
390,0.0019391
391,0.00187844
392,0.00185032
393,0.00185923
394,0.00188747
395,0.00198378
396,0.00211957
397,0.00229494
398,0.00249083
399,0.00276829
