2,0.934346
3,0.823437
4,0.737558
5,0.670514
6,0.618466
7,0.578242
8,0.546833
9,0.522233
10,0.502165
11,0.484845
12,0.469888
13,0.456155
14,0.443053
15,0.430115
16,0.417073
17,0.40395
18,0.390997
19,0.377906
20,0.364688
21,0.351548
22,0.338757
23,0.326253
24,0.314729
25,0.303767
26,0.293194
27,0.283225
28,0.274213
29,0.266107
30,0.258569
31,0.251818
32,0.24575
33,0.240003
34,0.234961
35,0.230523
36,0.226581
37,0.222816
38,0.219339
39,0.215782
40,0.212221
41,0.208495
42,0.205021
43,0.201404
44,0.197409
45,0.193108
46,0.18851
47,0.183716
48,0.178781
49,0.173731
50,0.168645
51,0.163217
52,0.157585
53,0.151999
54,0.146893
55,0.142028
56,0.137196
57,0.132397
58,0.127421
59,0.122371
60,0.117328
61,0.112992
62,0.108903
63,0.104646
64,0.100209
65,0.0956893
66,0.0912593
67,0.0868968
68,0.0830717
69,0.0796095
70,0.0761064
71,0.0722233
72,0.0684388
73,0.0648263
74,0.0614228
75,0.0583669
76,0.0555545
77,0.0528056
78,0.0497475
79,0.0466671
80,0.0438344
81,0.0412927
82,0.0389246
83,0.0368564
84,0.0348372
85,0.0326941
86,0.0303626
87,0.028249
88,0.0263857
89,0.0246728
90,0.0231146
91,0.0216351
92,0.0200833
93,0.0185011
94,0.0169427
95,0.0156724
96,0.014568
97,0.0135551
98,0.0125604
99,0.0116865
100,0.0107205
101,0.0099794
102,0.00928449
103,0.00892067
104,0.00847728
105,0.00810596
106,0.00771905
107,0.00727738
108,0.00673017
109,0.0062942
110,0.00587177
111,0.00553494
112,0.00511518
113,0.00481892
114,0.00433739
115,0.00391639
116,0.0034322
117,0.00319243
118,0.00285044
119,0.00267592
120,0.00233594
121,0.00222991
122,0.00204118
123,0.00197832
124,0.00200636
125,0.00199833
126,0.00203257
127,0.00211274
128,0.00210642
129,0.00213577
130,0.00219023
131,0.00219671
132,0.00219763
133,0.00226923
134,0.00226644
135,0.00230039
136,0.00233244
137,0.002363
138,0.00237665
139,0.0024756
140,0.00249498
141,0.00255436
142,0.00261401
143,0.00266282
144,0.00267837
145,0.00270191
146,0.0026601
147,0.00263541
148,0.00257514
149,0.00251616
150,0.00247288
151,0.00234657
152,0.00238954
153,0.00230734
154,0.00230751
155,0.00225393
156,0.00231284
157,0.00230824
158,0.00226827
159,0.00225709
160,0.00229277
161,0.00229072
162,0.00230737
163,0.00234681
164,0.00238988
165,0.00243444
166,0.00242474
167,0.00248099
168,0.00253605
169,0.00258383
170,0.00260719
171,0.00266579
172,0.0027073
173,0.00279304
174,0.00281419
175,0.0028784
176,0.00295004
177,0.00303505
178,0.00312024
179,0.00310984
180,0.0031816
181,0.00321832
182,0.00329331
183,0.00324681
184,0.00312608
185,0.00292884
186,0.00268029
187,0.00239698
188,0.00217079
189,0.00181016
190,0.00138175
191,0.00115281
192,0.00115367
193,0.00109307
194,0.00105828
195,0.000984992
196,0.000976476
197,0.00101434
198,0.000963235
199,0.00100412
200,0.00106668
201,0.00114813
202,0.00123073
203,0.00131899
204,0.00137773
205,0.00140388
206,0.00143939
207,0.00142628
208,0.00150084
209,0.00145676
210,0.00153824
211,0.00152063
212,0.00145324
213,0.00147075
214,0.00148467
215,0.00153862
216,0.00154507
217,0.00161212
218,0.00168697
219,0.00184483
220,0.00193116
221,0.00209197
222,0.00218748
223,0.00237501
224,0.002446
225,0.00261319
226,0.00271428
227,0.00286696
228,0.00287635
229,0.0027421
230,0.0024782
231,0.00231582
232,0.00210428
233,0.00192079
234,0.00184975
235,0.00177521
236,0.00167016
237,0.0017098
238,0.0016283
239,0.00167723
240,0.00167401
241,0.00170036
242,0.00172494
243,0.00176817
244,0.00180408
245,0.00185889
246,0.00185691
247,0.00184672
248,0.00187181
249,0.00189891
250,0.00193289
251,0.0019181
252,0.0019042
253,0.00193614
254,0.00197976
255,0.00197833
256,0.0019343
257,0.00193242
258,0.00198895
259,0.00196458
260,0.00194959
261,0.00195022
262,0.00197904
263,0.00196384
264,0.00200423
265,0.00201381
266,0.00206395
267,0.0020885
268,0.0021197
269,0.00213438
270,0.00214387
271,0.00216428
272,0.00218602
273,0.00217068
274,0.00209895
275,0.00210256
276,0.0019615
277,0.00195938
278,0.00193271
279,0.00192138
280,0.00189128
281,0.00189716
282,0.00190915
283,0.0019411
284,0.00190154
285,0.0019421
286,0.00189779
287,0.00191591
288,0.00193681
289,0.00191265
290,0.00195626
291,0.00196076
292,0.00193066
293,0.00195076
294,0.00196933
295,0.00196815
296,0.00196407
297,0.00200355
298,0.00203191
299,0.00199363
300,0.00197893
301,0.00191887
302,0.00191994
303,0.00191027
304,0.00190834
305,0.0019107
306,0.00188731
307,0.00187332
308,0.00189527
309,0.00189508
310,0.00188459
311,0.00186571
312,0.00188557
313,0.0018503
314,0.00183959
315,0.00183892
316,0.00185894
317,0.00178103
318,0.00184919
319,0.00182254
320,0.00183052
321,0.00184674
322,0.00187261
323,0.00184089
324,0.00186084
325,0.00186074
326,0.00190199
327,0.00195748
328,0.00197524
329,0.00204759
330,0.00222386
331,0.00240365
332,0.00262416
333,0.00285012
334,0.00314619
335,0.00343128
336,0.00373528
337,0.00395616
338,0.00387999
339,0.00361353
340,0.00337708
341,0.00314237
342,0.00296567
343,0.00275271
344,0.00260562
345,0.00247729
346,0.00237992
347,0.00229653
348,0.00224339
349,0.00219135
350,0.00219607
351,0.00212429
352,0.0021221
353,0.00209573
354,0.00211507
355,0.00210323
356,0.00209461
357,0.00213677
358,0.00209136
359,0.00204443
360,0.00207267
361,0.00206273
362,0.00204663
363,0.00208666
364,0.00209253
365,0.00214056
366,0.00219927
367,0.0022027
368,0.00229171
369,0.00238152
370,0.00247661
371,0.00259852
372,0.00272494
373,0.00293685
374,0.00311145
375,0.0033277
376,0.00360304
377,0.00379752
378,0.00380731
379,0.0036683
380,0.00345575
381,0.00326048
382,0.00302676
383,0.00284841
384,0.00266144
385,0.00247368
386,0.00232138
387,0.00221669
388,0.00209754
389,0.00200377
390,0.00197741
391,0.00186599
392,0.00185731
393,0.00188413
394,0.00190977
395,0.00198374
396,0.00212044
397,0.00227607
398,0.00249532
399,0.00276389
