2,0.00246462
3,0.00702227
4,0.0108755
5,0.0140959
6,0.0167533
7,0.0189319
8,0.0207337
9,0.0222299
10,0.023515
11,0.0246667
12,0.0257003
13,0.0266692
14,0.0276024
15,0.0285233
16,0.0294463
17,0.0303709
18,0.0312855
19,0.0322057
20,0.0331318
21,0.0340535
22,0.0349569
23,0.0358449
24,0.0366805
25,0.0374852
26,0.0382685
27,0.0390179
28,0.0397142
29,0.0403596
30,0.0409726
31,0.0415396
32,0.0420672
33,0.0425741
34,0.0430399
35,0.043469
36,0.0438684
37,0.0442545
38,0.0446225
39,0.0449924
40,0.0453605
41,0.0457358
42,0.0460954
43,0.0464608
44,0.0468472
45,0.0472493
46,0.0476683
47,0.048097
48,0.0485339
49,0.0489761
50,0.0494204
51,0.0498835
52,0.0503593
53,0.050831
54,0.0512745
55,0.0517019
56,0.0521277
57,0.0525497
58,0.0529836
59,0.0534202
60,0.0538571
61,0.0542492
62,0.0546272
63,0.055013
64,0.0554118
65,0.0558131
66,0.0562105
67,0.0566011
68,0.0569603
69,0.057294
70,0.0576318
71,0.0579909
72,0.0583455
73,0.0586863
74,0.0590165
75,0.0593207
76,0.0596125
77,0.0598961
78,0.0602016
79,0.0605056
80,0.0607966
81,0.0610648
82,0.0613242
83,0.0615609
84,0.0617975
85,0.0620372
86,0.0622927
87,0.0625301
88,0.0627542
89,0.0629635
90,0.0631666
91,0.0633593
92,0.0635604
93,0.0637589
94,0.0639591
95,0.0641358
96,0.0643039
97,0.0644624
98,0.0646213
99,0.0647708
100,0.0649267
101,0.0650689
102,0.0652078
103,0.065327
104,0.0654472
105,0.0655665
106,0.0656796
107,0.0658022
108,0.065923
109,0.0660458
110,0.0661572
111,0.0662684
112,0.0663802
113,0.0664892
114,0.0666037
115,0.0667224
116,0.0668366
117,0.0669458
118,0.0670464
119,0.0671549
120,0.0672572
121,0.0673643
122,0.0674692
123,0.0675695
124,0.067653
125,0.067733
126,0.0678001
127,0.067874
128,0.0679438
129,0.0680204
130,0.0680927
131,0.0681688
132,0.0682339
133,0.0683071
134,0.0683726
135,0.0684445
136,0.0685124
137,0.0685838
138,0.0686503
139,0.0687165
140,0.0687791
141,0.0688462
142,0.0689079
143,0.068974
144,0.0690391
145,0.0691053
146,0.0691725
147,0.069246
148,0.0693223
149,0.0694018
150,0.0694793
151,0.0695567
152,0.0696323
153,0.0697066
154,0.0697784
155,0.0698481
156,0.0699152
157,0.0699859
158,0.0700526
159,0.0701245
160,0.0701952
161,0.0702665
162,0.0703431
163,0.0704158
164,0.0704861
165,0.0705564
166,0.070623
167,0.0706946
168,0.070761
169,0.0708283
170,0.0708922
171,0.0709573
172,0.0710252
173,0.0710926
174,0.0711598
175,0.071227
176,0.0712928
177,0.0713592
178,0.0714263
179,0.0714878
180,0.0715537
181,0.0716138
182,0.0716794
183,0.0717331
184,0.0717824
185,0.0718244
186,0.0718646
187,0.071901
188,0.0719443
189,0.0719813
190,0.0720221
191,0.0720586
192,0.0720975
193,0.0721354
194,0.0721763
195,0.0722176
196,0.0722608
197,0.0723032
198,0.0723465
199,0.0723889
200,0.0724296
201,0.0724689
202,0.0725073
203,0.0725484
204,0.072594
205,0.0726419
206,0.0726907
207,0.0727387
208,0.0727852
209,0.0728362
210,0.07288
211,0.0729329
212,0.0729822
213,0.0730299
214,0.0730787
215,0.0731231
216,0.0731699
217,0.0732108
218,0.0732527
219,0.0732891
220,0.0733288
221,0.0733629
222,0.0734028
223,0.0734352
224,0.073475
225,0.0735091
226,0.0735482
227,0.0735823
228,0.0736271
229,0.0736839
230,0.0737526
231,0.0738154
232,0.0738831
233,0.0739495
234,0.0740142
235,0.0740762
236,0.0741376
237,0.0741943
238,0.0742511
239,0.0743033
240,0.0743553
241,0.0744043
242,0.074453
243,0.0745021
244,0.0745473
245,0.0745949
246,0.0746355
247,0.0746805
248,0.0747218
249,0.0747703
250,0.0748096
251,0.0748568
252,0.0748965
253,0.0749409
254,0.0749828
255,0.075025
256,0.0750631
257,0.0751065
258,0.0751403
259,0.0751827
260,0.0752154
261,0.0752537
262,0.0752868
263,0.075319
264,0.0753546
265,0.0753867
266,0.0754237
267,0.0754537
268,0.0754895
269,0.075525
270,0.075561
271,0.0755968
272,0.0756351
273,0.0756768
274,0.0757286
275,0.0757785
276,0.0758318
277,0.0758823
278,0.0759318
279,0.0759769
280,0.076024
281,0.076069
282,0.076114
283,0.0761598
284,0.0762003
285,0.0762423
286,0.0762831
287,0.0763254
288,0.0763662
289,0.0764075
290,0.0764471
291,0.0764882
292,0.0765286
293,0.0765694
294,0.0766074
295,0.0766465
296,0.076686
297,0.076726
298,0.076766
299,0.0768007
300,0.0768337
301,0.0768622
302,0.0768944
303,0.0769307
304,0.0769653
305,0.0770002
306,0.077034
307,0.0770699
308,0.077106
309,0.0771418
310,0.0771784
311,0.0772099
312,0.0772411
313,0.0772703
314,0.0773015
315,0.077331
316,0.0773649
317,0.0773983
318,0.0774364
319,0.0774728
320,0.0775072
321,0.0775412
322,0.0775767
323,0.0776152
324,0.0776559
325,0.0776988
326,0.0777395
327,0.0777826
328,0.0778258
329,0.0778768
330,0.0779309
331,0.0779876
332,0.0780459
333,0.0781031
334,0.0781643
335,0.078227
336,0.0782877
337,0.0783405
338,0.0783654
339,0.0783767
340,0.0783882
341,0.0783981
342,0.0784137
343,0.0784264
344,0.0784427
345,0.07846
346,0.0784797
347,0.0785059
348,0.0785285
349,0.0785578
350,0.0785844
351,0.0786151
352,0.0786437
353,0.0786747
354,0.0787052
355,0.0787383
356,0.0787703
357,0.0788022
358,0.0788302
359,0.0788605
360,0.0788907
361,0.0789198
362,0.0789518
363,0.078985
364,0.0790199
365,0.0790552
366,0.079095
367,0.0791299
368,0.0791711
369,0.0792096
370,0.079251
371,0.079294
372,0.0793403
373,0.0793895
374,0.0794377
375,0.0794895
376,0.0795435
377,0.0795936
378,0.0796232
379,0.0796403
380,0.0796493
381,0.0796602
382,0.0796691
383,0.0796789
384,0.0796887
385,0.0796971
386,0.0797095
387,0.0797212
388,0.0797323
389,0.079746
390,0.0797603
391,0.0797699
392,0.0797816
393,0.079788
394,0.079796
395,0.0798012
396,0.0798049
397,0.079807
398,0.0798102
399,0.0798115
