2,0.00245198
3,0.00701153
4,0.0108712
5,0.0140843
6,0.0167214
7,0.0188974
8,0.0206984
9,0.0221712
10,0.0234492
11,0.0245935
12,0.0256233
13,0.0265815
14,0.0275046
15,0.0284129
16,0.0293475
17,0.0302642
18,0.0311621
19,0.032097
20,0.0330389
21,0.0339533
22,0.0348745
23,0.0357737
24,0.0366327
25,0.0374514
26,0.0382359
27,0.0389959
28,0.0397048
29,0.040381
30,0.041009
31,0.0415892
32,0.0421318
33,0.042647
34,0.0431144
35,0.043541
36,0.0439338
37,0.044304
38,0.0446523
39,0.0449985
40,0.0453428
41,0.0456785
42,0.0460101
43,0.0463404
44,0.0466904
45,0.0470509
46,0.0474319
47,0.0478265
48,0.0482281
49,0.048639
50,0.0490581
51,0.0494951
52,0.0499561
53,0.0504193
54,0.0508685
55,0.0513008
56,0.0517281
57,0.0521486
58,0.0525712
59,0.0530103
60,0.0534418
61,0.0538412
62,0.0542214
63,0.0546076
64,0.0550125
65,0.0554125
66,0.0558221
67,0.0562202
68,0.0565965
69,0.0569387
70,0.0572887
71,0.0576535
72,0.058018
73,0.0583744
74,0.0587155
75,0.0590407
76,0.0593397
77,0.0596405
78,0.0599478
79,0.0602694
80,0.0605663
81,0.0608549
82,0.0611184
83,0.0613782
84,0.0616194
85,0.0618732
86,0.0621349
87,0.0623843
88,0.0626184
89,0.0628367
90,0.0630489
91,0.0632469
92,0.0634507
93,0.0636545
94,0.0638596
95,0.0640438
96,0.06422
97,0.0643842
98,0.0645486
99,0.0647021
100,0.0648628
101,0.0650111
102,0.0651544
103,0.0652778
104,0.0654061
105,0.0655209
106,0.065645
107,0.0657617
108,0.0658907
109,0.0660105
110,0.066131
111,0.0662404
112,0.0663523
113,0.0664636
114,0.0665788
115,0.0666996
116,0.0668115
117,0.0669256
118,0.0670263
119,0.0671358
120,0.0672404
121,0.0673496
122,0.0674527
123,0.0675572
124,0.0676419
125,0.067723
126,0.0677922
127,0.0678655
128,0.0679356
129,0.0680126
130,0.0680839
131,0.068163
132,0.0682287
133,0.0683017
134,0.0683671
135,0.0684403
136,0.0685089
137,0.0685803
138,0.0686481
139,0.0687154
140,0.0687793
141,0.0688418
142,0.0689076
143,0.0689713
144,0.0690393
145,0.0691037
146,0.0691735
147,0.069243
148,0.0693244
149,0.0694005
150,0.0694804
151,0.0695554
152,0.069632
153,0.0697058
154,0.0697791
155,0.0698472
156,0.069917
157,0.069984
158,0.0700538
159,0.0701228
160,0.070197
161,0.0702676
162,0.0703431
163,0.0704144
164,0.070489
165,0.0705562
166,0.0706276
167,0.0706945
168,0.070762
169,0.0708307
170,0.0708947
171,0.0709593
172,0.0710274
173,0.0710954
174,0.0711626
175,0.0712292
176,0.0712953
177,0.071362
178,0.0714272
179,0.0714917
180,0.0715531
181,0.0716168
182,0.0716778
183,0.0717354
184,0.0717827
185,0.0718265
186,0.0718636
187,0.0719052
188,0.0719412
189,0.0719841
190,0.0720211
191,0.0720613
192,0.072099
193,0.0721374
194,0.0721774
195,0.0722184
196,0.0722603
197,0.0723034
198,0.0723479
199,0.0723864
200,0.0724329
201,0.0724671
202,0.0725095
203,0.0725454
204,0.0725946
205,0.0726406
206,0.0726895
207,0.0727368
208,0.0727857
209,0.0728317
210,0.0728786
211,0.0729298
212,0.0729818
213,0.0730271
214,0.0730777
215,0.0731193
216,0.0731692
217,0.0732073
218,0.0732515
219,0.0732877
220,0.0733268
221,0.0733627
222,0.0733974
223,0.0734363
224,0.0734701
225,0.0735094
226,0.0735445
227,0.0735819
228,0.0736262
229,0.0736833
230,0.0737481
231,0.0738138
232,0.0738782
233,0.0739454
234,0.0740108
235,0.0740746
236,0.0741327
237,0.0741925
238,0.074248
239,0.0743018
240,0.0743538
241,0.0744025
242,0.0744503
243,0.0745015
244,0.0745445
245,0.0745928
246,0.0746315
247,0.0746787
248,0.0747199
249,0.0747678
250,0.0748089
251,0.0748541
252,0.0748964
253,0.0749418
254,0.074981
255,0.0750226
256,0.0750644
257,0.0751015
258,0.0751418
259,0.075179
260,0.0752172
261,0.0752518
262,0.0752854
263,0.0753184
264,0.075353
265,0.0753874
266,0.0754205
267,0.0754551
268,0.0754869
269,0.0755247
270,0.0755606
271,0.075597
272,0.0756335
273,0.0756772
274,0.0757273
275,0.0757765
276,0.0758301
277,0.0758811
278,0.0759298
279,0.0759776
280,0.0760245
281,0.0760699
282,0.0761153
283,0.0761596
284,0.0762011
285,0.0762439
286,0.0762843
287,0.0763259
288,0.0763659
289,0.0764077
290,0.0764479
291,0.0764895
292,0.0765285
293,0.0765701
294,0.0766097
295,0.0766483
296,0.0766871
297,0.07673
298,0.0767635
299,0.0768028
300,0.0768321
301,0.076866
302,0.076893
303,0.0769332
304,0.0769649
305,0.0770017
306,0.0770342
307,0.0770698
308,0.0771074
309,0.0771425
310,0.0771808
311,0.0772078
312,0.0772441
313,0.0772682
314,0.0773045
315,0.0773296
316,0.0773676
317,0.0773991
318,0.0774375
319,0.0774728
320,0.0775086
321,0.0775421
322,0.0775797
323,0.0776172
324,0.0776581
325,0.0777009
326,0.0777407
327,0.0777854
328,0.07783
329,0.0778827
330,0.0779344
331,0.0779915
332,0.0780497
333,0.0781064
334,0.078167
335,0.0782266
336,0.0782905
337,0.0783399
338,0.0783667
339,0.0783769
340,0.078387
341,0.0784003
342,0.0784125
343,0.0784284
344,0.0784417
345,0.0784598
346,0.0784811
347,0.0785059
348,0.0785319
349,0.0785589
350,0.0785878
351,0.0786173
352,0.0786464
353,0.0786763
354,0.0787093
355,0.0787398
356,0.0787745
357,0.0788038
358,0.0788345
359,0.0788614
360,0.0788933
361,0.078923
362,0.0789546
363,0.0789883
364,0.0790226
365,0.0790606
366,0.0790959
367,0.0791363
368,0.0791735
369,0.0792144
370,0.0792559
371,0.0793012
372,0.0793457
373,0.079394
374,0.0794449
375,0.0794963
376,0.079551
377,0.0795965
378,0.0796279
379,0.0796391
380,0.0796514
381,0.0796586
382,0.0796716
383,0.0796779
384,0.0796901
385,0.0796982
386,0.0797101
387,0.0797207
388,0.0797337
389,0.0797455
390,0.079759
391,0.07977
392,0.0797801
393,0.079788
394,0.0797964
395,0.0797994
396,0.0798054
397,0.0798064
398,0.0798113
399,0.0798107
