2,0.934683
3,0.823707
4,0.737661
5,0.670785
6,0.619193
7,0.579012
8,0.547605
9,0.523498
10,0.503559
11,0.486373
12,0.471474
13,0.457944
14,0.445027
15,0.432321
16,0.419032
17,0.406042
18,0.393397
19,0.380004
20,0.36647
21,0.353458
22,0.34032
23,0.327593
24,0.315622
25,0.304393
26,0.293793
27,0.283628
28,0.274389
29,0.26572
30,0.257907
31,0.250925
32,0.244593
33,0.238701
34,0.233643
35,0.229253
36,0.225427
37,0.221948
38,0.218816
39,0.215671
40,0.212533
41,0.209489
42,0.206492
43,0.203471
44,0.20009
45,0.196497
46,0.192532
47,0.188309
48,0.183958
49,0.179417
50,0.17474
51,0.169733
52,0.164332
53,0.158868
54,0.153647
55,0.148682
56,0.143803
57,0.139022
58,0.13421
59,0.1291
60,0.124137
61,0.119662
62,0.115518
63,0.111245
64,0.106684
65,0.102176
66,0.0975283
67,0.093034
68,0.0889161
69,0.0853077
70,0.0816063
71,0.0776127
72,0.07366
73,0.0697909
74,0.0661952
75,0.0628052
76,0.0598667
77,0.0568436
78,0.0537527
79,0.0503875
80,0.0474539
81,0.0445789
82,0.0421463
83,0.0397115
84,0.0376151
85,0.0352464
86,0.0328131
87,0.0305058
88,0.0284852
89,0.0266273
90,0.0249258
91,0.0233636
92,0.0217712
93,0.0201034
94,0.0184565
95,0.0170844
96,0.0158473
97,0.0147493
98,0.0136671
99,0.0127314
100,0.0116882
101,0.0108549
102,0.0100954
103,0.00965239
104,0.00909075
105,0.00878269
106,0.00822508
107,0.00786081
108,0.00721395
109,0.00677151
110,0.00624865
111,0.00595461
112,0.00552038
113,0.00517626
114,0.00469665
115,0.00421136
116,0.00375599
117,0.00345062
118,0.00312361
119,0.00286906
120,0.00253881
121,0.00235372
122,0.00213647
123,0.00200989
124,0.00200405
125,0.0020251
126,0.00210303
127,0.00214296
128,0.00214903
129,0.00212782
130,0.00221439
131,0.00216192
132,0.00222748
133,0.00225282
134,0.00230383
135,0.00232279
136,0.0023225
137,0.00235472
138,0.00240976
139,0.00242914
140,0.00249542
141,0.00259311
142,0.00258502
143,0.00265085
144,0.00268273
145,0.00268873
146,0.00267457
147,0.00268403
148,0.00257263
149,0.00251854
150,0.00245078
151,0.00240824
152,0.00233297
153,0.00231982
154,0.0023046
155,0.00230193
156,0.00225351
157,0.00227872
158,0.00228119
159,0.00228956
160,0.00228769
161,0.00227947
162,0.00230434
163,0.00231129
164,0.002403
165,0.00237993
166,0.00245536
167,0.00252307
168,0.00255352
169,0.0026218
170,0.00264713
171,0.00263406
172,0.00273382
173,0.0027563
174,0.00284458
175,0.00289066
176,0.00294969
177,0.00301133
178,0.00307912
179,0.00312545
180,0.00316937
181,0.00320519
182,0.00322054
183,0.00317795
184,0.00305432
185,0.00286726
186,0.00259265
187,0.00233499
188,0.00198037
189,0.00160367
190,0.00135832
191,0.00133061
192,0.00122668
193,0.00115189
194,0.0010788
195,0.000995145
196,0.000949232
197,0.000973034
198,0.000979252
199,0.000998925
200,0.00100978
201,0.00113685
202,0.00121473
203,0.00137507
204,0.00137053
205,0.0014353
206,0.00141605
207,0.00146891
208,0.0014793
209,0.0014911
210,0.00151598
211,0.00151947
212,0.0014896
213,0.00150511
214,0.0014733
215,0.00155008
216,0.00155134
217,0.00166303
218,0.00170036
219,0.0018428
220,0.00196161
221,0.0021027
222,0.0022427
223,0.00234894
224,0.00250951
225,0.00260531
226,0.00276214
227,0.00286637
228,0.00289074
229,0.00273647
230,0.00251165
231,0.00228163
232,0.00209848
233,0.00192655
234,0.00180539
235,0.00169521
236,0.00167703
237,0.00163559
238,0.00163396
239,0.00163669
240,0.00166502
241,0.00166651
242,0.00169168
243,0.0017445
244,0.00176287
245,0.00183031
246,0.00181061
247,0.00187788
248,0.00184871
249,0.00190398
250,0.00190485
251,0.00188286
252,0.00187826
253,0.00194345
254,0.00192859
255,0.00192195
256,0.00195292
257,0.00194904
258,0.00196704
259,0.00194821
260,0.00193718
261,0.00197904
262,0.00198838
263,0.00200629
264,0.00199669
265,0.00200783
266,0.00202545
267,0.00212138
268,0.00212748
269,0.00212251
270,0.00215744
271,0.00216145
272,0.00221785
273,0.00212506
274,0.00210231
275,0.00205051
276,0.00199377
277,0.00193661
278,0.00192984
279,0.00192464
280,0.00191615
281,0.00189749
282,0.00188802
283,0.00189666
284,0.00193005
285,0.00189964
286,0.0019464
287,0.00194519
288,0.0019192
289,0.00191834
290,0.00196294
291,0.00195185
292,0.00194464
293,0.00197149
294,0.00198776
295,0.00199045
296,0.00196777
297,0.00197533
298,0.0019807
299,0.00198215
300,0.00196677
301,0.00195169
302,0.00192008
303,0.00189958
304,0.00191333
305,0.00190291
306,0.00187341
307,0.00188796
308,0.00190972
309,0.0019208
310,0.00193495
311,0.00182969
312,0.00185646
313,0.00185474
314,0.00186605
315,0.00182555
316,0.00185125
317,0.00179833
318,0.00184473
319,0.0018399
320,0.00183034
321,0.00181625
322,0.00184217
323,0.00184299
324,0.00186962
325,0.00188416
326,0.0018895
327,0.00194211
328,0.00195801
329,0.00211665
330,0.00225907
331,0.00245152
332,0.00264595
333,0.0028788
334,0.00317265
335,0.00343756
336,0.00376769
337,0.00395307
338,0.0038813
339,0.00363271
340,0.00337349
341,0.00317118
342,0.00292735
343,0.00278261
344,0.00257424
345,0.00247864
346,0.00235832
347,0.00229903
348,0.00223724
349,0.0022279
350,0.00217292
351,0.0021806
352,0.00213976
353,0.00214145
354,0.00212637
355,0.00211624
356,0.00214798
357,0.00209837
358,0.00211749
359,0.00205857
360,0.00211321
361,0.00209629
362,0.00208917
363,0.00205756
364,0.00211835
365,0.00217768
366,0.00220325
367,0.00225091
368,0.00233538
369,0.00242607
370,0.00252494
371,0.00263312
372,0.00280459
373,0.00295694
374,0.00318143
375,0.00340649
376,0.00367188
377,0.00383603
378,0.00387106
379,0.00365852
380,0.00347505
381,0.00323396
382,0.00303711
383,0.00284806
384,0.00267435
385,0.00247408
386,0.00233734
387,0.00220968
388,0.00211446
389,0.00197291
390,0.00195879
391,0.00186702
392,0.00191141
393,0.0018135
394,0.00190962
395,0.00199377
396,0.00212865
397,0.0023076
398,0.00248859
399,0.00278191
