2,0.934212
3,0.823711
4,0.7384
5,0.67149
6,0.619393
7,0.57953
8,0.548285
9,0.524011
10,0.504096
11,0.487278
12,0.472884
13,0.45971
14,0.446876
15,0.434057
16,0.421305
17,0.408064
18,0.394827
19,0.381696
20,0.368124
21,0.35481
22,0.341585
23,0.328977
24,0.316791
25,0.305272
26,0.294272
27,0.283985
28,0.274273
29,0.265454
30,0.257339
31,0.25034
32,0.243632
33,0.237757
34,0.232627
35,0.228192
36,0.22436
37,0.221182
38,0.21843
39,0.215629
40,0.212836
41,0.210259
42,0.207764
43,0.20528
44,0.202513
45,0.199479
46,0.196135
47,0.192472
48,0.18865
49,0.18456
50,0.180396
51,0.175736
52,0.170773
53,0.165359
54,0.160312
55,0.155225
56,0.150462
57,0.145676
58,0.140926
59,0.135851
60,0.130847
61,0.126302
62,0.122114
63,0.117771
64,0.113245
65,0.108603
66,0.10391
67,0.0992079
68,0.0949052
69,0.0910773
70,0.0872075
71,0.0830622
72,0.0788945
73,0.0748853
74,0.0709959
75,0.0674307
76,0.0641844
77,0.0611128
78,0.0576885
79,0.0543238
80,0.050989
81,0.0481066
82,0.0452752
83,0.0427788
84,0.0404071
85,0.0379309
86,0.0353562
87,0.0328244
88,0.0307385
89,0.0286289
90,0.0268756
91,0.0250996
92,0.023505
93,0.021659
94,0.0200018
95,0.0184514
96,0.0172359
97,0.0159331
98,0.0148715
99,0.01375
100,0.0127526
101,0.011714
102,0.0109298
103,0.0103643
104,0.0098252
105,0.00935878
106,0.00883404
107,0.00834286
108,0.00772566
109,0.00723036
110,0.00669261
111,0.00632781
112,0.00586859
113,0.00551429
114,0.00501413
115,0.00457363
116,0.00407047
117,0.00375412
118,0.00336373
119,0.00310308
120,0.00272958
121,0.00250258
122,0.00220112
123,0.00209698
124,0.00204374
125,0.00207742
126,0.00209291
127,0.00215615
128,0.00215422
129,0.00222236
130,0.00216673
131,0.00222573
132,0.00223241
133,0.00232858
134,0.00232929
135,0.00235393
136,0.00234166
137,0.0023718
138,0.00239507
139,0.00243394
140,0.00250955
141,0.00255443
142,0.00259275
143,0.0026332
144,0.00268078
145,0.00267551
146,0.0026769
147,0.00267855
148,0.00253135
149,0.00251489
150,0.00241088
151,0.00236787
152,0.00236272
153,0.0023358
154,0.00226171
155,0.0023251
156,0.00228094
157,0.00226415
158,0.00224173
159,0.00227791
160,0.00225182
161,0.00229391
162,0.00232374
163,0.0023539
164,0.00236262
165,0.00245841
166,0.0024699
167,0.00251511
168,0.00251837
169,0.0025976
170,0.00262354
171,0.00267487
172,0.0027511
173,0.00276456
174,0.00284505
175,0.00291234
176,0.00294382
177,0.0030175
178,0.00307189
179,0.00314123
180,0.00313295
181,0.00317908
182,0.00315366
183,0.003196
184,0.00298214
185,0.00276678
186,0.00249309
187,0.00220091
188,0.00182011
189,0.00155462
190,0.00151992
191,0.00139812
192,0.00129501
193,0.00115749
194,0.00110575
195,0.000985099
196,0.00102148
197,0.000938768
198,0.00100645
199,0.00100241
200,0.00103091
201,0.00110034
202,0.00123331
203,0.00135406
204,0.00138628
205,0.00141982
206,0.00143869
207,0.00146852
208,0.00151249
209,0.00148911
210,0.00157235
211,0.0015244
212,0.00152186
213,0.00149319
214,0.0015356
215,0.00155586
216,0.0016022
217,0.00162915
218,0.00174593
219,0.00185176
220,0.00197448
221,0.00210049
222,0.00224592
223,0.00237901
224,0.00253562
225,0.00263657
226,0.00276557
227,0.00288417
228,0.00291327
229,0.00277743
230,0.00251837
231,0.00230912
232,0.00205236
233,0.00187897
234,0.00172943
235,0.0016709
236,0.00161011
237,0.00160318
238,0.00161531
239,0.00158719
240,0.00160513
241,0.00161136
242,0.00168066
243,0.00171183
244,0.0017772
245,0.00173072
246,0.00180238
247,0.00184312
248,0.00189445
249,0.00187565
250,0.00188183
251,0.00192949
252,0.00186907
253,0.0018956
254,0.00191467
255,0.00193222
256,0.0019386
257,0.00192652
258,0.00194379
259,0.00194592
260,0.00198214
261,0.00197557
262,0.00196982
263,0.00198882
264,0.00199105
265,0.00202911
266,0.00208562
267,0.00206862
268,0.00213967
269,0.00213192
270,0.00215041
271,0.00216593
272,0.002212
273,0.00214931
274,0.00209547
275,0.00204196
276,0.00200607
277,0.00194413
278,0.00190756
279,0.00192738
280,0.00186623
281,0.00190042
282,0.00189896
283,0.0019073
284,0.00192082
285,0.00191305
286,0.00194738
287,0.0019163
288,0.00193102
289,0.00193676
290,0.00195909
291,0.00195633
292,0.00195709
293,0.00196171
294,0.00195749
295,0.00200196
296,0.00198228
297,0.00200132
298,0.00198224
299,0.0020237
300,0.0019778
301,0.00194519
302,0.00191786
303,0.00194719
304,0.00187766
305,0.0018813
306,0.00188051
307,0.00191431
308,0.00188364
309,0.00190406
310,0.00189677
311,0.00190786
312,0.00185728
313,0.00189931
314,0.00184007
315,0.00184095
316,0.0018175
317,0.001827
318,0.00183958
319,0.001835
320,0.00181235
321,0.00182637
322,0.00185794
323,0.00181412
324,0.00186568
325,0.00188348
326,0.00190079
327,0.00194584
328,0.00201846
329,0.00215517
330,0.00227715
331,0.00245611
332,0.00265461
333,0.00290337
334,0.00315832
335,0.00344621
336,0.003789
337,0.00397573
338,0.00385656
339,0.00362424
340,0.00337735
341,0.00317609
342,0.00295758
343,0.00275614
344,0.00262024
345,0.00247431
346,0.00236656
347,0.00231362
348,0.00223081
349,0.00222791
350,0.00220727
351,0.00218152
352,0.00215955
353,0.00215478
354,0.00213586
355,0.00213764
356,0.00215262
357,0.00214089
358,0.00210843
359,0.00213302
360,0.00209014
361,0.00209465
362,0.00210866
363,0.00212536
364,0.00214028
365,0.00216452
366,0.0022709
367,0.00230134
368,0.00238992
369,0.00243553
370,0.00260023
371,0.00267123
372,0.00286242
373,0.00302691
374,0.00324751
375,0.00346356
376,0.00374559
377,0.00389544
378,0.00387615
379,0.00368004
380,0.00347785
381,0.00326802
382,0.00304969
383,0.00286039
384,0.00262645
385,0.00251376
386,0.00230743
387,0.00221191
388,0.00208761
389,0.00201668
390,0.00192701
391,0.00188509
392,0.0018844
393,0.00186493
394,0.00190207
395,0.00199819
396,0.00211368
397,0.00230127
398,0.00250069
399,0.00277534
