2,0.00246967
3,0.0070114
4,0.0108407
5,0.0140542
6,0.0167126
7,0.0188741
8,0.0206672
9,0.0221474
10,0.0234239
11,0.0245502
12,0.0255551
13,0.026495
14,0.0274129
15,0.0283259
16,0.0292325
17,0.0301611
18,0.0310887
19,0.0320094
20,0.0329528
21,0.0338823
22,0.0348075
23,0.0356998
24,0.0365701
25,0.0374042
26,0.0382102
27,0.0389766
28,0.039711
29,0.0403956
30,0.0410404
31,0.0416215
32,0.0421851
33,0.0426998
34,0.0431715
35,0.0436008
36,0.0439944
37,0.0443477
38,0.0446746
39,0.0450012
40,0.0453253
41,0.0456341
42,0.0459362
43,0.0462351
44,0.0465492
45,0.0468762
46,0.0472202
47,0.0475812
48,0.0479507
49,0.0483341
50,0.0487219
51,0.0491372
52,0.049571
53,0.0500302
54,0.0504678
55,0.0509063
56,0.0513257
57,0.0517453
58,0.0521634
59,0.0525992
60,0.053032
61,0.053435
62,0.0538169
63,0.0542063
64,0.0546083
65,0.0550154
66,0.055427
67,0.0558373
68,0.0562242
69,0.056579
70,0.0569387
71,0.0573123
72,0.0576897
73,0.058054
74,0.058413
75,0.058749
76,0.0590669
77,0.0593697
78,0.0596981
79,0.0600188
80,0.0603408
81,0.0606297
82,0.0609185
83,0.0611818
84,0.0614399
85,0.0617007
86,0.0619712
87,0.062235
88,0.0624722
89,0.062707
90,0.0629219
91,0.0631341
92,0.0633372
93,0.0635527
94,0.0637587
95,0.0639544
96,0.0641294
97,0.0643069
98,0.0644698
99,0.0646354
100,0.0647924
101,0.0649545
102,0.0650975
103,0.0652302
104,0.0653563
105,0.0654814
106,0.0656034
107,0.0657279
108,0.0658553
109,0.0659804
110,0.0660994
111,0.0662134
112,0.0663265
113,0.0664396
114,0.0665549
115,0.0666729
116,0.0667887
117,0.066901
118,0.0670063
119,0.0671155
120,0.0672232
121,0.0673331
122,0.0674384
123,0.0675449
124,0.067632
125,0.0677148
126,0.0677822
127,0.0678582
128,0.0679274
129,0.068004
130,0.0680786
131,0.0681541
132,0.0682243
133,0.068296
134,0.0683639
135,0.0684349
136,0.0685067
137,0.0685781
138,0.0686453
139,0.0687159
140,0.0687766
141,0.0688433
142,0.0689051
143,0.068972
144,0.0690369
145,0.0691039
146,0.0691729
147,0.069245
148,0.0693248
149,0.0694011
150,0.0694821
151,0.069555
152,0.0696336
153,0.0697057
154,0.0697803
155,0.0698464
156,0.0699195
157,0.0699838
158,0.0700561
159,0.0701223
160,0.0701966
161,0.0702678
162,0.0703445
163,0.070416
164,0.0704886
165,0.0705589
166,0.0706257
167,0.0706981
168,0.0707633
169,0.0708321
170,0.0708963
171,0.0709628
172,0.0710301
173,0.0710983
174,0.0711646
175,0.0712329
176,0.0712978
177,0.0713651
178,0.0714289
179,0.0714948
180,0.0715555
181,0.0716194
182,0.0716782
183,0.0717386
184,0.0717827
185,0.0718272
186,0.0718654
187,0.071905
188,0.0719446
189,0.0719834
190,0.0720238
191,0.0720612
192,0.0721009
193,0.0721365
194,0.0721793
195,0.0722183
196,0.0722648
197,0.0723017
198,0.0723487
199,0.0723873
200,0.0724303
201,0.0724691
202,0.0725078
203,0.0725453
204,0.0725926
205,0.0726383
206,0.0726882
207,0.072736
208,0.0727824
209,0.0728319
210,0.0728763
211,0.0729292
212,0.0729776
213,0.0730283
214,0.0730724
215,0.0731204
216,0.0731645
217,0.0732088
218,0.0732479
219,0.0732878
220,0.0733237
221,0.0733617
222,0.0733977
223,0.0734349
224,0.0734683
225,0.0735072
226,0.073543
227,0.0735803
228,0.0736241
229,0.0736803
230,0.0737469
231,0.0738095
232,0.0738775
233,0.0739436
234,0.0740071
235,0.0740725
236,0.07413
237,0.0741886
238,0.0742465
239,0.0742996
240,0.0743511
241,0.0744015
242,0.0744505
243,0.0744979
244,0.0745458
245,0.0745894
246,0.0746325
247,0.0746759
248,0.0747214
249,0.0747656
250,0.0748113
251,0.0748532
252,0.0748973
253,0.0749393
254,0.0749822
255,0.075022
256,0.075064
257,0.0751016
258,0.0751415
259,0.075179
260,0.0752151
261,0.0752525
262,0.075283
263,0.0753197
264,0.0753509
265,0.0753881
266,0.0754172
267,0.075455
268,0.0754866
269,0.0755239
270,0.0755584
271,0.0755962
272,0.0756319
273,0.0756752
274,0.0757279
275,0.0757756
276,0.0758298
277,0.0758809
278,0.0759309
279,0.0759766
280,0.0760227
281,0.0760701
282,0.0761148
283,0.0761586
284,0.0762016
285,0.0762413
286,0.0762861
287,0.0763247
288,0.0763686
289,0.0764077
290,0.0764505
291,0.0764875
292,0.0765314
293,0.0765707
294,0.0766112
295,0.0766491
296,0.0766891
297,0.0767286
298,0.0767669
299,0.0768014
300,0.0768361
301,0.0768634
302,0.0768966
303,0.0769309
304,0.0769679
305,0.077001
306,0.0770367
307,0.0770718
308,0.0771062
309,0.077145
310,0.0771779
311,0.0772128
312,0.0772411
313,0.0772724
314,0.0773008
315,0.0773333
316,0.0773653
317,0.0774013
318,0.0774359
319,0.0774759
320,0.0775087
321,0.0775457
322,0.0775775
323,0.0776214
324,0.0776587
325,0.077702
326,0.0777441
327,0.0777864
328,0.0778321
329,0.0778853
330,0.0779379
331,0.0779943
332,0.0780519
333,0.0781088
334,0.0781692
335,0.0782274
336,0.0782914
337,0.0783416
338,0.0783659
339,0.0783789
340,0.0783873
341,0.078401
342,0.0784144
343,0.0784282
344,0.0784435
345,0.0784611
346,0.0784821
347,0.0785087
348,0.0785308
349,0.0785603
350,0.0785882
351,0.0786187
352,0.078649
353,0.0786789
354,0.0787111
355,0.0787436
356,0.0787759
357,0.0788073
358,0.078835
359,0.0788655
360,0.0788954
361,0.0789256
362,0.0789582
363,0.0789919
364,0.0790277
365,0.0790619
366,0.079104
367,0.0791381
368,0.0791808
369,0.0792168
370,0.0792641
371,0.0793043
372,0.0793537
373,0.0793992
374,0.0794518
375,0.0795016
376,0.0795576
377,0.0796009
378,0.0796289
379,0.0796415
380,0.0796518
381,0.0796608
382,0.0796712
383,0.0796795
384,0.0796887
385,0.0796994
386,0.0797077
387,0.0797225
388,0.0797302
389,0.0797477
390,0.079756
391,0.0797716
392,0.0797794
393,0.0797884
394,0.0797953
395,0.079801
396,0.0798043
397,0.0798069
398,0.0798089
399,0.0798116
