2,0.00246526
3,0.00701988
4,0.0108534
5,0.0140431
6,0.0167122
7,0.0188696
8,0.020633
9,0.0221239
10,0.0233934
11,0.0245112
12,0.0255035
13,0.026444
14,0.0273439
15,0.0282532
16,0.0291665
17,0.0300829
18,0.0309963
19,0.0319338
20,0.0328792
21,0.0338039
22,0.0347347
23,0.035652
24,0.0365255
25,0.0373687
26,0.03819
27,0.0389631
28,0.0397043
29,0.0404071
30,0.041059
31,0.0416591
32,0.0422203
33,0.0427417
34,0.0432156
35,0.0436492
36,0.0440307
37,0.044381
38,0.0446965
39,0.0450024
40,0.0452948
41,0.0455854
42,0.0458633
43,0.0461367
44,0.046418
45,0.0467184
46,0.0470252
47,0.0473489
48,0.0476978
49,0.0480497
50,0.0484106
51,0.0487957
52,0.0492172
53,0.049652
54,0.0500821
55,0.0505112
56,0.050932
57,0.051346
58,0.0517574
59,0.0521887
60,0.052623
61,0.0530302
62,0.0534152
63,0.0538073
64,0.0542057
65,0.0546165
66,0.0550333
67,0.0554517
68,0.0558488
69,0.0562181
70,0.0565834
71,0.0569664
72,0.0573533
73,0.0577319
74,0.0581025
75,0.0584563
76,0.0587827
77,0.0591052
78,0.0594317
79,0.0597744
80,0.0600994
81,0.0604109
82,0.0607059
83,0.0609855
84,0.0612526
85,0.0615242
86,0.0618048
87,0.0620748
88,0.0623285
89,0.0625674
90,0.0627952
91,0.0630104
92,0.0632249
93,0.0634423
94,0.0636592
95,0.0638583
96,0.0640446
97,0.0642228
98,0.0643942
99,0.0645623
100,0.0647271
101,0.0648905
102,0.0650422
103,0.0651801
104,0.0653106
105,0.0654379
106,0.0655651
107,0.0656897
108,0.0658222
109,0.0659461
110,0.0660711
111,0.0661829
112,0.0663009
113,0.066413
114,0.0665294
115,0.0666477
116,0.0667668
117,0.0668783
118,0.0669868
119,0.0670949
120,0.0672064
121,0.0673152
122,0.0674219
123,0.06753
124,0.067622
125,0.0677058
126,0.067777
127,0.0678499
128,0.067922
129,0.0679972
130,0.0680713
131,0.0681477
132,0.0682182
133,0.0682927
134,0.0683575
135,0.0684337
136,0.0685024
137,0.068577
138,0.0686431
139,0.0687126
140,0.0687756
141,0.0688416
142,0.068905
143,0.0689703
144,0.0690377
145,0.0691037
146,0.0691711
147,0.0692458
148,0.0693229
149,0.0694017
150,0.0694804
151,0.0695553
152,0.0696341
153,0.0697032
154,0.0697822
155,0.0698454
156,0.0699193
157,0.0699841
158,0.0700565
159,0.0701239
160,0.0701967
161,0.0702695
162,0.0703451
163,0.0704168
164,0.0704903
165,0.0705596
166,0.0706285
167,0.0706974
168,0.0707672
169,0.0708328
170,0.0709001
171,0.0709624
172,0.0710324
173,0.0710981
174,0.071168
175,0.0712341
176,0.0712998
177,0.0713671
178,0.0714313
179,0.0714974
180,0.0715579
181,0.0716208
182,0.071679
183,0.0717382
184,0.071783
185,0.0718287
186,0.0718648
187,0.0719076
188,0.0719443
189,0.0719863
190,0.0720229
191,0.0720635
192,0.0720991
193,0.07214
194,0.0721766
195,0.0722206
196,0.0722622
197,0.0723043
198,0.0723468
199,0.072389
200,0.0724284
201,0.0724687
202,0.0725056
203,0.0725462
204,0.0725915
205,0.0726376
206,0.0726871
207,0.0727349
208,0.0727824
209,0.0728294
210,0.072876
211,0.0729263
212,0.0729777
213,0.0730248
214,0.0730734
215,0.0731172
216,0.0731647
217,0.0732065
218,0.0732497
219,0.0732858
220,0.0733254
221,0.0733582
222,0.0733989
223,0.0734314
224,0.0734679
225,0.0735047
226,0.0735422
227,0.0735788
228,0.0736226
229,0.0736787
230,0.0737432
231,0.0738092
232,0.0738742
233,0.0739418
234,0.0740055
235,0.0740689
236,0.0741265
237,0.0741891
238,0.0742419
239,0.0743008
240,0.0743482
241,0.0744014
242,0.0744479
243,0.0744988
244,0.0745447
245,0.0745871
246,0.0746329
247,0.0746755
248,0.0747208
249,0.0747645
250,0.0748108
251,0.0748534
252,0.0748955
253,0.0749395
254,0.0749811
255,0.0750225
256,0.0750625
257,0.075103
258,0.0751391
259,0.0751787
260,0.0752137
261,0.0752517
262,0.0752846
263,0.0753183
264,0.0753534
265,0.075384
266,0.0754202
267,0.0754532
268,0.0754866
269,0.0755219
270,0.0755581
271,0.0755941
272,0.0756307
273,0.0756744
274,0.075725
275,0.0757774
276,0.0758284
277,0.0758811
278,0.0759288
279,0.0759779
280,0.076023
281,0.076069
282,0.0761154
283,0.0761583
284,0.0762016
285,0.076243
286,0.0762844
287,0.0763262
288,0.0763682
289,0.0764084
290,0.0764494
291,0.0764898
292,0.0765312
293,0.0765713
294,0.0766121
295,0.0766501
296,0.0766905
297,0.0767281
298,0.0767705
299,0.0768024
300,0.0768371
301,0.0768645
302,0.0768955
303,0.0769329
304,0.0769673
305,0.077003
306,0.0770353
307,0.0770729
308,0.0771072
309,0.0771456
310,0.0771795
311,0.0772127
312,0.0772424
313,0.0772728
314,0.0773022
315,0.0773343
316,0.077366
317,0.0774017
318,0.0774379
319,0.0774754
320,0.0775096
321,0.0775458
322,0.0775812
323,0.0776217
324,0.0776622
325,0.0777041
326,0.0777464
327,0.0777901
328,0.0778347
329,0.077888
330,0.0779408
331,0.0779986
332,0.0780552
333,0.0781114
334,0.0781724
335,0.0782297
336,0.0782943
337,0.0783404
338,0.0783691
339,0.0783765
340,0.0783917
341,0.0783985
342,0.0784177
343,0.0784279
344,0.0784462
345,0.0784625
346,0.0784835
347,0.0785093
348,0.0785328
349,0.078561
350,0.0785912
351,0.0786197
352,0.0786508
353,0.0786823
354,0.0787131
355,0.0787482
356,0.0787801
357,0.0788093
358,0.0788383
359,0.0788682
360,0.0788979
361,0.0789295
362,0.0789603
363,0.0789942
364,0.0790313
365,0.0790654
366,0.0791067
367,0.0791426
368,0.0791853
369,0.0792239
370,0.0792656
371,0.0793119
372,0.0793574
373,0.0794075
374,0.0794562
375,0.0795071
376,0.0795619
377,0.079604
378,0.0796319
379,0.0796423
380,0.0796536
381,0.079662
382,0.0796703
383,0.0796817
384,0.0796892
385,0.0796986
386,0.0797082
387,0.0797206
388,0.07973
389,0.0797472
390,0.0797558
391,0.0797713
392,0.079777
393,0.079789
394,0.079795
395,0.0797991
396,0.0798042
397,0.0798056
398,0.0798086
399,0.0798096
