2,0.93433
3,0.823496
4,0.738091
5,0.67175
6,0.619405
7,0.579631
8,0.549033
9,0.524515
10,0.504741
11,0.488092
12,0.473945
13,0.46075
14,0.448272
15,0.43551
16,0.422613
17,0.409603
18,0.396627
19,0.383157
20,0.369532
21,0.3563
22,0.34296
23,0.329878
24,0.317624
25,0.305931
26,0.29464
27,0.284228
28,0.274398
29,0.265246
30,0.257005
31,0.249665
32,0.243005
33,0.237014
34,0.231845
35,0.227338
36,0.223721
37,0.220595
38,0.218049
39,0.215607
40,0.213364
41,0.211098
42,0.209025
43,0.206974
44,0.204759
45,0.202171
46,0.199458
47,0.196415
48,0.192929
49,0.189361
50,0.185632
51,0.181463
52,0.176688
53,0.171665
54,0.166728
55,0.161784
56,0.156984
57,0.152271
58,0.147612
59,0.142597
60,0.137549
61,0.132916
62,0.128663
63,0.124264
64,0.119774
65,0.115061
66,0.110269
67,0.10542
68,0.100943
69,0.0968765
70,0.0928978
71,0.0885926
72,0.0842587
73,0.0800156
74,0.0759279
75,0.0720676
76,0.0686724
77,0.0652961
78,0.0618841
79,0.0581722
80,0.054772
81,0.0515372
82,0.0485953
83,0.0458478
84,0.0433248
85,0.040682
86,0.0379317
87,0.0353062
88,0.0329652
89,0.0307916
90,0.0288306
91,0.0270067
92,0.0252284
93,0.0233569
94,0.0215211
95,0.0199214
96,0.018531
97,0.0172183
98,0.0160298
99,0.0148603
100,0.0137517
101,0.0126692
102,0.0117714
103,0.0111073
104,0.0105052
105,0.00998944
106,0.00940335
107,0.00889859
108,0.00821906
109,0.00771889
110,0.00709944
111,0.00677986
112,0.00624571
113,0.00589177
114,0.00536961
115,0.00491742
116,0.00436783
117,0.00404655
118,0.00360724
119,0.00336439
120,0.00289287
121,0.00266777
122,0.00234421
123,0.00214847
124,0.00205831
125,0.00210439
126,0.00210232
127,0.00218934
128,0.00219552
129,0.0022453
130,0.00219882
131,0.00230434
132,0.00225577
133,0.00227501
134,0.00232894
135,0.002354
136,0.00235471
137,0.00236049
138,0.0024028
139,0.002463
140,0.00247719
141,0.00258957
142,0.00257607
143,0.00265041
144,0.00263298
145,0.00268711
146,0.00267943
147,0.00268707
148,0.00256183
149,0.00249066
150,0.00239263
151,0.00241534
152,0.00235011
153,0.00230838
154,0.00225554
155,0.00230145
156,0.00228177
157,0.00224875
158,0.00225458
159,0.00225972
160,0.00226414
161,0.00229517
162,0.00232283
163,0.00232373
164,0.00240538
165,0.00240165
166,0.00247299
167,0.00250422
168,0.00258553
169,0.00255507
170,0.00269179
171,0.00264296
172,0.00273218
173,0.00275314
174,0.00284133
175,0.00289345
176,0.00292725
177,0.00300515
178,0.00305827
179,0.00309106
180,0.00313675
181,0.00314447
182,0.00310179
183,0.00308603
184,0.00289782
185,0.00269612
186,0.00239514
187,0.00207752
188,0.00176432
189,0.00172039
190,0.00157199
191,0.00147666
192,0.0012647
193,0.00123124
194,0.00106719
195,0.00102555
196,0.00095362
197,0.000982664
198,0.000964762
199,0.00100599
200,0.00101433
201,0.00111825
202,0.00125686
203,0.00131638
204,0.00140772
205,0.00144621
206,0.00146099
207,0.00148105
208,0.00149252
209,0.00152581
210,0.00155576
211,0.0015217
212,0.00151294
213,0.00153026
214,0.00152212
215,0.00158459
216,0.00158559
217,0.00166667
218,0.00175038
219,0.00186494
220,0.00197035
221,0.00214604
222,0.00221503
223,0.00241325
224,0.0025325
225,0.00266314
226,0.00276985
227,0.00289998
228,0.00292307
229,0.00279509
230,0.00255236
231,0.00231379
232,0.00206914
233,0.00182084
234,0.00164608
235,0.00155736
236,0.00152301
237,0.00149426
238,0.00152324
239,0.00153812
240,0.00157208
241,0.00159461
242,0.0016602
243,0.00168605
244,0.00173092
245,0.00174461
246,0.00180421
247,0.00179791
248,0.00184752
249,0.00183389
250,0.00185403
251,0.00190301
252,0.00186993
253,0.00191074
254,0.00191574
255,0.00191223
256,0.00194002
257,0.00192245
258,0.00193933
259,0.00192615
260,0.00193694
261,0.00195231
262,0.0020033
263,0.00199968
264,0.00204392
265,0.00202232
266,0.00203425
267,0.00204565
268,0.00212172
269,0.0021101
270,0.00217855
271,0.00218065
272,0.00221055
273,0.00214607
274,0.00209304
275,0.00205022
276,0.00199078
277,0.00190466
278,0.00189359
279,0.00189469
280,0.00189687
281,0.00191258
282,0.00192211
283,0.00191816
284,0.00188946
285,0.00189154
286,0.00192751
287,0.00193267
288,0.00194199
289,0.00193917
290,0.00194769
291,0.00195147
292,0.00196668
293,0.00193543
294,0.00197835
295,0.00199128
296,0.00199523
297,0.00200931
298,0.00203643
299,0.00202489
300,0.00197819
301,0.00197449
302,0.00190514
303,0.00189573
304,0.00192731
305,0.00189777
306,0.00187518
307,0.00191489
308,0.00187414
309,0.00192369
310,0.00191212
311,0.00190468
312,0.00185809
313,0.00184233
314,0.00185455
315,0.00184239
316,0.00182243
317,0.00182796
318,0.00185235
319,0.00182545
320,0.00181219
321,0.00184098
322,0.00183814
323,0.00181377
324,0.00188875
325,0.00185535
326,0.00191694
327,0.00194721
328,0.00201703
329,0.00213955
330,0.00229571
331,0.00246978
332,0.00269112
333,0.00292073
334,0.00319005
335,0.00346398
336,0.00382274
337,0.00394794
338,0.00390077
339,0.00362449
340,0.00341695
341,0.00312627
342,0.00299349
343,0.00276275
344,0.00263206
345,0.00248497
346,0.00239483
347,0.00231792
348,0.00226573
349,0.00218899
350,0.00219552
351,0.00219309
352,0.00215246
353,0.00214812
354,0.00217945
355,0.00217984
356,0.00215484
357,0.00217148
358,0.00216525
359,0.00215053
360,0.00210953
361,0.00212254
362,0.00209442
363,0.00209579
364,0.00218948
365,0.00221069
366,0.00226727
367,0.00232604
368,0.00241779
369,0.00247982
370,0.00261109
371,0.00275694
372,0.00290177
373,0.00311825
374,0.00328262
375,0.00353108
376,0.00378781
377,0.00392344
378,0.00390144
379,0.00369879
380,0.00349733
381,0.00327257
382,0.00303503
383,0.00286356
384,0.00267071
385,0.00246919
386,0.0023461
387,0.00218185
388,0.00206555
389,0.00202137
390,0.00191756
391,0.00188809
392,0.00184045
393,0.00188843
394,0.00190631
395,0.00200221
396,0.00211502
397,0.00228447
398,0.00251022
399,0.00280765
