2,0.934637
3,0.823749
4,0.737978
5,0.671565
6,0.619588
7,0.579754
8,0.549057
9,0.524911
10,0.505409
11,0.489202
12,0.474761
13,0.461547
14,0.448909
15,0.436584
16,0.423704
17,0.411055
18,0.397804
19,0.384279
20,0.37065
21,0.357385
22,0.343971
23,0.331001
24,0.318393
25,0.306371
26,0.295042
27,0.284375
28,0.274472
29,0.265209
30,0.256584
31,0.249214
32,0.242483
33,0.236502
34,0.231199
35,0.226824
36,0.22321
37,0.220308
38,0.217891
39,0.215825
40,0.21372
41,0.211902
42,0.210171
43,0.208684
44,0.206868
45,0.204914
46,0.202547
47,0.199963
48,0.197011
49,0.193852
50,0.190561
51,0.186816
52,0.182465
53,0.177617
54,0.172853
55,0.168072
56,0.163367
57,0.158823
58,0.154162
59,0.149276
60,0.144172
61,0.139511
62,0.135139
63,0.130791
64,0.126184
65,0.121502
66,0.116622
67,0.111626
68,0.10696
69,0.102742
70,0.0985968
71,0.0941342
72,0.0896742
73,0.0851905
74,0.080905
75,0.0767848
76,0.0731629
77,0.0696402
78,0.0660193
79,0.0621325
80,0.0585531
81,0.0550688
82,0.0519317
83,0.0489617
84,0.0463248
85,0.0434867
86,0.0406012
87,0.0378224
88,0.0352915
89,0.0329887
90,0.030879
91,0.0289067
92,0.0270555
93,0.0250367
94,0.0231353
95,0.021392
96,0.0199044
97,0.0184896
98,0.0172116
99,0.0160033
100,0.0147988
101,0.0136378
102,0.0126372
103,0.0118907
104,0.0112173
105,0.0106465
106,0.0100554
107,0.00946965
108,0.0087694
109,0.00817913
110,0.00757762
111,0.00712998
112,0.00664357
113,0.00620427
114,0.00573606
115,0.00519476
116,0.00471153
117,0.00425712
118,0.0038887
119,0.00353759
120,0.00311052
121,0.00283032
122,0.00247973
123,0.00226411
124,0.00209035
125,0.00213809
126,0.00213496
127,0.00218709
128,0.00223648
129,0.00225803
130,0.00224277
131,0.00229236
132,0.00227017
133,0.0022461
134,0.00234318
135,0.00236709
136,0.00237478
137,0.00236774
138,0.00240676
139,0.00243852
140,0.00249992
141,0.00255833
142,0.00255174
143,0.00267352
144,0.00264644
145,0.00268864
146,0.00265257
147,0.00264976
148,0.00253065
149,0.00249947
150,0.00241275
151,0.00234437
152,0.00232514
153,0.00228609
154,0.0023191
155,0.00227057
156,0.00227563
157,0.0022702
158,0.00222845
159,0.00226069
160,0.00227
161,0.00225857
162,0.00230843
163,0.00231946
164,0.00239441
165,0.00243586
166,0.00244643
167,0.00249669
168,0.00256102
169,0.00260763
170,0.0026279
171,0.00265589
172,0.00276039
173,0.00278034
174,0.00282253
175,0.00289495
176,0.00291244
177,0.00299063
178,0.00303919
179,0.00307871
180,0.00306541
181,0.0030793
182,0.00304241
183,0.00301972
184,0.00283011
185,0.00265915
186,0.00227334
187,0.00200765
188,0.00188471
189,0.00178588
190,0.0016295
191,0.00149325
192,0.00129852
193,0.00120388
194,0.00106344
195,0.00104904
196,0.000971171
197,0.000913884
198,0.000987874
199,0.000963585
200,0.00102778
201,0.00108737
202,0.00125327
203,0.00132234
204,0.00141632
205,0.00142954
206,0.00143175
207,0.00150769
208,0.00150142
209,0.00153898
210,0.00156382
211,0.00157134
212,0.00149524
213,0.00154418
214,0.0015406
215,0.00159594
216,0.00160788
217,0.00168141
218,0.00175445
219,0.00184572
220,0.00203562
221,0.00212338
222,0.00227284
223,0.00238782
224,0.00257539
225,0.00265324
226,0.00281534
227,0.00288153
228,0.00295969
229,0.00281229
230,0.00255963
231,0.00231933
232,0.00209031
233,0.00182194
234,0.00163168
235,0.00147688
236,0.00137439
237,0.00132386
238,0.00135237
239,0.00143226
240,0.00150033
241,0.00150228
242,0.00163405
243,0.00164508
244,0.0017066
245,0.00173562
246,0.00175283
247,0.00171907
248,0.00184276
249,0.00184616
250,0.00184654
251,0.00186392
252,0.00187804
253,0.00187234
254,0.00192181
255,0.00190856
256,0.00192286
257,0.0019194
258,0.00193272
259,0.00192503
260,0.00193667
261,0.00197103
262,0.00198308
263,0.0019529
264,0.00198808
265,0.00202868
266,0.00204746
267,0.0020973
268,0.00208906
269,0.00214593
270,0.00215971
271,0.00221207
272,0.00217757
273,0.0021856
274,0.00209382
275,0.00205818
276,0.00200438
277,0.00195357
278,0.00188295
279,0.00188755
280,0.00190716
281,0.00188941
282,0.00192882
283,0.00188572
284,0.00190539
285,0.00192506
286,0.00192336
287,0.00192349
288,0.00194638
289,0.0019405
290,0.00190516
291,0.00192171
292,0.00197875
293,0.00198419
294,0.00199886
295,0.00197682
296,0.00199241
297,0.00202154
298,0.00204256
299,0.00202943
300,0.00200237
301,0.00189804
302,0.00195803
303,0.0019433
304,0.00187374
305,0.0018897
306,0.00189895
307,0.00187518
308,0.00192354
309,0.0019345
310,0.00190046
311,0.00186058
312,0.00191146
313,0.00183789
314,0.00182233
315,0.00183862
316,0.00180038
317,0.00183799
318,0.00180572
319,0.00182052
320,0.00183802
321,0.00185219
322,0.00180892
323,0.00184461
324,0.00187052
325,0.00191749
326,0.00190094
327,0.00194281
328,0.00203449
329,0.0021508
330,0.00230292
331,0.00249969
332,0.00272992
333,0.00296661
334,0.00322086
335,0.00349348
336,0.00384125
337,0.00396995
338,0.0038763
339,0.00364547
340,0.00340496
341,0.0031585
342,0.00295868
343,0.00280471
344,0.00261159
345,0.00250203
346,0.0023984
347,0.0023375
348,0.00229239
349,0.00219
350,0.00219695
351,0.00220926
352,0.00219797
353,0.00218101
354,0.00217069
355,0.00221866
356,0.00216426
357,0.00220847
358,0.00214157
359,0.00215762
360,0.00211684
361,0.00210837
362,0.00213898
363,0.00218673
364,0.00218724
365,0.00224559
366,0.00229251
367,0.0023777
368,0.00241368
369,0.00256094
370,0.00265332
371,0.00283279
372,0.00293991
373,0.00316857
374,0.00336764
375,0.00358239
376,0.00384421
377,0.00396831
378,0.00392249
379,0.00367804
380,0.00351249
381,0.0032425
382,0.00306752
383,0.00286532
384,0.00265611
385,0.00250946
386,0.00233928
387,0.00218951
388,0.00208676
389,0.00197482
390,0.00191219
391,0.00189055
392,0.00183792
393,0.00188623
394,0.00190041
395,0.0019688
396,0.00217599
397,0.00228016
398,0.00253791
399,0.00279982
