2,0.00245952
3,0.00701487
4,0.0108437
5,0.014035
6,0.0166848
7,0.0188571
8,0.0206202
9,0.0220748
10,0.0233332
11,0.0244378
12,0.0254288
13,0.0263613
14,0.0272616
15,0.0281623
16,0.0290544
17,0.0299713
18,0.0308903
19,0.0318166
20,0.0327608
21,0.0337014
22,0.0346346
23,0.0355598
24,0.0364537
25,0.0373172
26,0.0381547
27,0.0389449
28,0.0397045
29,0.0404152
30,0.041089
31,0.0417
32,0.042273
33,0.0427977
34,0.0432704
35,0.0436922
36,0.0440761
37,0.0444114
38,0.0447062
39,0.0449725
40,0.0452381
41,0.0454856
42,0.0457259
43,0.045949
44,0.0461767
45,0.0464116
46,0.0466689
47,0.0469438
48,0.0472302
49,0.0475291
50,0.0478443
51,0.0481756
52,0.0485457
53,0.0489444
54,0.049356
55,0.0497574
56,0.050169
57,0.0505638
58,0.0509661
59,0.0513831
60,0.0518179
61,0.0522278
62,0.0526234
63,0.0530117
64,0.0534194
65,0.0538241
66,0.0542514
67,0.0546808
68,0.0551026
69,0.0554895
70,0.0558736
71,0.0562692
72,0.0566759
73,0.0570749
74,0.0574759
75,0.0578548
76,0.0582124
77,0.0585535
78,0.0589037
79,0.0592641
80,0.0596166
81,0.0599523
82,0.0602767
83,0.0605785
84,0.0608657
85,0.0611586
86,0.061455
87,0.0617502
88,0.0620199
89,0.0622824
90,0.0625255
91,0.0627596
92,0.0629856
93,0.0632206
94,0.0634466
95,0.0636658
96,0.0638618
97,0.0640577
98,0.0642359
99,0.0644164
100,0.0645875
101,0.0647656
102,0.0649245
103,0.0650731
104,0.0652128
105,0.0653486
106,0.0654771
107,0.0656106
108,0.0657454
109,0.065881
110,0.0660065
111,0.0661299
112,0.0662477
113,0.0663644
114,0.066482
115,0.0666019
116,0.0667247
117,0.0668376
118,0.0669512
119,0.0670573
120,0.0671719
121,0.0672806
122,0.0673913
123,0.0674989
124,0.0676019
125,0.0676843
126,0.0677624
127,0.0678342
128,0.0679093
129,0.0679827
130,0.0680598
131,0.0681396
132,0.0682111
133,0.0682871
134,0.0683539
135,0.0684274
136,0.0684961
137,0.0685723
138,0.0686391
139,0.0687092
140,0.0687728
141,0.0688399
142,0.0689045
143,0.0689686
144,0.0690375
145,0.0691016
146,0.0691735
147,0.0692461
148,0.0693252
149,0.0694028
150,0.0694826
151,0.069556
152,0.0696346
153,0.0697061
154,0.0697809
155,0.0698498
156,0.0699196
157,0.0699884
158,0.070056
159,0.0701273
160,0.0701968
161,0.0702739
162,0.070345
163,0.0704221
164,0.0704899
165,0.0705625
166,0.0706303
167,0.0707007
168,0.0707673
169,0.0708377
170,0.0708996
171,0.0709704
172,0.0710328
173,0.0711051
174,0.0711709
175,0.0712389
176,0.0713047
177,0.0713691
178,0.071436
179,0.0714993
180,0.0715628
181,0.071623
182,0.0716841
183,0.0717387
184,0.0717882
185,0.0718299
186,0.0718698
187,0.0719076
188,0.0719487
189,0.0719872
190,0.072027
191,0.0720629
192,0.0721031
193,0.0721392
194,0.0721798
195,0.0722201
196,0.0722634
197,0.0723058
198,0.0723479
199,0.072389
200,0.0724303
201,0.0724677
202,0.0725057
203,0.0725443
204,0.0725909
205,0.072637
206,0.0726853
207,0.0727324
208,0.0727801
209,0.0728268
210,0.0728716
211,0.0729252
212,0.0729722
213,0.0730247
214,0.0730683
215,0.0731144
216,0.0731612
217,0.0732037
218,0.0732445
219,0.0732836
220,0.07332
221,0.0733578
222,0.0733929
223,0.073431
224,0.0734662
225,0.0735024
226,0.0735407
227,0.0735761
228,0.0736207
229,0.0736757
230,0.0737407
231,0.0738041
232,0.0738707
233,0.0739358
234,0.0740018
235,0.0740647
236,0.0741262
237,0.0741835
238,0.0742412
239,0.0742959
240,0.0743467
241,0.0743997
242,0.0744458
243,0.0744972
244,0.0745414
245,0.0745873
246,0.0746298
247,0.0746728
248,0.0747187
249,0.0747622
250,0.0748091
251,0.0748507
252,0.0748958
253,0.074937
254,0.0749801
255,0.0750213
256,0.0750607
257,0.0750997
258,0.0751373
259,0.0751784
260,0.0752128
261,0.0752505
262,0.0752817
263,0.0753187
264,0.0753502
265,0.0753874
266,0.0754181
267,0.0754522
268,0.0754846
269,0.0755217
270,0.0755568
271,0.0755938
272,0.075632
273,0.0756728
274,0.0757242
275,0.0757746
276,0.0758301
277,0.0758789
278,0.0759317
279,0.0759761
280,0.0760255
281,0.0760685
282,0.076117
283,0.0761589
284,0.0762043
285,0.0762451
286,0.0762865
287,0.0763289
288,0.0763696
289,0.076411
290,0.0764497
291,0.076492
292,0.0765323
293,0.0765744
294,0.0766145
295,0.0766511
296,0.0766938
297,0.0767297
298,0.0767713
299,0.0768055
300,0.0768385
301,0.0768658
302,0.0768982
303,0.0769331
304,0.0769694
305,0.0770044
306,0.0770381
307,0.0770739
308,0.0771089
309,0.0771456
310,0.0771826
311,0.0772128
312,0.0772434
313,0.0772767
314,0.0773038
315,0.0773367
316,0.0773671
317,0.0774056
318,0.0774397
319,0.0774781
320,0.0775128
321,0.0775474
322,0.0775863
323,0.0776238
324,0.0776661
325,0.0777087
326,0.0777502
327,0.0777937
328,0.0778416
329,0.0778919
330,0.0779484
331,0.0780034
332,0.0780612
333,0.0781176
334,0.0781765
335,0.0782359
336,0.0782968
337,0.0783466
338,0.078367
339,0.0783781
340,0.0783904
341,0.0784025
342,0.0784145
343,0.078433
344,0.0784457
345,0.0784647
346,0.0784879
347,0.0785104
348,0.0785395
349,0.0785634
350,0.0785945
351,0.0786242
352,0.0786561
353,0.0786866
354,0.078719
355,0.0787532
356,0.0787851
357,0.0788146
358,0.0788431
359,0.0788729
360,0.0789021
361,0.0789344
362,0.0789668
363,0.0790021
364,0.0790363
365,0.0790742
366,0.0791132
367,0.0791523
368,0.0791926
369,0.0792339
370,0.079277
371,0.0793222
372,0.079369
373,0.0794178
374,0.0794688
375,0.0795221
376,0.0795717
377,0.0796131
378,0.079632
379,0.0796452
380,0.0796536
381,0.0796641
382,0.0796719
383,0.0796812
384,0.0796903
385,0.0796991
386,0.0797089
387,0.0797205
388,0.0797312
389,0.0797435
390,0.0797562
391,0.0797684
392,0.0797764
393,0.0797856
394,0.0797921
395,0.0797979
396,0.0798011
397,0.0798047
398,0.0798068
399,0.0798077
