2,0.934483
3,0.823624
4,0.738327
5,0.671938
6,0.620028
7,0.57991
8,0.549315
9,0.525569
10,0.506015
11,0.489626
12,0.475489
13,0.462439
14,0.449931
15,0.437328
16,0.424829
17,0.41179
18,0.398689
19,0.385423
20,0.371807
21,0.358258
22,0.344858
23,0.33161
24,0.318964
25,0.306884
26,0.295295
27,0.284569
28,0.274393
29,0.265101
30,0.256463
31,0.24893
32,0.24206
33,0.236013
34,0.230869
35,0.226577
36,0.222919
37,0.220064
38,0.217879
39,0.216124
40,0.214349
41,0.212826
42,0.211392
43,0.2102
44,0.208892
45,0.207413
46,0.205522
47,0.203289
48,0.20084
49,0.198144
50,0.195155
51,0.191865
52,0.187919
53,0.183471
54,0.178807
55,0.17429
56,0.169609
57,0.165183
58,0.16064
59,0.155827
60,0.150738
61,0.146037
62,0.141577
63,0.137209
64,0.132544
65,0.127896
66,0.122903
67,0.117852
68,0.112943
69,0.108572
70,0.104265
71,0.0997379
72,0.0950615
73,0.0904763
74,0.0858792
75,0.0816041
76,0.077694
77,0.0740057
78,0.0701984
79,0.0661977
80,0.0623516
81,0.0587223
82,0.0552995
83,0.0522003
84,0.0493467
85,0.0463677
86,0.0433609
87,0.0403343
88,0.0377305
89,0.0351918
90,0.0329897
91,0.0308716
92,0.0289112
93,0.0267644
94,0.0247827
95,0.0228695
96,0.0213277
97,0.0197434
98,0.0184406
99,0.0170879
100,0.015877
101,0.0145615
102,0.0135443
103,0.0126999
104,0.0119732
105,0.0113134
106,0.0107101
107,0.0100663
108,0.00934702
109,0.00866185
110,0.00805501
111,0.00753144
112,0.00701082
113,0.00658494
114,0.00606011
115,0.00556196
116,0.00493895
117,0.00456766
118,0.00407422
119,0.00380654
120,0.00331523
121,0.00301106
122,0.00262798
123,0.00238793
124,0.00215196
125,0.00222849
126,0.00217876
127,0.00226627
128,0.00226792
129,0.00231953
130,0.00228893
131,0.00229813
132,0.00231344
133,0.00225382
134,0.00235783
135,0.00236171
136,0.00236959
137,0.00238187
138,0.00237403
139,0.00245885
140,0.00248869
141,0.00254757
142,0.00261149
143,0.00262435
144,0.0026536
145,0.00266881
146,0.00264696
147,0.00261951
148,0.00254422
149,0.00248786
150,0.00235682
151,0.00237263
152,0.00232982
153,0.00230483
154,0.00229145
155,0.0022562
156,0.00224824
157,0.00227596
158,0.00223668
159,0.002241
160,0.00222181
161,0.00226308
162,0.00228259
163,0.00239654
164,0.00238095
165,0.00243878
166,0.00244307
167,0.00252041
168,0.0025307
169,0.00260575
170,0.00262183
171,0.00268456
172,0.00268005
173,0.00277014
174,0.00282087
175,0.00288644
176,0.0029049
177,0.00295245
178,0.00297452
179,0.00299374
180,0.00302749
181,0.00300901
182,0.00299705
183,0.00293377
184,0.00280623
185,0.00248616
186,0.00225953
187,0.0021172
188,0.00200486
189,0.00181907
190,0.0016646
191,0.00149449
192,0.00131608
193,0.00119549
194,0.00108215
195,0.00100736
196,0.000968553
197,0.000948655
198,0.000951098
199,0.000957367
200,0.00103904
201,0.00112546
202,0.00124434
203,0.00134939
204,0.00140249
205,0.00145159
206,0.00144207
207,0.00149319
208,0.00152706
209,0.00153165
210,0.00158839
211,0.00156019
212,0.00155225
213,0.00151006
214,0.00158939
215,0.00162326
216,0.00158474
217,0.00169314
218,0.00180167
219,0.00189131
220,0.00202519
221,0.00214253
222,0.00228741
223,0.00241051
224,0.00256898
225,0.00269035
226,0.00278734
227,0.00292408
228,0.00294772
229,0.00281727
230,0.00258797
231,0.00236988
232,0.00211272
233,0.00185851
234,0.00161706
235,0.00145602
236,0.00127089
237,0.0012028
238,0.00123241
239,0.00121529
240,0.0013513
241,0.00143894
242,0.00153516
243,0.00158906
244,0.00162156
245,0.00172582
246,0.00170755
247,0.00176602
248,0.00176007
249,0.00182818
250,0.00181878
251,0.00186908
252,0.00185726
253,0.0018488
254,0.00188448
255,0.00187389
256,0.00192188
257,0.00190893
258,0.00191659
259,0.00191027
260,0.00194371
261,0.0019277
262,0.00197929
263,0.00194735
264,0.00201962
265,0.0020018
266,0.00207685
267,0.0020754
268,0.00212927
269,0.00212761
270,0.00215073
271,0.00218351
272,0.00220095
273,0.00218033
274,0.00209587
275,0.00207058
276,0.00199546
277,0.00194052
278,0.00187318
279,0.00187886
280,0.00192323
281,0.00191166
282,0.00184965
283,0.00190597
284,0.00190289
285,0.00193479
286,0.0019038
287,0.00196896
288,0.00190717
289,0.00193964
290,0.00194798
291,0.00197659
292,0.00198652
293,0.00196625
294,0.00197584
295,0.00199035
296,0.00204056
297,0.00200127
298,0.00203196
299,0.00199585
300,0.00201304
301,0.00194828
302,0.00194041
303,0.00190057
304,0.00192302
305,0.00192053
306,0.00193169
307,0.00190495
308,0.00193084
309,0.00186871
310,0.00192839
311,0.00188215
312,0.00188504
313,0.00185724
314,0.00185389
315,0.00184343
316,0.00182248
317,0.00181384
318,0.001829
319,0.00181329
320,0.00181002
321,0.00183914
322,0.00184629
323,0.00186255
324,0.00183757
325,0.00189856
326,0.00193385
327,0.0019849
328,0.0020477
329,0.00215454
330,0.00233363
331,0.00253145
332,0.00275857
333,0.00298187
334,0.00325575
335,0.00352979
336,0.00383819
337,0.00400691
338,0.00387859
339,0.00364594
340,0.00339524
341,0.00317755
342,0.00296945
343,0.00278986
344,0.00262033
345,0.00250251
346,0.00241584
347,0.00234151
348,0.00230065
349,0.0022392
350,0.00220226
351,0.00220983
352,0.00221328
353,0.00218219
354,0.00219722
355,0.00221569
356,0.00219559
357,0.00219548
358,0.00215651
359,0.00214866
360,0.0021489
361,0.00214309
362,0.00215953
363,0.002199
364,0.00222659
365,0.00227615
366,0.00232861
367,0.00241705
368,0.00246844
369,0.00258261
370,0.00272101
371,0.00286271
372,0.00299955
373,0.00321254
374,0.00343184
375,0.00369047
376,0.00390796
377,0.00403522
378,0.00390489
379,0.00372192
380,0.00349483
381,0.00327434
382,0.00303855
383,0.00285938
384,0.00266854
385,0.00253048
386,0.00233471
387,0.00222009
388,0.00205712
389,0.00199607
390,0.00192838
391,0.00187289
392,0.00186228
393,0.00188864
394,0.0018936
395,0.00199072
396,0.00213761
397,0.00230506
398,0.00251287
399,0.00282739
