2,0.923528
3,0.790704
4,0.681506
5,0.59052
6,0.512913
7,0.446926
8,0.390868
9,0.342233
10,0.299469
11,0.261985
12,0.228684
13,0.198738
14,0.171197
15,0.145829
16,0.123362
17,0.104021
18,0.0864487
19,0.0711436
20,0.0570739
21,0.0455376
22,0.0383162
23,0.0353716
24,0.0346598
25,0.0349968
26,0.0347766
27,0.0332678
28,0.0311079
29,0.0291733
30,0.027639
31,0.0263888
32,0.0252847
33,0.0242614
34,0.0228568
35,0.0210087
36,0.0191262
37,0.0175618
38,0.0162307
39,0.0150751
40,0.0140596
41,0.0128975
42,0.0117141
43,0.0101553
44,0.00900514
45,0.0080789
46,0.00753395
47,0.00679339
48,0.00647088
49,0.00575176
50,0.00514594
51,0.00439165
52,0.00414267
53,0.00376788
54,0.00381601
55,0.00349299
56,0.00350353
57,0.00301923
58,0.00277609
59,0.00243658
60,0.0024024
61,0.00229736
62,0.00232183
63,0.0021633
64,0.00209861
65,0.00196544
66,0.00186622
67,0.00172569
68,0.00174901
69,0.00170803
70,0.00160461
71,0.00148051
72,0.00129836
73,0.000841658
74,0.000519414
75,0.000773771
76,0.000989967
77,0.00116243
78,0.00119295
79,0.00125948
80,0.00124999
81,0.0012228
82,0.00123488
83,0.0012402
84,0.00126526
85,0.00125224
86,0.00122691
87,0.00122905
88,0.00120557
89,0.00122979
90,0.00116591
91,0.00114502
92,0.000929889
93,0.000719722
94,0.000698583
95,0.00083826
96,0.00104256
97,0.00111134
98,0.00118018
99,0.00116599
100,0.00119306
101,0.00118269
102,0.00121275
103,0.00118551
104,0.00118889
105,0.00116564
106,0.00117878
107,0.00118966
108,0.00118785
109,0.00120948
110,0.00121733
111,0.00119697
112,0.00115778
113,0.00116883
114,0.00117701
115,0.00116652
116,0.00114842
117,0.00111557
118,0.000847865
119,0.000586558
120,0.000671487
121,0.000881946
122,0.00108246
123,0.00116534
124,0.00115356
125,0.00114751
126,0.00108705
127,0.00109464
128,0.0010893
129,0.00110391
130,0.00109646
131,0.001111
132,0.00110291
133,0.0010973
134,0.00107081
135,0.00103853
136,0.00109127
137,0.0010669
138,0.00109854
139,0.00108052
140,0.00108992
141,0.00109885
142,0.001098
143,0.0011241
144,0.00115823
145,0.0011586
146,0.00116101
147,0.00113723
148,0.00109228
149,0.00109444
150,0.00110225
151,0.00111699
152,0.00110836
153,0.00109653
154,0.00110011
155,0.00109689
156,0.00111263
157,0.00113924
158,0.00114562
159,0.00113621
160,0.0011192
161,0.00102792
162,0.00100495
163,0.000968653
164,0.00097095
165,0.00100321
166,0.00103184
167,0.00105677
168,0.00104633
169,0.00107328
170,0.00104722
171,0.00107117
172,0.00105513
173,0.00108272
174,0.00106322
175,0.00104299
176,0.00104286
177,0.00103917
178,0.00103829
179,0.000990971
180,0.000904196
181,0.000891392
182,0.000913423
183,0.000908046
184,0.000959828
185,0.000912623
186,0.000941312
187,0.000819812
188,0.000716742
189,0.000641292
190,0.000669806
191,0.000838892
192,0.000798732
193,0.000878306
194,0.000958691
195,0.00103216
196,0.00104786
197,0.00103394
198,0.00103191
199,0.00109825
200,0.00108965
201,0.00107383
202,0.0010781
203,0.00108438
204,0.00102673
205,0.00107123
206,0.00104767
207,0.0010596
208,0.00106602
209,0.0010533
210,0.00104568
211,0.0010732
212,0.00106304
213,0.00110858
214,0.0011205
215,0.00114828
216,0.00112998
217,0.00119167
218,0.00116185
219,0.00122498
220,0.00121962
221,0.00126638
222,0.00122404
223,0.00125559
224,0.0012878
225,0.00123737
226,0.00109409
227,0.000812042
228,0.000825337
229,0.000777453
230,0.000741601
231,0.000829628
232,0.000880435
233,0.00100408
234,0.00107791
235,0.00111113
236,0.0011413
237,0.00116396
238,0.00111103
239,0.00118099
240,0.00114874
241,0.00118761
242,0.00114811
243,0.00113609
244,0.00111403
245,0.00112338
246,0.00115369
247,0.00113222
248,0.00115594
249,0.00115135
250,0.00111093
251,0.00111012
252,0.00109279
253,0.00108423
254,0.00106473
255,0.00104935
256,0.00101287
257,0.00100797
258,0.000954056
259,0.00102376
260,0.000967532
261,0.00100217
262,0.000930607
263,0.00102873
264,0.000917001
265,0.00102834
266,0.000959354
267,0.00105765
268,0.000925103
269,0.00107049
270,0.000922181
271,0.00104035
272,0.000914953
273,0.00102902
274,0.000900422
275,0.00103434
276,0.000890838
277,0.00100207
278,0.000950943
279,0.00101133
280,0.00102531
281,0.00107331
282,0.00107448
283,0.00119455
284,0.00119448
285,0.00128551
286,0.00125978
287,0.00131225
288,0.0013018
289,0.00131887
290,0.00130583
291,0.0013102
292,0.001252
293,0.00127944
294,0.00130016
295,0.0012775
296,0.00133388
297,0.00128074
298,0.00128952
299,0.0011912
300,0.00118559
301,0.00114208
302,0.00108727
303,0.00106575
304,0.00106042
305,0.00102636
306,0.000962408
307,0.000932824
308,0.000930045
309,0.000941263
310,0.00094656
311,0.000990794
312,0.000901524
313,0.000945339
314,0.000893484
315,0.000973248
316,0.000992558
317,0.00104823
318,0.00103074
319,0.00101858
320,0.000992577
321,0.00100291
322,0.00094629
323,0.0010461
324,0.000943616
325,0.00104118
326,0.000995729
327,0.00105692
328,0.00100214
329,0.000941722
330,0.000869254
331,0.000848696
332,0.000799004
333,0.000848542
334,0.000790983
335,0.000852767
336,0.000738531
337,0.00100712
338,0.000813576
339,0.00120791
340,0.00111695
341,0.00160755
342,0.00159945
343,0.00174717
344,0.00154561
345,0.00147962
346,0.0013634
347,0.00118359
348,0.00124658
349,0.00101902
350,0.00109035
351,0.000963104
352,0.000943736
353,0.000924415
354,0.00093636
355,0.000902485
356,0.000857417
357,0.000885943
358,0.00085819
359,0.00084205
360,0.000974051
361,0.000821048
362,0.00105403
363,0.000860877
364,0.00112721
365,0.000921027
366,0.0011936
367,0.000960552
368,0.00125354
369,0.000975705
370,0.0012798
371,0.00103379
372,0.00126411
373,0.00109035
374,0.00128496
375,0.00115648
376,0.00132278
377,0.00126384
378,0.00138147
379,0.00147572
380,0.00152612
381,0.00161504
382,0.00160765
383,0.00164499
384,0.00161765
385,0.00165566
386,0.00162584
387,0.00159477
388,0.0016204
389,0.00164185
390,0.00165882
391,0.00170249
392,0.00176863
393,0.00175744
394,0.00183496
395,0.00182407
396,0.0018496
397,0.0018826
398,0.00188661
399,0.001899
