2,0.00287012
3,0.0083234
4,0.0131974
5,0.0175172
6,0.0213871
7,0.0248253
8,0.0278681
9,0.030604
10,0.0330883
11,0.035337
12,0.0373935
13,0.0392923
14,0.041076
15,0.0427526
16,0.0442844
17,0.0456558
18,0.0469337
19,0.0480907
20,0.0491792
21,0.0501313
22,0.0508489
23,0.0513288
24,0.051681
25,0.0519631
26,0.052268
27,0.0526304
28,0.0530227
29,0.0533959
30,0.0537403
31,0.0540606
32,0.054368
33,0.054664
34,0.0549767
35,0.0553078
36,0.0556387
37,0.0559461
38,0.0562358
39,0.0565107
40,0.0567745
41,0.0570405
42,0.0573092
43,0.05759
44,0.0578517
45,0.0580905
46,0.0583101
47,0.0585306
48,0.0587357
49,0.0589466
50,0.0591653
51,0.0593763
52,0.0595723
53,0.0597523
54,0.0599224
55,0.0600915
56,0.0602577
57,0.060437
58,0.0606167
59,0.0607847
60,0.0609445
61,0.0610902
62,0.0612354
63,0.0613737
64,0.0615203
65,0.0616655
66,0.0618119
67,0.0619533
68,0.0620834
69,0.0622107
70,0.0623396
71,0.0624663
72,0.062603
73,0.0627376
74,0.0628679
75,0.0629906
76,0.0631066
77,0.0632208
78,0.0633297
79,0.0634443
80,0.063557
81,0.0636762
82,0.0637864
83,0.063901
84,0.0640104
85,0.0641236
86,0.0642257
87,0.0643343
88,0.0644371
89,0.0645425
90,0.0646415
91,0.0647445
92,0.0648412
93,0.0649422
94,0.0650332
95,0.0651327
96,0.065225
97,0.0653222
98,0.0654156
99,0.0655134
100,0.0656065
101,0.0657028
102,0.0657949
103,0.0658874
104,0.0659767
105,0.0660719
106,0.0661602
107,0.0662533
108,0.0663417
109,0.0664301
110,0.0665147
111,0.0666065
112,0.06669
113,0.0667765
114,0.0668606
115,0.0669428
116,0.067027
117,0.0671101
118,0.0671956
119,0.0672757
120,0.067366
121,0.0674534
122,0.0675448
123,0.0676264
124,0.0676963
125,0.0677726
126,0.0678418
127,0.0679152
128,0.0679886
129,0.0680611
130,0.0681366
131,0.0682082
132,0.0682824
133,0.0683528
134,0.0684302
135,0.0684992
136,0.0685781
137,0.0686449
138,0.0687196
139,0.0687872
140,0.0688588
141,0.0689234
142,0.0689914
143,0.0690522
144,0.069115
145,0.0691766
146,0.0692437
147,0.0693165
148,0.0693874
149,0.0694573
150,0.0695243
151,0.0695918
152,0.0696558
153,0.0697204
154,0.0697815
155,0.0698472
156,0.0699077
157,0.0699712
158,0.0700317
159,0.0700968
160,0.0701582
161,0.0702261
162,0.0702884
163,0.070356
164,0.0704251
165,0.0704936
166,0.0705567
167,0.0706271
168,0.0706867
169,0.0707522
170,0.0708151
171,0.0708727
172,0.0709293
173,0.0709865
174,0.0710446
175,0.0711036
176,0.071162
177,0.0712175
178,0.0712792
179,0.0713351
180,0.0713958
181,0.0714495
182,0.0715097
183,0.0715637
184,0.0716221
185,0.0716805
186,0.0717355
187,0.0717876
188,0.0718325
189,0.0718816
190,0.0719284
191,0.0719793
192,0.0720305
193,0.0720799
194,0.0721292
195,0.0721793
196,0.0722307
197,0.072283
198,0.0723349
199,0.0723866
200,0.0724361
201,0.0724892
202,0.0725388
203,0.0725932
204,0.0726518
205,0.0727051
206,0.072757
207,0.0728057
208,0.0728577
209,0.0729041
210,0.0729578
211,0.0730035
212,0.0730549
213,0.0731012
214,0.0731511
215,0.0731986
216,0.0732457
217,0.0732939
218,0.0733415
219,0.0733857
220,0.0734315
221,0.0734718
222,0.0735161
223,0.0735551
224,0.073593
225,0.0736375
226,0.0736931
227,0.0737523
228,0.0738094
229,0.073866
230,0.073917
231,0.0739742
232,0.0740247
233,0.0740768
234,0.0741262
235,0.0741742
236,0.0742201
237,0.0742717
238,0.0743115
239,0.07436
240,0.0743979
241,0.0744457
242,0.0744848
243,0.0745259
244,0.0745623
245,0.0746041
246,0.0746408
247,0.0746772
248,0.0747226
249,0.074756
250,0.0748035
251,0.0748388
252,0.0748818
253,0.0749202
254,0.0749652
255,0.0750021
256,0.0750463
257,0.0750859
258,0.0751287
259,0.0751665
260,0.0752093
261,0.0752497
262,0.0752905
263,0.0753288
264,0.0753701
265,0.0754139
266,0.0754489
267,0.0754898
268,0.0755288
269,0.0755649
270,0.0756031
271,0.0756395
272,0.0756805
273,0.0757256
274,0.0757704
275,0.0758132
276,0.0758547
277,0.0758976
278,0.0759315
279,0.0759715
280,0.0760066
281,0.0760446
282,0.0760825
283,0.0761199
284,0.0761571
285,0.0761953
286,0.0762348
287,0.0762727
288,0.0763142
289,0.0763541
290,0.0763994
291,0.0764418
292,0.0764847
293,0.0765307
294,0.0765751
295,0.0766159
296,0.0766601
297,0.0766993
298,0.076738
299,0.0767742
300,0.0768085
301,0.0768396
302,0.0768703
303,0.0769004
304,0.0769347
305,0.0769697
306,0.0770039
307,0.0770397
308,0.077079
309,0.0771136
310,0.0771575
311,0.0771931
312,0.0772285
313,0.0772644
314,0.0772968
315,0.0773318
316,0.0773662
317,0.0774032
318,0.0774416
319,0.077475
320,0.0775103
321,0.0775412
322,0.0775739
323,0.0776051
324,0.077639
325,0.0776703
326,0.0777014
327,0.0777321
328,0.077764
329,0.0777946
330,0.0778251
331,0.0778617
332,0.0778965
333,0.0779373
334,0.0779714
335,0.0780163
336,0.0780519
337,0.0780963
338,0.0781317
339,0.0781801
340,0.0782215
341,0.0782791
342,0.0783246
343,0.0783611
344,0.0783797
345,0.078399
346,0.078415
347,0.0784305
348,0.0784536
349,0.0784703
350,0.0784958
351,0.0785225
352,0.0785487
353,0.07858
354,0.078609
355,0.078645
356,0.0786751
357,0.0787122
358,0.0787457
359,0.0787791
360,0.0788118
361,0.0788451
362,0.0788781
363,0.0789084
364,0.0789463
365,0.078974
366,0.0790071
367,0.0790382
368,0.0790649
369,0.0790943
370,0.0791243
371,0.0791543
372,0.0791864
373,0.0792187
374,0.0792532
375,0.0792878
376,0.0793226
377,0.0793548
378,0.0793868
379,0.0794185
380,0.0794578
381,0.0794916
382,0.079536
383,0.0795725
384,0.0796107
385,0.0796387
386,0.0796702
387,0.0796892
388,0.0797184
389,0.079734
390,0.0797603
391,0.0797831
392,0.0798058
393,0.0798245
394,0.0798473
395,0.0798632
396,0.0798824
397,0.0798939
398,0.0799023
399,0.0799056
