2,0.924315
3,0.793043
4,0.686188
5,0.597032
6,0.521676
7,0.45931
8,0.40605
9,0.359427
10,0.319243
11,0.284096
12,0.253396
13,0.225935
14,0.200515
15,0.176845
16,0.155428
17,0.136109
18,0.118443
19,0.102322
20,0.0872503
21,0.07292
22,0.0604703
23,0.0519812
24,0.0475924
25,0.0462751
26,0.0455761
27,0.0439275
28,0.0414353
29,0.0389081
30,0.0364638
31,0.0342521
32,0.0322787
33,0.0306709
34,0.0289386
35,0.0267148
36,0.0244124
37,0.0221457
38,0.0202514
39,0.0185589
40,0.0173552
41,0.0160678
42,0.0146286
43,0.0127227
44,0.0113388
45,0.00996646
46,0.00909436
47,0.00829372
48,0.0077861
49,0.00709909
50,0.00628856
51,0.00543309
52,0.00491953
53,0.00440211
54,0.00422163
55,0.0039316
56,0.00384097
57,0.00344312
58,0.00313481
59,0.00273794
60,0.00260491
61,0.00241193
62,0.00235859
63,0.00224196
64,0.00220592
65,0.00205858
66,0.00192684
67,0.00180882
68,0.00173777
69,0.0016772
70,0.00162647
71,0.00146691
72,0.00119411
73,0.000672099
74,0.000630789
75,0.000933323
76,0.00110215
77,0.00120366
78,0.00122545
79,0.00125317
80,0.00124483
81,0.00123933
82,0.00122478
83,0.00119987
84,0.00123357
85,0.00121816
86,0.00125324
87,0.00120254
88,0.00115817
89,0.00115268
90,0.00114332
91,0.000948707
92,0.000654633
93,0.000669137
94,0.000882116
95,0.00105336
96,0.00111198
97,0.0011273
98,0.00117543
99,0.00117534
100,0.00118529
101,0.00114536
102,0.00117261
103,0.00114415
104,0.00117413
105,0.00114556
106,0.00115711
107,0.00115508
108,0.0011437
109,0.00116129
110,0.00115281
111,0.00112448
112,0.00112429
113,0.00111396
114,0.00111249
115,0.00114847
116,0.00107219
117,0.000765626
118,0.000500937
119,0.000720025
120,0.000953469
121,0.00106828
122,0.00120142
123,0.00119104
124,0.0011947
125,0.00114293
126,0.00110789
127,0.00108251
128,0.00107372
129,0.00109141
130,0.00111206
131,0.00109314
132,0.00108326
133,0.00105165
134,0.00105898
135,0.00104984
136,0.00106671
137,0.00105473
138,0.00108168
139,0.00103754
140,0.00105128
141,0.00106219
142,0.0010689
143,0.00108443
144,0.00112375
145,0.00117611
146,0.00111091
147,0.00109908
148,0.00106549
149,0.00107049
150,0.00108911
151,0.00108177
152,0.00107183
153,0.00104177
154,0.00104856
155,0.0010514
156,0.00108812
157,0.00107381
158,0.00109426
159,0.00110316
160,0.00107392
161,0.0010496
162,0.00102885
163,0.00103647
164,0.00102325
165,0.0010222
166,0.00101551
167,0.00104887
168,0.00104792
169,0.00101574
170,0.00104298
171,0.00103716
172,0.00105489
173,0.00105163
174,0.00103711
175,0.0010174
176,0.00101575
177,0.00103
178,0.00100234
179,0.000937886
180,0.000874593
181,0.000842777
182,0.000840179
183,0.000837821
184,0.000858815
185,0.0009108
186,0.000857172
187,0.000809023
188,0.000901997
189,0.000905147
190,0.000919523
191,0.000960185
192,0.000978409
193,0.000998765
194,0.00102556
195,0.00102843
196,0.000997452
197,0.00102273
198,0.00100014
199,0.00101169
200,0.00104198
201,0.00103954
202,0.00105983
203,0.00100221
204,0.000984427
205,0.000993755
206,0.00100119
207,0.00102168
208,0.000993467
209,0.00100433
210,0.000941061
211,0.000982551
212,0.00096939
213,0.00098687
214,0.0009934
215,0.0009855
216,0.000985088
217,0.000972317
218,0.000983349
219,0.00101125
220,0.00106811
221,0.001065
222,0.00109162
223,0.00115818
224,0.00118684
225,0.00120247
226,0.000961896
227,0.000860833
228,0.000715758
229,0.000768824
230,0.000823106
231,0.00089854
232,0.000949614
233,0.000987285
234,0.00102362
235,0.00105457
236,0.00104377
237,0.00102623
238,0.00107384
239,0.00103307
240,0.00102672
241,0.00106538
242,0.00101999
243,0.00101997
244,0.000986299
245,0.000940613
246,0.000945452
247,0.000966945
248,0.000979117
249,0.000961283
250,0.000973585
251,0.000970332
252,0.00095521
253,0.000957526
254,0.000966302
255,0.000982242
256,0.000987402
257,0.000959287
258,0.000960665
259,0.000961779
260,0.000967472
261,0.00100152
262,0.000996097
263,0.000996781
264,0.000984804
265,0.000963653
266,0.000974276
267,0.00100772
268,0.00103041
269,0.0010326
270,0.00105421
271,0.00102356
272,0.000996534
273,0.000992765
274,0.000975926
275,0.00100187
276,0.000992169
277,0.000964829
278,0.00095616
279,0.000940738
280,0.000993166
281,0.000967244
282,0.00101571
283,0.000977949
284,0.000984131
285,0.000975003
286,0.00100736
287,0.00101697
288,0.00104839
289,0.0010686
290,0.00108922
291,0.00106554
292,0.00107183
293,0.00109037
294,0.00108687
295,0.00111498
296,0.00110236
297,0.00113866
298,0.00111334
299,0.00112086
300,0.00110807
301,0.00110987
302,0.00106788
303,0.00102327
304,0.00102216
305,0.000995347
306,0.000990127
307,0.000933685
308,0.000888492
309,0.000940375
310,0.000927411
311,0.000994035
312,0.000996157
313,0.00101133
314,0.0010372
315,0.0010266
316,0.00105285
317,0.00108143
318,0.0010755
319,0.00110543
320,0.00108893
321,0.00110215
322,0.00110701
323,0.00107833
324,0.00107147
325,0.00101173
326,0.000955363
327,0.000981703
328,0.000883746
329,0.000984638
330,0.000872907
331,0.00101839
332,0.000887707
333,0.00098071
334,0.00088317
335,0.0010129
336,0.000992483
337,0.00107215
338,0.00116142
339,0.00118409
340,0.00131845
341,0.00152315
342,0.00159063
343,0.00173114
344,0.00145629
345,0.00151186
346,0.00112109
347,0.00129492
348,0.000961499
349,0.00121113
350,0.000929257
351,0.00122474
352,0.000978778
353,0.0012343
354,0.00101924
355,0.00115462
356,0.00108727
357,0.00118617
358,0.00112035
359,0.00129467
360,0.00111156
361,0.00128747
362,0.00116702
363,0.0011457
364,0.0012042
365,0.00112752
366,0.00121238
367,0.00116254
368,0.00122294
369,0.00119238
370,0.00122595
371,0.00126206
372,0.00126168
373,0.00131281
374,0.00136285
375,0.00139272
376,0.00138298
377,0.00141742
378,0.00146591
379,0.00136234
380,0.00153352
381,0.0015342
382,0.00171348
383,0.00174943
384,0.00184481
385,0.00183689
386,0.00177935
387,0.00179274
388,0.00179861
389,0.00177773
390,0.001845
391,0.0017496
392,0.00182082
393,0.0017434
394,0.00180586
395,0.00180151
396,0.00189997
397,0.00202208
398,0.00203956
399,0.00196848
