2,0.00284054
3,0.00823036
4,0.0130034
5,0.0172386
6,0.0210024
7,0.0242693
8,0.0271736
9,0.0298041
10,0.0321542
11,0.0342782
12,0.0361954
13,0.0379585
14,0.0396226
15,0.0411997
16,0.0426637
17,0.0440197
18,0.0452887
19,0.0464746
20,0.0476027
21,0.0486893
22,0.0496729
23,0.0504406
24,0.050984
25,0.0513522
26,0.0516793
27,0.0520464
28,0.0524547
29,0.0528569
30,0.0532485
31,0.0536202
32,0.0539745
33,0.0543025
34,0.0546317
35,0.0549827
36,0.0553356
37,0.0556817
38,0.0560032
39,0.0563072
40,0.0565831
41,0.0568562
42,0.0571387
43,0.0574387
44,0.0577155
45,0.0579785
46,0.0582171
47,0.058442
48,0.0586537
49,0.0588672
50,0.0590907
51,0.0593111
52,0.0595165
53,0.0597101
54,0.0598898
55,0.0600605
56,0.0602282
57,0.0604032
58,0.0605798
59,0.0607581
60,0.0609229
61,0.0610801
62,0.0612292
63,0.0613689
64,0.0615094
65,0.0616561
66,0.0618015
67,0.0619429
68,0.0620753
69,0.0622081
70,0.0623313
71,0.0624597
72,0.0625894
73,0.0627294
74,0.0628559
75,0.0629834
76,0.063104
77,0.0632172
78,0.0633304
79,0.0634433
80,0.0635595
81,0.0636709
82,0.0637868
83,0.0638984
84,0.0640144
85,0.0641216
86,0.0642305
87,0.0643318
88,0.0644361
89,0.0645411
90,0.0646425
91,0.0647435
92,0.0648422
93,0.0649395
94,0.0650368
95,0.0651334
96,0.0652285
97,0.0653231
98,0.0654178
99,0.0655118
100,0.0656102
101,0.0657018
102,0.0657961
103,0.0658881
104,0.0659745
105,0.0660699
106,0.0661624
107,0.0662523
108,0.0663434
109,0.0664306
110,0.0665185
111,0.0666045
112,0.0666911
113,0.066777
114,0.0668633
115,0.0669431
116,0.0670321
117,0.0671136
118,0.0672005
119,0.0672817
120,0.0673742
121,0.067461
122,0.0675535
123,0.0676312
124,0.0677048
125,0.0677737
126,0.0678453
127,0.0679189
128,0.0679887
129,0.0680622
130,0.0681353
131,0.0682123
132,0.0682829
133,0.0683576
134,0.0684287
135,0.0685062
136,0.068575
137,0.0686478
138,0.0687182
139,0.0687865
140,0.0688539
141,0.0689208
142,0.0689884
143,0.0690484
144,0.0691138
145,0.0691735
146,0.069242
147,0.0693158
148,0.069386
149,0.0694564
150,0.0695257
151,0.069592
152,0.0696559
153,0.0697233
154,0.0697838
155,0.0698493
156,0.0699094
157,0.0699736
158,0.0700344
159,0.0700982
160,0.0701605
161,0.0702283
162,0.0702911
163,0.0703618
164,0.0704284
165,0.0704947
166,0.0705615
167,0.0706232
168,0.0706915
169,0.0707499
170,0.0708179
171,0.0708729
172,0.0709288
173,0.0709886
174,0.0710467
175,0.0711064
176,0.0711657
177,0.071222
178,0.07128
179,0.0713407
180,0.0713979
181,0.0714559
182,0.0715119
183,0.0715713
184,0.0716278
185,0.0716887
186,0.0717422
187,0.0717928
188,0.0718399
189,0.0718867
190,0.0719311
191,0.0719843
192,0.0720297
193,0.0720828
194,0.0721281
195,0.0721792
196,0.0722332
197,0.0722817
198,0.0723362
199,0.0723868
200,0.0724371
201,0.0724879
202,0.0725385
203,0.0725893
204,0.072648
205,0.0726999
206,0.0727536
207,0.0728046
208,0.0728561
209,0.072904
210,0.0729562
211,0.0730064
212,0.073055
213,0.0731038
214,0.0731508
215,0.0732008
216,0.0732466
217,0.0732936
218,0.0733387
219,0.0733831
220,0.0734251
221,0.0734695
222,0.0735093
223,0.0735489
224,0.0735877
225,0.0736275
226,0.0736846
227,0.0737459
228,0.0738065
229,0.0738577
230,0.073918
231,0.0739692
232,0.0740247
233,0.0740771
234,0.0741246
235,0.0741746
236,0.0742221
237,0.0742674
238,0.0743153
239,0.0743574
240,0.0744015
241,0.0744428
242,0.0744837
243,0.074526
244,0.0745651
245,0.0746025
246,0.0746406
247,0.0746814
248,0.0747173
249,0.0747608
250,0.0747989
251,0.0748422
252,0.0748801
253,0.0749249
254,0.0749616
255,0.0750057
256,0.0750454
257,0.0750881
258,0.0751287
259,0.0751691
260,0.075211
261,0.0752495
262,0.075291
263,0.0753292
264,0.0753701
265,0.0754106
266,0.0754475
267,0.0754856
268,0.075525
269,0.0755634
270,0.0755974
271,0.0756341
272,0.0756785
273,0.0757201
274,0.0757669
275,0.0758111
276,0.0758545
277,0.0758937
278,0.0759347
279,0.0759695
280,0.0760073
281,0.0760444
282,0.0760832
283,0.0761202
284,0.0761603
285,0.076198
286,0.0762389
287,0.0762757
288,0.0763187
289,0.0763571
290,0.0764031
291,0.0764433
292,0.0764857
293,0.0765317
294,0.0765722
295,0.0766172
296,0.076654
297,0.0766981
298,0.0767379
299,0.0767766
300,0.0768122
301,0.0768432
302,0.0768734
303,0.0769055
304,0.0769396
305,0.0769748
306,0.0770084
307,0.0770444
308,0.0770789
309,0.0771184
310,0.0771571
311,0.0771941
312,0.0772286
313,0.0772654
314,0.0772978
315,0.0773321
316,0.0773662
317,0.0774046
318,0.0774389
319,0.0774762
320,0.0775079
321,0.0775401
322,0.0775718
323,0.0776035
324,0.0776386
325,0.0776703
326,0.0777023
327,0.0777345
328,0.0777607
329,0.0777931
330,0.0778245
331,0.0778557
332,0.0778973
333,0.0779345
334,0.0779719
335,0.0780147
336,0.0780541
337,0.0780968
338,0.0781403
339,0.0781874
340,0.0782376
341,0.0782894
342,0.0783373
343,0.0783695
344,0.0783902
345,0.0784037
346,0.0784204
347,0.0784324
348,0.0784529
349,0.0784717
350,0.0784993
351,0.0785205
352,0.0785507
353,0.0785796
354,0.078611
355,0.0786428
356,0.0786743
357,0.0787107
358,0.0787426
359,0.0787795
360,0.0788104
361,0.0788459
362,0.0788749
363,0.0789096
364,0.0789407
365,0.0789725
366,0.0790046
367,0.0790377
368,0.0790672
369,0.0790973
370,0.0791294
371,0.0791627
372,0.0791952
373,0.0792277
374,0.0792619
375,0.0792932
376,0.0793266
377,0.0793556
378,0.0793907
379,0.0794213
380,0.0794627
381,0.0795042
382,0.079549
383,0.0795894
384,0.0796217
385,0.0796517
386,0.0796726
387,0.0796947
388,0.0797139
389,0.0797374
390,0.0797558
391,0.079782
392,0.0798049
393,0.0798248
394,0.07985
395,0.0798642
396,0.079882
397,0.0798903
398,0.0798964
399,0.0799002
