2,0.925229
3,0.795788
4,0.689883
5,0.601739
6,0.528348
7,0.46778
8,0.417275
9,0.373451
10,0.334329
11,0.301039
12,0.272614
13,0.247265
14,0.22388
15,0.202342
16,0.182022
17,0.163534
18,0.146365
19,0.130855
20,0.11589
21,0.101179
22,0.0863375
23,0.0731406
24,0.0640136
25,0.059619
26,0.0574816
27,0.0551893
28,0.0522669
29,0.0488482
30,0.0453262
31,0.0418397
32,0.0392249
33,0.0373226
34,0.0354597
35,0.0328806
36,0.0301069
37,0.0272408
38,0.0245745
39,0.0222277
40,0.020572
41,0.0190643
42,0.0175927
43,0.0154998
44,0.0137918
45,0.0119915
46,0.0107672
47,0.00961003
48,0.00905942
49,0.00837807
50,0.00750653
51,0.00664633
52,0.00584849
53,0.00521108
54,0.00475139
55,0.00444794
56,0.00430735
57,0.0040178
58,0.00358453
59,0.00319803
60,0.00287717
61,0.00263629
62,0.00254854
63,0.00239181
64,0.00237635
65,0.00223108
66,0.00207196
67,0.00191656
68,0.00185496
69,0.00175287
70,0.00164937
71,0.00144353
72,0.000964142
73,0.000784706
74,0.000975442
75,0.00112607
76,0.00119844
77,0.00125598
78,0.00127551
79,0.00130269
80,0.00126772
81,0.00126243
82,0.00124512
83,0.00121225
84,0.00123476
85,0.00124607
86,0.00124025
87,0.00123284
88,0.0011897
89,0.00113481
90,0.000969318
91,0.000598106
92,0.000680313
93,0.000883906
94,0.00104466
95,0.00112818
96,0.00114115
97,0.00117509
98,0.00118261
99,0.0011864
100,0.00120942
101,0.00118069
102,0.00118247
103,0.00116481
104,0.00116428
105,0.00117999
106,0.00114994
107,0.00116704
108,0.00116264
109,0.00116424
110,0.00113007
111,0.00115442
112,0.00113679
113,0.00111682
114,0.00112989
115,0.000986642
116,0.000635997
117,0.000529182
118,0.000766877
119,0.000992509
120,0.00108633
121,0.00117887
122,0.00129835
123,0.00128107
124,0.00118823
125,0.00115775
126,0.0010891
127,0.00109555
128,0.00112172
129,0.00111431
130,0.00111106
131,0.00110863
132,0.00108703
133,0.00106757
134,0.00104616
135,0.00109687
136,0.00109685
137,0.00111089
138,0.00107621
139,0.00105539
140,0.00106383
141,0.00105464
142,0.00110666
143,0.00115352
144,0.00113911
145,0.00117641
146,0.00114766
147,0.00112143
148,0.00109446
149,0.00111465
150,0.00111116
151,0.00111499
152,0.00107682
153,0.00103329
154,0.00106477
155,0.00105778
156,0.00109321
157,0.00110629
158,0.00110795
159,0.00111837
160,0.00109403
161,0.00104402
162,0.00102961
163,0.00105139
164,0.00104154
165,0.00105379
166,0.00104371
167,0.00104092
168,0.00106223
169,0.00105822
170,0.00107129
171,0.00106465
172,0.00107422
173,0.00109531
174,0.00107034
175,0.00103147
176,0.00106205
177,0.00105946
178,0.00107795
179,0.000987456
180,0.000886985
181,0.000868614
182,0.000873487
183,0.000888472
184,0.000905598
185,0.00102044
186,0.00109454
187,0.00109823
188,0.00101953
189,0.000991712
190,0.000998314
191,0.00101587
192,0.00102786
193,0.00104034
194,0.0010479
195,0.00100778
196,0.0010051
197,0.00100135
198,0.00103027
199,0.00106197
200,0.00104539
201,0.00104257
202,0.00104497
203,0.00101127
204,0.00101822
205,0.00101711
206,0.00103365
207,0.00105874
208,0.0010176
209,0.00101249
210,0.000981022
211,0.000959185
212,0.000990511
213,0.00104873
214,0.00101318
215,0.00102327
216,0.000968622
217,0.000999857
218,0.000989075
219,0.00103211
220,0.00106351
221,0.00112263
222,0.00111594
223,0.0011812
224,0.00117179
225,0.00110213
226,0.000976267
227,0.000833338
228,0.000875906
229,0.000900963
230,0.000926151
231,0.000938507
232,0.000995516
233,0.00100893
234,0.00103952
235,0.00107345
236,0.00106971
237,0.00105281
238,0.00103602
239,0.00105277
240,0.00105151
241,0.00106278
242,0.00106896
243,0.00100195
244,0.000977375
245,0.000959121
246,0.000954084
247,0.000983865
248,0.000990019
249,0.000993533
250,0.000958721
251,0.000935255
252,0.000949334
253,0.000976741
254,0.000960037
255,0.00100498
256,0.000976673
257,0.000943351
258,0.000947846
259,0.000928293
260,0.000973815
261,0.000982825
262,0.00102317
263,0.001008
264,0.000965286
265,0.000961738
266,0.000972932
267,0.00101957
268,0.00105201
269,0.00105738
270,0.00106474
271,0.00108693
272,0.00103828
273,0.0010289
274,0.00102525
275,0.00101714
276,0.00101046
277,0.000958338
278,0.000934706
279,0.000934608
280,0.000973797
281,0.000979209
282,0.000998944
283,0.00101079
284,0.000970433
285,0.000915074
286,0.000948527
287,0.000956174
288,0.000976412
289,0.000974919
290,0.000981338
291,0.000953853
292,0.000923663
293,0.000897428
294,0.000989866
295,0.00100075
296,0.00103148
297,0.0010425
298,0.00103592
299,0.00102952
300,0.00103003
301,0.00101639
302,0.00103141
303,0.00100556
304,0.000987841
305,0.000962826
306,0.000948513
307,0.000962789
308,0.000988228
309,0.00100304
310,0.0010289
311,0.00101415
312,0.000982879
313,0.000993435
314,0.0010098
315,0.00103911
316,0.00105212
317,0.00107489
318,0.00104718
319,0.00105618
320,0.00106007
321,0.00106005
322,0.00108779
323,0.00108891
324,0.00108153
325,0.0010946
326,0.00109621
327,0.00113771
328,0.00115851
329,0.00115494
330,0.00114425
331,0.00113755
332,0.00112054
333,0.00108854
334,0.00108685
335,0.00109797
336,0.00107793
337,0.0011258
338,0.00108685
339,0.00123132
340,0.00134564
341,0.00165957
342,0.00169778
343,0.00172489
344,0.0014701
345,0.00133495
346,0.00111539
347,0.00106054
348,0.000851361
349,0.000996484
350,0.000904931
351,0.00108697
352,0.000989871
353,0.00121072
354,0.00107056
355,0.0012837
356,0.00108028
357,0.00133458
358,0.00108998
359,0.00128738
360,0.00113572
361,0.00132161
362,0.0011862
363,0.0014122
364,0.00114969
365,0.00148349
366,0.00110193
367,0.00155489
368,0.00109656
369,0.00158677
370,0.0011354
371,0.00162448
372,0.00116993
373,0.00162906
374,0.00115284
375,0.00154419
376,0.00122713
377,0.00150366
378,0.00138542
379,0.00165583
380,0.00161404
381,0.00174789
382,0.00179629
383,0.00180015
384,0.00181993
385,0.00183642
386,0.00184769
387,0.00183346
388,0.00189727
389,0.00185074
390,0.00202198
391,0.00195004
392,0.00203347
393,0.00203221
394,0.00204288
395,0.00210925
396,0.00212359
397,0.00216178
398,0.00213982
399,0.00209286
