2,0.00280624
3,0.00812121
4,0.0128504
5,0.0170372
6,0.0207094
7,0.0238891
8,0.02666
9,0.0291516
10,0.0314416
11,0.0334668
12,0.0352636
13,0.0369125
14,0.0384644
15,0.0399234
16,0.0413198
17,0.0426214
18,0.0438533
19,0.0449963
20,0.0461078
21,0.0472037
22,0.0483032
23,0.049313
24,0.0501031
25,0.0506325
26,0.0510342
27,0.0514329
28,0.0518616
29,0.0523098
30,0.0527587
31,0.0532
32,0.0535888
33,0.053931
34,0.0542669
35,0.054637
36,0.0550161
37,0.0553949
38,0.0557598
39,0.0561014
40,0.0564033
41,0.0566872
42,0.0569733
43,0.0572805
44,0.0575786
45,0.0578635
46,0.0581263
47,0.0583704
48,0.0585855
49,0.0587978
50,0.0590222
51,0.0592438
52,0.0594611
53,0.0596656
54,0.0598592
55,0.0600349
56,0.060203
57,0.0603702
58,0.060554
59,0.0607265
60,0.060903
61,0.0610668
62,0.0612205
63,0.0613627
64,0.0615014
65,0.0616455
66,0.0617904
67,0.0619319
68,0.0620686
69,0.0621999
70,0.0623254
71,0.0624495
72,0.0625835
73,0.0627152
74,0.062848
75,0.0629747
76,0.0630979
77,0.0632153
78,0.0633291
79,0.0634442
80,0.0635586
81,0.0636702
82,0.0637876
83,0.0638972
84,0.0640149
85,0.064123
86,0.0642298
87,0.0643316
88,0.0644376
89,0.064539
90,0.0646413
91,0.0647428
92,0.064841
93,0.0649406
94,0.0650384
95,0.0651324
96,0.0652305
97,0.0653235
98,0.0654188
99,0.0655125
100,0.0656107
101,0.0657025
102,0.0657954
103,0.0658872
104,0.065977
105,0.0660696
106,0.0661634
107,0.0662527
108,0.0663461
109,0.0664309
110,0.0665206
111,0.0666059
112,0.0666941
113,0.0667791
114,0.0668633
115,0.0669463
116,0.0670333
117,0.0671173
118,0.0672022
119,0.0672913
120,0.0673782
121,0.0674709
122,0.0675615
123,0.0676378
124,0.0677068
125,0.0677811
126,0.0678461
127,0.0679224
128,0.0679882
129,0.0680679
130,0.0681363
131,0.0682143
132,0.068284
133,0.0683593
134,0.0684326
135,0.0685044
136,0.0685771
137,0.0686485
138,0.0687165
139,0.0687866
140,0.0688518
141,0.0689181
142,0.0689856
143,0.0690463
144,0.0691113
145,0.0691702
146,0.0692428
147,0.0693124
148,0.0693872
149,0.0694557
150,0.0695255
151,0.0695922
152,0.0696565
153,0.0697227
154,0.0697868
155,0.0698482
156,0.0699122
157,0.0699734
158,0.0700386
159,0.0700982
160,0.0701637
161,0.0702286
162,0.0702968
163,0.0703631
164,0.0704322
165,0.0704964
166,0.0705636
167,0.0706238
168,0.070693
169,0.0707527
170,0.0708141
171,0.0708755
172,0.0709314
173,0.0709924
174,0.0710491
175,0.0711094
176,0.0711676
177,0.0712264
178,0.0712855
179,0.0713444
180,0.0714007
181,0.0714632
182,0.0715151
183,0.0715767
184,0.071633
185,0.0716945
186,0.0717479
187,0.0717992
188,0.0718427
189,0.0718913
190,0.0719344
191,0.0719883
192,0.0720313
193,0.072083
194,0.072131
195,0.0721821
196,0.0722318
197,0.0722823
198,0.0723371
199,0.0723879
200,0.0724379
201,0.072489
202,0.0725358
203,0.0725904
204,0.0726438
205,0.0726967
206,0.0727514
207,0.0728004
208,0.0728542
209,0.0729023
210,0.072955
211,0.0730067
212,0.0730571
213,0.0730998
214,0.0731572
215,0.0731986
216,0.0732506
217,0.073292
218,0.0733374
219,0.0733809
220,0.0734241
221,0.0734637
222,0.073507
223,0.0735436
224,0.0735824
225,0.0736232
226,0.0736774
227,0.0737394
228,0.0737982
229,0.0738574
230,0.0739123
231,0.0739683
232,0.0740229
233,0.074077
234,0.0741253
235,0.0741741
236,0.0742229
237,0.0742688
238,0.0743149
239,0.0743583
240,0.0744003
241,0.0744429
242,0.074485
243,0.0745236
244,0.0745642
245,0.0746053
246,0.0746395
247,0.0746784
248,0.0747203
249,0.0747586
250,0.0748023
251,0.0748407
252,0.0748815
253,0.0749246
254,0.0749632
255,0.0750088
256,0.0750441
257,0.0750915
258,0.0751277
259,0.0751718
260,0.0752118
261,0.0752533
262,0.07529
263,0.0753298
264,0.0753693
265,0.0754083
266,0.0754462
267,0.075486
268,0.0755221
269,0.0755592
270,0.0755975
271,0.0756294
272,0.0756734
273,0.0757173
274,0.0757635
275,0.0758089
276,0.0758523
277,0.0758951
278,0.0759333
279,0.075973
280,0.0760081
281,0.0760457
282,0.0760843
283,0.0761247
284,0.076162
285,0.0762021
286,0.0762396
287,0.0762801
288,0.0763207
289,0.0763613
290,0.0764058
291,0.0764455
292,0.0764892
293,0.0765311
294,0.0765756
295,0.0766169
296,0.0766564
297,0.0766987
298,0.0767402
299,0.0767766
300,0.0768133
301,0.076844
302,0.076875
303,0.076906
304,0.0769412
305,0.0769761
306,0.077013
307,0.0770459
308,0.0770831
309,0.0771213
310,0.07716
311,0.0771969
312,0.0772298
313,0.0772655
314,0.0772967
315,0.077333
316,0.0773662
317,0.0774048
318,0.0774378
319,0.0774769
320,0.0775054
321,0.0775398
322,0.0775703
323,0.0776032
324,0.077637
325,0.0776684
326,0.077701
327,0.0777326
328,0.0777604
329,0.0777913
330,0.0778242
331,0.0778576
332,0.0778966
333,0.0779361
334,0.0779742
335,0.0780185
336,0.0780584
337,0.0781024
338,0.0781481
339,0.0781944
340,0.0782477
341,0.0783018
342,0.0783464
343,0.0783742
344,0.0783908
345,0.078405
346,0.078423
347,0.0784358
348,0.0784547
349,0.0784732
350,0.0784985
351,0.0785217
352,0.0785505
353,0.078579
354,0.078612
355,0.078643
356,0.0786766
357,0.0787103
358,0.0787446
359,0.07878
360,0.0788116
361,0.078843
362,0.0788738
363,0.078907
364,0.0789376
365,0.0789693
366,0.0790011
367,0.0790323
368,0.0790663
369,0.079096
370,0.0791297
371,0.0791582
372,0.079193
373,0.0792226
374,0.0792572
375,0.0792909
376,0.0793251
377,0.0793609
378,0.0793962
379,0.0794371
380,0.0794765
381,0.0795175
382,0.0795627
383,0.0795944
384,0.079629
385,0.0796543
386,0.0796799
387,0.0797043
388,0.0797275
389,0.0797514
390,0.0797767
391,0.0797961
392,0.0798171
393,0.0798324
394,0.0798508
395,0.0798617
396,0.0798789
397,0.0798848
398,0.0798918
399,0.0798951
