2,0.925659
3,0.797877
4,0.693916
5,0.606625
6,0.53352
7,0.474427
8,0.426528
9,0.385296
10,0.347774
11,0.315158
12,0.287849
13,0.264529
14,0.243544
15,0.224268
16,0.205734
17,0.187864
18,0.170777
19,0.155252
20,0.140505
21,0.126207
22,0.111651
23,0.0974877
24,0.0850027
25,0.0758518
26,0.0703806
27,0.0670159
28,0.0636795
29,0.0600891
30,0.055841
31,0.0512053
32,0.0470594
33,0.0439123
34,0.041139
35,0.0380441
36,0.034995
37,0.0318909
38,0.0288104
39,0.0257753
40,0.0233769
41,0.0215628
42,0.0199266
43,0.0180089
44,0.0160458
45,0.0140721
46,0.0122329
47,0.0106946
48,0.00982691
49,0.00918428
50,0.00853407
51,0.00759718
52,0.0067861
53,0.00583737
54,0.00517419
55,0.00463251
56,0.0045553
57,0.00431062
58,0.00397067
59,0.00351913
60,0.00312985
61,0.00276425
62,0.00257336
63,0.00243178
64,0.00240665
65,0.00230297
66,0.00216446
67,0.00198446
68,0.0018452
69,0.00175855
70,0.0015195
71,0.00120357
72,0.0009123
73,0.00100866
74,0.00117547
75,0.00123824
76,0.00130521
77,0.00135398
78,0.00137898
79,0.00135486
80,0.00136489
81,0.00133692
82,0.00130716
83,0.00127838
84,0.00129796
85,0.0013244
86,0.00131808
87,0.00127646
88,0.00121442
89,0.00103054
90,0.000692433
91,0.000619328
92,0.000869206
93,0.00107352
94,0.00118308
95,0.00118173
96,0.001203
97,0.00120976
98,0.00125123
99,0.00126133
100,0.00130037
101,0.00126787
102,0.00124658
103,0.0012229
104,0.00118188
105,0.0012405
106,0.001234
107,0.00124407
108,0.00124578
109,0.00120987
110,0.00117762
111,0.00116066
112,0.00113676
113,0.00116233
114,0.000964175
115,0.000566012
116,0.000567838
117,0.000886207
118,0.00102653
119,0.00109236
120,0.00122462
121,0.00133179
122,0.00143219
123,0.00136203
124,0.00123632
125,0.00121352
126,0.0011676
127,0.0011745
128,0.00119401
129,0.00117564
130,0.00119176
131,0.0011395
132,0.00112206
133,0.0011266
134,0.00114104
135,0.00117125
136,0.00115355
137,0.00117549
138,0.00115593
139,0.00111413
140,0.00110642
141,0.00114066
142,0.00116006
143,0.00121395
144,0.0012369
145,0.0012486
146,0.00116761
147,0.0011526
148,0.00113043
149,0.00117525
150,0.00115766
151,0.00117827
152,0.00115656
153,0.0010924
154,0.00107721
155,0.00109703
156,0.00116396
157,0.00118063
158,0.00116661
159,0.00115516
160,0.00110483
161,0.00109013
162,0.00110191
163,0.00111255
164,0.00113585
165,0.00114371
166,0.00111796
167,0.0010707
168,0.00106412
169,0.00109052
170,0.00114422
171,0.00118374
172,0.0011675
173,0.00115167
174,0.00111481
175,0.00108986
176,0.00111796
177,0.00114388
178,0.00116481
179,0.00118885
180,0.0011723
181,0.00113115
182,0.00113274
183,0.00114334
184,0.00122308
185,0.00123615
186,0.00127819
187,0.00119834
188,0.00110324
189,0.00104558
190,0.0010487
191,0.00107779
192,0.00111176
193,0.0011188
194,0.00110116
195,0.00105788
196,0.00101863
197,0.00105302
198,0.0010956
199,0.00114014
200,0.00115715
201,0.00110466
202,0.00107425
203,0.00106076
204,0.00108181
205,0.00111385
206,0.00111977
207,0.00110855
208,0.00107723
209,0.00106009
210,0.00101445
211,0.00104102
212,0.00106973
213,0.00111853
214,0.00107305
215,0.00104517
216,0.0010138
217,0.00102487
218,0.00104773
219,0.00113093
220,0.00114538
221,0.00120134
222,0.00118571
223,0.0011934
224,0.00110088
225,0.00110574
226,0.00108156
227,0.00107113
228,0.00106068
229,0.00101789
230,0.000963973
231,0.000969298
232,0.00103225
233,0.00110174
234,0.00113084
235,0.00112629
236,0.00110308
237,0.00106023
238,0.0010659
239,0.00109786
240,0.00114259
241,0.00114552
242,0.00111896
243,0.00105442
244,0.00101902
245,0.000991243
246,0.00101508
247,0.00105868
248,0.00106806
249,0.00103158
250,0.00101814
251,0.000991861
252,0.000982041
253,0.0010184
254,0.00106284
255,0.00106235
256,0.00104175
257,0.000986823
258,0.000954328
259,0.000989643
260,0.00106783
261,0.0010692
262,0.00110448
263,0.00105449
264,0.00101988
265,0.000996983
266,0.00102644
267,0.00108922
268,0.00116117
269,0.00114318
270,0.00114445
271,0.00110149
272,0.00109807
273,0.00108638
274,0.00110144
275,0.00111225
276,0.0010723
277,0.00102511
278,0.000982427
279,0.000959334
280,0.00103222
281,0.0010319
282,0.00108699
283,0.00103951
284,0.00102647
285,0.000952799
286,0.000959088
287,0.00100381
288,0.00104635
289,0.00107024
290,0.00102465
291,0.000973566
292,0.000919675
293,0.000974476
294,0.00101927
295,0.00110514
296,0.00109413
297,0.0010889
298,0.001077
299,0.00104399
300,0.00106208
301,0.00108427
302,0.00110168
303,0.0010761
304,0.00101744
305,0.000983821
306,0.000978378
307,0.0010169
308,0.00105073
309,0.0010932
310,0.00109176
311,0.00109922
312,0.00103287
313,0.00101757
314,0.00103479
315,0.00109239
316,0.00111433
317,0.00109472
318,0.0010768
319,0.00109101
320,0.00109469
321,0.00114643
322,0.00113039
323,0.00114876
324,0.00116432
325,0.00112296
326,0.00116265
327,0.00120286
328,0.00122922
329,0.00123382
330,0.00125168
331,0.00125955
332,0.00126645
333,0.00127506
334,0.00133096
335,0.00135645
336,0.00138139
337,0.00142166
338,0.00143481
339,0.0015285
340,0.00166171
341,0.00193677
342,0.00193502
343,0.0019297
344,0.00161512
345,0.00153802
346,0.00114201
347,0.00129778
348,0.000881977
349,0.00116694
350,0.000783626
351,0.00111243
352,0.000883145
353,0.00114035
354,0.00100137
355,0.00124372
356,0.00118188
357,0.0013292
358,0.00132859
359,0.00142165
360,0.00142392
361,0.00147549
362,0.00149923
363,0.00147983
364,0.00152093
365,0.00156316
366,0.00156831
367,0.00160822
368,0.00163814
369,0.00167109
370,0.00167211
371,0.00165847
372,0.00164156
373,0.00170077
374,0.00154105
375,0.00178254
376,0.00144333
377,0.00184373
378,0.00143829
379,0.00186281
380,0.00153174
381,0.0019144
382,0.00173327
383,0.00203488
384,0.00191048
385,0.00195426
386,0.00189202
387,0.00189616
388,0.00191979
389,0.00189508
390,0.00192992
391,0.00192237
392,0.00195671
393,0.00194442
394,0.00193672
395,0.00198129
396,0.00201192
397,0.00209149
398,0.00210691
399,0.00214973
