2,0.00279013
3,0.00803813
4,0.0126832
5,0.0168283
6,0.0204824
7,0.0235909
8,0.0262367
9,0.0286006
10,0.0308066
11,0.0327908
12,0.034525
13,0.0360659
14,0.0374902
15,0.0388261
16,0.0401222
17,0.0413818
18,0.0425994
19,0.0437336
20,0.0448246
21,0.0458903
22,0.0469667
23,0.0480196
24,0.0489816
25,0.0497613
26,0.050337
27,0.0507909
28,0.0512373
29,0.0516917
30,0.0521772
31,0.0526783
32,0.053149
33,0.0535599
34,0.0539452
35,0.0543426
36,0.0547355
37,0.0551263
38,0.0555141
39,0.0558924
40,0.0562364
41,0.0565392
42,0.0568312
43,0.0571313
44,0.0574384
45,0.0577373
46,0.0580316
47,0.0583007
48,0.0585344
49,0.0587452
50,0.0589578
51,0.0591814
52,0.0593994
53,0.0596209
54,0.0598287
55,0.0600201
56,0.0601832
57,0.0603486
58,0.0605242
59,0.0606996
60,0.0608762
61,0.0610512
62,0.0612101
63,0.0613595
64,0.0614955
65,0.0616369
66,0.0617789
67,0.0619193
68,0.062057
69,0.0621922
70,0.0623229
71,0.0624448
72,0.0625744
73,0.0627061
74,0.0628401
75,0.0629655
76,0.0630925
77,0.0632104
78,0.063328
79,0.0634415
80,0.0635563
81,0.0636689
82,0.0637833
83,0.0639008
84,0.0640105
85,0.0641265
86,0.0642281
87,0.0643332
88,0.0644352
89,0.0645391
90,0.0646385
91,0.0647413
92,0.0648412
93,0.0649406
94,0.0650354
95,0.0651357
96,0.0652267
97,0.0653265
98,0.0654168
99,0.0655162
100,0.0656057
101,0.0657026
102,0.065795
103,0.0658851
104,0.0659793
105,0.0660679
106,0.0661638
107,0.0662545
108,0.066344
109,0.066433
110,0.0665193
111,0.066607
112,0.0666943
113,0.0667808
114,0.0668653
115,0.0669505
116,0.0670345
117,0.0671206
118,0.0672082
119,0.0672917
120,0.0673865
121,0.0674764
122,0.0675695
123,0.0676431
124,0.0677112
125,0.0677825
126,0.0678509
127,0.0679232
128,0.0679932
129,0.0680688
130,0.0681381
131,0.0682137
132,0.068286
133,0.0683582
134,0.0684335
135,0.0685039
136,0.0685777
137,0.0686477
138,0.0687174
139,0.0687843
140,0.0688505
141,0.068914
142,0.0689815
143,0.0690447
144,0.0691076
145,0.0691679
146,0.0692402
147,0.0693093
148,0.0693863
149,0.0694549
150,0.069525
151,0.0695929
152,0.0696574
153,0.0697249
154,0.0697856
155,0.0698524
156,0.0699112
157,0.0699743
158,0.0700376
159,0.0701034
160,0.0701635
161,0.0702315
162,0.0702947
163,0.0703705
164,0.0704299
165,0.0705009
166,0.0705631
167,0.0706271
168,0.0706891
169,0.0707544
170,0.0708128
171,0.0708791
172,0.0709301
173,0.0709935
174,0.0710513
175,0.0711105
176,0.0711711
177,0.0712262
178,0.0712872
179,0.0713459
180,0.071406
181,0.0714619
182,0.0715241
183,0.0715782
184,0.0716408
185,0.0716961
186,0.0717522
187,0.0718023
188,0.0718469
189,0.0718954
190,0.0719399
191,0.0719878
192,0.0720369
193,0.0720817
194,0.0721321
195,0.07218
196,0.0722328
197,0.0722845
198,0.0723355
199,0.0723898
200,0.0724368
201,0.0724867
202,0.0725353
203,0.0725868
204,0.0726402
205,0.0726935
206,0.0727481
207,0.0727988
208,0.07285
209,0.072899
210,0.0729534
211,0.073003
212,0.0730569
213,0.0731037
214,0.0731534
215,0.0732027
216,0.0732461
217,0.0732916
218,0.0733365
219,0.0733765
220,0.0734215
221,0.0734593
222,0.0735034
223,0.0735381
224,0.0735787
225,0.0736175
226,0.073671
227,0.0737335
228,0.0737934
229,0.073852
230,0.0739103
231,0.0739649
232,0.0740211
233,0.0740736
234,0.0741275
235,0.0741723
236,0.0742209
237,0.0742669
238,0.0743153
239,0.0743559
240,0.0744008
241,0.0744416
242,0.0744836
243,0.0745256
244,0.074564
245,0.0746026
246,0.0746398
247,0.0746775
248,0.0747189
249,0.0747602
250,0.0748
251,0.0748412
252,0.0748827
253,0.0749233
254,0.0749643
255,0.0750077
256,0.0750475
257,0.0750897
258,0.0751291
259,0.0751734
260,0.07521
261,0.0752518
262,0.0752911
263,0.0753306
264,0.0753664
265,0.0754074
266,0.0754435
267,0.0754836
268,0.075519
269,0.0755577
270,0.0755927
271,0.0756301
272,0.0756662
273,0.075713
274,0.0757606
275,0.0758073
276,0.0758506
277,0.0758949
278,0.0759336
279,0.0759728
280,0.0760089
281,0.0760496
282,0.0760849
283,0.0761299
284,0.0761634
285,0.0762044
286,0.0762424
287,0.0762832
288,0.0763238
289,0.0763645
290,0.0764084
291,0.0764468
292,0.076492
293,0.0765314
294,0.0765762
295,0.0766184
296,0.0766568
297,0.0766975
298,0.076742
299,0.0767755
300,0.0768133
301,0.0768425
302,0.0768757
303,0.0769058
304,0.0769439
305,0.0769776
306,0.0770136
307,0.0770463
308,0.0770853
309,0.0771225
310,0.0771601
311,0.0771972
312,0.0772332
313,0.0772624
314,0.0772982
315,0.0773315
316,0.0773661
317,0.0774026
318,0.0774389
319,0.0774739
320,0.077507
321,0.0775362
322,0.0775691
323,0.0776026
324,0.0776342
325,0.0776672
326,0.0776993
327,0.0777313
328,0.0777607
329,0.0777892
330,0.0778239
331,0.0778582
332,0.0778958
333,0.0779368
334,0.0779778
335,0.0780212
336,0.0780639
337,0.0781086
338,0.0781549
339,0.0782051
340,0.0782604
341,0.0783133
342,0.078353
343,0.0783798
344,0.0783954
345,0.0784092
346,0.0784215
347,0.0784392
348,0.078453
349,0.0784746
350,0.0784992
351,0.0785234
352,0.0785524
353,0.0785821
354,0.0786126
355,0.0786448
356,0.078677
357,0.0787129
358,0.078746
359,0.078781
360,0.0788142
361,0.0788462
362,0.0788787
363,0.0789072
364,0.0789418
365,0.078973
366,0.0790053
367,0.0790367
368,0.0790687
369,0.0790998
370,0.079132
371,0.0791647
372,0.079193
373,0.0792291
374,0.0792566
375,0.0792942
376,0.0793266
377,0.0793631
378,0.0794004
379,0.0794391
380,0.0794808
381,0.0795238
382,0.0795671
383,0.0796072
384,0.0796403
385,0.0796608
386,0.0796837
387,0.0797017
388,0.0797236
389,0.079747
390,0.0797666
391,0.0797896
392,0.0798118
393,0.0798291
394,0.0798511
395,0.0798645
396,0.079879
397,0.0798869
398,0.0798914
399,0.0798924
