2,0.926486
3,0.79949
4,0.697056
5,0.612092
6,0.539929
7,0.480552
8,0.432968
9,0.394012
10,0.359846
11,0.328817
12,0.302357
13,0.27914
14,0.258949
15,0.241612
16,0.225843
17,0.210319
18,0.194163
19,0.17809
20,0.163011
21,0.149059
22,0.1354
23,0.121202
24,0.107317
25,0.094967
26,0.0853581
27,0.0787859
28,0.0743773
29,0.0703974
30,0.0663275
31,0.061357
32,0.0561988
33,0.0514738
34,0.0474962
35,0.0436109
36,0.040033
37,0.0367699
38,0.0335922
39,0.03015
40,0.0269401
41,0.0241719
42,0.0220086
43,0.0198164
44,0.017952
45,0.0160817
46,0.0142064
47,0.0121766
48,0.010676
49,0.00974323
50,0.00911491
51,0.00837105
52,0.00769275
53,0.00680498
54,0.00587547
55,0.00509049
56,0.00460803
57,0.00443545
58,0.00420799
59,0.00390958
60,0.00354051
61,0.00317725
62,0.00277346
63,0.00256683
64,0.00245166
65,0.00235083
66,0.00227488
67,0.00215796
68,0.00200822
69,0.00178435
70,0.00147458
71,0.000996832
72,0.000987155
73,0.00116704
74,0.00126059
75,0.00133147
76,0.00137048
77,0.00140683
78,0.00138936
79,0.00138564
80,0.00139556
81,0.00139869
82,0.00137723
83,0.00135018
84,0.00134213
85,0.00134967
86,0.00130224
87,0.00123986
88,0.00113198
89,0.000782756
90,0.000616004
91,0.00078368
92,0.00104191
93,0.00113772
94,0.00118146
95,0.00117985
96,0.00118775
97,0.00125328
98,0.001276
99,0.00130156
100,0.00127523
101,0.00126401
102,0.0012296
103,0.00121899
104,0.00121596
105,0.0012675
106,0.00124562
107,0.00126799
108,0.0012279
109,0.00118075
110,0.00115098
111,0.00114717
112,0.00114414
113,0.000954148
114,0.000532913
115,0.000589061
116,0.000869617
117,0.000983957
118,0.00105849
119,0.00114566
120,0.00127586
121,0.00135851
122,0.00148584
123,0.00136223
124,0.00127775
125,0.00121063
126,0.00120389
127,0.00119118
128,0.00122645
129,0.00119342
130,0.00117778
131,0.00113526
132,0.00108639
133,0.00109052
134,0.00117108
135,0.0011771
136,0.00121159
137,0.00116835
138,0.00112591
139,0.0011096
140,0.00110587
141,0.0011344
142,0.00118338
143,0.00123824
144,0.00126879
145,0.00122807
146,0.0012288
147,0.0011667
148,0.00118405
149,0.00119523
150,0.00119559
151,0.00118316
152,0.00113262
153,0.00110631
154,0.00108459
155,0.00112399
156,0.00116614
157,0.00120206
158,0.00119364
159,0.00114613
160,0.00111292
161,0.0010888
162,0.00111279
163,0.00113958
164,0.00115613
165,0.00114776
166,0.00110083
167,0.00106609
168,0.00107311
169,0.00110642
170,0.0011608
171,0.00119137
172,0.00117507
173,0.00113207
174,0.00109754
175,0.00109845
176,0.00112129
177,0.00116749
178,0.00122244
179,0.00120256
180,0.00117422
181,0.00116086
182,0.00112797
183,0.00119942
184,0.0012383
185,0.00133184
186,0.00129911
187,0.00121109
188,0.001129
189,0.0010545
190,0.00105828
191,0.00111186
192,0.0011414
193,0.00111791
194,0.00107309
195,0.00104856
196,0.00102836
197,0.00106614
198,0.00112209
199,0.00114722
200,0.00112438
201,0.00110235
202,0.00110157
203,0.00106869
204,0.00110108
205,0.00111771
206,0.0011429
207,0.00114791
208,0.00108891
209,0.00103811
210,0.00102653
211,0.0010329
212,0.00109916
213,0.00110848
214,0.00110435
215,0.00104782
216,0.0010314
217,0.00104189
218,0.0010772
219,0.0011552
220,0.0011861
221,0.00120781
222,0.00113723
223,0.00108128
224,0.00112367
225,0.00118128
226,0.00130044
227,0.00125096
228,0.00115636
229,0.00106804
230,0.000993522
231,0.000973401
232,0.00104223
233,0.00107978
234,0.00115893
235,0.00111561
236,0.0010865
237,0.00103997
238,0.00106658
239,0.00109457
240,0.00114391
241,0.00113634
242,0.00112002
243,0.00100757
244,0.00100943
245,0.00100508
246,0.00104399
247,0.00107868
248,0.00107227
249,0.00105002
250,0.000994593
251,0.000954151
252,0.000967452
253,0.00102062
254,0.00108974
255,0.00107989
256,0.00106407
257,0.00100241
258,0.00097036
259,0.00102878
260,0.00105706
261,0.00106679
262,0.00108222
263,0.00104719
264,0.000996738
265,0.0010268
266,0.0010445
267,0.00111519
268,0.00115254
269,0.00117023
270,0.00115028
271,0.00115193
272,0.0011378
273,0.0011121
274,0.00113876
275,0.00112406
276,0.00107054
277,0.000986051
278,0.000980876
279,0.000983921
280,0.00101321
281,0.00106759
282,0.00107831
283,0.00104676
284,0.000999399
285,0.000944013
286,0.0009698
287,0.00100622
288,0.00105209
289,0.00106172
290,0.0010251
291,0.000974205
292,0.000937155
293,0.000979899
294,0.00104154
295,0.00108546
296,0.00108847
297,0.00106363
298,0.00105637
299,0.00105298
300,0.00104923
301,0.00108597
302,0.00109025
303,0.00109358
304,0.00100328
305,0.000971192
306,0.000991619
307,0.00102581
308,0.00105876
309,0.0011025
310,0.00105486
311,0.00102179
312,0.000971659
313,0.000981743
314,0.0010434
315,0.00104237
316,0.00109137
317,0.00104873
318,0.000989957
319,0.000995996
320,0.00102582
321,0.00102271
322,0.00107154
323,0.00108108
324,0.00107422
325,0.00105453
326,0.00105525
327,0.0010621
328,0.00111949
329,0.00116102
330,0.00117316
331,0.00116862
332,0.00117843
333,0.00120421
334,0.0012399
335,0.00126684
336,0.00131292
337,0.00137545
338,0.00141879
339,0.00161053
340,0.00176402
341,0.00202792
342,0.00205394
343,0.00196169
344,0.00174138
345,0.00158392
346,0.00145095
347,0.00142199
348,0.00140188
349,0.00143118
350,0.00154776
351,0.00151251
352,0.00157806
353,0.00146882
354,0.00142405
355,0.0013961
356,0.0014015
357,0.00149044
358,0.001536
359,0.00155493
360,0.00157955
361,0.00161794
362,0.00162309
363,0.00165124
364,0.00168953
365,0.00169321
366,0.00169379
367,0.00170101
368,0.00171564
369,0.00169989
370,0.0017238
371,0.00171918
372,0.00174954
373,0.0017569
374,0.00175817
375,0.00179049
376,0.0017713
377,0.00182834
378,0.00181621
379,0.0019056
380,0.00198084
381,0.00209559
382,0.00217244
383,0.00224693
384,0.00218755
385,0.0021292
386,0.00205405
387,0.00198448
388,0.00195492
389,0.00192958
390,0.00190343
391,0.001897
392,0.00192177
393,0.00189251
394,0.00189233
395,0.00187804
396,0.00190109
397,0.00196072
398,0.00203559
399,0.00212665
