2,0.00275911
3,0.007974
4,0.0125531
5,0.0165944
6,0.0202009
7,0.023316
8,0.0259421
9,0.028195
10,0.0302365
11,0.0321369
12,0.0338216
13,0.0353492
14,0.0367266
15,0.037958
16,0.0391062
17,0.0402372
18,0.0413975
19,0.0425508
20,0.0436502
21,0.0446889
22,0.0457098
23,0.0467566
24,0.0477858
25,0.0487301
26,0.049526
27,0.0501502
28,0.0506536
29,0.0511271
30,0.0516
31,0.0521183
32,0.0526427
33,0.0531394
34,0.0535908
35,0.0540315
36,0.0544521
37,0.0548515
38,0.055242
39,0.055644
40,0.0560326
41,0.0563888
42,0.0567114
43,0.0570268
44,0.0573262
45,0.0576193
46,0.0579137
47,0.0582117
48,0.0584815
49,0.058711
50,0.0589229
51,0.0591336
52,0.0593445
53,0.0595603
54,0.0597831
55,0.0599908
56,0.0601815
57,0.0603435
58,0.0605104
59,0.060675
60,0.0608495
61,0.0610182
62,0.0611955
63,0.0613516
64,0.0614953
65,0.061636
66,0.0617697
67,0.0619061
68,0.0620425
69,0.06218
70,0.062314
71,0.0624414
72,0.0625692
73,0.0627015
74,0.062831
75,0.0629582
76,0.0630819
77,0.063204
78,0.0633248
79,0.0634406
80,0.0635539
81,0.063668
82,0.0637805
83,0.0638961
84,0.0640102
85,0.0641244
86,0.0642263
87,0.0643349
88,0.0644325
89,0.0645389
90,0.0646382
91,0.0647405
92,0.0648386
93,0.0649391
94,0.0650357
95,0.0651321
96,0.0652286
97,0.0653218
98,0.065419
99,0.0655123
100,0.0656073
101,0.0657019
102,0.0657947
103,0.0658868
104,0.0659768
105,0.0660676
106,0.0661628
107,0.0662529
108,0.0663449
109,0.0664325
110,0.0665196
111,0.0666052
112,0.0666947
113,0.0667802
114,0.0668658
115,0.0669489
116,0.0670385
117,0.0671194
118,0.0672112
119,0.0672968
120,0.0673915
121,0.0674789
122,0.0675751
123,0.0676451
124,0.0677168
125,0.0677824
126,0.0678552
127,0.0679221
128,0.0679957
129,0.0680677
130,0.0681415
131,0.068213
132,0.0682846
133,0.0683608
134,0.0684302
135,0.0685048
136,0.0685758
137,0.0686483
138,0.0687135
139,0.0687821
140,0.068848
141,0.0689135
142,0.0689778
143,0.0690422
144,0.0691027
145,0.0691652
146,0.069231
147,0.0693074
148,0.0693794
149,0.0694526
150,0.069524
151,0.0695913
152,0.0696571
153,0.0697218
154,0.0697875
155,0.0698486
156,0.0699123
157,0.0699753
158,0.0700385
159,0.0701007
160,0.0701655
161,0.0702289
162,0.0702998
163,0.0703652
164,0.0704343
165,0.0704976
166,0.0705633
167,0.0706276
168,0.0706901
169,0.0707536
170,0.0708164
171,0.0708749
172,0.0709346
173,0.0709924
174,0.0710536
175,0.0711132
176,0.0711706
177,0.0712289
178,0.0712924
179,0.0713464
180,0.0714094
181,0.0714658
182,0.0715241
183,0.0715852
184,0.0716423
185,0.0717035
186,0.0717551
187,0.0718082
188,0.0718503
189,0.0718986
190,0.0719405
191,0.0719902
192,0.0720367
193,0.0720854
194,0.0721327
195,0.0721816
196,0.0722309
197,0.0722842
198,0.0723359
199,0.0723887
200,0.0724378
201,0.0724846
202,0.0725337
203,0.0725846
204,0.0726381
205,0.0726903
206,0.0727437
207,0.0727956
208,0.0728453
209,0.0728977
210,0.07295
211,0.0730022
212,0.0730526
213,0.0731034
214,0.0731511
215,0.0732001
216,0.0732456
217,0.0732909
218,0.0733325
219,0.0733756
220,0.0734181
221,0.0734559
222,0.0734965
223,0.0735354
224,0.07357
225,0.0736132
226,0.0736617
227,0.0737233
228,0.0737856
229,0.0738474
230,0.0739051
231,0.0739607
232,0.0740195
233,0.0740705
234,0.0741246
235,0.0741704
236,0.0742199
237,0.0742657
238,0.0743123
239,0.0743559
240,0.0744008
241,0.0744396
242,0.0744856
243,0.0745231
244,0.0745638
245,0.0746029
246,0.0746389
247,0.0746793
248,0.0747172
249,0.0747602
250,0.0748007
251,0.0748419
252,0.0748817
253,0.0749232
254,0.0749652
255,0.0750082
256,0.0750481
257,0.0750886
258,0.0751301
259,0.0751715
260,0.075213
261,0.0752518
262,0.0752882
263,0.0753302
264,0.0753672
265,0.075405
266,0.0754423
267,0.0754799
268,0.0755175
269,0.0755516
270,0.0755891
271,0.0756253
272,0.075665
273,0.0757119
274,0.0757561
275,0.0758037
276,0.0758478
277,0.075894
278,0.0759309
279,0.0759735
280,0.0760118
281,0.0760481
282,0.0760897
283,0.0761274
284,0.0761685
285,0.0762058
286,0.076245
287,0.0762842
288,0.0763267
289,0.076365
290,0.0764101
291,0.0764504
292,0.0764896
293,0.0765356
294,0.0765757
295,0.0766179
296,0.0766571
297,0.0766975
298,0.0767383
299,0.076778
300,0.076811
301,0.0768442
302,0.0768749
303,0.0769097
304,0.0769411
305,0.0769794
306,0.0770136
307,0.0770512
308,0.0770861
309,0.0771242
310,0.0771618
311,0.0771977
312,0.0772316
313,0.077264
314,0.0772976
315,0.0773297
316,0.0773662
317,0.0773995
318,0.0774374
319,0.0774716
320,0.0775053
321,0.0775348
322,0.0775703
323,0.0775976
324,0.077633
325,0.0776645
326,0.077699
327,0.0777266
328,0.0777618
329,0.0777884
330,0.0778234
331,0.0778576
332,0.0778998
333,0.0779366
334,0.077981
335,0.0780246
336,0.0780684
337,0.0781156
338,0.0781597
339,0.078217
340,0.0782681
341,0.0783253
342,0.0783587
343,0.0783827
344,0.078393
345,0.0784086
346,0.0784222
347,0.0784397
348,0.0784549
349,0.078476
350,0.0784962
351,0.0785241
352,0.0785522
353,0.0785814
354,0.0786156
355,0.078647
356,0.0786812
357,0.0787146
358,0.0787498
359,0.078781
360,0.0788132
361,0.0788438
362,0.0788774
363,0.0789064
364,0.0789397
365,0.0789707
366,0.0790033
367,0.0790365
368,0.0790686
369,0.0791021
370,0.0791332
371,0.0791653
372,0.0791961
373,0.0792303
374,0.0792622
375,0.079297
376,0.0793305
377,0.0793705
378,0.0794045
379,0.0794484
380,0.0794881
381,0.079539
382,0.0795801
383,0.079621
384,0.0796449
385,0.0796674
386,0.0796852
387,0.0797073
388,0.0797265
389,0.0797501
390,0.0797687
391,0.0797917
392,0.0798087
393,0.0798271
394,0.0798435
395,0.0798607
396,0.0798733
397,0.0798834
398,0.0798885
399,0.0798929
