2,0.000319042
3,0.000272881
4,-0.000688144
5,-0.00160109
6,-0.0023069
7,-0.00234359
8,-0.00203558
9,-0.00166532
10,-0.00109881
11,-0.000638849
12,-0.000108719
13,0.000283435
14,0.000701746
15,0.00156256
16,0.00271906
17,0.00415406
18,0.00575269
19,0.00727702
20,0.00720824
21,0.0092129
22,0.0115598
23,0.0136079
24,0.0155225
25,0.0174387
26,0.0192471
27,0.0209807
28,0.0228001
29,0.0247427
30,0.026843
31,0.029099
32,0.0314222
33,0.0335716
34,0.0354782
35,0.0371762
36,0.0385865
37,0.0397759
38,0.0409946
39,0.0421709
40,0.0432614
41,0.0442245
42,0.0451019
43,0.0458758
44,0.0465784
45,0.0471476
46,0.047589
47,0.0479241
48,0.0482528
49,0.048529
50,0.0488158
51,0.0490821
52,0.0493674
53,0.049702
54,0.0500123
55,0.0503543
56,0.0506932
57,0.0510653
58,0.0514135
59,0.0518119
60,0.0521936
61,0.0526573
62,0.0531507
63,0.0536375
64,0.0540966
65,0.0545101
66,0.0548684
67,0.0552157
68,0.0555189
69,0.0558119
70,0.0561088
71,0.0564281
72,0.0567651
73,0.057104
74,0.0574345
75,0.0577762
76,0.058114
77,0.0584563
78,0.0587909
79,0.0591284
80,0.0594558
81,0.0597864
82,0.0601196
83,0.0604393
84,0.0607602
85,0.0610625
86,0.0613583
87,0.061642
88,0.0619081
89,0.0621733
90,0.0624247
91,0.0626668
92,0.0629129
93,0.0631432
94,0.0633684
95,0.063577
96,0.0637829
97,0.0639883
98,0.0641765
99,0.0643577
100,0.0645291
101,0.0646922
102,0.0648526
103,0.0650099
104,0.0651613
105,0.0653059
106,0.0654439
107,0.0655846
108,0.065716
109,0.0658472
110,0.0659739
111,0.0660951
112,0.0662139
113,0.0663305
114,0.0664539
115,0.0665776
116,0.0666948
117,0.0668112
118,0.0669311
119,0.0670465
120,0.0671591
121,0.0672675
122,0.0673686
123,0.0674721
124,0.0675622
125,0.0676529
126,0.0677354
127,0.0678172
128,0.0678937
129,0.0679772
130,0.0680543
131,0.0681329
132,0.0682036
133,0.06827
134,0.0683399
135,0.0684059
136,0.0684799
137,0.0685531
138,0.0686273
139,0.0687
140,0.0687667
141,0.0688277
142,0.0688996
143,0.0689668
144,0.0690305
145,0.0691003
146,0.0691658
147,0.0692396
148,0.0693114
149,0.0693904
150,0.0694674
151,0.0695433
152,0.0696192
153,0.0696973
154,0.0697733
155,0.0698441
156,0.0699102
157,0.0699803
158,0.0700489
159,0.070117
160,0.0701962
161,0.0702659
162,0.0703435
163,0.0704115
164,0.0704825
165,0.0705524
166,0.0706246
167,0.0706933
168,0.0707623
169,0.0708299
170,0.0708972
171,0.0709663
172,0.0710373
173,0.0711032
174,0.0711721
175,0.0712364
176,0.0713019
177,0.0713657
178,0.0714339
179,0.0714937
180,0.0715531
181,0.0716179
182,0.0716782
183,0.0717333
184,0.0717871
185,0.0718306
186,0.0718678
187,0.0719049
188,0.0719415
189,0.0719786
190,0.0720186
191,0.072063
192,0.0721047
193,0.0721453
194,0.0721842
195,0.0722244
196,0.0722666
197,0.0723017
198,0.0723411
199,0.0723799
200,0.0724215
201,0.0724597
202,0.0725031
203,0.072545
204,0.0725877
205,0.0726418
206,0.072688
207,0.0727382
208,0.0727836
209,0.0728239
210,0.0728698
211,0.0729132
212,0.0729651
213,0.0730097
214,0.0730615
215,0.0731083
216,0.0731561
217,0.0731988
218,0.0732397
219,0.0732795
220,0.0733199
221,0.0733545
222,0.0733879
223,0.0734267
224,0.0734588
225,0.073503
226,0.0735415
227,0.0735821
228,0.0736249
229,0.0736818
230,0.0737394
231,0.0738034
232,0.0738654
233,0.0739304
234,0.0739949
235,0.0740561
236,0.0741218
237,0.0741792
238,0.0742341
239,0.0742859
240,0.0743401
241,0.0743892
242,0.0744423
243,0.0744881
244,0.0745381
245,0.0745813
246,0.0746302
247,0.0746771
248,0.0747221
249,0.0747687
250,0.0748073
251,0.074848
252,0.074888
253,0.0749333
254,0.0749745
255,0.0750206
256,0.0750583
257,0.075097
258,0.0751341
259,0.0751738
260,0.0752123
261,0.0752472
262,0.0752818
263,0.075318
264,0.0753501
265,0.0753857
266,0.0754174
267,0.0754522
268,0.0754847
269,0.0755156
270,0.0755511
271,0.0755941
272,0.0756353
273,0.0756827
274,0.0757281
275,0.0757761
276,0.0758244
277,0.0758806
278,0.0759297
279,0.0759734
280,0.076019
281,0.0760647
282,0.0761084
283,0.0761529
284,0.0762
285,0.0762451
286,0.0762887
287,0.0763333
288,0.0763756
289,0.0764167
290,0.0764575
291,0.0764949
292,0.0765334
293,0.0765722
294,0.0766124
295,0.0766499
296,0.0766922
297,0.0767293
298,0.076765
299,0.0767971
300,0.0768313
301,0.0768704
302,0.0769035
303,0.0769422
304,0.0769725
305,0.0770027
306,0.0770409
307,0.0770747
308,0.0771174
309,0.0771474
310,0.0771788
311,0.0772121
312,0.0772377
313,0.0772753
314,0.0773111
315,0.077341
316,0.0773763
317,0.0774086
318,0.0774421
319,0.0774804
320,0.0775166
321,0.0775494
322,0.0775871
323,0.0776218
324,0.0776649
325,0.0777027
326,0.0777513
327,0.0777956
328,0.0778452
329,0.0778997
330,0.0779541
331,0.0780149
332,0.0780689
333,0.0781255
334,0.0781784
335,0.0782296
336,0.078277
337,0.0783224
338,0.0783587
339,0.0783769
340,0.0783957
341,0.0784063
342,0.07842
343,0.0784364
344,0.0784535
345,0.0784769
346,0.078493
347,0.0785207
348,0.0785486
349,0.0785834
350,0.0786117
351,0.0786352
352,0.0786602
353,0.0786839
354,0.0787162
355,0.0787443
356,0.0787811
357,0.0788122
358,0.0788447
359,0.0788767
360,0.0789125
361,0.0789508
362,0.0789831
363,0.0790142
364,0.0790461
365,0.0790722
366,0.0791071
367,0.0791484
368,0.0791915
369,0.0792399
370,0.0792829
371,0.0793328
372,0.0793799
373,0.0794338
374,0.0794796
375,0.0795228
376,0.079561
377,0.0795873
378,0.079618
379,0.0796444
380,0.0796592
381,0.079672
382,0.0796768
383,0.0796851
384,0.0796867
385,0.0796948
386,0.0797068
387,0.0797214
388,0.0797378
389,0.0797461
390,0.07976
391,0.0797764
392,0.079787
393,0.0797949
394,0.0797959
395,0.0797959
396,0.0797921
397,0.0797987
398,0.0798019
399,0.0798049
