2,0.998817
3,0.999499
4,1.00586
5,1.01636
6,1.02238
7,1.02386
8,1.02519
9,1.02566
10,1.02717
11,1.0257
12,1.02374
13,1.02002
14,1.01377
15,1.008
16,1.00273
17,0.9975
18,0.989794
19,0.976542
20,0.964236
21,0.929271
22,0.884991
23,0.850114
24,0.817726
25,0.783597
26,0.746791
27,0.709895
28,0.674185
29,0.637235
30,0.600751
31,0.566177
32,0.535144
33,0.505628
34,0.476516
35,0.448592
36,0.421779
37,0.397473
38,0.375788
39,0.354525
40,0.335142
41,0.318034
42,0.302641
43,0.288417
44,0.275541
45,0.264512
46,0.25412
47,0.244595
48,0.236694
49,0.229359
50,0.222808
51,0.217042
52,0.212286
53,0.207751
54,0.203796
55,0.200517
56,0.197579
57,0.194807
58,0.191809
59,0.188983
60,0.185386
61,0.181761
62,0.178087
63,0.17401
64,0.169733
65,0.165767
66,0.16151
67,0.157217
68,0.153115
69,0.148674
70,0.144078
71,0.139266
72,0.13436
73,0.129478
74,0.124702
75,0.120211
76,0.116128
77,0.112088
78,0.108246
79,0.104115
80,0.099966
81,0.0955963
82,0.0912716
83,0.0869194
84,0.0827159
85,0.0785593
86,0.0745515
87,0.0708138
88,0.0673951
89,0.0641066
90,0.0609471
91,0.0576209
92,0.0541902
93,0.0506109
94,0.0472029
95,0.043835
96,0.040892
97,0.0380936
98,0.0358212
99,0.0337537
100,0.031988
101,0.0301697
102,0.0284031
103,0.0264719
104,0.0246298
105,0.0226991
106,0.0209958
107,0.0192543
108,0.017763
109,0.0164073
110,0.0153312
111,0.01436
112,0.013557
113,0.0126873
114,0.011837
115,0.0108491
116,0.00993244
117,0.00891119
118,0.00805038
119,0.00724457
120,0.00679839
121,0.0063148
122,0.00623063
123,0.00592258
124,0.00587156
125,0.00546819
126,0.00520398
127,0.00465108
128,0.00450674
129,0.00404815
130,0.00400134
131,0.00371703
132,0.00390705
133,0.00382883
134,0.00420923
135,0.00414077
136,0.0043497
137,0.00406671
138,0.00408459
139,0.00370888
140,0.00375296
141,0.0034239
142,0.00367043
143,0.00342745
144,0.00375437
145,0.00364275
146,0.00409377
147,0.00389906
148,0.00416207
149,0.00369188
150,0.00382102
151,0.00335376
152,0.00354328
153,0.00312732
154,0.00336166
155,0.00306106
156,0.00341304
157,0.00305806
158,0.00337221
159,0.00306441
160,0.00336788
161,0.00304887
162,0.00336861
163,0.00301592
164,0.00327099
165,0.00296994
166,0.0032971
167,0.00300405
168,0.00342245
169,0.00315148
170,0.00344688
171,0.00326032
172,0.0035191
173,0.00321049
174,0.00326005
175,0.00293196
176,0.00306897
177,0.00281056
178,0.00310247
179,0.00304451
180,0.00334427
181,0.00325272
182,0.00345535
183,0.00326834
184,0.0032353
185,0.00293679
186,0.00268856
187,0.00245294
188,0.0021877
189,0.00224863
190,0.00205655
191,0.00244326
192,0.00222886
193,0.00258679
194,0.00224588
195,0.00272727
196,0.00215084
197,0.00277833
198,0.00232549
199,0.00300145
200,0.00259338
201,0.00323139
202,0.00266202
203,0.00319781
204,0.00254321
205,0.0031341
206,0.002467
207,0.00317196
208,0.00258219
209,0.00342773
210,0.00297996
211,0.00364487
212,0.00303033
213,0.0034794
214,0.00281062
215,0.0034066
216,0.0027047
217,0.00339401
218,0.00269868
219,0.00337871
220,0.00277588
221,0.00349412
222,0.00290795
223,0.0036273
224,0.00310793
225,0.00385141
226,0.0034784
227,0.00438225
228,0.00408706
229,0.00472757
230,0.00412838
231,0.00438251
232,0.00349007
233,0.00376538
234,0.00275031
235,0.0033241
236,0.00241512
237,0.00326746
238,0.00250272
239,0.00343974
240,0.00272711
241,0.00348684
242,0.00254108
243,0.00320112
244,0.00221286
245,0.00305079
246,0.002194
247,0.00302353
248,0.00227268
249,0.00307247
250,0.00224083
251,0.00305965
252,0.00227833
253,0.00312966
254,0.00224615
255,0.00306648
256,0.00226145
257,0.0031046
258,0.00225243
259,0.00312044
260,0.00225604
261,0.00317342
262,0.00228272
263,0.00317625
264,0.00233607
265,0.00325051
266,0.00240857
267,0.00332527
268,0.00252716
269,0.00345107
270,0.0026656
271,0.00356055
272,0.00270665
273,0.00343389
274,0.0025462
275,0.00321753
276,0.00229881
277,0.00309349
278,0.00221078
279,0.00311386
280,0.00230734
281,0.00317212
282,0.00244773
283,0.00315571
284,0.00222168
285,0.00300213
286,0.00221287
287,0.00307099
288,0.00238809
289,0.00322482
290,0.00252369
291,0.00316252
292,0.00232835
293,0.00298525
294,0.00222
295,0.00297638
296,0.00226213
297,0.00300432
298,0.00239323
299,0.00313183
300,0.00266348
301,0.00330648
302,0.00270732
303,0.00321782
304,0.00257251
305,0.00307236
306,0.00245842
307,0.00308649
308,0.00254153
309,0.00310285
310,0.00244741
311,0.00300978
312,0.00237818
313,0.00299676
314,0.0023222
315,0.00296801
316,0.00239606
317,0.00304553
318,0.00250996
319,0.00307872
320,0.00257709
321,0.00302891
322,0.00235934
323,0.00298109
324,0.00232877
325,0.00291545
326,0.00231231
327,0.00290481
328,0.00254826
329,0.00328323
330,0.00311161
331,0.00375436
332,0.00354506
333,0.00382236
334,0.00341567
335,0.00370021
336,0.00344623
337,0.00393324
338,0.00382635
339,0.00418043
340,0.00381649
341,0.00402714
342,0.00361319
343,0.00380537
344,0.00337883
345,0.00355115
346,0.0031294
347,0.0033496
348,0.00303494
349,0.00334143
350,0.00298694
351,0.00313824
352,0.00270185
353,0.00279972
354,0.00235217
355,0.00270459
356,0.00238904
357,0.00283795
358,0.00268046
359,0.00306081
360,0.00303633
361,0.00350424
362,0.00326699
363,0.00328041
364,0.00286373
365,0.00283975
366,0.00255323
367,0.00277624
368,0.00271719
369,0.00313439
370,0.0032269
371,0.00378218
372,0.00392049
373,0.00443907
374,0.00459066
375,0.00477505
376,0.00459273
377,0.0045211
378,0.00434299
379,0.00439728
380,0.0042055
381,0.00407411
382,0.00365284
383,0.00340409
384,0.00295018
385,0.00289585
386,0.00274075
387,0.00272653
388,0.00257995
389,0.00270346
390,0.00256989
391,0.00258885
392,0.0024408
393,0.00241462
394,0.00242829
395,0.00294163
396,0.0032839
397,0.00378493
398,0.00400761
399,0.00439008
