2,5.1412e-05
3,2.91523e-05
4,-0.000234117
5,-0.000693669
6,-0.000969698
7,-0.00105869
8,-0.0011347
9,-0.00117483
10,-0.00125931
11,-0.00120816
12,-0.00112494
13,-0.000955299
14,-0.000654692
15,-0.000375495
16,-0.000109605
17,0.000151879
18,0.000549832
19,0.00123822
20,0.00188391
21,0.0037299
22,0.00609557
23,0.00798973
24,0.00977225
25,0.0116682
26,0.0137284
27,0.0158108
28,0.0178477
29,0.0199698
30,0.022081
31,0.0241018
32,0.0259398
33,0.0277062
34,0.0294621
35,0.0311602
36,0.0328067
37,0.0343188
38,0.0356891
39,0.0370413
40,0.0382913
41,0.0394146
42,0.0404429
43,0.0414062
44,0.0422932
45,0.0430745
46,0.0438198
47,0.0445156
48,0.0451161
49,0.0456844
50,0.0462047
51,0.046679
52,0.0470923
53,0.0474925
54,0.0478568
55,0.0481796
56,0.0484813
57,0.0487711
58,0.0490746
59,0.0493658
60,0.0497043
61,0.0500434
62,0.0503847
63,0.0507506
64,0.0511277
65,0.0514859
66,0.0518613
67,0.0522391
68,0.0526045
69,0.0529909
70,0.0533864
71,0.0537955
72,0.0542102
73,0.0546235
74,0.05503
75,0.0554189
76,0.0557812
77,0.056141
78,0.0564876
79,0.0568532
80,0.0572191
81,0.0575988
82,0.0579755
83,0.0583544
84,0.0587236
85,0.0590893
86,0.0594449
87,0.0597835
88,0.0601016
89,0.0604111
90,0.0607117
91,0.0610224
92,0.0613404
93,0.0616674
94,0.0619841
95,0.0622956
96,0.0625819
97,0.0628559
98,0.0630986
99,0.0633244
100,0.0635323
101,0.0637411
102,0.0639493
103,0.064165
104,0.0643782
105,0.0645922
106,0.0647954
107,0.0649967
108,0.065184
109,0.0653601
110,0.0655189
111,0.0656693
112,0.0658085
113,0.0659521
114,0.0660949
115,0.0662453
116,0.0663958
117,0.0665478
118,0.0666936
119,0.0668314
120,0.0669575
121,0.0670635
122,0.0671623
123,0.0672537
124,0.067346
125,0.0674485
126,0.0675556
127,0.067668
128,0.0677725
129,0.0678753
130,0.067976
131,0.0680661
132,0.0681406
133,0.0682009
134,0.0682508
135,0.0683098
136,0.0683782
137,0.068461
138,0.0685493
139,0.0686391
140,0.0687294
141,0.0688129
142,0.0688871
143,0.0689535
144,0.0690067
145,0.0690581
146,0.0691033
147,0.0691621
148,0.0692321
149,0.0693175
150,0.069406
151,0.0694968
152,0.0695846
153,0.0696741
154,0.0697534
155,0.0698364
156,0.0699071
157,0.0699806
158,0.0700505
159,0.0701245
160,0.0702009
161,0.0702726
162,0.0703452
163,0.070407
164,0.0704771
165,0.0705473
166,0.0706228
167,0.0706942
168,0.0707718
169,0.070847
170,0.0709205
171,0.0709912
172,0.0710555
173,0.07111
174,0.071161
175,0.0712106
176,0.0712682
177,0.0713342
178,0.0714077
179,0.0714842
180,0.0715595
181,0.0716284
182,0.071695
183,0.0717529
184,0.0718043
185,0.0718458
186,0.0718809
187,0.0719159
188,0.0719476
189,0.0719858
190,0.0720255
191,0.0720721
192,0.0721186
193,0.0721704
194,0.0722159
195,0.0722537
196,0.072277
197,0.0722896
198,0.0723022
199,0.0723246
200,0.0723549
201,0.0723987
202,0.0724527
203,0.0725077
204,0.0725681
205,0.0726286
206,0.0726816
207,0.0727277
208,0.0727635
209,0.0727905
210,0.0728181
211,0.0728576
212,0.0729094
213,0.072973
214,0.0730299
215,0.0730842
216,0.0731368
217,0.0731911
218,0.0732387
219,0.0732857
220,0.073328
221,0.0733655
222,0.0734008
223,0.073441
224,0.073479
225,0.073511
226,0.0735335
227,0.0735508
228,0.0735719
229,0.0736074
230,0.0736584
231,0.0737298
232,0.0738093
233,0.0738929
234,0.0739762
235,0.0740494
236,0.0741132
237,0.0741575
238,0.07419
239,0.0742103
240,0.0742447
241,0.0742899
242,0.0743552
243,0.0744186
244,0.0744965
245,0.0745718
246,0.0746476
247,0.0747104
248,0.0747618
249,0.0747887
250,0.0748124
251,0.0748237
252,0.0748493
253,0.0748867
254,0.074943
255,0.0749981
256,0.075058
257,0.0751072
258,0.0751567
259,0.0752056
260,0.0752441
261,0.0752717
262,0.0752932
263,0.0753108
264,0.0753344
265,0.0753683
266,0.075403
267,0.0754374
268,0.0754617
269,0.0754838
270,0.0755124
271,0.075549
272,0.0755926
273,0.0756414
274,0.0756992
275,0.0757632
276,0.0758227
277,0.0758841
278,0.0759278
279,0.0759632
280,0.0759817
281,0.0760039
282,0.0760281
283,0.0760752
284,0.0761326
285,0.076203
286,0.076273
287,0.0763442
288,0.076407
289,0.0764622
290,0.076499
291,0.0765164
292,0.0765296
293,0.0765447
294,0.0765695
295,0.0766128
296,0.0766612
297,0.0767185
298,0.0767777
299,0.0768326
300,0.0768854
301,0.0769316
302,0.0769666
303,0.0769888
304,0.0770094
305,0.0770331
306,0.0770676
307,0.0771057
308,0.0771417
309,0.0771717
310,0.0771944
311,0.0772127
312,0.0772384
313,0.077273
314,0.0773123
315,0.0773509
316,0.0773952
317,0.0774435
318,0.0774943
319,0.0775374
320,0.0775648
321,0.0775735
322,0.0775778
323,0.0775847
324,0.0776103
325,0.0776513
326,0.0777113
327,0.0777767
328,0.0778497
329,0.0779199
330,0.0779922
331,0.0780577
332,0.0781059
333,0.0781351
334,0.0781587
335,0.078187
336,0.0782291
337,0.078285
338,0.0783376
339,0.0783764
340,0.0784049
341,0.0784276
342,0.0784487
343,0.0784748
344,0.0784921
345,0.0785102
346,0.0785297
347,0.0785536
348,0.0785838
349,0.0786179
350,0.0786412
351,0.0786539
352,0.0786573
353,0.0786611
354,0.0786758
355,0.0787092
356,0.0787569
357,0.078807
358,0.0788623
359,0.0789155
360,0.0789749
361,0.0790267
362,0.0790565
363,0.0790708
364,0.0790686
365,0.0790687
366,0.0790859
367,0.0791252
368,0.0791799
369,0.0792405
370,0.0793063
371,0.0793724
372,0.079435
373,0.0795015
374,0.0795558
375,0.079593
376,0.0796147
377,0.0796323
378,0.0796527
379,0.0796792
380,0.0796983
381,0.07971
382,0.0797042
383,0.0796948
384,0.0796885
385,0.0796983
386,0.0797136
387,0.079734
388,0.0797559
389,0.0797814
390,0.0798045
391,0.0798269
392,0.0798269
393,0.0798088
394,0.0797735
395,0.0797296
396,0.0796995
397,0.0796804
398,0.0796814
399,0.0796807
