2,0.991973
3,0.993572
4,1.01755
5,1.0389
6,1.05473
7,1.05489
8,1.0475
9,1.0388
10,1.02603
11,1.01605
12,1.00505
13,0.997009
14,0.98899
15,0.972158
16,0.950122
17,0.922597
18,0.892793
19,0.864195
20,0.866097
21,0.828873
22,0.785504
23,0.748495
24,0.714016
25,0.680464
26,0.649077
27,0.619487
28,0.588781
29,0.556173
30,0.521218
31,0.483631
32,0.44509
33,0.409736
34,0.378344
35,0.35072
36,0.327966
37,0.309103
38,0.28992
39,0.27192
40,0.255513
41,0.241017
42,0.228599
43,0.217228
44,0.207531
45,0.199839
46,0.19428
47,0.190583
48,0.187071
49,0.184285
50,0.181547
51,0.179027
52,0.176302
53,0.172656
54,0.169517
55,0.165755
56,0.16214
57,0.157983
58,0.154235
59,0.149637
60,0.14532
61,0.139727
62,0.133649
63,0.127632
64,0.122114
65,0.117288
66,0.113395
67,0.109599
68,0.106574
69,0.103674
70,0.100696
71,0.0974125
72,0.0937904
73,0.0901477
74,0.0866731
75,0.0829249
76,0.0794046
77,0.0755951
78,0.0721302
79,0.0683841
80,0.0650095
81,0.0613682
82,0.0578849
83,0.0544125
84,0.0511336
85,0.0478831
86,0.0450289
87,0.0420158
88,0.0396284
89,0.0368746
90,0.0347242
91,0.0323024
92,0.0301938
93,0.0279695
94,0.0261353
95,0.0242677
96,0.0226836
97,0.0208447
98,0.0195081
99,0.0180812
100,0.0169294
101,0.0158367
102,0.0147623
103,0.0138465
104,0.0128167
105,0.0121908
106,0.0112257
107,0.0107409
108,0.00981397
109,0.00956122
110,0.00859353
111,0.0085536
112,0.00756095
113,0.00766705
114,0.00664841
115,0.00680599
116,0.00587894
117,0.00606429
118,0.00511905
119,0.00536178
120,0.00443597
121,0.00483234
122,0.00401907
123,0.00450887
124,0.00391062
125,0.00438428
126,0.00384182
127,0.00426662
128,0.00391234
129,0.00433293
130,0.00389992
131,0.0043124
132,0.00408147
133,0.00445522
134,0.00406715
135,0.00457031
136,0.00398986
137,0.00454412
138,0.00403248
139,0.00448734
140,0.0040453
141,0.00443958
142,0.00409643
143,0.00439353
144,0.0040331
145,0.00436603
146,0.00400913
147,0.00435543
148,0.00393666
149,0.00434249
150,0.0039913
151,0.00435141
152,0.00401055
153,0.00424493
154,0.00409611
155,0.00431359
156,0.00416263
157,0.00430272
158,0.00421647
159,0.00429887
160,0.0041127
161,0.00431494
162,0.00417941
163,0.00434562
164,0.00417827
165,0.0043669
166,0.00428857
167,0.00437925
168,0.00432683
169,0.00449898
170,0.00432655
171,0.0045291
172,0.00431512
173,0.00449264
174,0.00425746
175,0.00445755
176,0.00419883
177,0.00447106
178,0.00413791
179,0.00447269
180,0.00411841
181,0.0044496
182,0.00427052
183,0.00436855
184,0.00422962
185,0.00416927
186,0.00397785
187,0.00376457
188,0.00375873
189,0.00357197
190,0.00375713
191,0.00362197
192,0.00365114
193,0.00369275
194,0.00353481
195,0.00357159
196,0.00352469
197,0.00351063
198,0.00343857
199,0.00335183
200,0.00334941
201,0.00338334
202,0.00326104
203,0.00354236
204,0.00323905
205,0.00344892
206,0.00325219
207,0.00332373
208,0.00330684
209,0.0033417
210,0.00325979
211,0.00334663
212,0.00323543
213,0.00334395
214,0.00327534
215,0.00322318
216,0.00327185
217,0.00320471
218,0.00323684
219,0.00323889
220,0.00326849
221,0.00334197
222,0.00338958
223,0.0035036
224,0.00358747
225,0.00355321
226,0.00367166
227,0.00358374
228,0.00368795
229,0.00349595
230,0.00356414
231,0.00343104
232,0.00335524
233,0.00307756
234,0.00314932
235,0.00291149
236,0.0030399
237,0.002694
238,0.00295643
239,0.00264723
240,0.00299219
241,0.00264375
242,0.00299121
243,0.002595
244,0.00300738
245,0.00260257
246,0.00303435
247,0.00263305
248,0.00302871
249,0.00263598
250,0.00303164
251,0.00274735
252,0.00297862
253,0.00277122
254,0.00300107
255,0.00284379
256,0.00291307
257,0.00279067
258,0.00287013
259,0.00284971
260,0.0029157
261,0.00287745
262,0.00290588
263,0.00278156
264,0.0029616
265,0.00270498
266,0.00301636
267,0.00276675
268,0.00307458
269,0.00281414
270,0.00310169
271,0.00273983
272,0.00310527
273,0.00258317
274,0.00306283
275,0.00235005
276,0.00304716
277,0.00222688
278,0.00310021
279,0.00226203
280,0.0031292
281,0.0022883
282,0.00308366
283,0.0021726
284,0.00310439
285,0.00215617
286,0.00308998
287,0.00213216
288,0.0030728
289,0.00220881
290,0.00305108
291,0.0023387
292,0.00305815
293,0.00245229
294,0.00298033
295,0.00236065
296,0.00300919
297,0.00249357
298,0.00301413
299,0.0024253
300,0.00300272
301,0.00238816
302,0.00296351
303,0.00233884
304,0.00312322
305,0.00230037
306,0.00316514
307,0.00229987
308,0.00323686
309,0.00238785
310,0.00345969
311,0.00244792
312,0.00341245
313,0.00230747
314,0.00334371
315,0.00229851
316,0.00339951
317,0.0022835
318,0.0033612
319,0.00244976
320,0.00344245
321,0.0026112
322,0.00353046
323,0.00269261
324,0.00345964
325,0.00256725
326,0.0034757
327,0.00252447
328,0.00363802
329,0.00267523
330,0.00369334
331,0.0029203
332,0.00399231
333,0.00321169
334,0.00428948
335,0.00355164
336,0.00454008
337,0.00376038
338,0.00469643
339,0.00368232
340,0.00450779
341,0.00336319
342,0.00416843
343,0.00311547
344,0.00403784
345,0.00298073
346,0.00391247
347,0.00286262
348,0.00396264
349,0.00296237
350,0.00400825
351,0.0030215
352,0.00406412
353,0.00291357
354,0.00407567
355,0.00275593
356,0.00414108
357,0.00276756
358,0.00417177
359,0.00279984
360,0.00417863
361,0.00291115
362,0.0042929
363,0.00297444
364,0.00422355
365,0.00304299
366,0.00420346
367,0.00309753
368,0.00426031
369,0.00320089
370,0.00432697
371,0.00353152
372,0.00452566
373,0.00384532
374,0.00472564
375,0.00397767
376,0.00484169
377,0.00404395
378,0.0048486
379,0.00405516
380,0.00468464
381,0.00388721
382,0.00435095
383,0.0036589
384,0.00409118
385,0.00352377
386,0.00393002
387,0.00341232
388,0.00380363
389,0.0033598
390,0.00371952
391,0.00343381
392,0.00364104
393,0.00347154
394,0.00355601
395,0.00346337
396,0.00356211
397,0.00353878
398,0.00378988
399,0.00359534
