2,0.979531
3,0.968385
4,0.978184
5,0.983802
6,0.990819
7,0.994466
8,0.997783
9,1.00182
10,1.00395
11,1.00738
12,1.00864
13,1.00737
14,1.00369
15,0.997784
16,0.990802
17,0.980949
18,0.96778
19,0.95081
20,0.944879
21,0.918444
22,0.883728
23,0.852406
24,0.821634
25,0.78809
26,0.753901
27,0.718549
28,0.681953
29,0.646078
30,0.611688
31,0.579853
32,0.547938
33,0.516586
34,0.486223
35,0.456493
36,0.429456
37,0.405428
38,0.383492
39,0.362946
40,0.344738
41,0.327904
42,0.312462
43,0.298867
44,0.286875
45,0.275152
46,0.265259
47,0.256261
48,0.248195
49,0.240925
50,0.234414
51,0.228546
52,0.223581
53,0.219113
54,0.215015
55,0.211379
56,0.208166
57,0.205259
58,0.202181
59,0.199115
60,0.195681
61,0.19229
62,0.188565
63,0.184652
64,0.180571
65,0.176496
66,0.172455
67,0.168159
68,0.163847
69,0.159253
70,0.154447
71,0.14944
72,0.144394
73,0.139201
74,0.134229
75,0.129429
76,0.12501
77,0.1208
78,0.116732
79,0.112456
80,0.108014
81,0.103434
82,0.0987708
83,0.0941583
84,0.0897694
85,0.0854413
86,0.081255
87,0.0772933
88,0.0737588
89,0.0702766
90,0.066815
91,0.0632952
92,0.0595702
93,0.0559093
94,0.0521958
95,0.0487356
96,0.0453793
97,0.0424593
98,0.0398127
99,0.0375733
100,0.0355768
101,0.0334659
102,0.0314991
103,0.0293623
104,0.0273307
105,0.0252025
106,0.0232986
107,0.0213863
108,0.019756
109,0.0181682
110,0.0170519
111,0.0159391
112,0.015143
113,0.0140781
114,0.0131339
115,0.0118762
116,0.0109393
117,0.00973689
118,0.00902559
119,0.00802744
120,0.00761463
121,0.00698314
122,0.00687642
123,0.00647848
124,0.0064437
125,0.0058364
126,0.00565638
127,0.00497991
128,0.00493319
129,0.00429453
130,0.00441004
131,0.0038901
132,0.00431199
133,0.00401508
134,0.00453876
135,0.00428728
136,0.00466509
137,0.00405853
138,0.00430972
139,0.00371604
140,0.00399995
141,0.0034428
142,0.00391529
143,0.00341539
144,0.00399453
145,0.00363746
146,0.00431471
147,0.00392066
148,0.00430596
149,0.00375066
150,0.00396381
151,0.00332555
152,0.00376651
153,0.00313819
154,0.0035573
155,0.00304375
156,0.00353815
157,0.00302719
158,0.00345531
159,0.00299778
160,0.00350402
161,0.00302624
162,0.00347774
163,0.0029667
164,0.0033249
165,0.0028389
166,0.00336421
167,0.00295927
168,0.00341352
169,0.00310999
170,0.00355246
171,0.00326898
172,0.00362765
173,0.003214
174,0.00332523
175,0.00282445
176,0.00298972
177,0.00265563
178,0.00293802
179,0.00285593
180,0.00322955
181,0.0032213
182,0.00349091
183,0.00335523
184,0.00338537
185,0.00312477
186,0.00294453
187,0.00272332
188,0.00247674
189,0.00258327
190,0.00228825
191,0.00259127
192,0.00224527
193,0.00271406
194,0.00223718
195,0.00284265
196,0.00219022
197,0.00290864
198,0.00249298
199,0.00324971
200,0.00264416
201,0.00332919
202,0.00271494
203,0.00335796
204,0.0026381
205,0.00329351
206,0.00258564
207,0.00330896
208,0.00271132
209,0.00357051
210,0.00309345
211,0.00376312
212,0.00312604
213,0.00360234
214,0.00293484
215,0.00353934
216,0.00286277
217,0.00356183
218,0.00283092
219,0.00351767
220,0.002828
221,0.00353742
222,0.00300287
223,0.0036483
224,0.00310438
225,0.00394878
226,0.00349747
227,0.00445219
228,0.00417819
229,0.00487414
230,0.00428235
231,0.00456061
232,0.00360337
233,0.00397477
234,0.00285295
235,0.00344197
236,0.00249845
237,0.00343482
238,0.00262969
239,0.00362217
240,0.00293602
241,0.00364849
242,0.00268102
243,0.00334019
244,0.00231955
245,0.00307597
246,0.00215678
247,0.00309342
248,0.00224222
249,0.00313689
250,0.00224439
251,0.00315117
252,0.00229759
253,0.00317636
254,0.00225143
255,0.00313674
256,0.00224229
257,0.00314086
258,0.00224776
259,0.00324389
260,0.0022524
261,0.00317578
262,0.00227357
263,0.00324503
264,0.00230824
265,0.00331767
266,0.00238551
267,0.00337512
268,0.0025094
269,0.00354038
270,0.0027426
271,0.00363511
272,0.00273532
273,0.0034991
274,0.00256879
275,0.00330763
276,0.00228291
277,0.00314983
278,0.00220314
279,0.00316536
280,0.00229254
281,0.00333097
282,0.00240993
283,0.0032328
284,0.00223708
285,0.0030912
286,0.00211372
287,0.00314747
288,0.00234064
289,0.00325799
290,0.0024932
291,0.00321319
292,0.00229767
293,0.00310427
294,0.00212949
295,0.00306947
296,0.00219442
297,0.00312352
298,0.00237214
299,0.00328913
300,0.00259357
301,0.00342682
302,0.0027315
303,0.00331385
304,0.00253364
305,0.00322031
306,0.00245498
307,0.00319915
308,0.00254942
309,0.00319416
310,0.00241444
311,0.00309669
312,0.00233265
313,0.0030775
314,0.00230349
315,0.00303047
316,0.00237593
317,0.00313136
318,0.00249705
319,0.00320846
320,0.00260533
321,0.00314003
322,0.00235352
323,0.00308128
324,0.00227414
325,0.0030226
326,0.00231362
327,0.00306278
328,0.00257961
329,0.00334922
330,0.00314276
331,0.00382442
332,0.00358672
333,0.00386223
334,0.00340094
335,0.00374134
336,0.00338324
337,0.00402827
338,0.00382919
339,0.00424967
340,0.00385247
341,0.00404836
342,0.00355824
343,0.00386123
344,0.00336414
345,0.00357593
346,0.00307608
347,0.00338737
348,0.00301636
349,0.00340744
350,0.0029587
351,0.00317835
352,0.00258068
353,0.00283158
354,0.00230468
355,0.00273751
356,0.00236927
357,0.00288147
358,0.00262298
359,0.00318105
360,0.00305645
361,0.0035475
362,0.00330498
363,0.00336506
364,0.00282662
365,0.00286615
366,0.00248748
367,0.00285038
368,0.00275169
369,0.00325075
370,0.00335584
371,0.00385926
372,0.00405615
373,0.00461387
374,0.00473377
375,0.00491445
376,0.00466037
377,0.00463886
378,0.0044258
379,0.00447487
380,0.00423272
381,0.00411834
382,0.0036855
383,0.00342039
384,0.00298196
385,0.00291465
386,0.0027028
387,0.00275889
388,0.0025832
389,0.00269336
390,0.00251363
391,0.00259802
392,0.00249615
393,0.00242394
394,0.00244307
395,0.00300446
396,0.00340277
397,0.00386947
398,0.00413994
399,0.00455346
