2,0.000772702
3,0.00126107
4,0.000909135
5,0.000699378
6,0.000415703
7,0.000265627
8,0.000124515
9,-5.69766e-05
10,-0.000154923
11,-0.000318109
12,-0.000382512
13,-0.000321861
14,-0.000142263
15,0.000152375
16,0.000508795
17,0.001019
18,0.00170497
19,0.00259613
20,0.00291511
21,0.00431753
22,0.00618658
23,0.0078862
24,0.00958594
25,0.0114468
26,0.013364
27,0.0153639
28,0.0174457
29,0.0195093
30,0.0215014
31,0.0233717
32,0.0252542
33,0.0271229
34,0.0289451
35,0.0307421
36,0.032397
37,0.0338893
38,0.0352689
39,0.0365762
40,0.0377544
41,0.038859
42,0.039886
43,0.0408086
44,0.0416419
45,0.0424608
46,0.0431741
47,0.0438349
48,0.0444433
49,0.0450042
50,0.0455196
51,0.0459984
52,0.0464215
53,0.0468152
54,0.0471856
55,0.0475288
56,0.0478437
57,0.0481412
58,0.048447
59,0.0487514
60,0.0490777
61,0.0494013
62,0.0497438
63,0.0500982
64,0.0504616
65,0.0508252
66,0.0511854
67,0.0515621
68,0.0519385
69,0.052333
70,0.0527399
71,0.05316
72,0.0535817
73,0.0540139
74,0.0544306
75,0.0548381
76,0.05522
77,0.0555902
78,0.0559494
79,0.0563235
80,0.0567064
81,0.0570995
82,0.0574959
83,0.0578906
84,0.0582703
85,0.058647
86,0.0590134
87,0.0593656
88,0.0596898
89,0.0600119
90,0.0603313
91,0.060655
92,0.0609896
93,0.0613233
94,0.0616573
95,0.0619783
96,0.0622873
97,0.0625723
98,0.0628357
99,0.0630748
100,0.0632975
101,0.0635242
102,0.0637458
103,0.0639732
104,0.0641994
105,0.0644261
106,0.0646449
107,0.064856
108,0.0650597
109,0.0652447
110,0.0654135
111,0.0655638
112,0.0657098
113,0.0658574
114,0.0660126
115,0.0661725
116,0.0663279
117,0.0664832
118,0.066626
119,0.0667681
120,0.0668942
121,0.0670094
122,0.0671119
123,0.0672108
124,0.0673096
125,0.0674161
126,0.067527
127,0.0676371
128,0.0677458
129,0.0678511
130,0.0679504
131,0.0680382
132,0.068115
133,0.068174
134,0.0682313
135,0.0682928
136,0.068366
137,0.0684497
138,0.0685419
139,0.0686325
140,0.0687193
141,0.0688001
142,0.0688753
143,0.0689436
144,0.0689995
145,0.0690492
146,0.0690953
147,0.0691555
148,0.0692278
149,0.0693113
150,0.0694
151,0.0694858
152,0.069569
153,0.0696582
154,0.06974
155,0.0698188
156,0.0698926
157,0.0699717
158,0.0700468
159,0.0701273
160,0.0702012
161,0.0702792
162,0.0703451
163,0.0704087
164,0.0704726
165,0.0705428
166,0.0706188
167,0.0706949
168,0.0707743
169,0.0708524
170,0.0709283
171,0.0710012
172,0.0710673
173,0.0711176
174,0.0711623
175,0.0712066
176,0.0712557
177,0.0713206
178,0.0713917
179,0.0714695
180,0.0715487
181,0.0716241
182,0.0716973
183,0.0717575
184,0.0718151
185,0.0718561
186,0.071897
187,0.0719336
188,0.0719691
189,0.0720037
190,0.0720422
191,0.0720822
192,0.0721251
193,0.0721645
194,0.072203
195,0.072233
196,0.0722585
197,0.0722736
198,0.0722907
199,0.072316
200,0.072354
201,0.0723977
202,0.0724545
203,0.0725029
204,0.0725638
205,0.0726203
206,0.0726763
207,0.0727173
208,0.0727544
209,0.07278
210,0.0728106
211,0.0728539
212,0.0729063
213,0.0729686
214,0.0730243
215,0.0730783
216,0.0731273
217,0.0731814
218,0.0732277
219,0.0732772
220,0.0733227
221,0.0733659
222,0.0734008
223,0.0734473
224,0.0734822
225,0.0735147
226,0.0735363
227,0.0735507
228,0.0735662
229,0.073602
230,0.0736501
231,0.0737187
232,0.0737984
233,0.0738818
234,0.0739668
235,0.0740451
236,0.0741045
237,0.074147
238,0.0741735
239,0.0741999
240,0.0742267
241,0.074279
242,0.0743394
243,0.0744113
244,0.0744872
245,0.0745657
246,0.074638
247,0.074704
248,0.074753
249,0.0747818
250,0.0748031
251,0.0748161
252,0.0748444
253,0.0748871
254,0.074943
255,0.0750028
256,0.075061
257,0.0751126
258,0.0751628
259,0.0752085
260,0.0752454
261,0.0752707
262,0.0752915
263,0.0753148
264,0.075338
265,0.0753722
266,0.0754077
267,0.0754379
268,0.0754639
269,0.075484
270,0.0755062
271,0.0755438
272,0.075585
273,0.0756361
274,0.0756923
275,0.0757562
276,0.0758182
277,0.0758795
278,0.0759258
279,0.0759536
280,0.0759744
281,0.0759912
282,0.0760184
283,0.0760633
284,0.0761224
285,0.0761926
286,0.0762649
287,0.0763419
288,0.0764065
289,0.0764582
290,0.0764962
291,0.0765158
292,0.0765295
293,0.0765432
294,0.0765699
295,0.0766133
296,0.0766681
297,0.0767238
298,0.0767811
299,0.0768356
300,0.0768883
301,0.0769359
302,0.0769712
303,0.0769914
304,0.0770139
305,0.0770378
306,0.0770762
307,0.077115
308,0.0771536
309,0.0771767
310,0.0772011
311,0.0772174
312,0.0772429
313,0.077277
314,0.0773145
315,0.0773558
316,0.0774014
317,0.0774526
318,0.0775002
319,0.0775435
320,0.0775699
321,0.0775762
322,0.0775785
323,0.0775823
324,0.0776062
325,0.077652
326,0.0777108
327,0.0777781
328,0.07785
329,0.0779198
330,0.0779977
331,0.0780572
332,0.0781038
333,0.0781296
334,0.078152
335,0.0781846
336,0.0782245
337,0.0782855
338,0.0783369
339,0.0783795
340,0.0784066
341,0.0784277
342,0.0784461
343,0.0784707
344,0.0784913
345,0.0785068
346,0.0785243
347,0.0785498
348,0.0785836
349,0.0786176
350,0.0786414
351,0.0786504
352,0.0786534
353,0.0786545
354,0.0786714
355,0.0787051
356,0.0787534
357,0.0788043
358,0.078863
359,0.0789216
360,0.0789779
361,0.0790296
362,0.0790599
363,0.079071
364,0.0790685
365,0.0790692
366,0.0790866
367,0.0791284
368,0.0791874
369,0.0792488
370,0.0793165
371,0.0793797
372,0.0794489
373,0.0795144
374,0.0795682
375,0.0796026
376,0.0796219
377,0.07964
378,0.0796605
379,0.0796852
380,0.0797018
381,0.0797123
382,0.0797082
383,0.0796987
384,0.0796911
385,0.0796979
386,0.0797135
387,0.0797326
388,0.0797545
389,0.0797797
390,0.0798019
391,0.0798232
392,0.0798233
393,0.0798034
394,0.0797622
395,0.0797173
396,0.079685
397,0.0796726
398,0.07967
399,0.0796713
