2,0.000346416
3,0.000576988
4,0.000325104
5,-5.42311e-05
6,-0.000554869
7,-0.000765731
8,-0.000802118
9,-0.000803137
10,-0.000851791
11,-0.00090091
12,-0.000791751
13,-0.00070982
14,-0.000505502
15,-0.000303863
16,-0.000195321
17,1.49415e-05
18,0.000632474
19,0.00164841
20,0.00232631
21,0.00413969
22,0.00644521
23,0.00822195
24,0.00990096
25,0.0116998
26,0.0135056
27,0.0154803
28,0.0175676
29,0.0195202
30,0.0213325
31,0.0231748
32,0.0250315
33,0.026948
34,0.0287947
35,0.030492
36,0.0320629
37,0.0335363
38,0.034921
39,0.0362258
40,0.0374337
41,0.0385592
42,0.039578
43,0.0404886
44,0.0413551
45,0.0421287
46,0.0428503
47,0.043516
48,0.0441082
49,0.0446682
50,0.045189
51,0.0456592
52,0.0460923
53,0.0464834
54,0.0468624
55,0.0472136
56,0.0475353
57,0.0478215
58,0.0481244
59,0.0484246
60,0.0487508
61,0.0490806
62,0.0494179
63,0.0497754
64,0.0501356
65,0.0504944
66,0.0508609
67,0.0512361
68,0.0516212
69,0.0520216
70,0.0524337
71,0.0528525
72,0.0532839
73,0.0537102
74,0.0541408
75,0.0545542
76,0.054947
77,0.0553189
78,0.0556909
79,0.0560683
80,0.0564613
81,0.0568604
82,0.0572655
83,0.0576661
84,0.0580537
85,0.0584355
86,0.0588071
87,0.059161
88,0.0594922
89,0.0598221
90,0.0601439
91,0.0604765
92,0.0608119
93,0.0611599
94,0.0614966
95,0.0618287
96,0.0621386
97,0.0624337
98,0.0627012
99,0.06295
100,0.063182
101,0.0634174
102,0.0636475
103,0.0638822
104,0.0641164
105,0.0643451
106,0.0645716
107,0.0647869
108,0.0649986
109,0.0651853
110,0.0653571
111,0.0655111
112,0.0656613
113,0.0658152
114,0.0659747
115,0.066134
116,0.0662965
117,0.0664536
118,0.0666025
119,0.066743
120,0.0668723
121,0.0669847
122,0.0670917
123,0.0671872
124,0.0672885
125,0.0673937
126,0.0675091
127,0.0676225
128,0.0677335
129,0.0678387
130,0.0679384
131,0.0680265
132,0.0681041
133,0.0681628
134,0.0682204
135,0.0682823
136,0.0683602
137,0.0684437
138,0.0685356
139,0.0686253
140,0.0687134
141,0.068795
142,0.0688727
143,0.0689362
144,0.0689938
145,0.0690445
146,0.0690962
147,0.0691548
148,0.0692262
149,0.0693071
150,0.0693975
151,0.0694809
152,0.0695656
153,0.0696483
154,0.069731
155,0.0698083
156,0.0698898
157,0.0699665
158,0.0700455
159,0.070127
160,0.0702044
161,0.0702779
162,0.0703447
163,0.0704053
164,0.0704726
165,0.0705409
166,0.0706193
167,0.0706948
168,0.0707751
169,0.0708537
170,0.070935
171,0.0710067
172,0.0710706
173,0.0711216
174,0.0711642
175,0.0712084
176,0.0712551
177,0.0713161
178,0.0713871
179,0.0714656
180,0.071543
181,0.0716185
182,0.0716879
183,0.0717524
184,0.0718112
185,0.0718576
186,0.0719024
187,0.0719457
188,0.0719822
189,0.0720214
190,0.0720576
191,0.072092
192,0.0721317
193,0.072165
194,0.0722
195,0.0722264
196,0.0722476
197,0.072265
198,0.0722822
199,0.0723113
200,0.0723451
201,0.0723945
202,0.0724502
203,0.0725029
204,0.0725619
205,0.0726177
206,0.0726702
207,0.0727129
208,0.0727503
209,0.0727771
210,0.0728079
211,0.0728487
212,0.0729066
213,0.0729654
214,0.0730229
215,0.073073
216,0.0731224
217,0.0731753
218,0.0732226
219,0.0732737
220,0.073319
221,0.0733647
222,0.0734024
223,0.0734509
224,0.0734835
225,0.0735143
226,0.0735349
227,0.0735493
228,0.0735675
229,0.0735986
230,0.0736463
231,0.0737131
232,0.0737961
233,0.0738788
234,0.0739646
235,0.0740412
236,0.0740991
237,0.074143
238,0.0741684
239,0.0741935
240,0.0742178
241,0.0742719
242,0.0743341
243,0.074405
244,0.0744827
245,0.0745602
246,0.0746347
247,0.0746999
248,0.0747476
249,0.0747756
250,0.0747988
251,0.0748137
252,0.074841
253,0.074884
254,0.0749435
255,0.0750021
256,0.0750653
257,0.0751152
258,0.0751644
259,0.0752102
260,0.0752463
261,0.0752715
262,0.0752946
263,0.075313
264,0.0753408
265,0.0753749
266,0.0754087
267,0.0754385
268,0.0754608
269,0.0754838
270,0.0755045
271,0.0755421
272,0.0755824
273,0.0756329
274,0.0756902
275,0.0757545
276,0.0758176
277,0.0758787
278,0.0759211
279,0.0759487
280,0.0759675
281,0.0759847
282,0.0760105
283,0.0760577
284,0.0761179
285,0.0761903
286,0.0762631
287,0.0763393
288,0.076403
289,0.0764616
290,0.0764948
291,0.0765181
292,0.0765266
293,0.0765419
294,0.076572
295,0.076615
296,0.076668
297,0.0767237
298,0.0767833
299,0.0768372
300,0.0768892
301,0.076935
302,0.0769712
303,0.0769919
304,0.0770175
305,0.0770424
306,0.0770778
307,0.0771189
308,0.077155
309,0.0771819
310,0.0772018
311,0.0772211
312,0.0772451
313,0.0772799
314,0.0773211
315,0.077359
316,0.0774077
317,0.0774551
318,0.0775053
319,0.077547
320,0.0775714
321,0.0775772
322,0.0775774
323,0.0775837
324,0.0776061
325,0.0776534
326,0.0777109
327,0.0777787
328,0.0778523
329,0.0779242
330,0.0779938
331,0.0780611
332,0.0780998
333,0.078132
334,0.0781496
335,0.0781808
336,0.0782267
337,0.0782836
338,0.0783394
339,0.0783784
340,0.0784058
341,0.0784262
342,0.0784467
343,0.0784699
344,0.078489
345,0.0785031
346,0.0785226
347,0.0785505
348,0.0785827
349,0.0786157
350,0.0786399
351,0.0786476
352,0.0786511
353,0.0786502
354,0.0786688
355,0.0787016
356,0.0787546
357,0.078806
358,0.0788673
359,0.078921
360,0.0789809
361,0.0790305
362,0.0790614
363,0.0790706
364,0.0790686
365,0.0790703
366,0.0790875
367,0.0791294
368,0.0791884
369,0.0792499
370,0.0793219
371,0.0793866
372,0.0794543
373,0.0795197
374,0.0795719
375,0.079608
376,0.0796286
377,0.0796432
378,0.0796623
379,0.079687
380,0.0797039
381,0.0797131
382,0.0797085
383,0.0796989
384,0.0796912
385,0.0797022
386,0.0797142
387,0.0797313
388,0.079754
389,0.0797778
390,0.0798038
391,0.0798212
392,0.0798188
393,0.0797991
394,0.0797583
395,0.0797122
396,0.0796813
397,0.0796666
398,0.0796646
399,0.079669
