2,0.990901
3,0.985656
4,0.992371
5,1.00147
6,1.01286
7,1.01737
8,1.01797
9,1.01779
10,1.01861
11,1.01944
12,1.0171
13,1.01518
14,1.01094
15,1.0068
16,1.0047
17,1.00058
18,0.988676
19,0.969238
20,0.956182
21,0.921943
22,0.878746
23,0.846137
24,0.815629
25,0.78332
26,0.751199
27,0.716322
28,0.679633
29,0.645732
30,0.614592
31,0.583283
32,0.551835
33,0.5197
34,0.488851
35,0.460967
36,0.435347
37,0.411731
38,0.389647
39,0.369214
40,0.350436
41,0.333254
42,0.317919
43,0.304538
44,0.291943
45,0.280982
46,0.270911
47,0.261815
48,0.253994
49,0.246706
50,0.240094
51,0.234328
52,0.229174
53,0.224735
54,0.220466
55,0.21667
56,0.21334
57,0.210574
58,0.20754
59,0.204529
60,0.201081
61,0.19757
62,0.193905
63,0.189931
64,0.185887
65,0.181887
66,0.177726
67,0.173436
68,0.168965
69,0.164272
70,0.159367
71,0.154377
72,0.149165
73,0.14405
74,0.138856
75,0.133949
76,0.129348
77,0.1251
78,0.120821
79,0.116487
80,0.111876
81,0.107195
82,0.102388
83,0.0976801
84,0.0931527
85,0.0887437
86,0.0844671
87,0.080477
88,0.0768341
89,0.0732179
90,0.0697165
91,0.066044
92,0.0623264
93,0.0584119
94,0.0546754
95,0.0510188
96,0.0476719
97,0.044575
98,0.0418642
99,0.039484
100,0.0373029
101,0.0351028
102,0.0329622
103,0.0307372
104,0.028569
105,0.0264146
106,0.0243725
107,0.0224281
108,0.0206228
109,0.0190446
110,0.0178445
111,0.0167089
112,0.0158268
113,0.0146673
114,0.0136583
115,0.0124007
116,0.0113572
117,0.0101519
118,0.00933152
119,0.00832584
120,0.00794759
121,0.0072621
122,0.00722237
123,0.0067218
124,0.00675987
125,0.00609064
126,0.00594082
127,0.00512825
128,0.00511231
129,0.00438004
130,0.00458764
131,0.00395858
132,0.00443906
133,0.00409994
134,0.00469911
135,0.00432992
136,0.00465769
137,0.00412226
138,0.00442957
139,0.00375237
140,0.0040606
141,0.00346354
142,0.0039773
143,0.00348936
144,0.00409294
145,0.00370287
146,0.00440626
147,0.00394168
148,0.0044086
149,0.00378547
150,0.00411232
151,0.00336114
152,0.00386868
153,0.00316689
154,0.00375264
155,0.00300853
156,0.00358782
157,0.00300629
158,0.00351442
159,0.00287813
160,0.00354466
161,0.00293295
162,0.00355789
163,0.00302526
164,0.00350403
165,0.00295502
166,0.00356132
167,0.00300472
168,0.00359795
169,0.00312497
170,0.00371575
171,0.00331017
172,0.00370489
173,0.00321398
174,0.00339046
175,0.00283977
176,0.0029965
177,0.00259936
178,0.00294365
179,0.00280458
180,0.00322197
181,0.0031317
182,0.0033928
183,0.00327596
184,0.00336538
185,0.0031768
186,0.00297741
187,0.00297821
188,0.00258361
189,0.0027633
190,0.00239739
191,0.00269808
192,0.00224766
193,0.00269838
194,0.00224474
195,0.00284247
196,0.00212653
197,0.0030304
198,0.00238825
199,0.00331003
200,0.00268429
201,0.00343437
202,0.00272718
203,0.0034054
204,0.0026392
205,0.00330714
206,0.00258221
207,0.00339054
208,0.00276611
209,0.00371252
210,0.00311442
211,0.00385021
212,0.0030886
213,0.00367864
214,0.00294223
215,0.00365471
216,0.00291003
217,0.0036254
218,0.00286333
219,0.00357493
220,0.00288534
221,0.00364593
222,0.00296182
223,0.00367038
224,0.00309253
225,0.00394162
226,0.00351953
227,0.0044934
228,0.00420528
229,0.00491652
230,0.00431094
231,0.00465289
232,0.00367926
233,0.00398926
234,0.00292129
235,0.00347564
236,0.00261075
237,0.00344602
238,0.00271237
239,0.00367962
240,0.00302634
241,0.00366343
242,0.00279299
243,0.00336108
244,0.00237098
245,0.00307479
246,0.00228264
247,0.00311868
248,0.00233414
249,0.00313978
250,0.00227039
251,0.00313297
252,0.00234364
253,0.0031757
254,0.00229369
255,0.00314524
256,0.00226622
257,0.00311801
258,0.00228193
259,0.00319896
260,0.00238082
261,0.0031343
262,0.00232289
263,0.00322022
264,0.00236248
265,0.00324268
266,0.00243065
267,0.00335742
268,0.0025419
269,0.00354079
270,0.00277391
271,0.00360939
272,0.00285606
273,0.00353635
274,0.00259182
275,0.00328688
276,0.00232236
277,0.00310967
278,0.00226079
279,0.00318168
280,0.00240142
281,0.0032964
282,0.00252955
283,0.00327141
284,0.00236227
285,0.00301619
286,0.00218448
287,0.0030795
288,0.00243527
289,0.00326507
290,0.0025559
291,0.00314293
292,0.00238454
293,0.00307102
294,0.00224877
295,0.00299209
296,0.00226631
297,0.00307004
298,0.00248708
299,0.00322349
300,0.0026965
301,0.00334655
302,0.00281177
303,0.00328991
304,0.00264755
305,0.00315951
306,0.0025756
307,0.00319278
308,0.00261447
309,0.00314656
310,0.00255983
311,0.00303688
312,0.00239128
313,0.00302015
314,0.00243371
315,0.00304468
316,0.00243399
317,0.0030812
318,0.00262715
319,0.00319819
320,0.00261237
321,0.00311083
322,0.0024114
323,0.00298481
324,0.00235168
325,0.00296827
326,0.00232912
327,0.00301303
328,0.00262759
329,0.00332351
330,0.00318919
331,0.00383013
332,0.00354148
333,0.00385398
334,0.00338904
335,0.00369154
336,0.00348737
337,0.00397498
338,0.00391841
339,0.00421468
340,0.00385375
341,0.00403111
342,0.00363793
343,0.00379463
344,0.00341388
345,0.00350625
346,0.00315085
347,0.00335031
348,0.00309971
349,0.00332412
350,0.00302843
351,0.00309069
352,0.00263016
353,0.0027773
354,0.00239024
355,0.00269258
356,0.00244145
357,0.00283062
358,0.00272592
359,0.00316227
360,0.00313339
361,0.00352061
362,0.00337219
363,0.00330257
364,0.00290253
365,0.00286472
366,0.00255373
367,0.0028325
368,0.00278328
369,0.00323184
370,0.00348522
371,0.00390732
372,0.00416323
373,0.00467031
374,0.00478792
375,0.00493154
376,0.00476436
377,0.00466152
378,0.00445968
379,0.00448708
380,0.00427012
381,0.00411771
382,0.00372725
383,0.00340051
384,0.00300806
385,0.00295944
386,0.00273084
387,0.00275317
388,0.00258073
389,0.00267412
390,0.0025571
391,0.00258141
392,0.0024442
393,0.00243769
394,0.00252572
395,0.00305807
396,0.0034545
397,0.00392234
398,0.0042052
399,0.00452155
