2,0.98816
3,0.981732
4,0.990977
5,0.999594
6,1.00529
7,1.00924
8,1.01207
9,1.01308
10,1.01495
11,1.01453
12,1.01053
13,1.00648
14,1.00296
15,0.997163
16,0.99002
17,0.981371
18,0.96935
19,0.952795
20,0.943826
21,0.916721
22,0.884624
23,0.8542
24,0.824031
25,0.791683
26,0.754991
27,0.71786
28,0.682297
29,0.648957
30,0.618147
31,0.586265
32,0.552458
33,0.51958
34,0.48988
35,0.463134
36,0.437802
37,0.414346
38,0.392434
39,0.372116
40,0.353399
41,0.337187
42,0.322145
43,0.308481
44,0.296171
45,0.285319
46,0.275331
47,0.266653
48,0.258901
49,0.251567
50,0.245289
51,0.239764
52,0.234586
53,0.229906
54,0.225882
55,0.22231
56,0.218673
57,0.215578
58,0.212456
59,0.209372
60,0.206284
61,0.202818
62,0.199004
63,0.195245
64,0.191154
65,0.187128
66,0.183082
67,0.17881
68,0.174228
69,0.169493
70,0.164525
71,0.159364
72,0.15405
73,0.148691
74,0.143446
75,0.138438
76,0.133793
77,0.129284
78,0.12506
79,0.120507
80,0.115874
81,0.110961
82,0.10608
83,0.101177
84,0.096595
85,0.0920292
86,0.0877359
87,0.0836135
88,0.079935
89,0.0762271
90,0.072602
91,0.0687766
92,0.0649375
93,0.0609764
94,0.0571061
95,0.0533625
96,0.049859
97,0.0466975
98,0.0438816
99,0.0413903
100,0.0390834
101,0.0367729
102,0.034501
103,0.0322135
104,0.0299505
105,0.0276688
106,0.0255439
107,0.0234599
108,0.0216243
109,0.0199614
110,0.0187088
111,0.0174938
112,0.0165475
113,0.0153423
114,0.0142751
115,0.0129095
116,0.0118604
117,0.0106039
118,0.00979599
119,0.00872332
120,0.00829071
121,0.00756102
122,0.00756049
123,0.00701195
124,0.00703021
125,0.00628505
126,0.00615307
127,0.00525661
128,0.00530423
129,0.00449374
130,0.00467579
131,0.00404622
132,0.0045534
133,0.00419405
134,0.00483995
135,0.00441775
136,0.00483996
137,0.00419823
138,0.0045068
139,0.00380621
140,0.00417414
141,0.00351168
142,0.00407559
143,0.00355872
144,0.00417289
145,0.00374387
146,0.00448348
147,0.00399733
148,0.0044728
149,0.00372914
150,0.00419311
151,0.00342502
152,0.00398415
153,0.00313684
154,0.00376613
155,0.0030217
156,0.00363323
157,0.0028639
158,0.00354087
159,0.00274994
160,0.00353389
161,0.00279742
162,0.00348705
163,0.00278767
164,0.00345673
165,0.00279324
166,0.00346821
167,0.00289287
168,0.00355545
169,0.00311099
170,0.00375585
171,0.0033241
172,0.00376356
173,0.00320029
174,0.0033708
175,0.00263657
176,0.00296583
177,0.00237895
178,0.002888
179,0.00255002
180,0.00316596
181,0.00301823
182,0.0034556
183,0.00336446
184,0.00347574
185,0.00321284
186,0.00296287
187,0.0028422
188,0.00252196
189,0.00271914
190,0.00224734
191,0.00276118
192,0.00216931
193,0.002799
194,0.00215991
195,0.00292233
196,0.00219235
197,0.00310705
198,0.00247061
199,0.00338837
200,0.0026572
201,0.00349319
202,0.00266491
203,0.00343819
204,0.00267211
205,0.00337285
206,0.00261748
207,0.00345409
208,0.00281422
209,0.00369517
210,0.00315392
211,0.00384839
212,0.00316839
213,0.00372725
214,0.00298833
215,0.00368443
216,0.00294649
217,0.00367983
218,0.00292532
219,0.00363913
220,0.00287211
221,0.00357707
222,0.00296416
223,0.00371777
224,0.00303081
225,0.00399436
226,0.00347057
227,0.00452321
228,0.00418666
229,0.0049493
230,0.0043314
231,0.00469044
232,0.00374225
233,0.00396474
234,0.00296405
235,0.00347698
236,0.00263707
237,0.00349218
238,0.00279177
239,0.00371046
240,0.0030552
241,0.00377974
242,0.00284826
243,0.00339519
244,0.00238712
245,0.00308754
246,0.00222903
247,0.0031255
248,0.00220878
249,0.00313303
250,0.00230366
251,0.00313507
252,0.00234133
253,0.00316332
254,0.00231609
255,0.00311913
256,0.00230617
257,0.00311947
258,0.0023304
259,0.00315717
260,0.00239086
261,0.00312469
262,0.00236465
263,0.00315558
264,0.00238238
265,0.00324442
266,0.00247325
267,0.00331081
268,0.0025901
269,0.0035334
270,0.00286529
271,0.00361381
272,0.00288892
273,0.00349455
274,0.00266784
275,0.00320476
276,0.00239304
277,0.00308161
278,0.00241558
279,0.00314778
280,0.00249915
281,0.0032568
282,0.00260892
283,0.00322229
284,0.00245192
285,0.00304702
286,0.00226698
287,0.00298934
288,0.00252715
289,0.00318424
290,0.00264659
291,0.00311805
292,0.00240217
293,0.00294619
294,0.00234943
295,0.00292291
296,0.00232567
297,0.00302805
298,0.00259645
299,0.00314774
300,0.00274626
301,0.00334149
302,0.00289058
303,0.00317528
304,0.00268687
305,0.0031317
306,0.00265947
307,0.00318765
308,0.00275162
309,0.00310876
310,0.00263457
311,0.00298615
312,0.00250748
313,0.00292233
314,0.00247767
315,0.00299296
316,0.00260062
317,0.00305029
318,0.00273828
319,0.00313999
320,0.00275387
321,0.00305106
322,0.00249891
323,0.0029569
324,0.00247517
325,0.00287547
326,0.00245661
327,0.00294054
328,0.00270121
329,0.0032555
330,0.00327615
331,0.0038043
332,0.00363198
333,0.00372608
334,0.00341342
335,0.00363194
336,0.0034811
337,0.00394517
338,0.00392547
339,0.00421153
340,0.00392547
341,0.00398292
342,0.00364195
343,0.00374508
344,0.00339752
345,0.00347092
346,0.00308734
347,0.0032859
348,0.00309346
349,0.00332274
350,0.00304782
351,0.00306767
352,0.0026453
353,0.00271263
354,0.00244427
355,0.00265219
356,0.00245904
357,0.0027822
358,0.00275912
359,0.0031465
360,0.00319937
361,0.00354416
362,0.00339288
363,0.00329677
364,0.00294961
365,0.00281227
366,0.00259814
367,0.00275196
368,0.00285223
369,0.00327744
370,0.00350342
371,0.00392075
372,0.00427638
373,0.00475779
374,0.00491444
375,0.00498605
376,0.00483685
377,0.00468583
378,0.00452603
379,0.00447687
380,0.00430961
381,0.00408758
382,0.00376063
383,0.00340715
384,0.00304616
385,0.00290212
386,0.00277118
387,0.00270675
388,0.0026435
389,0.0026432
390,0.00260112
391,0.00257505
392,0.00242457
393,0.00243085
394,0.00256816
395,0.00308431
396,0.00353788
397,0.00395053
398,0.00422654
399,0.00460728
