2,0.000451082
3,0.00073119
4,0.000382003
5,2.51729e-05
6,-0.000222176
7,-0.000398424
8,-0.000532937
9,-0.000587278
10,-0.000682467
11,-0.000668337
12,-0.000479028
13,-0.000289583
14,-0.000114404
15,0.000170644
16,0.000535975
17,0.000982001
18,0.00161341
19,0.00248438
20,0.00296252
21,0.00440238
22,0.00612429
23,0.00778256
24,0.00944416
25,0.0112438
26,0.0132968
27,0.0153922
28,0.0174173
29,0.0193364
30,0.02113
31,0.0230003
32,0.0249923
33,0.0269426
34,0.0287247
35,0.0303526
36,0.0319081
37,0.0333679
38,0.0347443
39,0.0360391
40,0.0372452
41,0.0383126
42,0.0393154
43,0.0402418
44,0.0410912
45,0.0418585
46,0.0425755
47,0.0432176
48,0.043805
49,0.044369
50,0.0448691
51,0.0453256
52,0.0457604
53,0.0461652
54,0.0465301
55,0.0468671
56,0.0472072
57,0.0475138
58,0.0478211
59,0.0481257
60,0.0484295
61,0.0487562
62,0.0491026
63,0.049446
64,0.0498085
65,0.050168
66,0.0505271
67,0.050901
68,0.051293
69,0.0516948
70,0.0521109
71,0.0525392
72,0.0529766
73,0.0534175
74,0.0538505
75,0.0542698
76,0.0546652
77,0.0550529
78,0.0554212
79,0.0558115
80,0.0562059
81,0.056619
82,0.0570288
83,0.0574413
84,0.0578325
85,0.0582233
86,0.0585961
87,0.0589579
88,0.0592911
89,0.0596267
90,0.0599564
91,0.060299
92,0.0606414
93,0.060993
94,0.0613375
95,0.0616754
96,0.0619948
97,0.0622942
98,0.0625688
99,0.0628244
100,0.0630651
101,0.0633068
102,0.0635456
103,0.0637852
104,0.064025
105,0.0642627
106,0.0644949
107,0.064719
108,0.0649314
109,0.0651242
110,0.0652986
111,0.0654585
112,0.0656114
113,0.0657698
114,0.0659323
115,0.0660995
116,0.0662625
117,0.0664224
118,0.0665739
119,0.0667161
120,0.0668486
121,0.0669632
122,0.0670665
123,0.0671653
124,0.0672662
125,0.0673754
126,0.0674918
127,0.0676077
128,0.0677188
129,0.0678277
130,0.067926
131,0.0680139
132,0.0680911
133,0.0681522
134,0.0682112
135,0.0682756
136,0.0683516
137,0.0684379
138,0.0685306
139,0.0686215
140,0.0687105
141,0.0687891
142,0.0688687
143,0.0689311
144,0.0689922
145,0.0690404
146,0.0690919
147,0.0691505
148,0.0692241
149,0.0693082
150,0.0693944
151,0.0694771
152,0.0695566
153,0.0696434
154,0.0697234
155,0.0698032
156,0.06988
157,0.0699642
158,0.070045
159,0.0701283
160,0.070207
161,0.0702792
162,0.0703469
163,0.0704076
164,0.0704713
165,0.0705391
166,0.0706181
167,0.0706947
168,0.0707791
169,0.0708584
170,0.0709386
171,0.0710134
172,0.0710787
173,0.0711247
174,0.0711624
175,0.071199
176,0.0712441
177,0.0713019
178,0.0713739
179,0.071454
180,0.0715351
181,0.0716195
182,0.0716952
183,0.0717662
184,0.0718223
185,0.0718655
186,0.0719042
187,0.0719417
188,0.0719773
189,0.0720122
190,0.0720524
191,0.0720914
192,0.0721301
193,0.0721676
194,0.0722012
195,0.0722287
196,0.0722499
197,0.0722664
198,0.0722815
199,0.0723114
200,0.0723485
201,0.0723992
202,0.0724509
203,0.0725038
204,0.0725566
205,0.0726176
206,0.0726656
207,0.0727121
208,0.0727429
209,0.0727734
210,0.0728026
211,0.0728506
212,0.0728999
213,0.0729644
214,0.0730171
215,0.0730714
216,0.0731183
217,0.0731684
218,0.0732187
219,0.0732672
220,0.0733186
221,0.0733622
222,0.0734066
223,0.0734469
224,0.0734881
225,0.0735154
226,0.0735383
227,0.073546
228,0.0735657
229,0.0735948
230,0.0736457
231,0.0737086
232,0.0737916
233,0.0738766
234,0.0739619
235,0.0740381
236,0.0740971
237,0.0741356
238,0.0741608
239,0.0741852
240,0.0742121
241,0.0742622
242,0.0743256
243,0.0744013
244,0.0744772
245,0.0745588
246,0.0746281
247,0.0746982
248,0.074742
249,0.0747752
250,0.074791
251,0.0748086
252,0.0748367
253,0.0748828
254,0.0749435
255,0.0750021
256,0.075066
257,0.0751162
258,0.075166
259,0.0752127
260,0.0752483
261,0.0752734
262,0.075294
263,0.0753181
264,0.0753423
265,0.0753779
266,0.0754093
267,0.0754395
268,0.0754625
269,0.0754799
270,0.0755023
271,0.0755376
272,0.0755817
273,0.0756319
274,0.0756902
275,0.0757529
276,0.0758173
277,0.0758753
278,0.075919
279,0.0759447
280,0.0759628
281,0.0759778
282,0.0760077
283,0.0760512
284,0.0761158
285,0.0761823
286,0.0762641
287,0.0763357
288,0.0764068
289,0.0764602
290,0.076498
291,0.0765144
292,0.0765294
293,0.0765409
294,0.0765731
295,0.0766157
296,0.0766715
297,0.0767273
298,0.0767854
299,0.0768371
300,0.076889
301,0.0769379
302,0.0769719
303,0.0769949
304,0.0770169
305,0.0770456
306,0.0770815
307,0.0771264
308,0.0771625
309,0.0771855
310,0.0772068
311,0.0772243
312,0.0772477
313,0.0772812
314,0.077323
315,0.0773638
316,0.0774108
317,0.0774612
318,0.0775075
319,0.077551
320,0.0775725
321,0.0775808
322,0.0775754
323,0.0775841
324,0.0776045
325,0.0776532
326,0.0777127
327,0.0777815
328,0.0778521
329,0.0779274
330,0.077998
331,0.078061
332,0.0781022
333,0.0781275
334,0.0781482
335,0.0781809
336,0.0782252
337,0.0782851
338,0.0783381
339,0.0783805
340,0.0784059
341,0.0784246
342,0.0784437
343,0.0784676
344,0.0784853
345,0.0785037
346,0.0785194
347,0.0785473
348,0.0785792
349,0.0786146
350,0.0786378
351,0.0786456
352,0.0786461
353,0.0786479
354,0.0786664
355,0.0786989
356,0.0787521
357,0.0788048
358,0.0788682
359,0.0789262
360,0.0789838
361,0.0790326
362,0.0790618
363,0.0790702
364,0.0790696
365,0.079068
366,0.0790871
367,0.0791294
368,0.0791913
369,0.0792553
370,0.0793251
371,0.0793915
372,0.0794626
373,0.0795299
374,0.0795814
375,0.0796123
376,0.0796322
377,0.0796463
378,0.0796652
379,0.0796882
380,0.0797068
381,0.0797143
382,0.0797105
383,0.0797
384,0.079692
385,0.0797006
386,0.0797153
387,0.0797326
388,0.0797558
389,0.0797763
390,0.0798032
391,0.0798175
392,0.0798195
393,0.0797963
394,0.0797538
395,0.0797066
396,0.0796751
397,0.0796634
398,0.0796613
399,0.0796646
