2,-0.00040358
3,-0.000741127
4,-0.000839885
5,-0.00115422
6,-0.00146466
7,-0.00176523
8,-0.00192808
9,-0.00202882
10,-0.00202411
11,-0.00186589
12,-0.00175826
13,-0.00153504
14,-0.00128226
15,-0.00106887
16,-0.000637212
17,-3.14047e-05
18,0.000768433
19,0.00179121
20,0.00244463
21,0.00413464
22,0.00627031
23,0.00807345
24,0.009853
25,0.011612
26,0.013331
27,0.0152148
28,0.0171391
29,0.0190826
30,0.0209576
31,0.0227635
32,0.0246771
33,0.0266326
34,0.0285031
35,0.0301375
36,0.0316405
37,0.0331216
38,0.0344972
39,0.0357492
40,0.0369266
41,0.0380223
42,0.0390304
43,0.0399461
44,0.0407679
45,0.0415602
46,0.0422872
47,0.0429265
48,0.043499
49,0.0440422
50,0.0445525
51,0.0450149
52,0.045433
53,0.0458279
54,0.0462078
55,0.0465467
56,0.0468821
57,0.0471937
58,0.047503
59,0.0478033
60,0.0481271
61,0.0484511
62,0.0487797
63,0.0491181
64,0.0494803
65,0.0498292
66,0.0501954
67,0.0505719
68,0.0509673
69,0.0513717
70,0.0517917
71,0.0522282
72,0.0526681
73,0.0531082
74,0.0535483
75,0.053974
76,0.0543872
77,0.0547732
78,0.0551595
79,0.0555523
80,0.0559587
81,0.0563729
82,0.0567907
83,0.0572105
84,0.0576132
85,0.058008
86,0.0583861
87,0.0587501
88,0.0590925
89,0.0594312
90,0.0597674
91,0.0601119
92,0.0604649
93,0.0608216
94,0.0611768
95,0.0615188
96,0.0618475
97,0.062155
98,0.0624379
99,0.0626985
100,0.0629454
101,0.0631931
102,0.0634384
103,0.0636875
104,0.0639334
105,0.0641792
106,0.0644154
107,0.0646488
108,0.0648631
109,0.0650609
110,0.0652386
111,0.0654023
112,0.0655627
113,0.0657237
114,0.0658915
115,0.0660603
116,0.066226
117,0.0663898
118,0.06654
119,0.0666876
120,0.0668152
121,0.0669392
122,0.067039
123,0.067149
124,0.0672458
125,0.0673588
126,0.0674761
127,0.0675941
128,0.0677088
129,0.0678115
130,0.0679134
131,0.0680005
132,0.0680793
133,0.0681416
134,0.0682023
135,0.0682677
136,0.0683458
137,0.0684343
138,0.0685255
139,0.0686163
140,0.0687031
141,0.0687863
142,0.068862
143,0.0689266
144,0.0689864
145,0.0690379
146,0.0690919
147,0.0691497
148,0.0692236
149,0.0693046
150,0.0693914
151,0.0694726
152,0.0695547
153,0.0696341
154,0.0697183
155,0.0697959
156,0.0698794
157,0.0699574
158,0.0700456
159,0.0701243
160,0.0702099
161,0.0702781
162,0.0703466
163,0.0704038
164,0.0704716
165,0.0705387
166,0.0706213
167,0.0706959
168,0.0707803
169,0.0708615
170,0.0709451
171,0.0710157
172,0.0710818
173,0.0711234
174,0.0711632
175,0.0711968
176,0.071244
177,0.0713014
178,0.071374
179,0.0714578
180,0.0715409
181,0.071624
182,0.0717003
183,0.0717692
184,0.0718245
185,0.0718667
186,0.0719025
187,0.0719383
188,0.0719721
189,0.0720076
190,0.0720475
191,0.0720877
192,0.0721271
193,0.072169
194,0.0722009
195,0.0722317
196,0.0722504
197,0.0722638
198,0.0722777
199,0.0723065
200,0.0723445
201,0.0723949
202,0.0724502
203,0.0725033
204,0.0725581
205,0.0726136
206,0.0726658
207,0.0727061
208,0.0727422
209,0.0727685
210,0.072802
211,0.0728434
212,0.0729004
213,0.0729603
214,0.0730158
215,0.0730666
216,0.0731109
217,0.0731653
218,0.073212
219,0.0732639
220,0.0733123
221,0.0733628
222,0.0734057
223,0.0734513
224,0.0734874
225,0.0735145
226,0.0735346
227,0.073546
228,0.0735637
229,0.0735931
230,0.073642
231,0.0737071
232,0.0737898
233,0.0738736
234,0.0739593
235,0.0740343
236,0.074095
237,0.0741297
238,0.074156
239,0.0741722
240,0.0742053
241,0.0742529
242,0.0743244
243,0.0743941
244,0.0744754
245,0.0745523
246,0.0746278
247,0.0746931
248,0.0747396
249,0.0747691
250,0.0747874
251,0.0748077
252,0.0748348
253,0.0748838
254,0.0749397
255,0.0750041
256,0.0750651
257,0.0751202
258,0.0751663
259,0.0752126
260,0.0752512
261,0.0752735
262,0.0752974
263,0.0753173
264,0.0753475
265,0.075377
266,0.075413
267,0.075438
268,0.0754588
269,0.075479
270,0.0754999
271,0.0755381
272,0.0755796
273,0.07563
274,0.0756877
275,0.0757535
276,0.0758159
277,0.0758745
278,0.0759137
279,0.075941
280,0.0759551
281,0.0759743
282,0.0759996
283,0.0760487
284,0.0761092
285,0.0761831
286,0.0762583
287,0.076337
288,0.0764062
289,0.0764631
290,0.0764978
291,0.0765153
292,0.0765267
293,0.0765437
294,0.0765717
295,0.0766196
296,0.0766716
297,0.0767293
298,0.0767844
299,0.0768396
300,0.0768898
301,0.0769379
302,0.0769732
303,0.0769989
304,0.0770211
305,0.0770513
306,0.0770858
307,0.0771287
308,0.0771643
309,0.0771913
310,0.077208
311,0.0772255
312,0.0772513
313,0.0772865
314,0.0773261
315,0.0773695
316,0.0774135
317,0.0774669
318,0.0775145
319,0.0775541
320,0.077576
321,0.0775764
322,0.0775777
323,0.0775822
324,0.0776082
325,0.0776508
326,0.0777143
327,0.0777813
328,0.0778566
329,0.0779273
330,0.0779995
331,0.0780602
332,0.0781038
333,0.0781246
334,0.0781492
335,0.0781755
336,0.0782242
337,0.0782845
338,0.0783404
339,0.0783777
340,0.0784041
341,0.0784233
342,0.0784421
343,0.0784655
344,0.0784841
345,0.0785002
346,0.078519
347,0.0785453
348,0.0785777
349,0.078611
350,0.0786345
351,0.0786399
352,0.0786435
353,0.0786434
354,0.0786617
355,0.0786977
356,0.0787525
357,0.0788078
358,0.0788694
359,0.0789274
360,0.0789867
361,0.0790358
362,0.079063
363,0.0790696
364,0.0790677
365,0.0790698
366,0.0790863
367,0.0791338
368,0.0791914
369,0.0792616
370,0.079329
371,0.0794007
372,0.0794692
373,0.0795357
374,0.0795854
375,0.0796192
376,0.0796361
377,0.0796501
378,0.0796661
379,0.0796904
380,0.0797064
381,0.0797158
382,0.0797093
383,0.0796997
384,0.0796927
385,0.0797012
386,0.0797174
387,0.079733
388,0.079757
389,0.0797792
390,0.0798032
391,0.0798201
392,0.0798154
393,0.0797926
394,0.0797498
395,0.0797031
396,0.0796711
397,0.0796574
398,0.0796582
399,0.0796615
