2,0.000280296
3,0.00038465
4,-2.28561e-05
5,-0.000441304
6,-0.00077586
7,-0.00079255
8,-0.000740722
9,-0.000696915
10,-0.000624058
11,-0.00052253
12,-0.000209431
13,1.35184e-05
14,0.000194971
15,0.000313493
16,0.000430202
17,0.000639725
18,0.00109475
19,0.00195432
20,0.00246794
21,0.00399573
22,0.00590728
23,0.00768943
24,0.00946285
25,0.0113569
26,0.0133192
27,0.0152432
28,0.0171253
29,0.0190427
30,0.0210516
31,0.0231291
32,0.0250579
33,0.0268358
34,0.0284964
35,0.0300797
36,0.0316183
37,0.0330633
38,0.0344109
39,0.0356549
40,0.0367983
41,0.0378735
42,0.0388326
43,0.039735
44,0.0405695
45,0.0413158
46,0.0420173
47,0.0426451
48,0.0432269
49,0.0437712
50,0.044259
51,0.0447066
52,0.0451106
53,0.0455049
54,0.0458727
55,0.0462285
56,0.0465638
57,0.0468897
58,0.0471969
59,0.0474992
60,0.0478321
61,0.0481333
62,0.0484411
63,0.0487986
64,0.0491565
65,0.0495091
66,0.0498801
67,0.0502484
68,0.0506306
69,0.0510574
70,0.0514811
71,0.0519206
72,0.0523629
73,0.0528086
74,0.0532532
75,0.0536894
76,0.0541043
77,0.0545031
78,0.054895
79,0.0553001
80,0.0557102
81,0.056134
82,0.0565568
83,0.0569848
84,0.0573954
85,0.0577962
86,0.0581799
87,0.0585482
88,0.058893
89,0.0592427
90,0.0595828
91,0.0599382
92,0.0602927
93,0.0606606
94,0.0610168
95,0.0613715
96,0.061701
97,0.0620181
98,0.0623047
99,0.0625771
100,0.0628249
101,0.0630798
102,0.0633337
103,0.0635897
104,0.0638445
105,0.0640971
106,0.0643394
107,0.0645749
108,0.0647963
109,0.0649949
110,0.0651772
111,0.0653451
112,0.0655106
113,0.0656778
114,0.0658471
115,0.0660176
116,0.0661893
117,0.0663556
118,0.0665102
119,0.0666603
120,0.0667916
121,0.0669108
122,0.0670179
123,0.067123
124,0.0672276
125,0.0673422
126,0.0674608
127,0.067583
128,0.0676944
129,0.0678025
130,0.0679002
131,0.0679881
132,0.0680668
133,0.0681303
134,0.0681897
135,0.0682586
136,0.0683404
137,0.0684277
138,0.0685204
139,0.06861
140,0.0687004
141,0.0687812
142,0.0688575
143,0.0689246
144,0.0689823
145,0.0690366
146,0.0690912
147,0.0691496
148,0.0692241
149,0.0693023
150,0.0693884
151,0.0694688
152,0.0695459
153,0.06963
154,0.0697105
155,0.0697934
156,0.0698706
157,0.0699563
158,0.0700404
159,0.0701275
160,0.0702072
161,0.0702819
162,0.0703435
163,0.0704041
164,0.0704672
165,0.0705405
166,0.07062
167,0.0706992
168,0.0707859
169,0.0708688
170,0.0709505
171,0.0710205
172,0.0710834
173,0.0711246
174,0.0711649
175,0.0712018
176,0.0712498
177,0.0713061
178,0.0713779
179,0.0714563
180,0.0715389
181,0.0716183
182,0.0716886
183,0.0717544
184,0.0718138
185,0.0718593
186,0.0719021
187,0.071941
188,0.0719828
189,0.0720188
190,0.0720552
191,0.0720859
192,0.0721255
193,0.0721602
194,0.0721959
195,0.07222
196,0.072246
197,0.0722582
198,0.072281
199,0.0723097
200,0.0723508
201,0.0723984
202,0.0724505
203,0.0725037
204,0.0725549
205,0.072611
206,0.07266
207,0.0727043
208,0.0727365
209,0.0727679
210,0.0727966
211,0.0728412
212,0.0728971
213,0.0729562
214,0.0730148
215,0.0730593
216,0.0731087
217,0.0731566
218,0.0732084
219,0.073258
220,0.0733089
221,0.0733582
222,0.0734071
223,0.0734518
224,0.0734868
225,0.073513
226,0.0735322
227,0.0735453
228,0.0735624
229,0.0735916
230,0.0736413
231,0.073707
232,0.0737888
233,0.0738733
234,0.0739562
235,0.0740344
236,0.0740875
237,0.0741256
238,0.0741473
239,0.0741667
240,0.074196
241,0.0742496
242,0.0743175
243,0.0743935
244,0.0744707
245,0.0745493
246,0.0746242
247,0.07469
248,0.0747354
249,0.074764
250,0.0747814
251,0.0748051
252,0.0748327
253,0.0748801
254,0.0749394
255,0.075003
256,0.0750671
257,0.0751205
258,0.075168
259,0.0752151
260,0.0752505
261,0.0752773
262,0.0752966
263,0.075321
264,0.0753474
265,0.0753814
266,0.0754129
267,0.0754379
268,0.075457
269,0.0754774
270,0.0754998
271,0.0755361
272,0.0755787
273,0.0756286
274,0.0756891
275,0.0757531
276,0.0758174
277,0.0758712
278,0.0759135
279,0.0759321
280,0.0759522
281,0.0759678
282,0.0759971
283,0.0760428
284,0.076108
285,0.0761818
286,0.0762575
287,0.0763359
288,0.0764062
289,0.0764637
290,0.0764982
291,0.0765149
292,0.0765245
293,0.0765426
294,0.076576
295,0.0766214
296,0.0766747
297,0.0767298
298,0.0767872
299,0.0768389
300,0.0768926
301,0.0769374
302,0.0769757
303,0.0769993
304,0.0770236
305,0.0770532
306,0.0770906
307,0.077134
308,0.0771684
309,0.0771949
310,0.0772108
311,0.0772293
312,0.0772533
313,0.0772908
314,0.077332
315,0.0773742
316,0.077419
317,0.0774718
318,0.0775185
319,0.077559
320,0.0775781
321,0.0775791
322,0.0775773
323,0.0775834
324,0.0776087
325,0.0776534
326,0.0777178
327,0.0777836
328,0.0778593
329,0.0779301
330,0.0780001
331,0.0780615
332,0.078103
333,0.0781255
334,0.0781448
335,0.0781751
336,0.0782228
337,0.0782844
338,0.0783404
339,0.0783779
340,0.0784032
341,0.0784213
342,0.0784414
343,0.0784619
344,0.078482
345,0.0784961
346,0.0785147
347,0.0785434
348,0.078574
349,0.0786088
350,0.0786272
351,0.0786388
352,0.0786361
353,0.0786423
354,0.0786557
355,0.0786975
356,0.0787496
357,0.0788105
358,0.0788696
359,0.0789315
360,0.0789887
361,0.0790387
362,0.079064
363,0.0790705
364,0.0790661
365,0.07907
366,0.0790876
367,0.0791349
368,0.0791958
369,0.079264
370,0.0793358
371,0.0794061
372,0.0794771
373,0.0795415
374,0.0795941
375,0.0796228
376,0.079642
377,0.079652
378,0.0796687
379,0.0796896
380,0.0797074
381,0.0797145
382,0.0797103
383,0.079696
384,0.0796945
385,0.0797035
386,0.0797175
387,0.0797334
388,0.0797574
389,0.07978
390,0.0798043
391,0.079818
392,0.0798153
393,0.0797895
394,0.0797464
395,0.0797002
396,0.0796672
397,0.0796541
398,0.0796559
399,0.0796589
