2,0.992718
3,0.990486
4,1.00068
5,1.01043
6,1.01788
7,1.01788
8,1.01653
9,1.01538
10,1.01368
11,1.01145
12,1.00487
13,1.00029
14,0.996668
15,0.994331
16,0.992095
17,0.988061
18,0.979287
19,0.962835
20,0.953174
21,0.924405
22,0.888728
23,0.855912
24,0.823643
25,0.789477
26,0.754424
27,0.720401
28,0.687466
29,0.654169
30,0.619525
31,0.583904
32,0.551222
33,0.521382
34,0.493882
35,0.467909
36,0.442908
37,0.419698
38,0.39829
39,0.378856
40,0.361192
41,0.344835
42,0.330508
43,0.317256
44,0.305153
45,0.294639
46,0.284883
47,0.276415
48,0.268729
49,0.261677
50,0.255594
51,0.250176
52,0.245474
53,0.240946
54,0.236827
55,0.232919
56,0.229327
57,0.225895
58,0.222748
59,0.219676
60,0.216075
61,0.213009
62,0.209795
63,0.205786
64,0.201743
65,0.197808
66,0.193543
67,0.189343
68,0.184888
69,0.179743
70,0.174614
71,0.169264
72,0.163846
73,0.158401
74,0.152945
75,0.147656
76,0.142675
77,0.137982
78,0.133361
79,0.128567
80,0.123663
81,0.118575
82,0.113475
83,0.108316
84,0.103415
85,0.0986869
86,0.0942124
87,0.0899843
88,0.0861064
89,0.082174
90,0.0783692
91,0.0743483
92,0.0703098
93,0.0660896
94,0.0620263
95,0.0580179
96,0.0543658
97,0.0509219
98,0.0479162
99,0.0451528
100,0.0427464
101,0.0402354
102,0.0377412
103,0.0351891
104,0.0327104
105,0.030192
106,0.0279384
107,0.0256318
108,0.0237044
109,0.0218992
110,0.0205857
111,0.0191852
112,0.0181168
113,0.0167195
114,0.0155866
115,0.0141137
116,0.0129941
117,0.011568
118,0.0107119
119,0.00951437
120,0.00910352
121,0.00827999
122,0.00825358
123,0.0075365
124,0.00759033
125,0.00669197
126,0.00661905
127,0.00556357
128,0.00570568
129,0.00467316
130,0.00507649
131,0.00428821
132,0.00494826
133,0.00433252
134,0.00517136
135,0.0045512
136,0.00503622
137,0.00424917
138,0.00466994
139,0.00381643
140,0.00437507
141,0.00352747
142,0.00424
143,0.00350009
144,0.00438272
145,0.00371395
146,0.00456623
147,0.00390431
148,0.00453964
149,0.003763
150,0.00433883
151,0.00341925
152,0.00413349
153,0.00316619
154,0.00386218
155,0.00295462
156,0.00375846
157,0.00283237
158,0.0035452
159,0.0027207
160,0.0035918
161,0.00280849
162,0.00357868
163,0.00279498
164,0.00350309
165,0.00272331
166,0.0035283
167,0.00278505
168,0.00357969
169,0.00306574
170,0.00380139
171,0.00323554
172,0.00382318
173,0.00308284
174,0.00335201
175,0.00261265
176,0.00300418
177,0.00234981
178,0.00289631
179,0.00258585
180,0.00326623
181,0.00306351
182,0.00346404
183,0.00327276
184,0.00344904
185,0.00321696
186,0.00298707
187,0.00287714
188,0.00257261
189,0.00278419
190,0.00230453
191,0.00272489
192,0.00211318
193,0.00275902
194,0.00207793
195,0.00284384
196,0.00220103
197,0.00312176
198,0.00245204
199,0.00337795
200,0.00264933
201,0.00344405
202,0.00271535
203,0.00344449
204,0.00266691
205,0.00345361
206,0.00265684
207,0.00353143
208,0.00287349
209,0.00376754
210,0.00326147
211,0.00397334
212,0.00325061
213,0.00382429
214,0.00304849
215,0.00385844
216,0.00307524
217,0.00379885
218,0.0030833
219,0.00373878
220,0.00300059
221,0.00371994
222,0.00296439
223,0.00369673
224,0.00309367
225,0.00400059
226,0.00359411
227,0.00450498
228,0.00426319
229,0.00497499
230,0.00441779
231,0.00470835
232,0.00377883
233,0.00401843
234,0.00305886
235,0.00350002
236,0.00273105
237,0.00355242
238,0.0029415
239,0.00386061
240,0.00329967
241,0.00382989
242,0.00295039
243,0.00342753
244,0.00251365
245,0.00312889
246,0.00233962
247,0.00308113
248,0.0023243
249,0.00308745
250,0.00232308
251,0.0031495
252,0.00241653
253,0.00309464
254,0.0023922
255,0.00313763
256,0.00231785
257,0.00305758
258,0.00242011
259,0.0031065
260,0.00243766
261,0.00307805
262,0.00236801
263,0.00315576
264,0.00245325
265,0.00316617
266,0.00249773
267,0.00329656
268,0.0026996
269,0.0034644
270,0.00296633
271,0.00358458
272,0.00293294
273,0.00348275
274,0.00269939
275,0.00322852
276,0.00245381
277,0.00308055
278,0.00241655
279,0.00319212
280,0.00256545
281,0.00331448
282,0.00273121
283,0.00325411
284,0.00248086
285,0.0030055
286,0.00231537
287,0.00299997
288,0.00257677
289,0.00322822
290,0.00267741
291,0.00305626
292,0.00238495
293,0.00297679
294,0.00233913
295,0.00297589
296,0.00242442
297,0.00302489
298,0.00255222
299,0.00317274
300,0.0027755
301,0.00330683
302,0.00290553
303,0.00326774
304,0.00276406
305,0.00316343
306,0.00269179
307,0.00322078
308,0.00276305
309,0.00317519
310,0.00265985
311,0.00299931
312,0.0025223
313,0.00297233
314,0.00253077
315,0.00302727
316,0.0026052
317,0.00309039
318,0.00276746
319,0.00321235
320,0.00286636
321,0.00298254
322,0.00254151
323,0.00298324
324,0.00243973
325,0.00295089
326,0.00242987
327,0.00294076
328,0.0027759
329,0.00331248
330,0.00330255
331,0.00380893
332,0.00364106
333,0.00371535
334,0.00347794
335,0.00360628
336,0.00346844
337,0.00395834
338,0.00396338
339,0.0042165
340,0.00389719
341,0.00396893
342,0.00361792
343,0.00369653
344,0.00338651
345,0.00341875
346,0.00307516
347,0.00331185
348,0.0030224
349,0.00327306
350,0.00297059
351,0.00305393
352,0.00254543
353,0.00271429
354,0.00231484
355,0.00265605
356,0.00244736
357,0.0028525
358,0.00276928
359,0.00320489
360,0.00325752
361,0.00359689
362,0.00337208
363,0.00329805
364,0.00293118
365,0.00284973
366,0.00254471
367,0.0028348
368,0.0028528
369,0.00333716
370,0.00359671
371,0.00410781
372,0.00442806
373,0.00487016
374,0.00505527
375,0.00508836
376,0.00491426
377,0.00474847
378,0.00455327
379,0.00451456
380,0.00433625
381,0.00412314
382,0.00375608
383,0.00333512
384,0.00302842
385,0.00295211
386,0.0027576
387,0.00271963
388,0.00261216
389,0.00263248
390,0.00261637
391,0.00257359
392,0.00241519
393,0.00239318
394,0.00255603
395,0.00312989
396,0.00359677
397,0.00404009
398,0.0042959
399,0.00463521
