2,-0.000895998
3,-0.00162225
4,-0.00172023
5,-0.00225041
6,-0.00263431
7,-0.00274309
8,-0.00270618
9,-0.00272383
10,-0.00266033
11,-0.0024381
12,-0.00229545
13,-0.00213184
14,-0.00199384
15,-0.00176059
16,-0.00116404
17,-0.000419375
18,0.000493309
19,0.00149759
20,0.00219929
21,0.00396106
22,0.00631165
23,0.00838299
24,0.0101164
25,0.0117562
26,0.0133735
27,0.0149546
28,0.0167213
29,0.0185888
30,0.0204341
31,0.0222803
32,0.0241484
33,0.026128
34,0.0279486
35,0.0295913
36,0.0311669
37,0.0326689
38,0.0340344
39,0.0353251
40,0.0365251
41,0.0375875
42,0.0385943
43,0.039507
44,0.0403375
45,0.0410922
46,0.0417588
47,0.0423773
48,0.0429657
49,0.0434828
50,0.0439695
51,0.0444159
52,0.0448073
53,0.0451834
54,0.0455583
55,0.0459111
56,0.0462465
57,0.0465663
58,0.0468894
59,0.0472103
60,0.0475286
61,0.0478265
62,0.0481374
63,0.0484747
64,0.0488276
65,0.0491756
66,0.0495381
67,0.0499039
68,0.0502979
69,0.0507137
70,0.0511516
71,0.0515888
72,0.0520399
73,0.0524924
74,0.05295
75,0.0533893
76,0.0538142
77,0.0542185
78,0.0546215
79,0.0550305
80,0.0554507
81,0.0558826
82,0.0563134
83,0.0567475
84,0.0571668
85,0.0575769
86,0.0579628
87,0.058336
88,0.0586893
89,0.0590407
90,0.0593893
91,0.0597474
92,0.0601126
93,0.0604847
94,0.0608528
95,0.06121
96,0.0615521
97,0.0618726
98,0.0621686
99,0.0624444
100,0.0627019
101,0.0629609
102,0.0632226
103,0.0634877
104,0.0637511
105,0.0640103
106,0.0642598
107,0.0645016
108,0.0647267
109,0.0649298
110,0.065115
111,0.0652855
112,0.0654546
113,0.0656243
114,0.0657998
115,0.0659752
116,0.0661529
117,0.0663202
118,0.0664829
119,0.0666292
120,0.0667685
121,0.066886
122,0.0669944
123,0.0670977
124,0.0672043
125,0.0673213
126,0.0674443
127,0.0675637
128,0.0676823
129,0.0677876
130,0.0678892
131,0.0679763
132,0.0680545
133,0.0681205
134,0.0681797
135,0.068249
136,0.0683311
137,0.0684212
138,0.0685139
139,0.0686046
140,0.0686934
141,0.0687757
142,0.0688552
143,0.0689187
144,0.0689811
145,0.0690333
146,0.0690902
147,0.0691502
148,0.0692232
149,0.0693036
150,0.0693843
151,0.0694645
152,0.069542
153,0.0696233
154,0.0697065
155,0.0697877
156,0.0698678
157,0.0699527
158,0.0700392
159,0.0701267
160,0.0702097
161,0.0702811
162,0.070344
163,0.0704021
164,0.0704649
165,0.0705378
166,0.0706174
167,0.0707032
168,0.0707838
169,0.0708746
170,0.0709532
171,0.0710296
172,0.0710877
173,0.071129
174,0.0711617
175,0.0711955
176,0.0712365
177,0.0712935
178,0.071367
179,0.07145
180,0.0715371
181,0.0716247
182,0.0717034
183,0.0717722
184,0.071825
185,0.0718623
186,0.0718957
187,0.071929
188,0.0719662
189,0.0720046
190,0.0720505
191,0.0720909
192,0.0721298
193,0.0721691
194,0.0722035
195,0.0722301
196,0.0722473
197,0.0722603
198,0.0722754
199,0.0723043
200,0.0723462
201,0.0723973
202,0.0724502
203,0.0725015
204,0.0725555
205,0.072607
206,0.0726602
207,0.0726994
208,0.0727334
209,0.0727634
210,0.0727967
211,0.0728378
212,0.072894
213,0.0729531
214,0.0730098
215,0.0730553
216,0.0731014
217,0.0731518
218,0.0732025
219,0.0732536
220,0.0733079
221,0.0733596
222,0.073406
223,0.0734515
224,0.0734888
225,0.0735124
226,0.0735325
227,0.0735404
228,0.07356
229,0.07359
230,0.0736406
231,0.0737071
232,0.0737879
233,0.073872
234,0.0739581
235,0.0740302
236,0.0740859
237,0.0741194
238,0.0741428
239,0.0741602
240,0.0741914
241,0.0742432
242,0.0743125
243,0.0743888
244,0.0744674
245,0.0745462
246,0.07462
247,0.0746883
248,0.0747304
249,0.0747601
250,0.0747768
251,0.074799
252,0.0748289
253,0.074878
254,0.0749394
255,0.0750031
256,0.0750659
257,0.0751202
258,0.0751687
259,0.0752149
260,0.0752524
261,0.0752765
262,0.0753002
263,0.0753223
264,0.0753515
265,0.0753826
266,0.0754134
267,0.075438
268,0.0754564
269,0.0754749
270,0.0754958
271,0.075536
272,0.0755781
273,0.0756269
274,0.0756877
275,0.0757534
276,0.0758152
277,0.0758718
278,0.0759078
279,0.0759304
280,0.0759437
281,0.0759633
282,0.07599
283,0.0760397
284,0.0761032
285,0.0761778
286,0.0762563
287,0.0763366
288,0.0764065
289,0.0764634
290,0.0764985
291,0.0765152
292,0.076525
293,0.0765438
294,0.0765744
295,0.0766224
296,0.0766758
297,0.0767332
298,0.0767866
299,0.0768417
300,0.0768899
301,0.0769394
302,0.0769753
303,0.0769997
304,0.0770249
305,0.0770568
306,0.0770953
307,0.0771376
308,0.0771732
309,0.0771978
310,0.0772139
311,0.07723
312,0.0772557
313,0.0772947
314,0.0773378
315,0.07738
316,0.0774274
317,0.0774768
318,0.0775264
319,0.0775634
320,0.0775832
321,0.0775799
322,0.0775773
323,0.0775818
324,0.0776074
325,0.0776542
326,0.0777192
327,0.0777876
328,0.0778611
329,0.0779324
330,0.078005
331,0.0780601
332,0.0781037
333,0.078124
334,0.0781436
335,0.0781727
336,0.0782224
337,0.0782824
338,0.0783397
339,0.0783772
340,0.0784022
341,0.0784204
342,0.0784379
343,0.0784598
344,0.0784789
345,0.0784953
346,0.0785123
347,0.0785407
348,0.0785709
349,0.0786051
350,0.0786268
351,0.0786332
352,0.078631
353,0.0786378
354,0.078654
355,0.0786969
356,0.0787508
357,0.0788098
358,0.0788728
359,0.0789349
360,0.0789932
361,0.0790415
362,0.0790665
363,0.0790705
364,0.0790657
365,0.0790689
366,0.0790883
367,0.0791363
368,0.0791993
369,0.0792696
370,0.0793418
371,0.0794131
372,0.079482
373,0.0795511
374,0.0796013
375,0.079629
376,0.0796442
377,0.0796552
378,0.0796701
379,0.0796902
380,0.0797072
381,0.0797119
382,0.0797086
383,0.0796958
384,0.0796936
385,0.0797023
386,0.0797198
387,0.0797356
388,0.079758
389,0.0797805
390,0.0798055
391,0.0798199
392,0.0798149
393,0.0797862
394,0.0797425
395,0.0796946
396,0.0796634
397,0.0796516
398,0.0796541
399,0.0796575
