2,8.27724e-05
3,0.000138588
4,-0.000172952
5,-0.000678622
6,-0.00110156
7,-0.00133855
8,-0.00144544
9,-0.00145299
10,-0.00140761
11,-0.00129728
12,-0.00119686
13,-0.0011324
14,-0.000838462
15,-0.000411729
16,6.69821e-06
17,0.000532608
18,0.00122438
19,0.00209974
20,0.00268967
21,0.00441726
22,0.00641937
23,0.00797503
24,0.00949084
25,0.0111787
26,0.0130035
27,0.0150301
28,0.0170293
29,0.0189018
30,0.0207181
31,0.022537
32,0.0243644
33,0.0261087
34,0.0277516
35,0.0293772
36,0.0309901
37,0.032514
38,0.0339069
39,0.0351781
40,0.0363349
41,0.037399
42,0.0383655
43,0.0392585
44,0.0400891
45,0.0408383
46,0.0415184
47,0.0421586
48,0.0427152
49,0.0432281
50,0.0436939
51,0.0441235
52,0.0445202
53,0.0448978
54,0.0452485
55,0.0456
56,0.0459481
57,0.046277
58,0.0465945
59,0.0468977
60,0.0472184
61,0.0475135
62,0.0478289
63,0.0481686
64,0.0485002
65,0.0488574
66,0.0492173
67,0.0495855
68,0.0499821
69,0.0503953
70,0.0508274
71,0.0512756
72,0.0517306
73,0.052187
74,0.0526447
75,0.0530934
76,0.053527
77,0.0539421
78,0.0543514
79,0.0547711
80,0.055202
81,0.0556409
82,0.0560805
83,0.0565189
84,0.0569448
85,0.0573592
86,0.0577564
87,0.0581331
88,0.0584931
89,0.0588482
90,0.0592047
91,0.0595696
92,0.0599376
93,0.0603178
94,0.060691
95,0.0610551
96,0.0614045
97,0.0617301
98,0.0620343
99,0.0623133
100,0.0625824
101,0.0628463
102,0.0631191
103,0.0633879
104,0.0636583
105,0.0639248
106,0.0641812
107,0.0644262
108,0.0646566
109,0.0648651
110,0.0650522
111,0.0652324
112,0.0654023
113,0.0655805
114,0.0657559
115,0.0659367
116,0.0661143
117,0.0662864
118,0.0664471
119,0.0666007
120,0.0667371
121,0.0668613
122,0.0669702
123,0.0670764
124,0.0671858
125,0.0673047
126,0.0674258
127,0.0675521
128,0.0676654
129,0.0677768
130,0.067874
131,0.0679635
132,0.0680419
133,0.0681099
134,0.0681718
135,0.0682432
136,0.0683245
137,0.0684153
138,0.0685086
139,0.0685994
140,0.0686868
141,0.0687703
142,0.0688498
143,0.068916
144,0.0689756
145,0.069033
146,0.0690883
147,0.0691515
148,0.0692207
149,0.0693028
150,0.0693809
151,0.0694613
152,0.0695365
153,0.0696188
154,0.0697021
155,0.0697846
156,0.0698647
157,0.0699507
158,0.0700376
159,0.0701278
160,0.0702077
161,0.0702804
162,0.070341
163,0.0704018
164,0.0704642
165,0.0705408
166,0.070621
167,0.0707074
168,0.0707914
169,0.070879
170,0.0709592
171,0.0710324
172,0.0710861
173,0.0711291
174,0.0711624
175,0.0712016
176,0.071248
177,0.0713094
178,0.0713824
179,0.0714631
180,0.0715429
181,0.0716201
182,0.071688
183,0.0717529
184,0.0718087
185,0.0718537
186,0.0718926
187,0.0719304
188,0.0719653
189,0.0720035
190,0.0720404
191,0.0720798
192,0.0721205
193,0.0721595
194,0.0721986
195,0.0722237
196,0.0722457
197,0.0722621
198,0.0722792
199,0.072309
200,0.072349
201,0.072399
202,0.0724515
203,0.0725001
204,0.0725526
205,0.0726061
206,0.0726558
207,0.0726974
208,0.0727321
209,0.072762
210,0.0727929
211,0.0728361
212,0.0728899
213,0.072948
214,0.0730045
215,0.0730474
216,0.0730974
217,0.0731451
218,0.073199
219,0.0732505
220,0.0733044
221,0.0733572
222,0.0734065
223,0.0734507
224,0.0734877
225,0.0735103
226,0.0735304
227,0.0735385
228,0.0735578
229,0.0735909
230,0.0736411
231,0.0737104
232,0.0737882
233,0.0738739
234,0.0739564
235,0.0740301
236,0.0740811
237,0.074115
238,0.0741347
239,0.0741558
240,0.0741854
241,0.0742406
242,0.0743097
243,0.0743844
244,0.074465
245,0.0745407
246,0.0746165
247,0.0746804
248,0.074729
249,0.0747533
250,0.0747726
251,0.0747939
252,0.0748272
253,0.0748759
254,0.0749382
255,0.0750019
256,0.0750648
257,0.0751191
258,0.0751682
259,0.0752155
260,0.075254
261,0.075281
262,0.0753019
263,0.0753252
264,0.0753527
265,0.0753843
266,0.0754143
267,0.0754355
268,0.0754534
269,0.0754732
270,0.0754986
271,0.0755344
272,0.0755791
273,0.0756305
274,0.0756908
275,0.0757543
276,0.0758155
277,0.0758691
278,0.0759041
279,0.0759254
280,0.0759372
281,0.0759583
282,0.0759871
283,0.0760376
284,0.0761044
285,0.0761786
286,0.0762581
287,0.0763354
288,0.0764063
289,0.0764619
290,0.0764966
291,0.0765118
292,0.0765225
293,0.0765441
294,0.076577
295,0.0766249
296,0.0766794
297,0.0767344
298,0.0767884
299,0.0768417
300,0.0768917
301,0.0769383
302,0.0769751
303,0.0770011
304,0.077027
305,0.0770593
306,0.0771017
307,0.0771415
308,0.0771791
309,0.0771994
310,0.0772165
311,0.0772327
312,0.0772606
313,0.0772975
314,0.0773457
315,0.0773851
316,0.0774367
317,0.0774831
318,0.0775315
319,0.0775678
320,0.0775855
321,0.077581
322,0.0775785
323,0.077583
324,0.077611
325,0.0776573
326,0.077723
327,0.0777911
328,0.0778641
329,0.0779371
330,0.0780038
331,0.0780636
332,0.0781014
333,0.0781243
334,0.0781413
335,0.0781744
336,0.0782217
337,0.0782839
338,0.0783394
339,0.078377
340,0.0783997
341,0.0784178
342,0.0784355
343,0.0784589
344,0.0784755
345,0.0784943
346,0.078511
347,0.0785396
348,0.0785701
349,0.0786033
350,0.0786217
351,0.0786299
352,0.0786257
353,0.0786345
354,0.0786517
355,0.0786948
356,0.0787512
357,0.078812
358,0.0788738
359,0.0789373
360,0.0789967
361,0.0790425
362,0.0790694
363,0.079069
364,0.0790664
365,0.079068
366,0.079092
367,0.0791397
368,0.0792046
369,0.0792738
370,0.0793472
371,0.0794193
372,0.0794901
373,0.0795574
374,0.0796061
375,0.0796355
376,0.0796486
377,0.0796586
378,0.0796716
379,0.0796914
380,0.079705
381,0.0797123
382,0.0797027
383,0.0796958
384,0.0796911
385,0.0797034
386,0.0797202
387,0.0797377
388,0.0797605
389,0.0797845
390,0.0798046
391,0.0798189
392,0.0798126
393,0.0797832
394,0.0797388
395,0.0796923
396,0.0796609
397,0.0796486
398,0.079652
399,0.0796559
