2,0.997946
3,0.996643
4,1.00431
5,1.01619
6,1.02533
7,1.03018
8,1.03195
9,1.03162
10,1.03021
11,1.02754
12,1.02516
13,1.02348
14,1.0174
15,1.00863
16,1.00032
17,0.98999
18,0.976618
19,0.959999
20,0.948921
21,0.916479
22,0.87911
23,0.850624
24,0.82314
25,0.792879
26,0.760324
27,0.724445
28,0.689383
29,0.65691
30,0.625773
31,0.59476
32,0.563908
33,0.534584
34,0.507463
35,0.480632
36,0.454374
37,0.429671
38,0.407476
39,0.38748
40,0.36958
41,0.353362
42,0.338885
43,0.325746
44,0.313673
45,0.303073
46,0.293621
47,0.284901
48,0.2776
49,0.271043
50,0.265268
51,0.260103
52,0.255489
53,0.25121
54,0.247322
55,0.243456
56,0.239604
57,0.236098
58,0.232728
59,0.229629
60,0.226195
61,0.223196
62,0.21983
63,0.216089
64,0.212443
65,0.208405
66,0.204288
67,0.200068
68,0.195357
69,0.190399
70,0.185116
71,0.179605
72,0.173962
73,0.168322
74,0.162639
75,0.157129
76,0.151832
77,0.146864
78,0.14195
79,0.136911
80,0.13166
81,0.126321
82,0.120943
83,0.115618
84,0.110457
85,0.10551
86,0.100812
87,0.0964479
88,0.0923221
89,0.0882893
90,0.0842266
91,0.080042
92,0.0757998
93,0.0713717
94,0.0670506
95,0.0628654
96,0.0589252
97,0.0553197
98,0.0520739
99,0.049167
100,0.046453
101,0.04378
102,0.0410087
103,0.0382473
104,0.0355425
105,0.0327997
106,0.0303367
107,0.0278769
108,0.0258195
109,0.0238625
110,0.0224328
111,0.0208803
112,0.0197126
113,0.0181763
114,0.0169199
115,0.015319
116,0.0140975
117,0.0125895
118,0.0116273
119,0.0103861
120,0.00985901
121,0.00896721
122,0.00889253
123,0.00818494
124,0.00812739
125,0.00717832
126,0.0070213
127,0.00596404
128,0.00595344
129,0.00502516
130,0.005384
131,0.0045738
132,0.00519033
133,0.00458399
134,0.00535291
135,0.00474669
136,0.00524681
137,0.0043812
138,0.0048079
139,0.00391987
140,0.00449759
141,0.00361712
142,0.00430696
143,0.0035975
144,0.00442316
145,0.00377231
146,0.00463785
147,0.00392969
148,0.00461665
149,0.00373131
150,0.0043586
151,0.00350853
152,0.00415993
153,0.0032844
154,0.00391709
155,0.00300502
156,0.00376371
157,0.00285939
158,0.00362083
159,0.00276778
160,0.00359671
161,0.00278429
162,0.00358963
163,0.00275159
164,0.00350861
165,0.00267693
166,0.00341921
167,0.00283699
168,0.00362466
169,0.00319132
170,0.00387201
171,0.00349165
172,0.00384309
173,0.00319195
174,0.00332958
175,0.00270287
176,0.00293608
177,0.00249106
178,0.0029442
179,0.00276646
180,0.00323814
181,0.00319198
182,0.00342135
183,0.00335356
184,0.00336431
185,0.00320826
186,0.00289365
187,0.00285558
188,0.00240301
189,0.00264074
190,0.00222631
191,0.00261775
192,0.00218796
193,0.00271197
194,0.00219668
195,0.00284833
196,0.00219911
197,0.00308943
198,0.00247265
199,0.00338854
200,0.00268646
201,0.00347231
202,0.00274961
203,0.00347666
204,0.00274519
205,0.0035068
206,0.00279451
207,0.00359043
208,0.00300131
209,0.00381994
210,0.00337842
211,0.00407468
212,0.00340493
213,0.00394092
214,0.00324276
215,0.00393416
216,0.00329877
217,0.00388971
218,0.00320128
219,0.0038413
220,0.00315115
221,0.00372829
222,0.00306768
223,0.00372043
224,0.00314434
225,0.00402219
226,0.00366772
227,0.00460071
228,0.00435398
229,0.00493792
230,0.00448009
231,0.00464992
232,0.00386368
233,0.00401046
234,0.00316026
235,0.00355557
236,0.00286404
237,0.00359976
238,0.00315086
239,0.00394133
240,0.00351114
241,0.00393814
242,0.00311777
243,0.00346684
244,0.00266928
245,0.00311933
246,0.00249656
247,0.00309382
248,0.0024162
249,0.00306914
250,0.00248443
251,0.00313185
252,0.00254697
253,0.00312071
254,0.00248822
255,0.00303641
256,0.00245768
257,0.0030217
258,0.00253454
259,0.00309008
260,0.0025502
261,0.00302729
262,0.00252696
263,0.00310536
264,0.00249318
265,0.00317251
266,0.00259334
267,0.00325327
268,0.0028187
269,0.0035075
270,0.00306297
271,0.00352764
272,0.00302687
273,0.0034413
274,0.00276652
275,0.00313195
276,0.00261424
277,0.00304128
278,0.00254812
279,0.00313
280,0.00274885
281,0.00331593
282,0.00286406
283,0.00326236
284,0.00260666
285,0.0029888
286,0.00245441
287,0.00293443
288,0.00264396
289,0.00313701
290,0.00274288
291,0.00300046
292,0.00255224
293,0.00292617
294,0.00251465
295,0.00285804
296,0.00252131
297,0.00295835
298,0.00275761
299,0.00310693
300,0.00287418
301,0.0032436
302,0.00300192
303,0.00320067
304,0.00283614
305,0.0031352
306,0.00290295
307,0.00318471
308,0.00296829
309,0.00314534
310,0.00276315
311,0.00297139
312,0.00264273
313,0.00292234
314,0.00268272
315,0.00301157
316,0.00279447
317,0.00310442
318,0.00295858
319,0.00320861
320,0.00299225
321,0.00296912
322,0.00268341
323,0.00287457
324,0.00255257
325,0.00286884
326,0.00259158
327,0.00293399
328,0.00287333
329,0.00332964
330,0.00343396
331,0.00372336
332,0.00372746
333,0.00369187
334,0.00352242
335,0.00357656
336,0.0035533
337,0.00389592
338,0.00403076
339,0.00414878
340,0.00395309
341,0.00389895
342,0.00362218
343,0.00363991
344,0.00337893
345,0.00336954
346,0.00315522
347,0.0031999
348,0.0030719
349,0.00316807
350,0.00300353
351,0.00290591
352,0.0026344
353,0.00262811
354,0.002404
355,0.00260712
356,0.00253796
357,0.0028053
358,0.00289492
359,0.00317544
360,0.003404
361,0.00360856
362,0.00353815
363,0.00325821
364,0.00303035
365,0.00281096
366,0.00270617
367,0.00280324
368,0.00298245
369,0.00338725
370,0.00377111
371,0.00420737
372,0.00462467
373,0.00504461
374,0.00523404
375,0.00522231
376,0.00504517
377,0.00480325
378,0.00462961
379,0.00451596
380,0.00434231
381,0.0041136
382,0.00369912
383,0.00336773
384,0.00310503
385,0.00287581
386,0.00281239
387,0.00276637
388,0.00270208
389,0.00269238
390,0.00265652
391,0.00257056
392,0.0024249
393,0.00241518
394,0.00263998
395,0.00322437
396,0.00366949
397,0.00411149
398,0.00434882
399,0.00468168
