2,0.000204238
3,0.000333771
4,0.000133428
5,-0.000115781
6,-0.000428457
7,-0.000768751
8,-0.000981067
9,-0.000992654
10,-0.000929073
11,-0.000797318
12,-0.000628685
13,-0.000412665
14,-0.000157877
15,9.15567e-05
16,0.000325945
17,0.000567979
18,0.00109752
19,0.00197477
20,0.00251851
21,0.00408287
22,0.00591476
23,0.00751567
24,0.00924252
25,0.0111149
26,0.0130543
27,0.0150202
28,0.0168909
29,0.0187557
30,0.0206841
31,0.0226884
32,0.0245959
33,0.0263307
34,0.0279727
35,0.0295687
36,0.031081
37,0.0324811
38,0.0338222
39,0.0350583
40,0.0361765
41,0.0372328
42,0.038204
43,0.0390941
44,0.0398886
45,0.0406381
46,0.04131
47,0.0419172
48,0.0424733
49,0.0429831
50,0.0434393
51,0.0438455
52,0.0442275
53,0.04459
54,0.0449465
55,0.0452948
56,0.0456428
57,0.0459647
58,0.046283
59,0.0465925
60,0.0469209
61,0.0472042
62,0.0475096
63,0.0478412
64,0.0481832
65,0.0485335
66,0.0488974
67,0.0492601
68,0.0496535
69,0.0500717
70,0.0505073
71,0.0509535
72,0.0514127
73,0.051865
74,0.0523366
75,0.0527885
76,0.0532332
77,0.0536547
78,0.0540757
79,0.0545021
80,0.0549424
81,0.0553889
82,0.0558383
83,0.0562837
84,0.0567173
85,0.0571371
86,0.05754
87,0.0579251
88,0.0582892
89,0.0586547
90,0.0590132
91,0.0593858
92,0.0597604
93,0.0601481
94,0.0605264
95,0.0609003
96,0.0612545
97,0.0615891
98,0.0618985
99,0.0621859
100,0.0624566
101,0.0627292
102,0.0630067
103,0.0632853
104,0.0635645
105,0.0638375
106,0.064098
107,0.0643497
108,0.0645855
109,0.0647994
110,0.0649901
111,0.065171
112,0.0653477
113,0.0655266
114,0.0657065
115,0.0658919
116,0.0660736
117,0.0662489
118,0.0664163
119,0.0665711
120,0.0667106
121,0.0668354
122,0.0669457
123,0.0670537
124,0.0671674
125,0.0672862
126,0.0674116
127,0.0675368
128,0.0676543
129,0.0677601
130,0.0678614
131,0.0679514
132,0.0680312
133,0.0680995
134,0.0681625
135,0.0682353
136,0.0683155
137,0.0684094
138,0.0685009
139,0.0685939
140,0.0686803
141,0.0687643
142,0.0688447
143,0.0689107
144,0.0689737
145,0.0690348
146,0.0690896
147,0.0691544
148,0.0692222
149,0.0693006
150,0.0693785
151,0.069457
152,0.0695308
153,0.0696125
154,0.069696
155,0.069781
156,0.0698602
157,0.0699495
158,0.0700363
159,0.070127
160,0.0702087
161,0.07028
162,0.0703386
163,0.0703987
164,0.0704609
165,0.0705386
166,0.0706201
167,0.0707094
168,0.0707951
169,0.0708834
170,0.0709646
171,0.0710343
172,0.0710936
173,0.0711304
174,0.0711647
175,0.0711969
176,0.0712442
177,0.0713011
178,0.0713733
179,0.0714544
180,0.0715357
181,0.0716147
182,0.0716873
183,0.0717466
184,0.071805
185,0.0718451
186,0.0718864
187,0.0719267
188,0.0719699
189,0.0720094
190,0.0720505
191,0.0720873
192,0.0721258
193,0.0721626
194,0.0721983
195,0.0722232
196,0.0722451
197,0.0722582
198,0.0722756
199,0.0723076
200,0.0723484
201,0.0724003
202,0.0724519
203,0.0725017
204,0.0725511
205,0.0726029
206,0.0726527
207,0.0726936
208,0.0727297
209,0.072758
210,0.0727904
211,0.072831
212,0.0728868
213,0.0729415
214,0.0729984
215,0.0730423
216,0.0730898
217,0.0731395
218,0.0731927
219,0.0732454
220,0.0733007
221,0.0733578
222,0.0734068
223,0.0734529
224,0.0734866
225,0.0735081
226,0.0735249
227,0.0735389
228,0.0735566
229,0.0735887
230,0.0736395
231,0.0737102
232,0.0737901
233,0.0738751
234,0.0739557
235,0.0740286
236,0.0740809
237,0.0741114
238,0.0741307
239,0.07415
240,0.0741825
241,0.0742352
242,0.0743056
243,0.0743809
244,0.0744596
245,0.0745375
246,0.0746122
247,0.074676
248,0.0747228
249,0.0747502
250,0.074769
251,0.0747916
252,0.0748232
253,0.0748748
254,0.074935
255,0.0750015
256,0.0750623
257,0.0751203
258,0.0751662
259,0.0752167
260,0.0752533
261,0.075284
262,0.0753046
263,0.0753287
264,0.0753549
265,0.0753855
266,0.0754149
267,0.075435
268,0.0754545
269,0.0754722
270,0.0754984
271,0.0755343
272,0.0755811
273,0.0756309
274,0.0756936
275,0.0757564
276,0.0758169
277,0.075869
278,0.0759023
279,0.0759205
280,0.0759328
281,0.0759514
282,0.0759825
283,0.0760331
284,0.0761016
285,0.0761774
286,0.0762585
287,0.0763365
288,0.0764072
289,0.0764644
290,0.0764988
291,0.0765126
292,0.076524
293,0.0765435
294,0.0765798
295,0.0766249
296,0.0766819
297,0.0767359
298,0.0767895
299,0.0768432
300,0.0768905
301,0.07694
302,0.0769767
303,0.0770044
304,0.0770323
305,0.0770641
306,0.077106
307,0.0771467
308,0.0771838
309,0.0772038
310,0.0772175
311,0.0772367
312,0.0772638
313,0.0773037
314,0.0773489
315,0.0773945
316,0.0774402
317,0.0774909
318,0.077536
319,0.0775729
320,0.0775867
321,0.077584
322,0.0775775
323,0.0775863
324,0.0776111
325,0.0776612
326,0.0777236
327,0.0777947
328,0.0778659
329,0.0779388
330,0.0780066
331,0.078064
332,0.0781035
333,0.0781246
334,0.0781422
335,0.0781728
336,0.0782211
337,0.0782831
338,0.0783402
339,0.0783762
340,0.0783993
341,0.0784173
342,0.0784361
343,0.078457
344,0.0784765
345,0.0784918
346,0.0785124
347,0.0785361
348,0.0785689
349,0.0785965
350,0.0786189
351,0.0786222
352,0.0786232
353,0.0786302
354,0.0786493
355,0.0786937
356,0.0787508
357,0.078815
358,0.0788762
359,0.07894
360,0.0789982
361,0.079046
362,0.0790695
363,0.0790722
364,0.0790654
365,0.079069
366,0.0790944
367,0.0791418
368,0.0792073
369,0.0792787
370,0.0793519
371,0.0794261
372,0.0794977
373,0.0795649
374,0.0796125
375,0.0796392
376,0.0796526
377,0.0796603
378,0.079673
379,0.0796897
380,0.0797045
381,0.0797071
382,0.079702
383,0.0796935
384,0.079693
385,0.0797041
386,0.0797229
387,0.0797406
388,0.079762
389,0.0797852
390,0.0798066
391,0.0798174
392,0.0798098
393,0.0797799
394,0.0797345
395,0.0796902
396,0.079658
397,0.0796473
398,0.0796514
399,0.079655
