2,0.994704
3,0.991709
4,0.996871
5,1.00286
6,1.00992
7,1.01732
8,1.02175
9,1.02163
10,1.02002
11,1.01705
12,1.01335
13,1.00886
14,1.00364
15,0.99862
16,0.993986
17,0.989319
18,0.979092
19,0.962344
20,0.952134
21,0.922695
22,0.888551
23,0.859142
24,0.827711
25,0.793918
26,0.759271
27,0.724442
28,0.691696
29,0.659327
30,0.626098
31,0.591758
32,0.559414
33,0.530349
34,0.503131
35,0.476927
36,0.452351
37,0.429906
38,0.40858
39,0.38924
40,0.371982
41,0.355926
42,0.341363
43,0.328263
44,0.316848
45,0.306223
46,0.296927
47,0.288773
48,0.281485
49,0.274996
50,0.269381
51,0.264624
52,0.260258
53,0.256213
54,0.252249
55,0.248422
56,0.244577
57,0.241171
58,0.237797
59,0.234581
60,0.231009
61,0.228202
62,0.224995
63,0.221376
64,0.217552
65,0.213618
66,0.209431
67,0.205288
68,0.200617
69,0.195578
70,0.190227
71,0.184736
72,0.179016
73,0.173436
74,0.16752
75,0.161953
76,0.156472
77,0.151393
78,0.146289
79,0.141132
80,0.135729
81,0.130262
82,0.124726
83,0.119281
84,0.113997
85,0.108955
86,0.10416
87,0.0996641
88,0.0954704
89,0.0912737
90,0.0871659
91,0.0828636
92,0.0785143
93,0.0739682
94,0.0695585
95,0.0652286
96,0.061204
97,0.0574691
98,0.0541236
99,0.0511044
100,0.0483564
101,0.0455576
102,0.0427162
103,0.0398054
104,0.0369609
105,0.0341154
106,0.0315817
107,0.0290369
108,0.0268969
109,0.0248514
110,0.0233981
111,0.0218087
112,0.0205497
113,0.0189979
114,0.0176703
115,0.0159935
116,0.014689
117,0.0131586
118,0.0121131
119,0.0108337
120,0.0102481
121,0.00938095
122,0.00928516
123,0.00854954
124,0.00841387
125,0.00748837
126,0.0072455
127,0.00620634
128,0.00609157
129,0.00524106
130,0.00551512
131,0.004733
132,0.00523815
133,0.00473726
134,0.00542823
135,0.00484637
136,0.00533459
137,0.00452153
138,0.0048707
139,0.00403829
140,0.00452445
141,0.00374854
142,0.00433792
143,0.00371979
144,0.00440729
145,0.00380983
146,0.00453535
147,0.00394838
148,0.00457059
149,0.00379166
150,0.00439048
151,0.00362159
152,0.00416875
153,0.00336206
154,0.00389101
155,0.00309815
156,0.00367601
157,0.00289988
158,0.0035325
159,0.0027824
160,0.00347104
161,0.00281703
162,0.00348928
163,0.00289226
164,0.00342265
165,0.00284536
166,0.00352286
167,0.00301768
168,0.00370745
169,0.00331904
170,0.00392296
171,0.00352715
172,0.00391298
173,0.00322882
174,0.00327178
175,0.00261218
176,0.00286052
177,0.00231348
178,0.00276428
179,0.00251264
180,0.00302553
181,0.00292329
182,0.00324158
183,0.00309528
184,0.00309778
185,0.00295191
186,0.00267099
187,0.0027434
188,0.00243254
189,0.00269956
190,0.00229903
191,0.00268566
192,0.00221866
193,0.00264711
194,0.00218959
195,0.00272871
196,0.00223995
197,0.00295884
198,0.00256055
199,0.00325487
200,0.00277161
201,0.00334537
202,0.00279459
203,0.00340095
204,0.00287813
205,0.00343431
206,0.00289499
207,0.00355837
208,0.00310543
209,0.00384805
210,0.00348367
211,0.00405643
212,0.00353281
213,0.00396923
214,0.00340228
215,0.00394002
216,0.00344696
217,0.00392522
218,0.00338066
219,0.00379043
220,0.0032568
221,0.00364363
222,0.00311842
223,0.00359473
224,0.00327178
225,0.00397261
226,0.00380669
227,0.00452172
228,0.00441616
229,0.00490188
230,0.0045308
231,0.00462112
232,0.0038755
233,0.00391098
234,0.00325746
235,0.00343061
236,0.00298976
237,0.00357027
238,0.0032828
239,0.00389533
240,0.00359396
241,0.00390452
242,0.00325344
243,0.00340302
244,0.00277924
245,0.00306192
246,0.00252464
247,0.00294538
248,0.00252999
249,0.00297885
250,0.00257716
251,0.0030883
252,0.00267042
253,0.00301545
254,0.00254237
255,0.00292971
256,0.00258027
257,0.00294408
258,0.00259113
259,0.00297768
260,0.00260683
261,0.00303691
262,0.00257517
263,0.00301939
264,0.00265186
265,0.00304332
266,0.00266983
267,0.00318038
268,0.00288076
269,0.00342621
270,0.00310924
271,0.003513
272,0.00306786
273,0.00335244
274,0.00284817
275,0.00310265
276,0.00263186
277,0.00300887
278,0.00261877
279,0.00305886
280,0.00284815
281,0.00329195
282,0.00295566
283,0.00322086
284,0.00271518
285,0.0029165
286,0.00249308
287,0.00285107
288,0.00269257
289,0.00306936
290,0.00284394
291,0.00295561
292,0.00260032
293,0.00284853
294,0.00252752
295,0.00279235
296,0.00257638
297,0.00293816
298,0.00274842
299,0.00308033
300,0.00291712
301,0.0032267
302,0.00305607
303,0.00317249
304,0.00293633
305,0.00309344
306,0.00294156
307,0.00314658
308,0.00300608
309,0.00309496
310,0.00283207
311,0.00287712
312,0.00268946
313,0.00292903
314,0.00276059
315,0.00300417
316,0.00287183
317,0.00308646
318,0.00305355
319,0.00318321
320,0.00300282
321,0.00290939
322,0.0025983
323,0.00283247
324,0.00266682
325,0.00285035
326,0.00262766
327,0.00290456
328,0.00296176
329,0.00325956
330,0.00347198
331,0.00377579
332,0.00376591
333,0.00366858
334,0.00356862
335,0.00350253
336,0.00359065
337,0.00388379
338,0.00405496
339,0.00410911
340,0.0039829
341,0.00386867
342,0.00369241
343,0.00359788
344,0.00343131
345,0.00334372
346,0.00322196
347,0.00315402
348,0.00310051
349,0.00309669
350,0.00303913
351,0.00282115
352,0.00265162
353,0.00260685
354,0.00245684
355,0.00255335
356,0.0025697
357,0.00280576
358,0.00294999
359,0.00319705
360,0.00343434
361,0.00360249
362,0.00354455
363,0.00324859
364,0.00297051
365,0.0027587
366,0.00269891
367,0.00285042
368,0.00304765
369,0.00341764
370,0.00379938
371,0.00428073
372,0.00469421
373,0.00510089
374,0.0052997
375,0.00526408
376,0.00507962
377,0.0048196
378,0.00462665
379,0.00449598
380,0.00432144
381,0.00401797
382,0.00370578
383,0.00331308
384,0.00306869
385,0.00291662
386,0.00284952
387,0.00275363
388,0.00268737
389,0.002677
390,0.00264859
391,0.00254034
392,0.0024549
393,0.00238206
394,0.00268148
395,0.00324957
396,0.00368804
397,0.00412462
398,0.00436703
399,0.00469379
