2,0.93605
3,0.827998
4,0.74472
5,0.680042
6,0.629277
7,0.590196
8,0.560574
9,0.53748
10,0.518335
11,0.502317
12,0.488545
13,0.475693
14,0.463586
15,0.451383
16,0.439331
17,0.426453
18,0.413587
19,0.398212
20,0.413611
21,0.358249
22,0.344842
23,0.331644
24,0.318952
25,0.306876
26,0.29527
27,0.284576
28,0.274436
29,0.265052
30,0.2565
31,0.248931
32,0.242054
33,0.236005
34,0.230883
35,0.226572
36,0.222924
37,0.220011
38,0.217931
39,0.216132
40,0.214372
41,0.212788
42,0.211407
43,0.210182
44,0.208909
45,0.207397
46,0.205529
47,0.20329
48,0.20086
49,0.198131
50,0.19515
51,0.191868
52,0.18793
53,0.183445
54,0.178857
55,0.17424
56,0.16963
57,0.165158
58,0.160671
59,0.155817
60,0.150746
61,0.146033
62,0.141588
63,0.137189
64,0.132561
65,0.127879
66,0.122907
67,0.117862
68,0.112919
69,0.108611
70,0.104232
71,0.099762
72,0.0950457
73,0.0904884
74,0.085852
75,0.0816526
76,0.0776346
77,0.0740961
78,0.070134
79,0.0662339
80,0.0623029
81,0.0587523
82,0.0552857
83,0.0522353
84,0.0492897
85,0.0464331
86,0.0433057
87,0.0403891
88,0.0376843
89,0.0352396
90,0.0329668
91,0.0308971
92,0.0288765
93,0.0267983
94,0.0247465
95,0.0229072
96,0.0212989
97,0.0197723
98,0.0184178
99,0.0171276
100,0.0158355
101,0.0145885
102,0.013546
103,0.0126711
104,0.0119803
105,0.0113108
106,0.0107336
107,0.01004
108,0.00937701
109,0.00862822
110,0.00808255
111,0.00750114
112,0.00706015
113,0.00655977
114,0.00608211
115,0.0055339
116,0.00500291
117,0.00450272
118,0.00416396
119,0.00370051
120,0.00339314
121,0.00296822
122,0.00267386
123,0.00234078
124,0.00223541
125,0.00215375
126,0.00221637
127,0.00222402
128,0.00227032
129,0.00228838
130,0.00230988
131,0.00227663
132,0.00229957
133,0.00233709
134,0.00231807
135,0.00232145
136,0.0023644
137,0.00235848
138,0.00246736
139,0.00241762
140,0.00252356
141,0.00252815
142,0.00257514
143,0.0026177
144,0.00265821
145,0.00268947
146,0.00267039
147,0.00260904
148,0.00254853
149,0.00245283
150,0.00244143
151,0.00235946
152,0.00230137
153,0.00228117
154,0.00224903
155,0.00229268
156,0.00226719
157,0.00223596
158,0.00224943
159,0.00223401
160,0.00228864
161,0.00227259
162,0.00228858
163,0.00227329
164,0.00240282
165,0.00244683
166,0.00247132
167,0.00246912
168,0.00256503
169,0.00263894
170,0.00263334
171,0.00265987
172,0.00269436
173,0.00277206
174,0.00279155
175,0.00286836
176,0.00289786
177,0.00296248
178,0.00299915
179,0.00302452
180,0.00299959
181,0.00299106
182,0.00300248
183,0.00297029
184,0.00279633
185,0.00248167
186,0.00225204
187,0.0021013
188,0.0020082
189,0.00182484
190,0.00166195
191,0.00147983
192,0.00133931
193,0.00115318
194,0.00107508
195,0.00103052
196,0.000972663
197,0.000951515
198,0.000967836
199,0.000989441
200,0.00100111
201,0.00108555
202,0.00122207
203,0.00135487
204,0.00138925
205,0.00143771
206,0.00145676
207,0.0014851
208,0.00151318
209,0.00157319
210,0.00157167
211,0.00154992
212,0.00155822
213,0.00157809
214,0.00157043
215,0.00155613
216,0.00167274
217,0.0016747
218,0.00177262
219,0.00188406
220,0.00200371
221,0.00215779
222,0.00229757
223,0.00240434
224,0.00257548
225,0.00267293
226,0.00280102
227,0.00290478
228,0.00296117
229,0.00284102
230,0.00257551
231,0.00234967
232,0.00210754
233,0.00186246
234,0.00162786
235,0.00141652
236,0.00131783
237,0.00123826
238,0.00117163
239,0.00128607
240,0.00133742
241,0.00143243
242,0.00148765
243,0.00157155
244,0.00164306
245,0.00166222
246,0.00172662
247,0.00173524
248,0.00183971
249,0.00181626
250,0.00183326
251,0.00181756
252,0.00187837
253,0.00189945
254,0.00185137
255,0.00188166
256,0.00188872
257,0.00193307
258,0.00191892
259,0.00193708
260,0.00192072
261,0.00194615
262,0.00192791
263,0.00200429
264,0.00197981
265,0.00204929
266,0.0020407
267,0.00209017
268,0.00211534
269,0.00214326
270,0.00215062
271,0.00218562
272,0.00217815
273,0.00216545
274,0.00213924
275,0.00202924
276,0.00196648
277,0.00192044
278,0.0019344
279,0.00192044
280,0.00188237
281,0.00188681
282,0.00194954
283,0.00188775
284,0.0019167
285,0.00189756
286,0.00192413
287,0.00189218
288,0.00196042
289,0.00195687
290,0.00196528
291,0.00196162
292,0.00194533
293,0.00198234
294,0.00198231
295,0.00199073
296,0.00198683
297,0.00204718
298,0.00203436
299,0.00202037
300,0.00198441
301,0.00196404
302,0.00193708
303,0.00194869
304,0.00192025
305,0.00189755
306,0.00189577
307,0.00190841
308,0.00188271
309,0.00192683
310,0.00189798
311,0.00191487
312,0.00187163
313,0.00185572
314,0.00185319
315,0.0018329
316,0.00180489
317,0.00182094
318,0.00181444
319,0.00182754
320,0.00183239
321,0.00184999
322,0.00183132
323,0.00183368
324,0.00190864
325,0.00188881
326,0.00192425
327,0.00195386
328,0.00205414
329,0.0021867
330,0.00232865
331,0.00252595
332,0.00274242
333,0.0029944
334,0.0032543
335,0.00351961
336,0.00383708
337,0.00401347
338,0.00388088
339,0.00363007
340,0.00339526
341,0.00318876
342,0.00296955
343,0.00281445
344,0.00259837
345,0.00249354
346,0.00239573
347,0.0023389
348,0.00228121
349,0.00224168
350,0.0022458
351,0.00220476
352,0.00219001
353,0.00218662
354,0.00220888
355,0.00221536
356,0.00222356
357,0.00214936
358,0.00218018
359,0.00216781
360,0.00212373
361,0.00215199
362,0.00217104
363,0.00219036
364,0.00219291
365,0.00227735
366,0.00231905
367,0.00239484
368,0.00251641
369,0.00260608
370,0.00270319
371,0.00285061
372,0.00304107
373,0.00319286
374,0.0034349
375,0.00366304
376,0.00391637
377,0.00400611
378,0.0039288
379,0.0037414
380,0.00347407
381,0.0032831
382,0.00307593
383,0.00287863
384,0.0026806
385,0.00244091
386,0.00231637
387,0.00216833
388,0.00213042
389,0.00199317
390,0.00193214
391,0.00187983
392,0.00186649
393,0.00184556
394,0.00190058
395,0.00198959
396,0.00215484
397,0.0023094
398,0.00254976
399,0.00278565
