2,0.000178699
3,0.000178827
4,-0.000184579
5,-0.000528454
6,-0.000710987
7,-0.000802027
8,-0.000908072
9,-0.00113204
10,-0.00126449
11,-0.00117692
12,-0.000980271
13,-0.000708005
14,-0.000476743
15,-0.000166797
16,8.63875e-05
17,0.000224578
18,0.000559984
19,0.00135994
20,0.00201007
21,0.00374562
22,0.00589786
23,0.00761485
24,0.0093191
25,0.0111284
26,0.0130497
27,0.0149506
28,0.0168088
29,0.0187573
30,0.0208023
31,0.0228537
32,0.0246908
33,0.0263799
34,0.0280352
35,0.0295973
36,0.0310981
37,0.0324742
38,0.0337481
39,0.0349641
40,0.0360935
41,0.0371218
42,0.0380469
43,0.0389197
44,0.0396929
45,0.0404298
46,0.041112
47,0.0417086
48,0.0422512
49,0.0427396
50,0.0431754
51,0.0435845
52,0.043947
53,0.0443077
54,0.0446543
55,0.0449998
56,0.0453304
57,0.045657
58,0.0459916
59,0.0462846
60,0.046601
61,0.0469154
62,0.0472046
63,0.0475176
64,0.0478585
65,0.0482148
66,0.0485713
67,0.048945
68,0.0493366
69,0.049754
70,0.0501919
71,0.0506364
72,0.0510925
73,0.0515518
74,0.0520221
75,0.0524887
76,0.0529333
77,0.0533721
78,0.0537997
79,0.0542348
80,0.0546796
81,0.0551358
82,0.0555938
83,0.056048
84,0.0564875
85,0.0569141
86,0.0573252
87,0.0577183
88,0.0580895
89,0.05846
90,0.0588274
91,0.0592031
92,0.0595848
93,0.0599746
94,0.0603616
95,0.0607397
96,0.0611032
97,0.0614448
98,0.061759
99,0.0620556
100,0.0623324
101,0.0626145
102,0.0628956
103,0.0631835
104,0.0634681
105,0.063749
106,0.0640161
107,0.0642711
108,0.0645112
109,0.0647282
110,0.064927
111,0.0651134
112,0.0652927
113,0.0654778
114,0.0656592
115,0.0658518
116,0.0660305
117,0.0662141
118,0.06638
119,0.0665408
120,0.0666834
121,0.0668105
122,0.0669225
123,0.0670358
124,0.0671468
125,0.0672698
126,0.0673927
127,0.0675193
128,0.0676345
129,0.0677445
130,0.0678479
131,0.0679372
132,0.068021
133,0.068091
134,0.0681564
135,0.0682295
136,0.0683088
137,0.0684017
138,0.0684924
139,0.0685875
140,0.0686722
141,0.0687582
142,0.0688375
143,0.0689091
144,0.0689728
145,0.0690319
146,0.0690893
147,0.0691539
148,0.0692226
149,0.0692993
150,0.0693742
151,0.0694512
152,0.0695287
153,0.0696077
154,0.0696953
155,0.0697744
156,0.0698596
157,0.0699434
158,0.0700376
159,0.0701245
160,0.0702092
161,0.0702751
162,0.0703378
163,0.0703952
164,0.0704617
165,0.0705352
166,0.0706222
167,0.0707097
168,0.0707986
169,0.0708849
170,0.0709654
171,0.0710381
172,0.0710951
173,0.071132
174,0.0711651
175,0.0711999
176,0.0712445
177,0.0713042
178,0.0713748
179,0.0714564
180,0.0715404
181,0.071618
182,0.071694
183,0.0717545
184,0.0718061
185,0.071849
186,0.071881
187,0.0719185
188,0.0719528
189,0.0719924
190,0.0720337
191,0.0720781
192,0.072122
193,0.0721647
194,0.0721974
195,0.0722254
196,0.072245
197,0.0722604
198,0.072277
199,0.0723062
200,0.0723494
201,0.0723988
202,0.0724504
203,0.0725006
204,0.0725466
205,0.072601
206,0.07265
207,0.0726935
208,0.0727248
209,0.0727571
210,0.0727882
211,0.0728308
212,0.0728817
213,0.0729377
214,0.072992
215,0.0730367
216,0.0730829
217,0.073131
218,0.073185
219,0.073241
220,0.0732978
221,0.0733541
222,0.0734058
223,0.0734502
224,0.0734861
225,0.0735068
226,0.0735237
227,0.073536
228,0.0735545
229,0.073589
230,0.0736425
231,0.0737107
232,0.0737923
233,0.073874
234,0.0739571
235,0.0740244
236,0.0740781
237,0.0741058
238,0.0741276
239,0.0741472
240,0.0741796
241,0.0742312
242,0.0743015
243,0.0743775
244,0.074454
245,0.0745333
246,0.0746039
247,0.0746702
248,0.0747165
249,0.0747479
250,0.0747667
251,0.0747894
252,0.0748221
253,0.0748737
254,0.0749341
255,0.0749976
256,0.0750599
257,0.0751181
258,0.0751666
259,0.0752158
260,0.0752562
261,0.0752836
262,0.0753071
263,0.0753314
264,0.0753617
265,0.0753867
266,0.0754157
267,0.0754359
268,0.0754528
269,0.0754734
270,0.0754972
271,0.0755336
272,0.075582
273,0.0756355
274,0.0756944
275,0.0757578
276,0.0758163
277,0.0758672
278,0.0759003
279,0.0759178
280,0.0759292
281,0.0759471
282,0.0759803
283,0.0760312
284,0.0761002
285,0.0761746
286,0.0762585
287,0.0763379
288,0.0764093
289,0.076464
290,0.0764971
291,0.0765149
292,0.0765274
293,0.076546
294,0.0765814
295,0.076627
296,0.0766832
297,0.0767383
298,0.0767899
299,0.0768444
300,0.0768928
301,0.0769383
302,0.0769781
303,0.0770085
304,0.0770347
305,0.0770684
306,0.0771105
307,0.0771513
308,0.0771852
309,0.0772058
310,0.0772227
311,0.0772396
312,0.0772688
313,0.077307
314,0.0773549
315,0.0773992
316,0.0774477
317,0.0774966
318,0.0775391
319,0.0775765
320,0.0775915
321,0.0775876
322,0.0775795
323,0.0775877
324,0.0776146
325,0.0776613
326,0.0777268
327,0.0777959
328,0.0778682
329,0.0779416
330,0.0780105
331,0.0780661
332,0.0781054
333,0.0781249
334,0.0781432
335,0.0781752
336,0.0782217
337,0.0782831
338,0.0783386
339,0.0783741
340,0.0783985
341,0.0784161
342,0.0784334
343,0.0784567
344,0.0784748
345,0.0784934
346,0.0785094
347,0.0785336
348,0.0785646
349,0.0785944
350,0.0786158
351,0.0786178
352,0.0786181
353,0.0786255
354,0.0786505
355,0.0786918
356,0.0787525
357,0.078813
358,0.0788784
359,0.078942
360,0.0789993
361,0.0790461
362,0.0790694
363,0.079073
364,0.0790675
365,0.0790719
366,0.079094
367,0.079145
368,0.0792095
369,0.0792832
370,0.0793572
371,0.0794316
372,0.0795039
373,0.0795718
374,0.0796201
375,0.0796439
376,0.0796528
377,0.0796634
378,0.0796734
379,0.0796895
380,0.0797025
381,0.0797065
382,0.0796998
383,0.0796967
384,0.079692
385,0.0797062
386,0.0797231
387,0.0797449
388,0.0797641
389,0.079787
390,0.0798056
391,0.0798158
392,0.0798081
393,0.0797785
394,0.0797315
395,0.0796889
396,0.0796564
397,0.0796479
398,0.0796501
399,0.0796542
