2,-0.00105813
3,-0.00198423
4,-0.00238426
5,-0.00324986
6,-0.00383588
7,-0.00414599
8,-0.00419374
9,-0.00420758
10,-0.00396456
11,-0.00366737
12,-0.00339237
13,-0.00294812
14,-0.00230608
15,-0.00155287
16,-0.000851123
17,0.000139178
18,0.00120792
19,0.00246044
20,0.00325506
21,0.00550441
22,0.00814978
23,0.010167
24,0.0118755
25,0.0136258
26,0.0157073
27,0.0178195
28,0.0199016
29,0.0219723
30,0.0239231
31,0.0258254
32,0.0278049
33,0.029711
34,0.0315364
35,0.0333361
36,0.0351313
37,0.0369139
38,0.0385901
39,0.0401453
40,0.0415447
41,0.0427357
42,0.0437524
43,0.0446809
44,0.0455765
45,0.046369
46,0.0470353
47,0.0476208
48,0.0481012
49,0.048512
50,0.0488586
51,0.0491559
52,0.0494506
53,0.0497448
54,0.0500262
55,0.0503175
56,0.0506203
57,0.0509316
58,0.0512668
59,0.0516349
60,0.0520083
61,0.0524035
62,0.0528178
63,0.0532727
64,0.0536947
65,0.0541082
66,0.0545162
67,0.0548886
68,0.0552497
69,0.0555969
70,0.0559331
71,0.0562518
72,0.0565825
73,0.0569172
74,0.0572422
75,0.0575697
76,0.0579072
77,0.0582577
78,0.0586023
79,0.058942
80,0.0592615
81,0.0595839
82,0.0599038
83,0.0602208
84,0.0605481
85,0.0608736
86,0.061177
87,0.0614569
88,0.0617247
89,0.0619875
90,0.0622493
91,0.0625097
92,0.0627698
93,0.0630142
94,0.0632365
95,0.0634531
96,0.063669
97,0.0638784
98,0.0640768
99,0.0642626
100,0.0644373
101,0.0645984
102,0.064757
103,0.0649199
104,0.0650824
105,0.0652356
106,0.0653868
107,0.0655343
108,0.0656741
109,0.0658025
110,0.0659269
111,0.0660475
112,0.0661658
113,0.066289
114,0.0664163
115,0.066546
116,0.0666667
117,0.0667891
118,0.066914
119,0.0670325
120,0.067147
121,0.0672517
122,0.0673452
123,0.0674339
124,0.0675238
125,0.0676135
126,0.0677107
127,0.0678003
128,0.0678904
129,0.0679739
130,0.0680573
131,0.0681312
132,0.0682021
133,0.0682702
134,0.0683283
135,0.0683923
136,0.0684595
137,0.0685397
138,0.0686128
139,0.0686894
140,0.0687613
141,0.0688389
142,0.0689106
143,0.0689742
144,0.0690325
145,0.0690908
146,0.0691455
147,0.0692142
148,0.0692921
149,0.0693779
150,0.0694611
151,0.0695461
152,0.0696242
153,0.0697001
154,0.0697783
155,0.0698469
156,0.0699144
157,0.0699761
158,0.0700442
159,0.0701172
160,0.0701932
161,0.0702671
162,0.0703398
163,0.0704094
164,0.0704767
165,0.070551
166,0.0706219
167,0.0706919
168,0.070757
169,0.0708247
170,0.0708985
171,0.0709734
172,0.0710459
173,0.0711097
174,0.07117
175,0.0712276
176,0.071286
177,0.0713534
178,0.0714204
179,0.0714932
180,0.0715615
181,0.0716278
182,0.0716962
183,0.0717527
184,0.0718057
185,0.0718342
186,0.0718616
187,0.0718846
188,0.0719168
189,0.071959
190,0.0720091
191,0.0720583
192,0.0721145
193,0.0721623
194,0.0722141
195,0.0722526
196,0.0722829
197,0.0723051
198,0.0723236
199,0.0723454
200,0.0723876
201,0.0724338
202,0.0724869
203,0.0725452
204,0.072597
205,0.072661
206,0.0727138
207,0.072761
208,0.0727955
209,0.0728229
210,0.0728513
211,0.0728851
212,0.0729384
213,0.0729932
214,0.0730518
215,0.073104
216,0.0731571
217,0.0732093
218,0.0732593
219,0.0732983
220,0.0733294
221,0.073354
222,0.07338
223,0.0734127
224,0.0734547
225,0.073494
226,0.0735366
227,0.0735749
228,0.0736219
229,0.0736767
230,0.0737383
231,0.0738037
232,0.0738632
233,0.0739285
234,0.0739899
235,0.0740564
236,0.0741213
237,0.074178
238,0.0742242
239,0.074271
240,0.0743183
241,0.0743731
242,0.0744319
243,0.074486
244,0.0745357
245,0.0745866
246,0.0746411
247,0.0746923
248,0.0747406
249,0.0747786
250,0.0748117
251,0.0748368
252,0.0748721
253,0.074911
254,0.0749676
255,0.0750133
256,0.0750585
257,0.075103
258,0.075143
259,0.0751895
260,0.0752296
261,0.0752615
262,0.0752811
263,0.0753073
264,0.0753316
265,0.0753692
266,0.0754065
267,0.0754436
268,0.0754756
269,0.0755104
270,0.0755478
271,0.0755963
272,0.0756424
273,0.0756856
274,0.0757267
275,0.075771
276,0.0758182
277,0.0758739
278,0.0759243
279,0.0759704
280,0.0760113
281,0.0760538
282,0.0761002
283,0.0761529
284,0.0762066
285,0.0762521
286,0.0762934
287,0.0763335
288,0.076378
289,0.076424
290,0.0764641
291,0.0764975
292,0.0765302
293,0.0765636
294,0.0766057
295,0.0766518
296,0.0766958
297,0.0767328
298,0.0767663
299,0.0767963
300,0.0768331
301,0.076874
302,0.076912
303,0.0769407
304,0.0769705
305,0.0770035
306,0.0770419
307,0.0770835
308,0.0771217
309,0.0771531
310,0.0771776
311,0.0772065
312,0.0772355
313,0.0772751
314,0.0773115
315,0.0773468
316,0.0773778
317,0.0774101
318,0.0774524
319,0.0774934
320,0.0775275
321,0.0775534
322,0.0775811
323,0.0776098
324,0.0776487
325,0.0776963
326,0.0777486
327,0.0778003
328,0.0778484
329,0.0779045
330,0.0779606
331,0.078025
332,0.0780766
333,0.0781264
334,0.078168
335,0.0782164
336,0.0782678
337,0.0783138
338,0.0783575
339,0.0783775
340,0.0783951
341,0.078402
342,0.0784235
343,0.0784391
344,0.0784599
345,0.0784803
346,0.0785013
347,0.0785299
348,0.0785675
349,0.0786009
350,0.07863
351,0.0786482
352,0.0786567
353,0.0786679
354,0.078692
355,0.0787254
356,0.0787683
357,0.0788101
358,0.0788497
359,0.0788914
360,0.0789365
361,0.0789805
362,0.0790111
363,0.0790295
364,0.0790425
365,0.0790589
366,0.0790868
367,0.0791369
368,0.0791877
369,0.079243
370,0.079289
371,0.0793403
372,0.0793906
373,0.0794473
374,0.0794956
375,0.0795312
376,0.0795571
377,0.0795803
378,0.0796135
379,0.0796447
380,0.0796738
381,0.0796858
382,0.0796831
383,0.0796706
384,0.0796707
385,0.0796825
386,0.0797017
387,0.079719
388,0.079739
389,0.0797608
390,0.0797831
391,0.0798076
392,0.0798181
393,0.0798157
394,0.0797951
395,0.0797727
396,0.0797574
397,0.0797616
398,0.0797754
399,0.0797875
