2,0.995391
3,0.995622
4,1.00456
5,1.01248
6,1.01636
7,1.01812
8,1.0202
9,1.0247
10,1.02715
11,1.02499
12,1.02065
13,1.01482
14,1.01012
15,1.00368
16,0.998711
17,0.995918
18,0.989488
19,0.974067
20,0.961737
21,0.928897
22,0.888648
23,0.857064
24,0.8261
25,0.793527
26,0.759222
27,0.725609
28,0.6931
29,0.659257
30,0.623931
31,0.588749
32,0.557589
33,0.529337
34,0.50185
35,0.476229
36,0.451829
37,0.429795
38,0.40965
39,0.390639
40,0.373205
41,0.357609
42,0.343847
43,0.331052
44,0.319992
45,0.309585
46,0.300122
47,0.292154
48,0.285088
49,0.27896
50,0.273693
51,0.268881
52,0.264839
53,0.260826
54,0.257021
55,0.253235
56,0.249676
57,0.246184
58,0.242538
59,0.239582
60,0.236209
61,0.23288
62,0.229931
63,0.226606
64,0.222797
65,0.218754
66,0.214679
67,0.21035
68,0.205702
69,0.20066
70,0.195266
71,0.189794
72,0.184116
73,0.178411
74,0.172514
75,0.166697
76,0.161214
77,0.15585
78,0.150638
79,0.145337
80,0.139858
81,0.134228
82,0.128555
83,0.122965
84,0.117585
85,0.112426
86,0.107503
87,0.102875
88,0.098572
89,0.0942842
90,0.0900394
91,0.0856797
92,0.0812238
93,0.0766361
94,0.0720938
95,0.0676927
96,0.0635193
97,0.0596814
98,0.0562586
99,0.053093
100,0.0502508
101,0.0473059
102,0.0444027
103,0.041351
104,0.038425
105,0.0354641
106,0.032821
107,0.0302318
108,0.0279977
109,0.0259391
110,0.0243226
111,0.0226865
112,0.021356
113,0.0197256
114,0.0183591
115,0.0166085
116,0.0153136
117,0.0136868
118,0.0126124
119,0.0112888
120,0.0106309
121,0.00973423
122,0.00954396
123,0.00879934
124,0.0086461
125,0.00772839
126,0.00741946
127,0.006449
128,0.00631088
129,0.00548535
130,0.00562086
131,0.00495157
132,0.00532918
133,0.00488546
134,0.00548301
135,0.00498615
136,0.00533584
137,0.00465935
138,0.00491992
139,0.0041489
140,0.00457565
141,0.00386085
142,0.00435912
143,0.0037267
144,0.00438026
145,0.00390446
146,0.00455207
147,0.00399322
148,0.00455266
149,0.00390394
150,0.00439639
151,0.00371143
152,0.00413504
153,0.00348181
154,0.00386405
155,0.00316263
156,0.0036467
157,0.00297095
158,0.00350952
159,0.00293753
160,0.00345369
161,0.00285713
162,0.00343904
163,0.00278416
164,0.00334387
165,0.00282447
166,0.00340503
167,0.00297191
168,0.00362441
169,0.00332635
170,0.0038628
171,0.00362298
172,0.00385788
173,0.00328287
174,0.00327804
175,0.00271462
176,0.00282016
177,0.00242355
178,0.002703
179,0.00268299
180,0.00303094
181,0.00312668
182,0.00333003
183,0.00333569
184,0.00320643
185,0.00316041
186,0.00267733
187,0.00268713
188,0.00224496
189,0.00250927
190,0.00218511
191,0.00261021
192,0.00224077
193,0.00263945
194,0.00224852
195,0.00264003
196,0.00228385
197,0.00293091
198,0.00259859
199,0.00323052
200,0.00283157
201,0.0033623
202,0.00285552
203,0.00335302
204,0.00297321
205,0.00340723
206,0.00297475
207,0.003536
208,0.00320945
209,0.00380416
210,0.00353921
211,0.00403295
212,0.00364561
213,0.00400597
214,0.00354466
215,0.00400378
216,0.00359402
217,0.00393056
218,0.00351324
219,0.00382651
220,0.00335793
221,0.00366337
222,0.00321271
223,0.00361714
224,0.00329449
225,0.00394275
226,0.00381989
227,0.00452225
228,0.00448112
229,0.00486065
230,0.00451149
231,0.00455359
232,0.0039334
233,0.00389817
234,0.00323802
235,0.0034954
236,0.00304733
237,0.00356565
238,0.00338278
239,0.00388384
240,0.00362781
241,0.00392164
242,0.00332584
243,0.00341475
244,0.00288585
245,0.0030508
246,0.00267629
247,0.00289406
248,0.00258488
249,0.00292898
250,0.00263298
251,0.00301094
252,0.0027478
253,0.00299005
254,0.0026229
255,0.00291177
256,0.00261289
257,0.00293234
258,0.0026612
259,0.00293158
260,0.00270041
261,0.00289449
262,0.00267351
263,0.0029406
264,0.00272258
265,0.00296079
266,0.00277629
267,0.00309434
268,0.00301341
269,0.00333984
270,0.00318957
271,0.00341093
272,0.00315882
273,0.00324669
274,0.00294255
275,0.00299
276,0.00273977
277,0.00287414
278,0.00276233
279,0.00297826
280,0.00295695
281,0.00324966
282,0.00311611
283,0.00321489
284,0.00279725
285,0.00280137
286,0.00265232
287,0.00273714
288,0.00281271
289,0.00299858
290,0.00292706
291,0.00288032
292,0.00273392
293,0.00276954
294,0.00264928
295,0.00269098
296,0.00267706
297,0.00289161
298,0.00286727
299,0.00303144
300,0.00301835
301,0.00315462
302,0.00311259
303,0.00310932
304,0.0030391
305,0.00302311
306,0.0030273
307,0.00312545
308,0.00311174
309,0.00301444
310,0.00297604
311,0.00284963
312,0.00280823
313,0.00284841
314,0.002893
315,0.002918
316,0.00294767
317,0.00306787
318,0.00311609
319,0.00313176
320,0.00310712
321,0.0028664
322,0.00281668
323,0.00279229
324,0.0027059
325,0.00269956
326,0.00272576
327,0.00279961
328,0.00303292
329,0.00324541
330,0.00357087
331,0.00372052
332,0.0038566
333,0.00360659
334,0.00357542
335,0.00346594
336,0.00363225
337,0.00386141
338,0.00410693
339,0.00406687
340,0.00406234
341,0.00381064
342,0.0037001
343,0.00356085
344,0.00346211
345,0.00328728
346,0.00324044
347,0.00311721
348,0.00309696
349,0.00303533
350,0.00307965
351,0.00275773
352,0.00273289
353,0.00254245
354,0.00250769
355,0.00249035
356,0.00262437
357,0.00275082
358,0.00298119
359,0.00318946
360,0.00348777
361,0.00356367
362,0.00358795
363,0.00323958
364,0.00305169
365,0.00279572
366,0.00277176
367,0.00280049
368,0.00311358
369,0.00342627
370,0.00386286
371,0.0043075
372,0.00480654
373,0.00516328
374,0.00542546
375,0.0052949
376,0.00509192
377,0.00484635
378,0.0046891
379,0.00446542
380,0.00433831
381,0.00400238
382,0.00367719
383,0.00334483
384,0.0031066
385,0.00292151
386,0.00284637
387,0.00278496
388,0.00276932
389,0.00267815
390,0.0026343
391,0.00251687
392,0.00248183
393,0.00244357
394,0.00267268
395,0.00327065
396,0.00371908
397,0.0041027
398,0.00438091
399,0.00470289
