2,1.02849
3,1.05035
4,1.05796
5,1.0767
6,1.08834
7,1.09355
8,1.09301
9,1.09189
10,1.08549
11,1.07823
12,1.07167
13,1.06196
14,1.04839
15,1.03288
16,1.0189
17,0.999378
18,0.978775
19,0.955006
20,0.940013
21,0.898226
22,0.849019
23,0.81256
24,0.781996
25,0.751327
26,0.714683
27,0.677904
28,0.641788
29,0.606205
30,0.572964
31,0.541226
32,0.508078
33,0.476891
34,0.447025
35,0.41835
36,0.389756
37,0.361832
38,0.33527
39,0.311038
40,0.288623
41,0.270329
42,0.254589
43,0.240719
44,0.227846
45,0.215842
46,0.207345
47,0.19856
48,0.192661
49,0.187267
50,0.183262
51,0.179978
52,0.176827
53,0.173779
54,0.170835
55,0.167884
56,0.164755
57,0.161493
58,0.157859
59,0.153704
60,0.149472
61,0.144886
62,0.140018
63,0.13451
64,0.129488
65,0.124629
66,0.119812
67,0.115636
68,0.111554
69,0.107788
70,0.104083
71,0.100797
72,0.0971876
73,0.0936192
74,0.0901028
75,0.0866582
76,0.0829465
77,0.0791528
78,0.0753081
79,0.0716804
80,0.0682326
81,0.0648677
82,0.0614039
83,0.0581162
84,0.0545289
85,0.0511206
86,0.0478881
87,0.0451762
88,0.0424739
89,0.0400083
90,0.0374109
91,0.03495
92,0.0323689
93,0.0301545
94,0.0281434
95,0.0263258
96,0.0244142
97,0.0226932
98,0.0210451
99,0.0196218
100,0.018349
101,0.0172888
102,0.016238
103,0.0151526
104,0.014038
105,0.0131059
106,0.0121518
107,0.0112666
108,0.0105137
109,0.00987923
110,0.0093565
111,0.00882118
112,0.00839329
113,0.00780527
114,0.00716623
115,0.00655616
116,0.0060146
117,0.0054965
118,0.00491566
119,0.00456836
120,0.0040153
121,0.00398742
122,0.0036371
123,0.00389868
124,0.00346153
125,0.00371158
126,0.00308099
127,0.003447
128,0.00289222
129,0.0034113
130,0.00279905
131,0.00339364
132,0.00278314
133,0.00352055
134,0.00277701
135,0.00363684
136,0.00283715
137,0.00374211
138,0.00275578
139,0.0037277
140,0.00264936
141,0.00377441
142,0.00273744
143,0.00399026
144,0.00282765
145,0.0041092
146,0.0029576
147,0.0041339
148,0.00273275
149,0.00404898
150,0.00253791
151,0.00396582
152,0.00246277
153,0.003934
154,0.00245718
155,0.00396147
156,0.00250151
157,0.00390736
158,0.00242332
159,0.0039507
160,0.00236618
161,0.00391359
162,0.00237273
163,0.00395002
164,0.00252168
165,0.00395851
166,0.0026286
167,0.00401089
168,0.00263743
169,0.00396848
170,0.00274591
171,0.00394888
172,0.00289994
173,0.00399942
174,0.00293008
175,0.00384414
176,0.0028958
177,0.00371252
178,0.00304058
179,0.00370917
180,0.00327861
181,0.00368176
182,0.0033432
183,0.00365092
184,0.00339457
185,0.00323799
186,0.00294471
187,0.00275053
188,0.00268759
189,0.00258074
190,0.00270175
191,0.00251144
192,0.00268918
193,0.00251225
194,0.00279779
195,0.00255625
196,0.0026484
197,0.00246853
198,0.00257753
199,0.00250242
200,0.00260101
201,0.00248645
202,0.00262158
203,0.0025466
204,0.00259702
205,0.00252544
206,0.00258939
207,0.00262307
208,0.0026073
209,0.0027304
210,0.00274634
211,0.00286822
212,0.0028067
213,0.00282288
214,0.00271907
215,0.00277431
216,0.00276073
217,0.00274795
218,0.00271967
219,0.00277174
220,0.00283995
221,0.00298222
222,0.00317185
223,0.00327583
224,0.00335304
225,0.00338344
226,0.00345618
227,0.0034709
228,0.00344473
229,0.00336192
230,0.00324092
231,0.00300849
232,0.00297584
233,0.00277211
234,0.00281343
235,0.0026895
236,0.0026689
237,0.00260595
238,0.00271492
239,0.00263802
240,0.00267907
241,0.00265066
242,0.00265868
243,0.00270684
244,0.00273047
245,0.00267389
246,0.00278267
247,0.00272512
248,0.00281673
249,0.00278851
250,0.00294207
251,0.00276937
252,0.00296566
253,0.0027181
254,0.00291055
255,0.00273693
256,0.00293038
257,0.00278239
258,0.00288953
259,0.00272973
260,0.00287866
261,0.00275656
262,0.00289268
263,0.00282363
264,0.00290114
265,0.00283986
266,0.00294288
267,0.00290678
268,0.00297773
269,0.00296905
270,0.00300763
271,0.00290122
272,0.00289239
273,0.00281117
274,0.00287489
275,0.00285034
276,0.00282305
277,0.00276323
278,0.00284578
279,0.00274553
280,0.00279447
281,0.00273418
282,0.00273353
283,0.00262291
284,0.00275507
285,0.00266872
286,0.00273374
287,0.00267248
288,0.00277259
289,0.00266018
290,0.0028937
291,0.00264328
292,0.00279963
293,0.00261202
294,0.00278205
295,0.00255611
296,0.0028432
297,0.00253928
298,0.002883
299,0.00251042
300,0.00283437
301,0.00253609
302,0.00286771
303,0.00250637
304,0.00284221
305,0.00234596
306,0.00284009
307,0.00241217
308,0.0028982
309,0.002387
310,0.00290187
311,0.00240161
312,0.00282152
313,0.00230804
314,0.0028277
315,0.00215029
316,0.00286685
317,0.00226555
318,0.00283667
319,0.00222133
320,0.00293836
321,0.00220407
322,0.00288654
323,0.00224093
324,0.00279847
325,0.00213781
326,0.00294518
327,0.00226621
328,0.00306305
329,0.00247639
330,0.00329086
331,0.00286402
332,0.00361859
333,0.00317338
334,0.00382024
335,0.00340155
336,0.00406448
337,0.00372337
338,0.00429157
339,0.00369837
340,0.00401089
341,0.00332941
342,0.00362735
343,0.00301049
344,0.00333767
345,0.00284663
346,0.00308342
347,0.00272784
348,0.00307264
349,0.00283578
350,0.00308496
351,0.0027562
352,0.00284877
353,0.002513
354,0.00257922
355,0.00245442
356,0.00254067
357,0.00258705
358,0.00260471
359,0.00275466
360,0.00272177
361,0.00294988
362,0.00290639
363,0.00293897
364,0.00270686
365,0.00272851
366,0.00243929
367,0.00277713
368,0.00273325
369,0.00311368
370,0.00303041
371,0.00344731
372,0.00336238
373,0.00388966
374,0.00388896
375,0.00412302
376,0.00389518
377,0.00404354
378,0.00385603
379,0.0040613
380,0.00391902
381,0.0038933
382,0.00346954
383,0.00326408
384,0.00282498
385,0.00297356
386,0.00260272
387,0.002798
388,0.00250669
389,0.0027194
390,0.00251737
391,0.00268726
392,0.00263227
393,0.00264121
394,0.00263977
395,0.0029546
396,0.00289386
397,0.00317785
398,0.00318456
399,0.00343266
