2,-0.000400789
3,-0.000910086
4,-0.00128436
5,-0.0017313
6,-0.00207985
7,-0.00236446
8,-0.00250508
9,-0.00251679
10,-0.00240034
11,-0.0022408
12,-0.00189166
13,-0.00156503
14,-0.00128421
15,-0.00103904
16,-0.000784505
17,-0.000462219
18,4.86746e-05
19,0.000918031
20,0.00173789
21,0.00404378
22,0.00678577
23,0.00871256
24,0.0104471
25,0.0123165
26,0.0143875
27,0.0164989
28,0.0184461
29,0.0204853
30,0.0227157
31,0.0249424
32,0.0271923
33,0.0293369
34,0.0313032
35,0.0330887
36,0.0347507
37,0.0363295
38,0.03788
39,0.0393933
40,0.040808
41,0.0420855
42,0.0432547
43,0.0442827
44,0.0451944
45,0.0460153
46,0.0467158
47,0.0473213
48,0.0478442
49,0.0482873
50,0.0486683
51,0.0490132
52,0.0493237
53,0.0496191
54,0.0498961
55,0.050177
56,0.0504688
57,0.0507688
58,0.0510936
59,0.0514426
60,0.051816
61,0.0522078
62,0.0526134
63,0.0530385
64,0.0534566
65,0.0538499
66,0.0542375
67,0.0546029
68,0.0549561
69,0.0553012
70,0.0556428
71,0.0559814
72,0.0563278
73,0.0566671
74,0.0570091
75,0.0573369
76,0.0576744
77,0.0580087
78,0.0583602
79,0.0586949
80,0.0590266
81,0.0593442
82,0.059673
83,0.059996
84,0.0603233
85,0.0606539
86,0.060968
87,0.0612576
88,0.0615259
89,0.0617893
90,0.062053
91,0.0623219
92,0.0625939
93,0.0628555
94,0.0631
95,0.0633259
96,0.0635474
97,0.0637614
98,0.0639594
99,0.0641469
100,0.0643258
101,0.0644928
102,0.0646582
103,0.0648199
104,0.0649908
105,0.065157
106,0.0653218
107,0.0654785
108,0.0656281
109,0.0657595
110,0.065878
111,0.0659917
112,0.0661141
113,0.0662408
114,0.0663733
115,0.0665059
116,0.06664
117,0.0667665
118,0.0668932
119,0.0670155
120,0.0671278
121,0.0672303
122,0.0673184
123,0.0674059
124,0.0674906
125,0.0675861
126,0.0676814
127,0.0677771
128,0.0678739
129,0.0679702
130,0.0680564
131,0.0681373
132,0.0682021
133,0.0682619
134,0.0683185
135,0.0683762
136,0.0684446
137,0.0685227
138,0.0686023
139,0.0686854
140,0.0687628
141,0.0688388
142,0.0689119
143,0.0689808
144,0.0690317
145,0.0690834
146,0.0691331
147,0.0691958
148,0.0692748
149,0.0693594
150,0.0694508
151,0.0695404
152,0.0696257
153,0.0697057
154,0.0697809
155,0.0698543
156,0.0699171
157,0.0699796
158,0.0700441
159,0.070116
160,0.0701903
161,0.0702657
162,0.0703358
163,0.0704069
164,0.0704767
165,0.0705501
166,0.0706201
167,0.0706908
168,0.0707594
169,0.0708324
170,0.0709
171,0.0709772
172,0.0710444
173,0.0711084
174,0.0711618
175,0.0712174
176,0.0712732
177,0.0713458
178,0.0714162
179,0.0714934
180,0.0715665
181,0.0716404
182,0.0717096
183,0.0717675
184,0.0718105
185,0.0718391
186,0.0718566
187,0.0718769
188,0.0719087
189,0.0719518
190,0.0720032
191,0.072063
192,0.0721206
193,0.0721784
194,0.0722274
195,0.0722671
196,0.0722888
197,0.0723018
198,0.0723123
199,0.0723348
200,0.0723666
201,0.0724179
202,0.0724761
203,0.0725356
204,0.0726012
205,0.0726658
206,0.0727222
207,0.0727686
208,0.0727961
209,0.0728194
210,0.0728454
211,0.0728776
212,0.0729269
213,0.0729828
214,0.073043
215,0.0731018
216,0.0731599
217,0.0732142
218,0.0732637
219,0.0733055
220,0.0733318
221,0.0733589
222,0.0733832
223,0.0734164
224,0.0734528
225,0.0734915
226,0.0735299
227,0.0735656
228,0.0736112
229,0.0736643
230,0.0737314
231,0.0737953
232,0.0738639
233,0.0739266
234,0.0739969
235,0.0740603
236,0.0741229
237,0.074173
238,0.0742181
239,0.0742591
240,0.0743044
241,0.0743546
242,0.0744158
243,0.0744746
244,0.0745365
245,0.0745924
246,0.074652
247,0.0747036
248,0.0747524
249,0.0747871
250,0.0748109
251,0.0748334
252,0.0748629
253,0.0749061
254,0.0749556
255,0.0750062
256,0.0750562
257,0.0751035
258,0.0751542
259,0.0751999
260,0.0752403
261,0.0752672
262,0.0752841
263,0.0753002
264,0.0753298
265,0.0753597
266,0.0753991
267,0.0754368
268,0.0754695
269,0.0755039
270,0.0755447
271,0.0755923
272,0.0756343
273,0.075683
274,0.0757253
275,0.0757701
276,0.075821
277,0.0758756
278,0.0759262
279,0.0759672
280,0.0760043
281,0.0760448
282,0.0760897
283,0.0761423
284,0.0761936
285,0.0762474
286,0.0762942
287,0.0763423
288,0.0763875
289,0.0764364
290,0.0764735
291,0.0765051
292,0.0765319
293,0.0765564
294,0.0765971
295,0.0766393
296,0.0766882
297,0.0767309
298,0.0767678
299,0.0768052
300,0.0768451
301,0.0768859
302,0.076922
303,0.0769499
304,0.0769745
305,0.0770048
306,0.0770443
307,0.0770809
308,0.0771216
309,0.0771508
310,0.0771782
311,0.0772024
312,0.0772373
313,0.0772735
314,0.0773115
315,0.0773471
316,0.0773832
317,0.0774189
318,0.0774629
319,0.0775025
320,0.0775358
321,0.0775574
322,0.0775715
323,0.0776024
324,0.0776374
325,0.0776842
326,0.0777399
327,0.0777938
328,0.0778513
329,0.0779104
330,0.0779738
331,0.0780357
332,0.0780827
333,0.0781289
334,0.0781663
335,0.0782069
336,0.0782563
337,0.0783037
338,0.0783478
339,0.0783719
340,0.0783919
341,0.0784094
342,0.0784257
343,0.0784498
344,0.0784696
345,0.0784921
346,0.0785118
347,0.0785388
348,0.0785727
349,0.0786078
350,0.0786313
351,0.0786461
352,0.0786512
353,0.0786619
354,0.078683
355,0.0787185
356,0.0787628
357,0.0788079
358,0.0788529
359,0.0789036
360,0.0789503
361,0.078997
362,0.0790216
363,0.0790384
364,0.0790428
365,0.0790539
366,0.0790823
367,0.0791277
368,0.0791824
369,0.079238
370,0.0792918
371,0.079347
372,0.0794014
373,0.0794586
374,0.0795073
375,0.0795394
376,0.0795644
377,0.0795872
378,0.0796162
379,0.0796485
380,0.0796707
381,0.0796841
382,0.0796816
383,0.0796732
384,0.0796707
385,0.0796834
386,0.0797017
387,0.0797253
388,0.0797464
389,0.0797723
390,0.0797989
391,0.0798187
392,0.0798307
393,0.0798163
394,0.0797918
395,0.0797618
396,0.079746
397,0.0797432
398,0.079753
399,0.0797601
