2,1.01082
3,1.02308
4,1.03128
5,1.04085
6,1.04786
7,1.05336
8,1.05554
9,1.05501
10,1.05188
11,1.0479
12,1.04021
13,1.03314
14,1.02719
15,1.022
16,1.01673
17,1.0103
18,1.00007
19,0.983363
20,0.967533
21,0.923841
22,0.872486
23,0.837068
24,0.805665
25,0.772148
26,0.735188
27,0.697925
28,0.663892
29,0.628571
30,0.59006
31,0.551965
32,0.513698
33,0.477601
34,0.444813
35,0.415486
36,0.38853
37,0.363223
38,0.3385
39,0.314609
40,0.292485
41,0.272854
42,0.255173
43,0.239947
44,0.226746
45,0.215131
46,0.205608
47,0.19769
48,0.191147
49,0.185962
50,0.181825
51,0.178266
52,0.175271
53,0.172513
54,0.170042
55,0.167522
56,0.164773
57,0.161908
58,0.15859
59,0.154916
60,0.15078
61,0.146388
62,0.14173
63,0.136788
64,0.131919
65,0.127486
66,0.123095
67,0.119108
68,0.115255
69,0.111588
70,0.107889
71,0.104321
72,0.100538
73,0.0969517
74,0.0932241
75,0.0898022
76,0.0861429
77,0.0826099
78,0.0787098
79,0.0751587
80,0.0715508
81,0.0682651
82,0.0646983
83,0.0613174
84,0.0577604
85,0.0542421
86,0.0508803
87,0.0480017
88,0.0453426
89,0.0428373
90,0.0402307
91,0.0376314
92,0.0349087
93,0.0323887
94,0.0300795
95,0.0280734
96,0.0261253
97,0.0242902
98,0.0226881
99,0.0212278
100,0.0199013
101,0.0187553
102,0.0176219
103,0.0165517
104,0.015304
105,0.0141762
106,0.0130122
107,0.0120246
108,0.0110732
109,0.01047
110,0.00996267
111,0.00960651
112,0.00899424
113,0.00849411
114,0.00767422
115,0.00713408
116,0.00625377
117,0.00589556
118,0.00501854
119,0.00485065
120,0.00411162
121,0.00422779
122,0.00376315
123,0.00410604
124,0.00363363
125,0.00389954
126,0.00315742
127,0.00364176
128,0.00283559
129,0.00331797
130,0.00267673
131,0.0032517
132,0.00272722
133,0.00344438
134,0.00299159
135,0.00354021
136,0.00307456
137,0.00354173
138,0.00292917
139,0.00344373
140,0.00283818
141,0.00328751
142,0.00278239
143,0.00329946
144,0.00300252
145,0.00354388
146,0.00326331
147,0.00365668
148,0.00316897
149,0.00341993
150,0.0028972
151,0.00316607
152,0.00265761
153,0.00312256
154,0.00259132
155,0.00308578
156,0.00260887
157,0.0030918
158,0.00265146
159,0.00311045
160,0.00264252
161,0.00304537
162,0.00261655
163,0.00311072
164,0.00262318
165,0.00310331
166,0.00264512
167,0.0031802
168,0.00273908
169,0.0032812
170,0.00279925
171,0.00336051
172,0.00292255
173,0.00343482
174,0.00280706
175,0.00321991
176,0.00269047
177,0.00318657
178,0.00280311
179,0.00335289
180,0.00307728
181,0.00353669
182,0.00333708
183,0.00358786
184,0.00312984
185,0.00299655
186,0.00239683
187,0.0021189
188,0.00184306
189,0.00164964
190,0.00183831
191,0.00164817
192,0.0020668
193,0.00176584
194,0.0022437
195,0.00179841
196,0.00222893
197,0.001758
198,0.00224483
199,0.00197371
200,0.00247328
201,0.00203773
202,0.00241856
203,0.00194429
204,0.00228319
205,0.00178757
206,0.00224446
207,0.00191483
208,0.00237919
209,0.00228621
210,0.00265099
211,0.00261173
212,0.00277936
213,0.00252942
214,0.00262094
215,0.00232499
216,0.00242916
217,0.00223862
218,0.00233153
219,0.00231284
220,0.00248236
221,0.00273744
222,0.00286617
223,0.00307997
224,0.00311366
225,0.00328517
226,0.0032941
227,0.0035172
228,0.00340304
229,0.00346707
230,0.00305384
231,0.00309117
232,0.00263073
233,0.00274819
234,0.0022503
235,0.00250389
236,0.00198878
237,0.00246489
238,0.00203479
239,0.00256402
240,0.0020785
241,0.00251108
242,0.00197774
243,0.00249918
244,0.00190528
245,0.0025226
246,0.00197278
247,0.00256711
248,0.00211343
249,0.00261585
250,0.00217241
251,0.00268186
252,0.00220488
253,0.00267455
254,0.00219682
255,0.00264432
256,0.00217239
257,0.00267309
258,0.00220147
259,0.00266345
260,0.00229507
261,0.00271774
262,0.00237091
263,0.00275149
264,0.00249156
265,0.00282231
266,0.00253653
267,0.00282716
268,0.00260193
269,0.00282726
270,0.00264211
271,0.00281005
272,0.00265359
273,0.00275492
274,0.00258371
275,0.00261076
276,0.00255464
277,0.00250358
278,0.00257153
279,0.00245744
280,0.00256452
281,0.00246376
282,0.0025718
283,0.00236006
284,0.00259771
285,0.00238064
286,0.00258123
287,0.0023635
288,0.00270647
289,0.00248487
290,0.00279031
291,0.00248955
292,0.00270262
293,0.00243746
294,0.00263707
295,0.00242994
296,0.00261743
297,0.00253173
298,0.00264653
299,0.00245861
300,0.00269453
301,0.00255016
302,0.00269452
303,0.00255279
304,0.0026713
305,0.00250457
306,0.00266202
307,0.00251962
308,0.00259804
309,0.00250035
310,0.00254282
311,0.00249318
312,0.00256878
313,0.00249515
314,0.00251914
315,0.00248412
316,0.0025567
317,0.00250844
318,0.00256841
319,0.00262344
320,0.00252702
321,0.00258496
322,0.00247259
323,0.0025988
324,0.00242938
325,0.00257851
326,0.00249994
327,0.00266364
328,0.00264484
329,0.00288607
330,0.00302184
331,0.00332115
332,0.0033712
333,0.00352447
334,0.00354849
335,0.00365713
336,0.00373384
337,0.00389755
338,0.00394691
339,0.00394576
340,0.00369325
341,0.00366572
342,0.00343141
343,0.00342853
344,0.00327286
345,0.00321831
346,0.00311608
347,0.00309842
348,0.00309873
349,0.0031341
350,0.00302048
351,0.00292303
352,0.00276705
353,0.00272014
354,0.0026121
355,0.00261987
356,0.00267157
357,0.00271651
358,0.00279039
359,0.00283215
360,0.00311315
361,0.00308786
362,0.00317539
363,0.00289052
364,0.00292896
365,0.00264458
366,0.00280889
367,0.00267691
368,0.00300191
369,0.00296357
370,0.00337284
371,0.0033684
372,0.00378245
373,0.0038623
374,0.00427088
375,0.00407167
376,0.00426456
377,0.00392213
378,0.00414464
379,0.00396199
380,0.00408575
381,0.00369646
382,0.00367012
383,0.00312779
384,0.00311754
385,0.00277205
386,0.00294799
387,0.0027
388,0.00289152
389,0.00266171
390,0.00283245
391,0.00266958
392,0.0027672
393,0.0025253
394,0.0026899
395,0.00279498
396,0.00307439
397,0.00322323
398,0.00345937
399,0.00367319
