2,1.00351
3,1.00461
4,1.00618
5,1.0131
6,1.01932
7,1.02478
8,1.02984
9,1.03433
10,1.03617
11,1.0352
12,1.03421
13,1.0315
14,1.02485
15,1.01696
16,1.01051
17,1.00154
18,0.988557
19,0.972843
20,0.962625
21,0.931031
22,0.887193
23,0.84972
24,0.815138
25,0.77859
26,0.741315
27,0.703553
28,0.664886
29,0.624447
30,0.583529
31,0.54535
32,0.511168
33,0.479707
34,0.448665
35,0.419091
36,0.390952
37,0.36449
38,0.340453
39,0.317889
40,0.29796
41,0.279329
42,0.2626
43,0.247558
44,0.234296
45,0.222769
46,0.212827
47,0.204345
48,0.197402
49,0.191269
50,0.186689
51,0.182589
52,0.179048
53,0.176026
54,0.173363
55,0.170907
56,0.168715
57,0.166122
58,0.162965
59,0.159727
60,0.156094
61,0.151826
62,0.147265
63,0.142651
64,0.138114
65,0.133422
66,0.128738
67,0.124484
68,0.120536
69,0.116714
70,0.112878
71,0.10903
72,0.105135
73,0.101265
74,0.097554
75,0.0937827
76,0.0902459
77,0.0866994
78,0.0830831
79,0.0793668
80,0.0757845
81,0.0721281
82,0.0685641
83,0.0648968
84,0.0613203
85,0.0577102
86,0.0543374
87,0.051249
88,0.0485249
89,0.0458348
90,0.0432357
91,0.0405844
92,0.0378077
93,0.035015
94,0.0324637
95,0.0301071
96,0.0280392
97,0.0261117
98,0.024475
99,0.0230152
100,0.0217302
101,0.0205013
102,0.0192817
103,0.0180325
104,0.0166829
105,0.0153577
106,0.0141193
107,0.0129205
108,0.0118924
109,0.0111302
110,0.0106302
111,0.0102498
112,0.009752
113,0.00922413
114,0.00846068
115,0.00773342
116,0.00683292
117,0.00620602
118,0.00547093
119,0.0049867
120,0.00464934
121,0.00447715
122,0.00435408
123,0.00437517
124,0.00415761
125,0.00407619
126,0.00369813
127,0.00367608
128,0.00324794
129,0.00331257
130,0.00291104
131,0.0032558
132,0.0029666
133,0.00336074
134,0.00324723
135,0.00365738
136,0.00341711
137,0.00363661
138,0.00322415
139,0.00346115
140,0.0030038
141,0.00336033
142,0.00294785
143,0.00335469
144,0.00308033
145,0.00363089
146,0.00344917
147,0.00382381
148,0.003454
149,0.00357395
150,0.00302407
151,0.00328295
152,0.00275604
153,0.00311728
154,0.00265604
155,0.00308479
156,0.0027411
157,0.00306147
158,0.00271147
159,0.00310951
160,0.00268221
161,0.00306457
162,0.00274936
163,0.00302121
164,0.00273348
165,0.00304391
166,0.00285275
167,0.00311925
168,0.00286395
169,0.00315227
170,0.00301882
171,0.00323009
172,0.00310917
173,0.00323809
174,0.00301898
175,0.00298226
176,0.00290216
177,0.0029228
178,0.00303993
179,0.00315077
180,0.00339108
181,0.00344877
182,0.00362713
183,0.00351355
184,0.0033313
185,0.00278629
186,0.00228852
187,0.00178837
188,0.00151386
189,0.00160709
190,0.00157604
191,0.00196022
192,0.00181739
193,0.00231713
194,0.00204303
195,0.00236822
196,0.00186694
197,0.00231081
198,0.00189181
199,0.00252642
200,0.00219928
201,0.00270503
202,0.00212495
203,0.00258291
204,0.00201911
205,0.00246377
206,0.00194513
207,0.00250013
208,0.00206554
209,0.00272738
210,0.00248455
211,0.00302658
212,0.00264624
213,0.00298989
214,0.00246301
215,0.00278882
216,0.00224738
217,0.0027036
218,0.00224717
219,0.0027566
220,0.0024525
221,0.0030042
222,0.00281874
223,0.00329316
224,0.00309817
225,0.00351122
226,0.00341282
227,0.00380807
228,0.00366173
229,0.00383644
230,0.00336585
231,0.0033381
232,0.0028208
233,0.00294287
234,0.00245351
235,0.00269272
236,0.00226384
237,0.00258634
238,0.00229932
239,0.00265348
240,0.00241789
241,0.00267527
242,0.00231048
243,0.00252366
244,0.00223279
245,0.00243961
246,0.00231658
247,0.0025802
248,0.00243751
249,0.00258228
250,0.00247221
251,0.00261681
252,0.00253254
253,0.00262562
254,0.00246749
255,0.00262239
256,0.00246119
257,0.00265946
258,0.00246864
259,0.00264344
260,0.00252374
261,0.00270073
262,0.00255377
263,0.00279247
264,0.0026171
265,0.00284907
266,0.00268193
267,0.0028867
268,0.00270378
269,0.00298642
270,0.00276387
271,0.00296472
272,0.00274368
273,0.00288923
274,0.00265984
275,0.00276285
276,0.00252953
277,0.00267443
278,0.00252276
279,0.00268405
280,0.00254276
281,0.00273125
282,0.0025332
283,0.00261973
284,0.00249372
285,0.00264147
286,0.00254101
287,0.0026316
288,0.00269484
289,0.00276632
290,0.00274723
291,0.00277547
292,0.00263133
293,0.00268995
294,0.00257078
295,0.00262759
296,0.00255526
297,0.00261041
298,0.00272268
299,0.00271569
300,0.00278986
301,0.00276391
302,0.00283898
303,0.00262627
304,0.00279684
305,0.00255612
306,0.00274099
307,0.0025352
308,0.00281045
309,0.00252518
310,0.00279486
311,0.00246128
312,0.00275484
313,0.00242663
314,0.00280207
315,0.00241882
316,0.00278457
317,0.00239602
318,0.00280744
319,0.00249503
320,0.00284703
321,0.0024012
322,0.00281525
323,0.0023949
324,0.00274922
325,0.00229496
326,0.0027631
327,0.00236734
328,0.00300079
329,0.0026968
330,0.00334426
331,0.00319397
332,0.00374822
333,0.00335115
334,0.00376451
335,0.00339123
336,0.00382589
337,0.00359707
338,0.00404414
339,0.00373787
340,0.00391024
341,0.00352783
342,0.00372825
343,0.00333049
344,0.00354109
345,0.00311453
346,0.00333512
347,0.00291667
348,0.0032432
349,0.00286481
350,0.00315522
351,0.00273621
352,0.00284981
353,0.00252365
354,0.00267375
355,0.00242026
356,0.00268104
357,0.00254662
358,0.00284751
359,0.00277435
360,0.00311668
361,0.00307206
362,0.00322623
363,0.00290772
364,0.00288592
365,0.00264972
366,0.00269174
367,0.00263197
368,0.00283436
369,0.00294817
370,0.00323482
371,0.00346459
372,0.00376729
373,0.00400774
374,0.00422548
375,0.00427305
376,0.00419356
377,0.00406566
378,0.00404085
379,0.00399391
380,0.00397914
381,0.00380662
382,0.00347371
383,0.00317784
384,0.00296145
385,0.0028274
386,0.00274459
387,0.00274442
388,0.00271021
389,0.00268312
390,0.00262219
391,0.00265757
392,0.00258094
393,0.00250099
394,0.00253728
395,0.00275292
396,0.00301881
397,0.00332637
398,0.00352521
399,0.00375539
