2,-0.000125904
3,-0.000177092
4,-0.000250505
5,-0.000551394
6,-0.000840259
7,-0.00109853
8,-0.00135125
9,-0.00157665
10,-0.00168845
11,-0.00165835
12,-0.00163276
13,-0.00151537
14,-0.00120545
15,-0.000822007
16,-0.000508616
17,-5.65107e-05
18,0.000605767
19,0.00142602
20,0.00196606
21,0.00364206
22,0.00598268
23,0.00801292
24,0.00991264
25,0.0119379
26,0.014023
27,0.0161543
28,0.0183553
29,0.0206711
30,0.023034
31,0.0252584
32,0.0272804
33,0.0291598
34,0.0310315
35,0.0328289
36,0.0345576
37,0.0361987
38,0.0377102
39,0.0391441
40,0.0404336
41,0.0416518
42,0.0427655
43,0.0437838
44,0.0447016
45,0.0455193
46,0.0462467
47,0.0468879
48,0.0474388
49,0.0479425
50,0.0483525
51,0.0487338
52,0.0490805
53,0.0493955
54,0.0496865
55,0.0499654
56,0.0502261
57,0.0505104
58,0.0508278
59,0.0511494
60,0.0514937
61,0.0518767
62,0.0522772
63,0.0526798
64,0.0530783
65,0.0534848
66,0.0538921
67,0.0542708
68,0.0546313
69,0.0549825
70,0.0553351
71,0.055687
72,0.0560429
73,0.0563956
74,0.0567392
75,0.0570847
76,0.057417
77,0.0577481
78,0.0580848
79,0.0584254
80,0.0587592
81,0.0590951
82,0.0594279
83,0.0597643
84,0.0600969
85,0.0604284
86,0.0607474
87,0.0610455
88,0.0613219
89,0.0615933
90,0.0618601
91,0.0621284
92,0.0624061
93,0.0626828
94,0.0629456
95,0.0631924
96,0.0634226
97,0.0636419
98,0.0638428
99,0.06403
100,0.0642055
101,0.0643776
102,0.0645486
103,0.0647211
104,0.0648993
105,0.0650773
106,0.0652486
107,0.0654176
108,0.0655749
109,0.0657138
110,0.0658349
111,0.0659478
112,0.0660658
113,0.0661894
114,0.0663237
115,0.0664629
116,0.0666062
117,0.0667403
118,0.0668742
119,0.0669981
120,0.0671072
121,0.0672059
122,0.0672943
123,0.0673783
124,0.0674649
125,0.0675588
126,0.0676561
127,0.067757
128,0.0678586
129,0.0679584
130,0.0680509
131,0.0681339
132,0.0682019
133,0.068259
134,0.0683081
135,0.068364
136,0.0684284
137,0.0685071
138,0.0685936
139,0.068673
140,0.0687595
141,0.068839
142,0.0689158
143,0.0689764
144,0.0690357
145,0.0690767
146,0.0691279
147,0.0691832
148,0.069258
149,0.0693451
150,0.069439
151,0.0695288
152,0.0696225
153,0.0697066
154,0.0697889
155,0.0698581
156,0.0699258
157,0.0699843
158,0.0700487
159,0.0701117
160,0.0701877
161,0.0702604
162,0.0703363
163,0.0704053
164,0.0704762
165,0.0705518
166,0.0706232
167,0.0706928
168,0.0707624
169,0.0708351
170,0.0709041
171,0.0709804
172,0.0710422
173,0.0711022
174,0.0711546
175,0.0712099
176,0.0712669
177,0.0713367
178,0.0714109
179,0.071489
180,0.0715681
181,0.0716434
182,0.0717154
183,0.0717763
184,0.0718172
185,0.0718443
186,0.0718601
187,0.071876
188,0.0719052
189,0.0719472
190,0.0720027
191,0.0720619
192,0.0721236
193,0.0721838
194,0.0722325
195,0.0722741
196,0.0722909
197,0.0723019
198,0.0723102
199,0.0723314
200,0.0723615
201,0.0724072
202,0.0724685
203,0.0725313
204,0.0725952
205,0.0726618
206,0.0727169
207,0.0727657
208,0.0727927
209,0.072818
210,0.0728394
211,0.0728772
212,0.0729225
213,0.0729809
214,0.0730389
215,0.0730987
216,0.073157
217,0.0732137
218,0.0732619
219,0.0733004
220,0.0733335
221,0.0733622
222,0.0733881
223,0.073424
224,0.0734592
225,0.0734966
226,0.073524
227,0.0735607
228,0.0735951
229,0.0736492
230,0.0737117
231,0.0737863
232,0.0738569
233,0.0739269
234,0.073999
235,0.074063
236,0.0741239
237,0.0741741
238,0.0742162
239,0.0742471
240,0.0742899
241,0.0743383
242,0.0744007
243,0.0744624
244,0.0745309
245,0.0745943
246,0.0746582
247,0.0747155
248,0.0747599
249,0.0747938
250,0.0748114
251,0.0748312
252,0.0748614
253,0.0748997
254,0.0749491
255,0.0750009
256,0.0750533
257,0.0751042
258,0.0751568
259,0.0752014
260,0.0752434
261,0.0752709
262,0.0752891
263,0.0753042
264,0.0753294
265,0.07536
266,0.0754008
267,0.075434
268,0.0754679
269,0.0754981
270,0.0755368
271,0.0755793
272,0.0756258
273,0.0756743
274,0.0757231
275,0.0757745
276,0.0758288
277,0.0758827
278,0.075931
279,0.0759677
280,0.0760018
281,0.0760339
282,0.0760725
283,0.0761215
284,0.0761789
285,0.0762367
286,0.0762981
287,0.0763476
288,0.0764052
289,0.0764495
290,0.0764867
291,0.0765115
292,0.0765327
293,0.0765496
294,0.0765852
295,0.0766246
296,0.0766742
297,0.0767228
298,0.0767702
299,0.0768171
300,0.0768594
301,0.0769002
302,0.0769353
303,0.0769594
304,0.0769839
305,0.077009
306,0.0770433
307,0.0770812
308,0.0771214
309,0.0771544
310,0.0771784
311,0.0772035
312,0.0772336
313,0.0772714
314,0.0773088
315,0.0773484
316,0.0773869
317,0.0774307
318,0.0774717
319,0.0775138
320,0.0775393
321,0.077562
322,0.0775732
323,0.0775934
324,0.0776236
325,0.0776715
326,0.0777265
327,0.0777884
328,0.0778508
329,0.0779186
330,0.0779838
331,0.0780472
332,0.0780963
333,0.0781323
334,0.0781641
335,0.0782011
336,0.0782426
337,0.0782945
338,0.0783341
339,0.0783714
340,0.0783915
341,0.0784185
342,0.0784359
343,0.0784622
344,0.0784803
345,0.0785025
346,0.0785206
347,0.0785441
348,0.0785755
349,0.0786043
350,0.0786303
351,0.0786451
352,0.0786514
353,0.0786622
354,0.078684
355,0.0787142
356,0.0787604
357,0.0788069
358,0.0788573
359,0.078906
360,0.0789596
361,0.0790016
362,0.0790323
363,0.0790454
364,0.0790481
365,0.0790562
366,0.0790806
367,0.0791203
368,0.0791751
369,0.0792331
370,0.0792924
371,0.0793497
372,0.0794114
373,0.079467
374,0.0795167
375,0.0795511
376,0.0795748
377,0.0795923
378,0.0796201
379,0.0796469
380,0.0796718
381,0.0796839
382,0.0796827
383,0.0796763
384,0.0796777
385,0.0796878
386,0.0797095
387,0.0797289
388,0.0797543
389,0.0797796
390,0.0798034
391,0.0798245
392,0.0798291
393,0.0798184
394,0.0797896
395,0.0797614
396,0.0797387
397,0.0797327
398,0.0797352
399,0.0797407
