2,0.000344211
3,0.000679231
4,0.000598647
5,0.000386693
6,-1.63929e-05
7,-0.000403799
8,-0.000707061
9,-0.000891142
10,-0.000975188
11,-0.00107571
12,-0.00106236
13,-0.00111108
14,-0.000943978
15,-0.000632827
16,-0.000234531
17,0.00031816
18,0.00088385
19,0.00161719
20,0.0021243
21,0.00397822
22,0.00628619
23,0.00816391
24,0.0102118
25,0.0123543
26,0.0143643
27,0.0164058
28,0.018645
29,0.0209246
30,0.0231331
31,0.025169
32,0.0270441
33,0.0289136
34,0.03076
35,0.0325564
36,0.034262
37,0.0358522
38,0.0373857
39,0.0387552
40,0.040006
41,0.0412061
42,0.0422925
43,0.0433009
44,0.0442213
45,0.0450315
46,0.0457621
47,0.0464247
48,0.0470177
49,0.0475344
50,0.0480041
51,0.0484416
52,0.0487955
53,0.0491334
54,0.0494222
55,0.0497039
56,0.0499998
57,0.050249
58,0.0505067
59,0.050837
60,0.0511989
61,0.0515568
62,0.0519494
63,0.0523495
64,0.0527455
65,0.0531554
66,0.0535582
67,0.0539367
68,0.0543004
69,0.0546609
70,0.0550226
71,0.0553913
72,0.0557551
73,0.0561191
74,0.0564761
75,0.056822
76,0.0571564
77,0.0574879
78,0.0578225
79,0.0581645
80,0.0585053
81,0.0588445
82,0.0591878
83,0.0595301
84,0.059872
85,0.0602091
86,0.060537
87,0.0608386
88,0.0611223
89,0.0613966
90,0.0616678
91,0.0619442
92,0.062229
93,0.0625175
94,0.0627939
95,0.063049
96,0.0632922
97,0.0635181
98,0.0637251
99,0.0639163
100,0.0640944
101,0.0642723
102,0.0644466
103,0.0646227
104,0.0648116
105,0.0649953
106,0.0651791
107,0.0653566
108,0.0655199
109,0.0656655
110,0.0657875
111,0.0659043
112,0.0660196
113,0.066145
114,0.0662827
115,0.0664261
116,0.0665727
117,0.0667126
118,0.0668473
119,0.0669764
120,0.0670851
121,0.067186
122,0.0672698
123,0.0673533
124,0.0674408
125,0.0675349
126,0.067637
127,0.0677387
128,0.0678455
129,0.0679452
130,0.068041
131,0.0681273
132,0.0681956
133,0.068249
134,0.0682996
135,0.0683507
136,0.0684193
137,0.0684954
138,0.0685816
139,0.0686681
140,0.068754
141,0.0688363
142,0.0689102
143,0.0689778
144,0.0690314
145,0.069076
146,0.0691228
147,0.0691759
148,0.0692515
149,0.0693358
150,0.0694314
151,0.0695228
152,0.0696174
153,0.0697037
154,0.0697888
155,0.0698622
156,0.0699281
157,0.0699892
158,0.0700496
159,0.0701154
160,0.0701854
161,0.0702604
162,0.0703307
163,0.0704052
164,0.0704751
165,0.0705527
166,0.0706225
167,0.0706952
168,0.0707677
169,0.0708393
170,0.0709085
171,0.0709805
172,0.0710442
173,0.0711006
174,0.0711501
175,0.0712033
176,0.0712612
177,0.0713299
178,0.0714075
179,0.0714858
180,0.0715656
181,0.0716434
182,0.0717175
183,0.0717769
184,0.0718227
185,0.0718481
186,0.0718642
187,0.0718813
188,0.0719092
189,0.0719509
190,0.0720036
191,0.0720633
192,0.0721245
193,0.0721823
194,0.0722346
195,0.0722733
196,0.0722932
197,0.0723014
198,0.0723083
199,0.0723288
200,0.0723574
201,0.0724036
202,0.0724614
203,0.0725261
204,0.0725932
205,0.0726546
206,0.0727159
207,0.0727599
208,0.0727917
209,0.0728143
210,0.0728389
211,0.0728731
212,0.0729224
213,0.0729769
214,0.0730373
215,0.0730961
216,0.0731544
217,0.073211
218,0.0732602
219,0.0733013
220,0.0733341
221,0.0733621
222,0.0733928
223,0.0734273
224,0.0734642
225,0.0734979
226,0.0735257
227,0.073552
228,0.0735863
229,0.0736354
230,0.0737
231,0.0737728
232,0.0738496
233,0.0739232
234,0.0739965
235,0.0740669
236,0.0741246
237,0.0741753
238,0.0742088
239,0.0742402
240,0.0742787
241,0.0743264
242,0.0743857
243,0.0744525
244,0.0745233
245,0.0745931
246,0.0746606
247,0.074721
248,0.0747657
249,0.0747982
250,0.0748151
251,0.0748312
252,0.0748558
253,0.0748944
254,0.0749442
255,0.0749985
256,0.0750519
257,0.0751047
258,0.0751553
259,0.0752051
260,0.0752428
261,0.0752719
262,0.0752924
263,0.0753072
264,0.0753302
265,0.0753623
266,0.0753989
267,0.0754345
268,0.0754632
269,0.0754916
270,0.0755301
271,0.0755723
272,0.0756186
273,0.075667
274,0.0757204
275,0.0757773
276,0.0758323
277,0.0758876
278,0.0759324
279,0.0759711
280,0.0759981
281,0.0760256
282,0.0760603
283,0.0761099
284,0.0761679
285,0.0762304
286,0.0762921
287,0.0763527
288,0.0764094
289,0.0764592
290,0.076493
291,0.0765169
292,0.0765316
293,0.0765468
294,0.0765754
295,0.0766154
296,0.0766656
297,0.0767191
298,0.0767723
299,0.0768214
300,0.0768696
301,0.0769115
302,0.0769467
303,0.0769703
304,0.0769912
305,0.0770137
306,0.0770444
307,0.077085
308,0.077122
309,0.0771534
310,0.0771793
311,0.077202
312,0.0772337
313,0.0772699
314,0.0773091
315,0.0773462
316,0.077391
317,0.0774334
318,0.0774817
319,0.0775186
320,0.0775491
321,0.0775643
322,0.0775751
323,0.0775882
324,0.0776174
325,0.0776613
326,0.0777191
327,0.0777824
328,0.0778478
329,0.0779225
330,0.0779896
331,0.0780563
332,0.0781027
333,0.0781389
334,0.0781648
335,0.0781939
336,0.0782378
337,0.0782845
338,0.0783308
339,0.0783696
340,0.0783957
341,0.078421
342,0.0784437
343,0.0784694
344,0.0784893
345,0.0785082
346,0.0785261
347,0.0785485
348,0.0785772
349,0.0786079
350,0.07863
351,0.0786453
352,0.0786498
353,0.078662
354,0.0786806
355,0.0787146
356,0.0787584
357,0.0788089
358,0.0788569
359,0.0789099
360,0.078964
361,0.0790082
362,0.0790391
363,0.0790512
364,0.0790545
365,0.0790578
366,0.0790811
367,0.0791192
368,0.0791732
369,0.0792308
370,0.079291
371,0.0793514
372,0.0794132
373,0.0794753
374,0.079526
375,0.0795593
376,0.0795844
377,0.0795988
378,0.0796252
379,0.0796507
380,0.0796751
381,0.0796872
382,0.0796848
383,0.0796776
384,0.0796802
385,0.0796926
386,0.0797119
387,0.0797343
388,0.0797582
389,0.0797819
390,0.079808
391,0.079827
392,0.0798316
393,0.0798182
394,0.0797887
395,0.0797564
396,0.0797328
397,0.0797212
398,0.0797223
399,0.0797254
