2,0.982554
3,0.976663
4,0.992867
5,1.00066
6,1.00234
7,1.00297
8,1.00435
9,1.00502
10,1.00442
11,1.00203
12,1.00027
13,0.998324
14,0.993271
15,0.987196
16,0.97829
17,0.967123
18,0.955246
19,0.941212
20,0.937909
21,0.911871
22,0.878493
23,0.845233
24,0.809991
25,0.773604
26,0.737989
27,0.703473
28,0.670396
29,0.637831
30,0.602801
31,0.565633
32,0.527804
33,0.492244
34,0.459607
35,0.430093
36,0.403013
37,0.377596
38,0.354116
39,0.332796
40,0.312975
41,0.295092
42,0.278682
43,0.264247
44,0.250997
45,0.239328
46,0.228914
47,0.219898
48,0.212052
49,0.205088
50,0.198841
51,0.193915
52,0.189619
53,0.185649
54,0.182585
55,0.179891
56,0.177254
57,0.17508
58,0.172599
59,0.169619
60,0.165958
61,0.162107
62,0.158016
63,0.153512
64,0.148874
65,0.144324
66,0.139736
67,0.135252
68,0.131188
69,0.127196
70,0.12305
71,0.118815
72,0.114429
73,0.110186
74,0.106066
75,0.102266
76,0.0985979
77,0.0949787
78,0.09128
79,0.0875593
80,0.0837582
81,0.079936
82,0.0760452
83,0.0722024
84,0.0683549
85,0.0645347
86,0.0608928
87,0.0576522
88,0.0546776
89,0.0518918
90,0.0491091
91,0.046234
92,0.043229
93,0.0401106
94,0.0372073
95,0.0344984
96,0.032078
97,0.0299475
98,0.028075
99,0.0265309
100,0.0250532
101,0.0236672
102,0.0223324
103,0.0209357
104,0.0193773
105,0.0177971
106,0.0162743
107,0.0148492
108,0.0136407
109,0.0126678
110,0.0121205
111,0.0115469
112,0.0111982
113,0.0104944
114,0.00979181
115,0.00879856
116,0.00794368
117,0.00701805
118,0.0063831
119,0.0056331
120,0.00533306
121,0.00498654
122,0.00506127
123,0.00483256
124,0.00497066
125,0.00450317
126,0.00441455
127,0.00396064
128,0.0038357
129,0.00343069
130,0.00345701
131,0.00327062
132,0.00339508
133,0.00337025
134,0.0037284
135,0.00370328
136,0.00398049
137,0.00372376
138,0.00373602
139,0.00339388
140,0.00342383
141,0.0032144
142,0.00336987
143,0.0031579
144,0.00344543
145,0.00344867
146,0.00383669
147,0.00374018
148,0.00389371
149,0.0035029
150,0.00349987
151,0.00309561
152,0.00322598
153,0.00291451
154,0.00313013
155,0.00288297
156,0.00314625
157,0.00283186
158,0.00313619
159,0.00288388
160,0.00306595
161,0.00288841
162,0.00307374
163,0.00287011
164,0.00301475
165,0.00292453
166,0.0030665
167,0.00295307
168,0.00312676
169,0.00312501
170,0.00322523
171,0.00324983
172,0.00327607
173,0.0032184
174,0.00318519
175,0.00298372
176,0.00299571
177,0.00294911
178,0.00310027
179,0.00321462
180,0.00340827
181,0.00353678
182,0.00366075
183,0.00363311
184,0.00334006
185,0.00292953
186,0.00236161
187,0.00196578
188,0.00165107
189,0.00161231
190,0.00176894
191,0.00198096
192,0.00215437
193,0.00233745
194,0.00239602
195,0.00234179
196,0.00235219
197,0.00233536
198,0.00232366
199,0.00263493
200,0.00265443
201,0.00283596
202,0.00270078
203,0.0026923
204,0.00248229
205,0.00258049
206,0.00243716
207,0.00261047
208,0.00253907
209,0.00283592
210,0.00290826
211,0.00313118
212,0.00298062
213,0.00307995
214,0.00281566
215,0.00289021
216,0.00269352
217,0.00279916
218,0.00257243
219,0.00284483
220,0.00273844
221,0.00303658
222,0.00304163
223,0.00336964
224,0.00324465
225,0.00361832
226,0.00360039
227,0.00406309
228,0.00400474
229,0.00417992
230,0.00384017
231,0.0037292
232,0.00319268
233,0.00315993
234,0.00265971
235,0.00281988
236,0.00242737
237,0.00278188
238,0.00250289
239,0.00294188
240,0.00260454
241,0.00294262
242,0.00250251
243,0.00270713
244,0.00225234
245,0.00262923
246,0.00232827
247,0.00270961
248,0.00242286
249,0.00274659
250,0.00236815
251,0.00278395
252,0.00238695
253,0.00288773
254,0.00232085
255,0.00282221
256,0.0023014
257,0.0028407
258,0.00234038
259,0.00290736
260,0.00235276
261,0.00292243
262,0.00239823
263,0.00298696
264,0.00246314
265,0.00311372
266,0.0024508
267,0.00316589
268,0.00255352
269,0.00324968
270,0.00269854
271,0.00327234
272,0.00262388
273,0.00314656
274,0.00244036
275,0.00299465
276,0.00231031
277,0.00289526
278,0.00234712
279,0.00295519
280,0.00231028
281,0.00301905
282,0.00229979
283,0.0029698
284,0.00226208
285,0.00283429
286,0.00222827
287,0.00292731
288,0.00244611
289,0.00313416
290,0.00251641
291,0.00307491
292,0.00234578
293,0.00293282
294,0.00224799
295,0.00291156
296,0.00221182
297,0.00293181
298,0.00237263
299,0.00310491
300,0.0025421
301,0.0031882
302,0.00260072
303,0.00313512
304,0.00245957
305,0.00299575
306,0.00233963
307,0.00303378
308,0.00240242
309,0.00306496
310,0.00232519
311,0.00298902
312,0.00227152
313,0.00298322
314,0.00223279
315,0.00299342
316,0.00225896
317,0.00305296
318,0.00232538
319,0.00313331
320,0.00240818
321,0.00311237
322,0.00222879
323,0.0030615
324,0.00210919
325,0.00295766
326,0.00215855
327,0.00302289
328,0.0023879
329,0.0033156
330,0.0030004
331,0.00382428
332,0.00343255
333,0.00393167
334,0.00332673
335,0.00381324
336,0.00332624
337,0.00400637
338,0.00358391
339,0.00415968
340,0.00363345
341,0.00406211
342,0.00342213
343,0.00387302
344,0.00328654
345,0.00367484
346,0.00297664
347,0.00344597
348,0.00287689
349,0.00339198
350,0.00278193
351,0.00318767
352,0.00248746
353,0.00295207
354,0.00232281
355,0.0028792
356,0.0022928
357,0.00293139
358,0.00249112
359,0.00318262
360,0.0029448
361,0.00351554
362,0.0030761
363,0.00331304
364,0.00273479
365,0.00295439
366,0.00243063
367,0.00290705
368,0.00257261
369,0.00315741
370,0.00305093
371,0.00363908
372,0.00370499
373,0.0043163
374,0.00429312
375,0.00453915
376,0.00426773
377,0.00433465
378,0.00405159
379,0.00420811
380,0.00390061
381,0.00395545
382,0.00347659
383,0.00335637
384,0.00291555
385,0.00296303
386,0.00269077
387,0.00285415
388,0.00261106
389,0.00270386
390,0.00257754
391,0.00265477
392,0.00252255
393,0.00250806
394,0.00241619
395,0.00285086
396,0.00308201
397,0.0034912
398,0.00370559
399,0.00404996
