2,0.0006633
3,0.00093379
4,0.000301055
5,-1.66853e-05
6,-8.74156e-05
7,-0.000109631
8,-0.000172687
9,-0.000199272
10,-0.000170962
11,-5.47909e-05
12,2.83374e-05
13,0.000124508
14,0.000376466
15,0.000685351
16,0.00114322
17,0.00172742
18,0.00235757
19,0.00310444
20,0.003288
21,0.00467389
22,0.00646721
23,0.00827179
24,0.0102105
25,0.012228
26,0.0142238
27,0.016185
28,0.0180769
29,0.0199698
30,0.0220041
31,0.024182
32,0.0263975
33,0.0285082
34,0.0304568
35,0.0322496
36,0.0339113
37,0.03549
38,0.0369633
39,0.0383255
40,0.0395996
41,0.0407748
42,0.041863
43,0.0428439
44,0.0437549
45,0.0445777
46,0.0453258
47,0.0459964
48,0.046595
49,0.0471439
50,0.0476493
51,0.048077
52,0.048464
53,0.048833
54,0.0491461
55,0.0494362
56,0.0497205
57,0.0499779
58,0.050251
59,0.0505554
60,0.0508981
61,0.0512545
62,0.0516227
63,0.052018
64,0.0524192
65,0.0528163
66,0.0532141
67,0.0536068
68,0.0539716
69,0.0543326
70,0.0547019
71,0.055078
72,0.0554616
73,0.0558379
74,0.0562045
75,0.0565522
76,0.0568898
77,0.0572255
78,0.057565
79,0.0579065
80,0.0582513
81,0.0585989
82,0.0589496
83,0.059298
84,0.059645
85,0.0599915
86,0.060325
87,0.0606341
88,0.0609237
89,0.0612031
90,0.0614789
91,0.0617625
92,0.0620537
93,0.0623522
94,0.0626351
95,0.0629065
96,0.0631575
97,0.0633902
98,0.0636056
99,0.0637981
100,0.0639865
101,0.0641692
102,0.064347
103,0.0645298
104,0.0647219
105,0.0649157
106,0.0651067
107,0.0652891
108,0.0654616
109,0.0656112
110,0.0657407
111,0.06586
112,0.0659752
113,0.0661025
114,0.0662422
115,0.0663879
116,0.0665387
117,0.0666819
118,0.0668206
119,0.0669492
120,0.0670651
121,0.0671625
122,0.0672499
123,0.0673337
124,0.0674203
125,0.0675163
126,0.0676193
127,0.0677249
128,0.0678287
129,0.0679333
130,0.0680333
131,0.0681175
132,0.0681873
133,0.0682397
134,0.0682902
135,0.0683425
136,0.0684064
137,0.0684848
138,0.0685734
139,0.0686624
140,0.0687492
141,0.0688316
142,0.0689081
143,0.0689726
144,0.0690309
145,0.069071
146,0.0691179
147,0.0691709
148,0.0692448
149,0.0693305
150,0.0694243
151,0.0695175
152,0.0696109
153,0.0697022
154,0.0697864
155,0.0698602
156,0.0699269
157,0.0699886
158,0.0700513
159,0.0701183
160,0.0701863
161,0.070259
162,0.070335
163,0.0704043
164,0.0704774
165,0.0705499
166,0.0706246
167,0.0706955
168,0.0707687
169,0.0708413
170,0.07091
171,0.0709794
172,0.0710446
173,0.0711004
174,0.0711511
175,0.0712011
176,0.0712607
177,0.0713296
178,0.0714059
179,0.0714858
180,0.0715634
181,0.0716449
182,0.0717156
183,0.0717783
184,0.0718201
185,0.0718492
186,0.071866
187,0.071884
188,0.0719081
189,0.0719499
190,0.0719997
191,0.0720636
192,0.0721229
193,0.0721838
194,0.0722338
195,0.072273
196,0.0722951
197,0.0723027
198,0.0723109
199,0.0723258
200,0.0723545
201,0.0724029
202,0.0724585
203,0.0725211
204,0.072585
205,0.0726501
206,0.0727059
207,0.0727556
208,0.0727857
209,0.0728114
210,0.0728361
211,0.0728714
212,0.0729193
213,0.0729757
214,0.0730343
215,0.0730941
216,0.0731533
217,0.0732061
218,0.0732556
219,0.0732959
220,0.0733357
221,0.0733637
222,0.0733958
223,0.0734293
224,0.0734676
225,0.0734996
226,0.0735267
227,0.0735488
228,0.0735806
229,0.0736266
230,0.0736884
231,0.0737626
232,0.0738403
233,0.0739188
234,0.0739945
235,0.0740656
236,0.0741245
237,0.0741721
238,0.0742033
239,0.0742365
240,0.0742696
241,0.0743176
242,0.074376
243,0.0744447
244,0.0745198
245,0.0745896
246,0.0746606
247,0.0747194
248,0.0747701
249,0.0747993
250,0.0748185
251,0.0748309
252,0.074855
253,0.0748935
254,0.0749438
255,0.0749966
256,0.0750506
257,0.0751043
258,0.0751547
259,0.0752054
260,0.0752444
261,0.075272
262,0.0752917
263,0.0753078
264,0.0753323
265,0.0753625
266,0.0753992
267,0.0754344
268,0.0754642
269,0.0754907
270,0.0755242
271,0.0755638
272,0.0756103
273,0.0756615
274,0.0757169
275,0.0757744
276,0.0758336
277,0.0758911
278,0.075935
279,0.0759712
280,0.0759944
281,0.0760202
282,0.0760524
283,0.0761013
284,0.0761596
285,0.0762239
286,0.0762895
287,0.076355
288,0.0764128
289,0.0764622
290,0.0764967
291,0.0765207
292,0.0765318
293,0.076546
294,0.0765694
295,0.0766117
296,0.0766614
297,0.0767188
298,0.0767723
299,0.0768259
300,0.0768736
301,0.0769214
302,0.0769517
303,0.0769773
304,0.0769967
305,0.0770182
306,0.0770506
307,0.0770889
308,0.0771227
309,0.0771554
310,0.0771819
311,0.0772016
312,0.0772341
313,0.077267
314,0.0773093
315,0.077347
316,0.0773937
317,0.0774341
318,0.077484
319,0.077523
320,0.0775548
321,0.0775667
322,0.0775767
323,0.0775857
324,0.0776144
325,0.0776573
326,0.0777159
327,0.0777791
328,0.0778502
329,0.0779211
330,0.0779948
331,0.0780577
332,0.0781074
333,0.0781395
334,0.0781655
335,0.0781936
336,0.0782333
337,0.078282
338,0.0783283
339,0.0783701
340,0.0783975
341,0.0784247
342,0.0784449
343,0.0784732
344,0.078492
345,0.078513
346,0.0785285
347,0.0785496
348,0.0785776
349,0.0786109
350,0.078632
351,0.0786465
352,0.0786521
353,0.0786595
354,0.0786818
355,0.0787137
356,0.0787586
357,0.0788073
358,0.0788594
359,0.0789118
360,0.078968
361,0.0790138
362,0.079045
363,0.0790594
364,0.0790612
365,0.0790625
366,0.0790807
367,0.0791203
368,0.0791692
369,0.0792316
370,0.0792919
371,0.0793516
372,0.079419
373,0.0794813
374,0.0795323
375,0.0795682
376,0.0795889
377,0.0796073
378,0.0796297
379,0.079658
380,0.0796766
381,0.0796915
382,0.0796886
383,0.0796844
384,0.0796844
385,0.0796949
386,0.0797147
387,0.0797352
388,0.0797605
389,0.0797819
390,0.0798071
391,0.0798271
392,0.0798317
393,0.0798185
394,0.0797849
395,0.0797517
396,0.0797269
397,0.0797124
398,0.0797127
399,0.0797124
