2,1.0045
3,1.00827
4,1.01581
5,1.02635
6,1.03184
7,1.03476
8,1.03516
9,1.0346
10,1.03321
11,1.03175
12,1.02766
13,1.0231
14,1.01767
15,1.01224
16,1.00314
17,0.99011
18,0.974231
19,0.956023
20,0.949561
21,0.920211
22,0.881513
23,0.846894
24,0.811478
25,0.777245
26,0.743102
27,0.706555
28,0.67044
29,0.636165
30,0.603379
31,0.570677
32,0.537902
33,0.503422
34,0.469348
35,0.437844
36,0.410385
37,0.385292
38,0.361546
39,0.33945
40,0.319609
41,0.301795
42,0.285746
43,0.271024
44,0.257892
45,0.246358
46,0.236017
47,0.226873
48,0.218735
49,0.211503
50,0.205402
51,0.19982
52,0.195239
53,0.191186
54,0.187935
55,0.184913
56,0.182201
57,0.1798
58,0.177337
59,0.174388
60,0.170898
61,0.166989
62,0.16305
63,0.158644
64,0.154098
65,0.149624
66,0.145084
67,0.1407
68,0.136736
69,0.132612
70,0.12844
71,0.123941
72,0.119452
73,0.114988
74,0.11076
75,0.106676
76,0.102971
77,0.0992714
78,0.0956633
79,0.0917043
80,0.0879189
81,0.0839058
82,0.0799393
83,0.0758713
84,0.0720289
85,0.06812
86,0.064407
87,0.0609951
88,0.0579099
89,0.0549579
90,0.0520478
91,0.0491245
92,0.0460172
93,0.0428455
94,0.0396936
95,0.0368283
96,0.0342537
97,0.0319292
98,0.0299779
99,0.0283293
100,0.0268581
101,0.02534
102,0.0238924
103,0.0222984
104,0.0207005
105,0.019019
106,0.0174793
107,0.0159836
108,0.0146739
109,0.0135937
110,0.0128321
111,0.0122884
112,0.0117465
113,0.0111325
114,0.010362
115,0.00941812
116,0.00843848
117,0.00752235
118,0.00674328
119,0.00604316
120,0.00569241
121,0.00534665
122,0.00536089
123,0.00512345
124,0.00513267
125,0.00481729
126,0.00458835
127,0.00417664
128,0.00394179
129,0.00359103
130,0.00350982
131,0.00334887
132,0.00348971
133,0.00346594
134,0.00385304
135,0.00382073
136,0.00409483
137,0.00380615
138,0.00385878
139,0.00348984
140,0.0035394
141,0.00326152
142,0.00343139
143,0.003187
144,0.00354254
145,0.00350301
146,0.00393876
147,0.00378203
148,0.00391677
149,0.00354219
150,0.00362956
151,0.00318535
152,0.00325729
153,0.00293049
154,0.00317801
155,0.00288843
156,0.00320326
157,0.00284206
158,0.00318804
159,0.00287522
160,0.00314205
161,0.0027988
162,0.00317667
163,0.00284175
164,0.00312156
165,0.00286267
166,0.00318482
167,0.00290497
168,0.00324646
169,0.00304197
170,0.0033509
171,0.00312045
172,0.00337205
173,0.0031023
174,0.00320154
175,0.00293821
176,0.00307058
177,0.0028368
178,0.00312412
179,0.00303981
180,0.00342181
181,0.00337782
182,0.00365512
183,0.00356527
184,0.00340818
185,0.00299499
186,0.002531
187,0.0021352
188,0.00175268
189,0.00183847
190,0.00175683
191,0.00220158
192,0.00202773
193,0.00251367
194,0.00229069
195,0.00264869
196,0.00212614
197,0.00262472
198,0.00223936
199,0.00293003
200,0.00250163
201,0.0030937
202,0.0025408
203,0.0029895
204,0.00241851
205,0.00287887
206,0.00228383
207,0.00294636
208,0.00243992
209,0.00318703
210,0.00281065
211,0.00343188
212,0.00295816
213,0.00335309
214,0.00273316
215,0.00322193
216,0.00260943
217,0.0030921
218,0.00256506
219,0.00316566
220,0.00270113
221,0.00336353
222,0.00295906
223,0.00356657
224,0.00315098
225,0.00377125
226,0.00353739
227,0.00423225
228,0.00402302
229,0.00443947
230,0.00388254
231,0.00401024
232,0.00321953
233,0.00337389
234,0.00264562
235,0.00303179
236,0.00237129
237,0.00301909
238,0.0024372
239,0.00313307
240,0.00258533
241,0.00314157
242,0.00246503
243,0.00289628
244,0.00219371
245,0.00280853
246,0.00221146
247,0.0028585
248,0.00236452
249,0.00292546
250,0.00234666
251,0.00289396
252,0.00232156
253,0.00289162
254,0.00232026
255,0.00290635
256,0.00229334
257,0.00294136
258,0.00230847
259,0.0029471
260,0.0023308
261,0.00299686
262,0.00238188
263,0.00301201
264,0.00251264
265,0.00312577
266,0.00250849
267,0.00318913
268,0.00263588
269,0.00328395
270,0.00272468
271,0.00334153
272,0.00269566
273,0.00319891
274,0.00251813
275,0.00302396
276,0.0023683
277,0.00290105
278,0.00237638
279,0.00294691
280,0.00236757
281,0.00300986
282,0.00244702
283,0.00293354
284,0.00225753
285,0.00285843
286,0.00227144
287,0.00290856
288,0.00250459
289,0.00306548
290,0.00258764
291,0.00301915
292,0.0024189
293,0.00289535
294,0.00226618
295,0.00287412
296,0.00225473
297,0.0028755
298,0.00245947
299,0.00300247
300,0.00261676
301,0.00316279
302,0.00267945
303,0.00307899
304,0.00251628
305,0.00294247
306,0.00249054
307,0.00293674
308,0.00248074
309,0.00295034
310,0.00246615
311,0.00284002
312,0.00243243
313,0.00284411
314,0.00240001
315,0.00287037
316,0.00241724
317,0.00288233
318,0.00251654
319,0.00295985
320,0.00254262
321,0.00290354
322,0.00241774
323,0.00284892
324,0.00237485
325,0.00283363
326,0.00230274
327,0.0028411
328,0.00263465
329,0.00314248
330,0.00313751
331,0.0036808
332,0.00358966
333,0.00381981
334,0.00349752
335,0.00364115
336,0.0034929
337,0.00383466
338,0.00377211
339,0.00408914
340,0.00377068
341,0.00391572
342,0.00360667
343,0.0037693
344,0.00343369
345,0.00352753
346,0.00314682
347,0.00331429
348,0.00298625
349,0.00325726
350,0.00297398
351,0.00308006
352,0.00266251
353,0.00283418
354,0.00236793
355,0.00271285
356,0.00243777
357,0.0028188
358,0.0026399
359,0.00308779
360,0.00304227
361,0.00339343
362,0.00318682
363,0.00326056
364,0.00285392
365,0.00283001
366,0.00252653
367,0.00277042
368,0.00265173
369,0.00309158
370,0.00312558
371,0.00363382
372,0.00381689
373,0.00429681
374,0.00437668
375,0.00456158
376,0.00439768
377,0.00435609
378,0.00416377
379,0.00422401
380,0.00401208
381,0.00397846
382,0.00357192
383,0.00329369
384,0.0029583
385,0.00291035
386,0.00277211
387,0.00276195
388,0.00265699
389,0.00273954
390,0.00255444
391,0.00262259
392,0.00252844
393,0.00249525
394,0.00245369
395,0.00287582
396,0.0031085
397,0.0035437
398,0.00381853
399,0.0042286
