2,-0.000971842
3,-0.00182726
4,-0.00202956
5,-0.00239983
6,-0.0025914
7,-0.00294896
8,-0.00320663
9,-0.00322289
10,-0.00302518
11,-0.00274259
12,-0.00246742
13,-0.00222071
14,-0.00197577
15,-0.00168248
16,-0.00130048
17,-0.000563523
18,0.00032555
19,0.00130447
20,0.00207555
21,0.00399823
22,0.00651311
23,0.00857313
24,0.0103885
25,0.0122014
26,0.0142622
27,0.0163129
28,0.0182709
29,0.0200915
30,0.0218107
31,0.0236503
32,0.025597
33,0.0275427
34,0.0294151
35,0.0312432
36,0.0329774
37,0.034569
38,0.036045
39,0.0374175
40,0.0387112
41,0.0398994
42,0.0409836
43,0.04198
44,0.0429009
45,0.0437397
46,0.0445109
47,0.0452021
48,0.0458215
49,0.0463913
50,0.0469114
51,0.0473554
52,0.0477696
53,0.0481631
54,0.0485047
55,0.0488151
56,0.0491103
57,0.0493885
58,0.049669
59,0.0499634
60,0.050312
61,0.050659
62,0.051013
63,0.0513876
64,0.0517768
65,0.0521545
66,0.0525355
67,0.0529119
68,0.0532788
69,0.0536514
70,0.0540334
71,0.0544298
72,0.0548324
73,0.0552279
74,0.0556195
75,0.0559854
76,0.0563393
77,0.0566781
78,0.0570196
79,0.0573732
80,0.0577282
81,0.058087
82,0.0584568
83,0.0588187
84,0.0591802
85,0.0595316
86,0.059879
87,0.0602017
88,0.0605089
89,0.0608023
90,0.0610953
91,0.0613847
92,0.061694
93,0.0620022
94,0.0623105
95,0.0625987
96,0.0628738
97,0.0631251
98,0.0633563
99,0.063561
100,0.0637548
101,0.0639539
102,0.0641444
103,0.0643495
104,0.0645507
105,0.0647538
106,0.0649499
107,0.0651442
108,0.065326
109,0.0654905
110,0.0656345
111,0.0657637
112,0.0658869
113,0.0660188
114,0.0661611
115,0.0663097
116,0.0664649
117,0.0666167
118,0.0667602
119,0.0668958
120,0.0670146
121,0.0671171
122,0.0672067
123,0.0672944
124,0.0673821
125,0.0674791
126,0.0675879
127,0.0676955
128,0.0678009
129,0.067905
130,0.0680039
131,0.0680942
132,0.068165
133,0.0682247
134,0.0682702
135,0.0683284
136,0.0683886
137,0.068474
138,0.068558
139,0.0686505
140,0.0687369
141,0.068824
142,0.068899
143,0.0689657
144,0.0690196
145,0.0690658
146,0.069111
147,0.069167
148,0.069235
149,0.0693242
150,0.0694142
151,0.0695076
152,0.0695988
153,0.069688
154,0.0697737
155,0.0698478
156,0.069921
157,0.0699865
158,0.070051
159,0.0701228
160,0.0701949
161,0.0702662
162,0.0703416
163,0.0704055
164,0.070479
165,0.0705472
166,0.0706253
167,0.070694
168,0.0707694
169,0.0708429
170,0.0709133
171,0.0709844
172,0.0710471
173,0.0711014
174,0.071153
175,0.0712085
176,0.0712632
177,0.0713332
178,0.0714054
179,0.0714877
180,0.07156
181,0.0716356
182,0.0717022
183,0.0717633
184,0.0718097
185,0.0718469
186,0.0718733
187,0.0718974
188,0.0719239
189,0.0719619
190,0.0720104
191,0.0720634
192,0.072121
193,0.0721786
194,0.0722293
195,0.0722702
196,0.0722906
197,0.072301
198,0.0723085
199,0.0723286
200,0.0723557
201,0.0724007
202,0.0724543
203,0.0725144
204,0.0725756
205,0.0726379
206,0.0726908
207,0.0727388
208,0.0727747
209,0.0728014
210,0.0728268
211,0.072864
212,0.0729147
213,0.0729754
214,0.0730307
215,0.0730894
216,0.0731436
217,0.073201
218,0.0732481
219,0.0732924
220,0.073329
221,0.0733662
222,0.0733986
223,0.0734357
224,0.0734743
225,0.0735037
226,0.0735297
227,0.0735486
228,0.0735751
229,0.0736125
230,0.0736699
231,0.0737426
232,0.0738242
233,0.0739047
234,0.0739858
235,0.0740584
236,0.0741212
237,0.0741648
238,0.0742
239,0.0742236
240,0.0742567
241,0.0743027
242,0.0743663
243,0.0744307
244,0.074507
245,0.0745804
246,0.0746548
247,0.0747177
248,0.0747665
249,0.0747979
250,0.0748168
251,0.0748312
252,0.0748527
253,0.0748899
254,0.0749425
255,0.0749951
256,0.0750546
257,0.0751037
258,0.0751555
259,0.0752021
260,0.0752435
261,0.0752735
262,0.0752928
263,0.0753099
264,0.0753336
265,0.0753661
266,0.0754022
267,0.0754364
268,0.0754634
269,0.0754855
270,0.0755164
271,0.0755573
272,0.0755978
273,0.0756484
274,0.0757093
275,0.0757687
276,0.07583
277,0.07589
278,0.0759341
279,0.0759693
280,0.0759906
281,0.0760147
282,0.0760385
283,0.0760865
284,0.0761459
285,0.0762144
286,0.0762806
287,0.0763497
288,0.0764112
289,0.0764638
290,0.0765001
291,0.076521
292,0.0765302
293,0.0765441
294,0.0765684
295,0.0766102
296,0.0766582
297,0.0767146
298,0.0767756
299,0.0768306
300,0.0768826
301,0.0769273
302,0.0769627
303,0.0769848
304,0.0770055
305,0.0770273
306,0.077059
307,0.0770971
308,0.0771342
309,0.0771627
310,0.077187
311,0.0772072
312,0.077233
313,0.0772709
314,0.0773089
315,0.0773486
316,0.0773928
317,0.0774401
318,0.0774892
319,0.0775353
320,0.0775579
321,0.0775719
322,0.0775784
323,0.0775862
324,0.0776086
325,0.0776532
326,0.0777108
327,0.0777771
328,0.0778492
329,0.0779183
330,0.0779944
331,0.0780576
332,0.0781107
333,0.0781361
334,0.0781665
335,0.0781886
336,0.0782313
337,0.0782816
338,0.0783346
339,0.0783732
340,0.0784034
341,0.078427
342,0.0784486
343,0.0784748
344,0.0784956
345,0.078512
346,0.0785303
347,0.0785522
348,0.0785824
349,0.0786143
350,0.0786367
351,0.0786533
352,0.0786564
353,0.0786629
354,0.0786778
355,0.0787126
356,0.0787572
357,0.0788063
358,0.0788599
359,0.0789128
360,0.0789702
361,0.079022
362,0.0790534
363,0.0790664
364,0.0790661
365,0.0790694
366,0.0790836
367,0.0791219
368,0.079174
369,0.0792364
370,0.0792968
371,0.0793622
372,0.0794276
373,0.0794906
374,0.0795445
375,0.0795826
376,0.0796038
377,0.0796184
378,0.0796424
379,0.0796681
380,0.0796893
381,0.079702
382,0.0796978
383,0.0796906
384,0.0796874
385,0.0796983
386,0.0797168
387,0.0797336
388,0.0797569
389,0.079784
390,0.0798078
391,0.0798294
392,0.0798286
393,0.0798163
394,0.0797818
395,0.079742
396,0.079711
397,0.0796968
398,0.0796935
399,0.0796946
