2,1.02606
3,1.04615
4,1.04916
5,1.05642
6,1.05923
7,1.06607
8,1.07052
9,1.06981
10,1.06461
11,1.05793
12,1.05158
13,1.04608
14,1.04066
15,1.0345
16,1.02672
17,1.0121
18,0.994745
19,0.976045
20,0.961262
21,0.925119
22,0.877996
23,0.840178
24,0.807339
25,0.774955
26,0.738203
27,0.701991
28,0.667682
29,0.636199
30,0.606887
31,0.575703
32,0.542791
33,0.510276
34,0.479102
35,0.448985
36,0.420685
37,0.394949
38,0.371531
39,0.349767
40,0.329837
41,0.311386
42,0.295173
43,0.280191
44,0.266813
45,0.254659
46,0.243814
47,0.234307
48,0.22599
49,0.218575
50,0.211995
51,0.206648
52,0.201806
53,0.197342
54,0.193712
55,0.190582
56,0.187718
57,0.185098
58,0.182456
59,0.179556
60,0.175763
61,0.171989
62,0.16811
63,0.163887
64,0.159422
65,0.155137
66,0.150786
67,0.146529
68,0.142415
69,0.13819
70,0.133826
71,0.129224
72,0.124529
73,0.119937
74,0.11541
75,0.111293
76,0.107354
77,0.103658
78,0.0999147
79,0.0959735
80,0.0920121
81,0.087982
82,0.0837799
83,0.0797068
84,0.0756364
85,0.0717098
86,0.0678541
87,0.0643639
88,0.0611245
89,0.0580918
90,0.0550568
91,0.0520745
92,0.0487745
93,0.0455007
94,0.0422088
95,0.0392341
96,0.0364267
97,0.0340326
98,0.0318905
99,0.0301827
100,0.0286082
101,0.0269487
102,0.0254512
103,0.0236586
104,0.0219936
105,0.0202387
106,0.0186403
107,0.0170583
108,0.015655
109,0.0145203
110,0.013685
111,0.0130349
112,0.0125197
113,0.0117613
114,0.0109677
115,0.00999871
116,0.00899843
117,0.00798965
118,0.00720121
119,0.00643384
120,0.00600274
121,0.00566048
122,0.00564846
123,0.00543391
124,0.00542023
125,0.00508607
126,0.00483154
127,0.00431374
128,0.00420597
129,0.00379253
130,0.00368896
131,0.00352161
132,0.00363427
133,0.00361351
134,0.00397133
135,0.00395622
136,0.0041453
137,0.00389865
138,0.00384911
139,0.0035861
140,0.00361131
141,0.00330966
142,0.00346509
143,0.0033199
144,0.00364218
145,0.00359717
146,0.00395527
147,0.00383157
148,0.00402607
149,0.00361519
150,0.00359971
151,0.00327195
152,0.00338883
153,0.0030472
154,0.00326218
155,0.00300884
156,0.00332796
157,0.0029914
158,0.00334383
159,0.00302272
160,0.00330183
161,0.00297075
162,0.00320378
163,0.00300084
164,0.00318282
165,0.00294521
166,0.00320968
167,0.00301699
168,0.00327798
169,0.0031004
170,0.00338001
171,0.00324712
172,0.00344439
173,0.00322019
174,0.00327428
175,0.00306916
176,0.00312568
177,0.0029571
178,0.00317126
179,0.00321579
180,0.00342804
181,0.00344832
182,0.00355986
183,0.00340524
184,0.00329601
185,0.00291774
186,0.0025855
187,0.00223219
188,0.00191608
189,0.0020129
190,0.00188578
191,0.00228031
192,0.00212124
193,0.00251417
194,0.00237195
195,0.00265284
196,0.00229883
197,0.00267214
198,0.00238095
199,0.00298722
200,0.00261389
201,0.00312241
202,0.00265242
203,0.00300254
204,0.00248714
205,0.0029963
206,0.00248156
207,0.00304094
208,0.00251853
209,0.0032537
210,0.00292585
211,0.00349829
212,0.00300367
213,0.00335508
214,0.00283102
215,0.00318079
216,0.00274508
217,0.00314663
218,0.0026381
219,0.00320695
220,0.00280141
221,0.00337725
222,0.00297748
223,0.00363014
224,0.00316699
225,0.00382442
226,0.00353541
227,0.00428624
228,0.00406097
229,0.00455715
230,0.00400413
231,0.00417056
232,0.00332766
233,0.00354875
234,0.00269567
235,0.00315152
236,0.00239872
237,0.00308879
238,0.00240391
239,0.00329562
240,0.00265694
241,0.00328149
242,0.00247954
243,0.00301305
244,0.00222514
245,0.00291927
246,0.00221384
247,0.00295157
248,0.00231405
249,0.00302813
250,0.00236133
251,0.0029965
252,0.00237755
253,0.00306449
254,0.00229197
255,0.00295967
256,0.00225502
257,0.00300664
258,0.00231034
259,0.00305555
260,0.00237469
261,0.00307073
262,0.00240307
263,0.00322152
264,0.00243299
265,0.00318264
266,0.00249834
267,0.0032334
268,0.00257413
269,0.00339707
270,0.00273708
271,0.00341059
272,0.00271305
273,0.00333528
274,0.002563
275,0.00310703
276,0.00235489
277,0.0029955
278,0.00232493
279,0.00303383
280,0.00233471
281,0.00308685
282,0.00243343
283,0.00301304
284,0.00227029
285,0.00289239
286,0.00226619
287,0.00296862
288,0.00246316
289,0.00314276
290,0.00254912
291,0.00309594
292,0.00238847
293,0.00299816
294,0.00229149
295,0.00289959
296,0.00225747
297,0.00296506
298,0.00239291
299,0.00311392
300,0.00261854
301,0.0032238
302,0.00274724
303,0.00320308
304,0.00257892
305,0.00307016
306,0.00244882
307,0.00301982
308,0.00243242
309,0.00300338
310,0.00240865
311,0.00295515
312,0.00234214
313,0.00290734
314,0.00239852
315,0.00298245
316,0.00244986
317,0.00296453
318,0.00250179
319,0.00305585
320,0.00254087
321,0.00299797
322,0.00236202
323,0.00295649
324,0.00234918
325,0.00286814
326,0.00233089
327,0.00290844
328,0.00261125
329,0.00323117
330,0.0031062
331,0.00368632
332,0.00361951
333,0.0038299
334,0.00349927
335,0.0036694
336,0.00344003
337,0.00390613
338,0.00377225
339,0.00414383
340,0.00376957
341,0.00401407
342,0.00357996
343,0.00384272
344,0.00339929
345,0.00356722
346,0.00312002
347,0.00337384
348,0.00303396
349,0.00328938
350,0.00294355
351,0.00313342
352,0.00260359
353,0.00284098
354,0.00236937
355,0.00270603
356,0.0023767
357,0.00287743
358,0.00264532
359,0.00310255
360,0.00299222
361,0.00347119
362,0.00322225
363,0.00332902
364,0.00281756
365,0.0028974
366,0.00250963
367,0.00277981
368,0.00266464
369,0.00313984
370,0.00316737
371,0.00369726
372,0.00384576
373,0.00434417
374,0.00446646
375,0.00469463
376,0.00446595
377,0.00440955
378,0.00423601
379,0.00426671
380,0.00410318
381,0.00402736
382,0.00364122
383,0.00332309
384,0.00294372
385,0.00290019
386,0.00273732
387,0.00276225
388,0.00264926
389,0.00268484
390,0.00260124
391,0.00265943
392,0.00247283
393,0.00246123
394,0.00246167
395,0.00285518
396,0.00319781
397,0.00365716
398,0.00390184
399,0.00425428
