2,0.9998
3,0.999428
4,1.0086
5,1.01813
6,1.02569
7,1.0308
8,1.03024
9,1.03022
10,1.02784
11,1.02531
12,1.0221
13,1.01743
14,1.01401
15,1.00838
16,0.99964
17,0.98974
18,0.972109
19,0.95087
20,0.943078
21,0.914178
22,0.877716
23,0.845338
24,0.813825
25,0.783164
26,0.750303
27,0.71663
28,0.682949
29,0.647451
30,0.612063
31,0.577468
32,0.543706
33,0.510628
34,0.478991
35,0.449204
36,0.421295
37,0.395829
38,0.372836
39,0.352337
40,0.333575
41,0.315583
42,0.298885
43,0.284599
44,0.271515
45,0.259686
46,0.249315
47,0.23996
48,0.231527
49,0.224244
50,0.217605
51,0.211968
52,0.206868
53,0.202565
54,0.199062
55,0.195732
56,0.192866
57,0.190207
58,0.187096
59,0.183951
60,0.180744
61,0.176981
62,0.1731
63,0.168988
64,0.164564
65,0.1604
66,0.156234
67,0.151906
68,0.147633
69,0.143455
70,0.138927
71,0.134366
72,0.129454
73,0.124759
74,0.120002
75,0.11569
76,0.111681
77,0.107918
78,0.104077
79,0.100045
80,0.0959695
81,0.0917972
82,0.0875082
83,0.0832706
84,0.0792081
85,0.0751622
86,0.0711977
87,0.0675855
88,0.0642338
89,0.0611035
90,0.0579734
91,0.0548532
92,0.0514868
93,0.0480688
94,0.0446355
95,0.0415141
96,0.0386242
97,0.0360521
98,0.0338229
99,0.0319686
100,0.0302463
101,0.0285562
102,0.0268079
103,0.0250454
104,0.0232091
105,0.0214404
106,0.0197508
107,0.0182028
108,0.0167074
109,0.015503
110,0.0145098
111,0.0137048
112,0.0130374
113,0.0122661
114,0.0114353
115,0.0104094
116,0.00947092
117,0.00839339
118,0.00761491
119,0.00677929
120,0.00635361
121,0.00596312
122,0.00593357
123,0.005631
124,0.00566176
125,0.00522165
126,0.00496734
127,0.00450141
128,0.00431417
129,0.00393629
130,0.00387103
131,0.00358127
132,0.00371692
133,0.00369978
134,0.00409061
135,0.00407654
136,0.00424718
137,0.00403185
138,0.00398142
139,0.00362396
140,0.00369488
141,0.0034286
142,0.00352829
143,0.0034479
144,0.00363502
145,0.00366333
146,0.00401782
147,0.00393
148,0.00399412
149,0.00376462
150,0.00366756
151,0.00335929
152,0.00330879
153,0.00317598
154,0.00322894
155,0.00307286
156,0.00318384
157,0.00307957
158,0.00318441
159,0.00305955
160,0.00321467
161,0.00312267
162,0.00323333
163,0.00306325
164,0.00315911
165,0.00301918
166,0.00315201
167,0.00311683
168,0.00319489
169,0.00322657
170,0.00332001
171,0.00327969
172,0.00337024
173,0.00322008
174,0.00316345
175,0.002988
176,0.00290654
177,0.00285139
178,0.00296667
179,0.00302891
180,0.00318493
181,0.00328228
182,0.00342319
183,0.00344953
184,0.00328235
185,0.00299545
186,0.00260333
187,0.00223795
188,0.00206457
189,0.00203107
190,0.00206
191,0.00224263
192,0.00227824
193,0.00246343
194,0.00238619
195,0.00252645
196,0.00220201
197,0.00250486
198,0.00235075
199,0.00285091
200,0.00270049
201,0.0030548
202,0.00276172
203,0.00303196
204,0.00264591
205,0.00287752
206,0.00261112
207,0.00293166
208,0.00270045
209,0.00318941
210,0.00305578
211,0.00348851
212,0.00310441
213,0.00333339
214,0.00292349
215,0.00319807
216,0.00281643
217,0.00317147
218,0.00275132
219,0.00321606
220,0.00284958
221,0.00333326
222,0.00308478
223,0.00346405
224,0.00324344
225,0.00378518
226,0.00363401
227,0.00423948
228,0.00415313
229,0.00458733
230,0.00415503
231,0.00421676
232,0.00347557
233,0.00359784
234,0.00283795
235,0.00312968
236,0.00249707
237,0.00305617
238,0.00257261
239,0.00333663
240,0.00280437
241,0.00334287
242,0.0025813
243,0.00301529
244,0.00230333
245,0.00288689
246,0.0022895
247,0.00291168
248,0.00236035
249,0.00296571
250,0.00232324
251,0.00301242
252,0.00235714
253,0.00304364
254,0.0022792
255,0.00302603
256,0.00233628
257,0.00303374
258,0.00235944
259,0.00308769
260,0.00232118
261,0.00302617
262,0.00232861
263,0.00312395
264,0.00238703
265,0.00320748
266,0.00248033
267,0.00327033
268,0.00257339
269,0.00346416
270,0.00271786
271,0.00346067
272,0.00268441
273,0.00334448
274,0.00253996
275,0.00318152
276,0.00229495
277,0.00308719
278,0.00228516
279,0.00306602
280,0.00225526
281,0.00319717
282,0.00239178
283,0.00307621
284,0.00221012
285,0.0030259
286,0.00220272
287,0.00309722
288,0.00240842
289,0.0032905
290,0.0024903
291,0.00314929
292,0.00231512
293,0.00302501
294,0.00218852
295,0.00301197
296,0.00221321
297,0.00306917
298,0.00240635
299,0.00319806
300,0.00257698
301,0.00336015
302,0.0026232
303,0.00332239
304,0.00246281
305,0.00313998
306,0.00238322
307,0.00316222
308,0.00246082
309,0.00318362
310,0.00236721
311,0.00304123
312,0.00226021
313,0.00305259
314,0.00228404
315,0.00305717
316,0.00231062
317,0.00311343
318,0.00240725
319,0.00321027
320,0.00254714
321,0.00311858
322,0.00232674
323,0.00303128
324,0.00224309
325,0.00299974
326,0.00224931
327,0.00307074
328,0.00247221
329,0.00336533
330,0.00309224
331,0.00383053
332,0.00352528
333,0.00392091
334,0.00340809
335,0.0037697
336,0.00339905
337,0.00400631
338,0.00375631
339,0.00422789
340,0.00377719
341,0.00406831
342,0.00353522
343,0.00389575
344,0.00332293
345,0.00362568
346,0.00303595
347,0.00345106
348,0.00295865
349,0.00341242
350,0.00294383
351,0.00322231
352,0.0025948
353,0.00289862
354,0.00228801
355,0.00280823
356,0.00233629
357,0.00292701
358,0.00254996
359,0.0031548
360,0.00296186
361,0.00356255
362,0.00321372
363,0.00338809
364,0.0028705
365,0.00288651
366,0.00246001
367,0.00287284
368,0.0026069
369,0.00318821
370,0.0031867
371,0.00375344
372,0.00386565
373,0.00442894
374,0.00452499
375,0.00472848
376,0.00450342
377,0.00450277
378,0.00427531
379,0.00437504
380,0.00414964
381,0.00407473
382,0.00362659
383,0.0033696
384,0.00292736
385,0.00290506
386,0.00273136
387,0.00274338
388,0.00261579
389,0.00269633
390,0.00256994
391,0.00264481
392,0.00242934
393,0.00244426
394,0.00247537
395,0.00287163
396,0.00323043
397,0.00371819
398,0.00398653
399,0.00433312
