2,1.51244e-05
3,2.70434e-05
4,-0.000350728
5,-0.000768769
6,-0.00111763
7,-0.00137093
8,-0.00136942
9,-0.00138713
10,-0.00129238
11,-0.0011822
12,-0.0010413
13,-0.000818149
14,-0.000654757
15,-0.000375156
16,6.90758e-05
17,0.000578525
18,0.0014939
19,0.00261231
20,0.00303011
21,0.00457678
22,0.00653675
23,0.0083019
24,0.0100377
25,0.0117463
26,0.0135929
27,0.0155062
28,0.0174298
29,0.0194783
30,0.0215277
31,0.023558
32,0.025553
33,0.0275313
34,0.0294319
35,0.0312391
36,0.0329431
37,0.0345139
38,0.0359515
39,0.0372572
40,0.0384632
41,0.039637
42,0.0407351
43,0.0416991
44,0.042594
45,0.0434202
46,0.0441593
47,0.0448421
48,0.0454709
49,0.0460314
50,0.0465552
51,0.0470181
52,0.0474505
53,0.0478342
54,0.0481671
55,0.0484921
56,0.0487868
57,0.0490688
58,0.0493774
59,0.0496864
60,0.0500005
61,0.0503469
62,0.0507003
63,0.0510682
64,0.0514543
65,0.0518247
66,0.0521942
67,0.0525744
68,0.0529504
69,0.0533205
70,0.0537119
71,0.0541054
72,0.054521
73,0.0549227
74,0.0553284
75,0.055706
76,0.0560636
77,0.0564068
78,0.0567535
79,0.0571131
80,0.0574742
81,0.0578423
82,0.0582168
83,0.0585888
84,0.0589492
85,0.0593084
86,0.0596614
87,0.0599927
88,0.0603064
89,0.0606067
90,0.0609044
91,0.0612028
92,0.0615151
93,0.0618337
94,0.0621495
95,0.0624479
96,0.0627282
97,0.0629901
98,0.0632284
99,0.0634419
100,0.0636463
101,0.0638468
102,0.0640537
103,0.064258
104,0.0644703
105,0.0646741
106,0.0648757
107,0.0650663
108,0.0652531
109,0.0654216
110,0.0655752
111,0.0657154
112,0.0658475
113,0.0659846
114,0.0661259
115,0.066279
116,0.0664292
117,0.0665853
118,0.0667291
119,0.0668667
120,0.0669883
121,0.0670919
122,0.0671832
123,0.0672747
124,0.0673644
125,0.0674649
126,0.0675721
127,0.0676812
128,0.0677877
129,0.0678902
130,0.0679904
131,0.0680812
132,0.068155
133,0.068212
134,0.0682622
135,0.0683172
136,0.0683859
137,0.0684655
138,0.0685541
139,0.0686444
140,0.0687332
141,0.0688164
142,0.0688958
143,0.0689572
144,0.069016
145,0.0690609
146,0.0691082
147,0.0691628
148,0.0692362
149,0.0693188
150,0.0694121
151,0.0695006
152,0.0695921
153,0.0696782
154,0.0697652
155,0.0698424
156,0.0699143
157,0.0699853
158,0.0700512
159,0.0701237
160,0.0701977
161,0.0702717
162,0.0703406
163,0.0704081
164,0.0704738
165,0.0705491
166,0.0706218
167,0.070696
168,0.070768
169,0.0708453
170,0.0709165
171,0.0709895
172,0.0710513
173,0.0711091
174,0.071154
175,0.0712052
176,0.0712556
177,0.0713237
178,0.071394
179,0.071477
180,0.07155
181,0.0716306
182,0.0717021
183,0.0717684
184,0.0718164
185,0.0718532
186,0.071881
187,0.0719054
188,0.0719374
189,0.071979
190,0.0720254
191,0.072075
192,0.0721278
193,0.0721787
194,0.0722271
195,0.0722624
196,0.0722861
197,0.0722936
198,0.0723043
199,0.0723233
200,0.072353
201,0.0723978
202,0.0724515
203,0.0725098
204,0.0725698
205,0.0726323
206,0.0726861
207,0.072733
208,0.0727696
209,0.0727953
210,0.0728222
211,0.0728608
212,0.0729122
213,0.0729726
214,0.0730317
215,0.0730853
216,0.0731422
217,0.0731931
218,0.0732449
219,0.0732867
220,0.0733308
221,0.0733642
222,0.0734009
223,0.0734386
224,0.0734758
225,0.0735086
226,0.0735312
227,0.0735505
228,0.073573
229,0.0736108
230,0.0736636
231,0.0737367
232,0.0738154
233,0.0738985
234,0.0739792
235,0.074056
236,0.0741164
237,0.0741635
238,0.0741941
239,0.0742183
240,0.0742496
241,0.0742982
242,0.0743575
243,0.0744285
244,0.0745006
245,0.0745783
246,0.0746484
247,0.0747169
248,0.0747626
249,0.074797
250,0.0748125
251,0.0748286
252,0.0748508
253,0.0748892
254,0.0749416
255,0.0749984
256,0.0750546
257,0.0751061
258,0.0751562
259,0.0752022
260,0.0752444
261,0.0752713
262,0.0752949
263,0.0753092
264,0.0753344
265,0.0753667
266,0.075403
267,0.0754355
268,0.0754639
269,0.0754853
270,0.0755135
271,0.075551
272,0.0755959
273,0.0756444
274,0.0757035
275,0.0757645
276,0.0758282
277,0.0758851
278,0.0759323
279,0.0759656
280,0.0759884
281,0.0760066
282,0.0760359
283,0.0760795
284,0.0761403
285,0.0762075
286,0.0762778
287,0.0763473
288,0.0764105
289,0.0764634
290,0.0764976
291,0.0765199
292,0.0765294
293,0.0765441
294,0.0765688
295,0.0766116
296,0.0766608
297,0.0767167
298,0.0767773
299,0.0768316
300,0.0768842
301,0.0769302
302,0.0769648
303,0.0769858
304,0.0770073
305,0.0770306
306,0.0770624
307,0.0771007
308,0.07714
309,0.077167
310,0.0771903
311,0.0772094
312,0.0772373
313,0.07727
314,0.0773116
315,0.0773481
316,0.0773927
317,0.077442
318,0.0774904
319,0.0775357
320,0.0775632
321,0.0775732
322,0.0775792
323,0.0775861
324,0.0776086
325,0.0776534
326,0.0777098
327,0.0777783
328,0.0778463
329,0.0779205
330,0.0779926
331,0.0780598
332,0.0781056
333,0.0781384
334,0.0781611
335,0.0781886
336,0.0782302
337,0.0782849
338,0.0783348
339,0.0783772
340,0.0784022
341,0.0784275
342,0.0784495
343,0.0784741
344,0.078494
345,0.0785115
346,0.0785295
347,0.0785532
348,0.0785837
349,0.078615
350,0.0786413
351,0.0786523
352,0.0786597
353,0.0786592
354,0.0786779
355,0.0787104
356,0.0787563
357,0.0788068
358,0.0788607
359,0.0789147
360,0.0789718
361,0.0790244
362,0.0790569
363,0.0790688
364,0.0790708
365,0.0790681
366,0.0790856
367,0.0791231
368,0.0791755
369,0.079237
370,0.0793023
371,0.079366
372,0.0794329
373,0.0794954
374,0.0795506
375,0.0795861
376,0.0796102
377,0.0796257
378,0.079648
379,0.0796738
380,0.0796952
381,0.0797065
382,0.0797013
383,0.079691
384,0.0796883
385,0.0796985
386,0.0797159
387,0.0797319
388,0.0797586
389,0.0797812
390,0.0798078
391,0.0798261
392,0.0798295
393,0.0798143
394,0.0797789
395,0.0797368
396,0.0797039
397,0.0796895
398,0.0796859
399,0.0796872
