2,-0.000177044
3,-0.000875611
4,-0.00134062
5,-0.00145385
6,-0.00135023
7,-0.00131884
8,-0.00143801
9,-0.00151452
10,-0.00186934
11,-0.00216961
12,-0.00228925
13,-0.00183459
14,-0.00172002
15,-0.00181102
16,-0.00146718
17,-0.00137914
18,-0.000705045
19,-0.000160346
20,-9.32946e-05
21,0.000189648
22,0.000789614
23,0.00136256
24,0.00212223
25,0.00287214
26,0.00377459
27,0.00565782
28,0.0075239
29,0.00955089
30,0.00822911
31,0.00981885
32,0.011673
33,0.0136561
34,0.0159159
35,0.0185114
36,0.0208376
37,0.0227712
38,0.0246514
39,0.0265864
40,0.0289953
41,0.0315485
42,0.033953
43,0.0362458
44,0.0383844
45,0.0402498
46,0.0418453
47,0.043193
48,0.0443618
49,0.0455396
50,0.046587
51,0.0474984
52,0.048454
53,0.0492723
54,0.0499348
55,0.0504508
56,0.0508925
57,0.0513239
58,0.0516862
59,0.0520226
60,0.0523481
61,0.0527017
62,0.0530198
63,0.0533806
64,0.0536991
65,0.0540218
66,0.0543304
67,0.0546563
68,0.0549648
69,0.0552729
70,0.0555661
71,0.0558466
72,0.0561227
73,0.0563773
74,0.0566425
75,0.05689
76,0.0571304
77,0.0573576
78,0.0575831
79,0.0577962
80,0.0580064
81,0.0582101
82,0.0584001
83,0.0585963
84,0.0587872
85,0.058966
86,0.0591447
87,0.0593187
88,0.0594811
89,0.0596368
90,0.0597938
91,0.0599561
92,0.0601115
93,0.0602633
94,0.0604125
95,0.0605576
96,0.0606953
97,0.0608348
98,0.0609732
99,0.0611072
100,0.0612388
101,0.0613743
102,0.0615075
103,0.0616342
104,0.0617529
105,0.0618737
106,0.0619931
107,0.0621034
108,0.0622177
109,0.0623307
110,0.0624424
111,0.062559
112,0.0626649
113,0.0627723
114,0.062878
115,0.0629835
116,0.0630904
117,0.0631916
118,0.0632976
119,0.0633981
120,0.0634923
121,0.0635867
122,0.0636757
123,0.063772
124,0.0638639
125,0.0639553
126,0.0640512
127,0.0641343
128,0.0642167
129,0.0642955
130,0.0643699
131,0.064449
132,0.0645298
133,0.0646105
134,0.0646929
135,0.064771
136,0.0648466
137,0.0649167
138,0.0649907
139,0.0650662
140,0.0651345
141,0.0652081
142,0.0652765
143,0.0653448
144,0.0654163
145,0.065487
146,0.0655575
147,0.0656298
148,0.0657028
149,0.0657752
150,0.0658431
151,0.0659127
152,0.065974
153,0.066044
154,0.0661137
155,0.0661812
156,0.0662493
157,0.0663172
158,0.0663881
159,0.0664528
160,0.0665182
161,0.0665885
162,0.0666534
163,0.0667171
164,0.0667849
165,0.0668528
166,0.066923
167,0.0669888
168,0.0670553
169,0.0671211
170,0.0671872
171,0.0672543
172,0.0673191
173,0.0673801
174,0.0674445
175,0.067503
176,0.0675646
177,0.0676221
178,0.0676777
179,0.0677324
180,0.0677858
181,0.0678359
182,0.0678858
183,0.0679329
184,0.0679833
185,0.0680282
186,0.0680712
187,0.0681222
188,0.0681644
189,0.0682112
190,0.0682578
191,0.0683031
192,0.0683474
193,0.0683932
194,0.068435
195,0.0684777
196,0.0685213
197,0.068564
198,0.0686053
199,0.0686474
200,0.0686888
201,0.0687288
202,0.0687674
203,0.068806
204,0.0688433
205,0.0688783
206,0.0689143
207,0.0689488
208,0.068985
209,0.0690178
210,0.069055
211,0.069091
212,0.0691251
213,0.0691634
214,0.0692046
215,0.0692479
216,0.0692983
217,0.069353
218,0.0694103
219,0.0694688
220,0.0695288
221,0.0695914
222,0.0696508
223,0.0697085
224,0.0697663
225,0.0698192
226,0.0698754
227,0.0699278
228,0.0699774
229,0.0700277
230,0.0700761
231,0.0701256
232,0.070175
233,0.070227
234,0.0702764
235,0.0703275
236,0.0703762
237,0.0704252
238,0.0704708
239,0.0705174
240,0.0705641
241,0.0706088
242,0.0706521
243,0.0706989
244,0.070745
245,0.0707874
246,0.0708347
247,0.0708724
248,0.0709142
249,0.0709563
250,0.0709964
251,0.0710388
252,0.0710831
253,0.0711258
254,0.0711725
255,0.0712175
256,0.0712651
257,0.0713121
258,0.0713567
259,0.0714037
260,0.0714467
261,0.0714922
262,0.0715343
263,0.0715796
264,0.0716221
265,0.0716653
266,0.0717093
267,0.071748
268,0.0717831
269,0.0718174
270,0.0718471
271,0.0718737
272,0.0719018
273,0.071929
274,0.0719565
275,0.0719854
276,0.0720133
277,0.072038
278,0.0720642
279,0.0720875
280,0.0721172
281,0.0721407
282,0.0721667
283,0.0721972
284,0.0722221
285,0.0722501
286,0.0722789
287,0.0723073
288,0.0723381
289,0.0723677
290,0.0723944
291,0.0724225
292,0.072447
293,0.0724712
294,0.0725
295,0.072526
296,0.0725557
297,0.0725857
298,0.0726174
299,0.072648
300,0.0726805
301,0.0727161
302,0.07275
303,0.0727824
304,0.0728158
305,0.0728509
306,0.072887
307,0.0729221
308,0.0729562
309,0.0729951
310,0.0730312
311,0.0730647
312,0.0730981
313,0.0731322
314,0.0731605
315,0.0731921
316,0.0732188
317,0.0732444
318,0.0732687
319,0.0732932
320,0.0733165
321,0.073339
322,0.0733622
323,0.0733814
324,0.0734062
325,0.0734262
326,0.0734451
327,0.0734665
328,0.0734852
329,0.0735044
330,0.0735228
331,0.0735438
332,0.0735633
333,0.0735832
334,0.073607
335,0.0736308
336,0.073663
337,0.073699
338,0.0737422
339,0.0737863
340,0.0738358
341,0.0738869
342,0.0739346
343,0.0739849
344,0.074032
345,0.0740813
346,0.0741241
347,0.0741668
348,0.0742096
349,0.07425
350,0.074291
351,0.0743288
352,0.0743657
353,0.0744021
354,0.0744365
355,0.0744701
356,0.0745016
357,0.0745292
358,0.0745606
359,0.0745877
360,0.0746134
361,0.0746446
362,0.0746718
363,0.0746979
364,0.0747271
365,0.0747548
366,0.0747835
367,0.0748087
368,0.0748384
369,0.0748703
370,0.0748956
371,0.074926
372,0.0749542
373,0.0749815
374,0.0750097
375,0.0750382
376,0.0750669
377,0.0750917
378,0.0751164
379,0.0751423
380,0.0751673
381,0.0751898
382,0.0752129
383,0.0752359
384,0.0752567
385,0.0752797
386,0.0753001
387,0.0753215
388,0.0753446
389,0.0753628
390,0.0753856
391,0.0754054
392,0.0754258
393,0.075447
394,0.0754685
395,0.0754905
396,0.0755101
397,0.075532
398,0.0755543
399,0.0755765
400,0.0756013
401,0.0756289
402,0.075654
403,0.0756871
404,0.075719
405,0.075753
406,0.0757924
407,0.0758283
408,0.0758679
409,0.0759052
410,0.075942
411,0.0759767
412,0.0760115
413,0.0760442
414,0.0760761
415,0.0761097
416,0.0761394
417,0.0761711
418,0.0762009
419,0.0762301
420,0.0762601
421,0.0762885
422,0.0763179
423,0.0763456
424,0.0763736
425,0.0764026
426,0.0764316
427,0.076458
428,0.0764862
429,0.0765127
430,0.0765396
431,0.0765672
432,0.0765926
433,0.0766211
434,0.076647
435,0.0766735
436,0.0767012
437,0.0767256
438,0.0767506
439,0.0767739
440,0.0767946
441,0.0768143
442,0.0768314
443,0.0768506
444,0.0768674
445,0.0768867
446,0.0769072
447,0.0769282
448,0.0769498
449,0.0769732
450,0.0769947
451,0.0770179
452,0.077041
453,0.077063
454,0.077087
455,0.077109
456,0.0771327
457,0.0771536
458,0.0771762
459,0.0771965
460,0.0772157
461,0.0772332
462,0.0772526
463,0.0772686
464,0.0772862
465,0.0773027
466,0.0773216
467,0.077342
468,0.0773592
469,0.0773801
470,0.0774018
471,0.0774228
472,0.0774459
473,0.0774684
474,0.0774868
475,0.0775112
476,0.0775304
477,0.0775486
478,0.0775724
479,0.0775921
480,0.0776163
481,0.0776432
482,0.077665
483,0.0776901
484,0.0777172
485,0.0777415
486,0.0777728
487,0.0778019
488,0.0778326
489,0.0778641
490,0.0778956
491,0.0779338
492,0.0779694
493,0.0780082
494,0.0780522
495,0.0780919
496,0.0781332
497,0.0781762
498,0.0782138
499,0.078253
500,0.0782844
501,0.0783119
502,0.0783332
503,0.0783475
504,0.0783551
505,0.0783603
506,0.0783631
507,0.0783618
508,0.0783666
509,0.0783662
510,0.078373
511,0.0783789
512,0.0783865
513,0.0784001
514,0.0784111
515,0.0784296
516,0.0784453
517,0.078464
518,0.0784831
519,0.0785039
520,0.0785268
521,0.0785476
522,0.0785714
523,0.0785958
524,0.0786176
525,0.0786412
526,0.0786652
527,0.0786885
528,0.078713
529,0.0787366
530,0.0787595
531,0.0787808
532,0.0788029
533,0.0788224
534,0.0788452
535,0.078866
536,0.078887
537,0.0789098
538,0.0789287
539,0.0789525
540,0.0789751
541,0.0789957
542,0.0790209
543,0.079045
544,0.0790679
545,0.0790958
546,0.0791206
547,0.0791474
548,0.0791757
549,0.0792029
550,0.079231
551,0.0792627
552,0.0792953
553,0.0793278
554,0.0793626
555,0.0793999
556,0.0794353
557,0.0794727
558,0.0795092
559,0.0795441
560,0.0795727
561,0.0795967
562,0.0796169
563,0.0796294
564,0.0796422
565,0.0796502
566,0.0796604
567,0.0796681
568,0.0796774
569,0.0796867
570,0.0796944
571,0.0797037
572,0.0797126
573,0.0797214
574,0.0797321
575,0.0797428
576,0.0797537
577,0.0797626
578,0.079771
579,0.0797836
580,0.079793
581,0.0798029
582,0.0798153
583,0.0798249
584,0.07983
585,0.0798387
586,0.079842
587,0.0798473
588,0.0798522
589,0.0798558
590,0.0798601
591,0.0798635
592,0.0798676
593,0.07987
594,0.0798729
595,0.0798757
596,0.0798768
597,0.0798785
598,0.0798824
599,0.0798826
