2,1.00524
3,1.02401
4,1.03551
5,1.03751
6,1.03419
7,1.0332
8,1.03594
9,1.03756
10,1.04542
11,1.05192
12,1.05401
13,1.0435
14,1.04004
15,1.04082
16,1.03275
17,1.03023
18,1.01578
19,1.00445
20,1.00312
21,0.997607
22,0.985963
23,0.975088
24,0.960847
25,0.947111
26,0.930869
27,0.895502
28,0.860601
29,0.822503
30,0.846598
31,0.816454
32,0.781681
33,0.744992
34,0.70369
35,0.656425
36,0.614695
37,0.580623
38,0.547997
39,0.514915
40,0.47359
41,0.430035
42,0.38918
43,0.350219
44,0.313908
45,0.282085
46,0.25461
47,0.231696
48,0.211944
49,0.192608
50,0.175633
51,0.161385
52,0.146504
53,0.133804
54,0.124354
55,0.117027
56,0.111297
57,0.105587
58,0.101209
59,0.0971898
60,0.0935016
61,0.0892237
62,0.0856839
63,0.0813462
64,0.0777566
65,0.0741562
66,0.0707022
67,0.0670317
68,0.0636847
69,0.0602201
70,0.057231
71,0.0542093
72,0.0514303
73,0.0489683
74,0.0461896
75,0.0440261
76,0.0414677
77,0.0397579
78,0.0373552
79,0.0359276
80,0.0337158
81,0.0324947
82,0.0305117
83,0.029459
84,0.0273902
85,0.0266658
86,0.0247416
87,0.0240862
88,0.022375
89,0.0220021
90,0.0203594
91,0.0198913
92,0.0182127
93,0.0179275
94,0.0163049
95,0.0161007
96,0.0146513
97,0.0145093
98,0.0130464
99,0.0129628
100,0.0115849
101,0.0114523
102,0.0100569
103,0.0100391
104,0.00884605
105,0.00889445
106,0.00768835
107,0.00787281
108,0.00674653
109,0.00690517
110,0.0058043
111,0.00590984
112,0.00487374
113,0.00511536
114,0.00418121
115,0.00436567
116,0.00347361
117,0.0036452
118,0.00297108
119,0.00298979
120,0.00274108
121,0.00261606
122,0.00266186
123,0.00241586
124,0.00261181
125,0.00224222
126,0.00276009
127,0.00224835
128,0.00297258
129,0.00236263
130,0.00305342
131,0.00243203
132,0.0031929
133,0.00253436
134,0.00333805
135,0.00266501
136,0.00349159
137,0.00277256
138,0.00357341
139,0.0028845
140,0.0036851
141,0.00304911
142,0.00369981
143,0.00314091
144,0.00380772
145,0.00325736
146,0.00392053
147,0.00344844
148,0.00407592
149,0.00362288
150,0.00417036
151,0.00380953
152,0.00429234
153,0.00388233
154,0.00444187
155,0.00403791
156,0.00459269
157,0.00423557
158,0.00484679
159,0.00444054
160,0.00500801
161,0.00467179
162,0.00524397
163,0.00485267
164,0.00547454
165,0.00511634
166,0.00578264
167,0.0054153
168,0.00609066
169,0.00567891
170,0.00639154
171,0.00599705
172,0.00670765
173,0.00621576
174,0.00692059
175,0.00638414
176,0.00707442
177,0.00653511
178,0.0071695
179,0.00656836
180,0.00716815
181,0.00654512
182,0.0071087
183,0.00643897
184,0.00698085
185,0.0063429
186,0.00671491
187,0.00622841
188,0.00643969
189,0.00610769
190,0.00617216
191,0.00601241
192,0.0058595
193,0.00588499
194,0.00554924
195,0.00567642
196,0.00522729
197,0.00547671
198,0.00493007
199,0.00521315
200,0.00468422
201,0.00489648
202,0.00440536
203,0.00452712
204,0.00417776
205,0.00411991
206,0.00394838
207,0.0037198
208,0.00380367
209,0.00337157
210,0.00372114
211,0.00311131
212,0.00368371
213,0.00292314
214,0.00376147
215,0.00291139
216,0.0039704
217,0.00311236
218,0.0042712
219,0.00347703
220,0.00461915
221,0.0039181
222,0.00501663
223,0.00424344
224,0.00532623
225,0.00454054
226,0.00553357
227,0.00479002
228,0.00568946
229,0.00492042
230,0.00575631
231,0.00502621
232,0.00582414
233,0.00518137
234,0.00591847
235,0.00533036
236,0.00599387
237,0.00543763
238,0.00599835
239,0.00549872
240,0.00597755
241,0.00556681
242,0.00590524
243,0.00565295
244,0.00592383
245,0.00572499
246,0.005897
247,0.00576356
248,0.00578587
249,0.00580549
250,0.0058019
251,0.00582667
252,0.00594988
253,0.00591767
254,0.00618038
255,0.00609028
256,0.00649177
257,0.00632582
258,0.00680092
259,0.00653901
260,0.00711476
261,0.00673222
262,0.00736852
263,0.00691394
264,0.00758935
265,0.00707953
266,0.00780488
267,0.00722325
268,0.00783923
269,0.00718457
270,0.00774529
271,0.0069695
272,0.00755269
273,0.00676048
274,0.00737048
275,0.00657795
276,0.00721604
277,0.00635949
278,0.00702405
279,0.00614507
280,0.00685514
281,0.00597881
282,0.00670403
283,0.00582775
284,0.00659544
285,0.00566869
286,0.00647694
287,0.00561368
288,0.00641683
289,0.00559961
290,0.00634598
291,0.00555297
292,0.00626883
293,0.00547255
294,0.00624867
295,0.00546471
296,0.00620798
297,0.00551224
298,0.0062123
299,0.00557085
300,0.00621268
301,0.00565227
302,0.00627218
303,0.00568628
304,0.00633988
305,0.00575748
306,0.00640731
307,0.00585728
308,0.00644099
309,0.0059332
310,0.00654404
311,0.00597901
312,0.00661228
313,0.00600977
314,0.00664174
315,0.00602848
316,0.00664491
317,0.00599012
318,0.00658375
319,0.00594934
320,0.00652597
321,0.00587749
322,0.00641772
323,0.00585133
324,0.00630905
325,0.00577759
326,0.00622261
327,0.00566336
328,0.0060721
329,0.0055614
330,0.00591893
331,0.00550136
332,0.00574249
333,0.00547896
334,0.00556179
335,0.00544543
336,0.00542437
337,0.00538903
338,0.00526643
339,0.00538003
340,0.00514574
341,0.00534041
342,0.00509664
343,0.00534679
344,0.0050518
345,0.00532538
346,0.00502049
347,0.00532519
348,0.00499627
349,0.00531132
350,0.00497378
351,0.00536315
352,0.00494781
353,0.00535843
354,0.00491563
355,0.00538678
356,0.00491694
357,0.00531094
358,0.0049273
359,0.00521171
360,0.00491544
361,0.00510299
362,0.00497201
363,0.00488383
364,0.00503081
365,0.00473309
366,0.00504424
367,0.00456028
368,0.00505053
369,0.00446479
370,0.00499983
371,0.00432276
372,0.00489201
373,0.00424313
374,0.00473982
375,0.00418021
376,0.00455273
377,0.00407228
378,0.00426242
379,0.00399483
380,0.00400672
381,0.00390539
382,0.00372887
383,0.00376997
384,0.00346716
385,0.00364925
386,0.0032472
387,0.00345757
388,0.00307256
389,0.00323817
390,0.00288556
391,0.00305574
392,0.00277192
393,0.00286423
394,0.00268461
395,0.00267743
396,0.00267036
397,0.00252942
398,0.00269541
399,0.00242975
400,0.00274229
401,0.00243052
402,0.00282465
403,0.00248213
404,0.00305913
405,0.00261231
406,0.00327961
407,0.0027974
408,0.00360269
409,0.00306465
410,0.00384508
411,0.00326351
412,0.00403373
413,0.00343076
414,0.00414082
415,0.00359488
416,0.00426432
417,0.00373226
418,0.00438764
419,0.00384582
420,0.00446032
421,0.00396324
422,0.00453258
423,0.0040511
424,0.00460164
425,0.00414999
426,0.00469013
427,0.00421424
428,0.00476709
429,0.00433535
430,0.00482331
431,0.00441073
432,0.00494457
433,0.00446587
434,0.00504263
435,0.00453212
436,0.00516114
437,0.00458469
438,0.00523877
439,0.0046667
440,0.00528868
441,0.00470997
442,0.0053045
443,0.00470122
444,0.00528918
445,0.00466892
446,0.00531752
447,0.00469456
448,0.00532171
449,0.00470458
450,0.00535309
451,0.0046936
452,0.00539336
453,0.00471724
454,0.00541339
455,0.00475228
456,0.00543495
457,0.00475093
458,0.00547662
459,0.00475258
460,0.00547798
461,0.00476752
462,0.00547691
463,0.0047407
464,0.00550647
465,0.00468942
466,0.00551286
467,0.00473589
468,0.00552265
469,0.00470628
470,0.00551693
471,0.00468495
472,0.0054829
473,0.00464443
474,0.00540105
475,0.00459198
476,0.00529468
477,0.0044424
478,0.00515099
479,0.00435178
480,0.0050013
481,0.00427738
482,0.00482503
483,0.00415126
484,0.00466251
485,0.00405395
486,0.0045167
487,0.00398247
488,0.00436998
489,0.0039445
490,0.00430563
491,0.0039481
492,0.00429292
493,0.00398918
494,0.00437414
495,0.00412193
496,0.00451949
497,0.00436339
498,0.004753
499,0.00463193
500,0.00498366
501,0.00478594
502,0.00500616
503,0.00469432
504,0.00474807
505,0.00439522
506,0.00432625
507,0.00402922
508,0.00389552
509,0.00373594
510,0.00349872
511,0.00356238
512,0.00321635
513,0.00344214
514,0.00301764
515,0.00339653
516,0.00287047
517,0.0033378
518,0.0028117
519,0.00327405
520,0.00278016
521,0.00324724
522,0.00278629
523,0.00328334
524,0.00278741
525,0.00320013
526,0.00282454
527,0.00319027
528,0.0028597
529,0.00321095
530,0.00289692
531,0.00317624
532,0.00291249
533,0.00316313
534,0.00294696
535,0.0031443
536,0.00296758
537,0.00313821
538,0.00299376
539,0.0031431
540,0.00303743
541,0.00317035
542,0.00315005
543,0.00326793
544,0.00320311
545,0.00335809
546,0.0033417
547,0.00347141
548,0.00347197
549,0.00358524
550,0.00359048
551,0.00374196
552,0.00380004
553,0.00396989
554,0.00404273
555,0.00425123
556,0.00434575
557,0.00457338
558,0.00465942
559,0.0049106
560,0.00488119
561,0.00506718
562,0.0049276
563,0.0050722
564,0.00479034
565,0.00498506
566,0.00465165
567,0.00489067
568,0.00456015
569,0.00484402
570,0.00444758
571,0.00479742
572,0.00442751
573,0.00475244
574,0.00437406
575,0.00475228
576,0.00436163
577,0.00477479
578,0.00432525
579,0.00475493
580,0.00431018
581,0.0047272
582,0.00432353
583,0.00471756
584,0.0042773
585,0.00467333
586,0.00426063
587,0.00463906
588,0.00422904
589,0.00463997
590,0.00421442
591,0.00464192
592,0.00423635
593,0.00461324
594,0.00427293
595,0.00462438
596,0.00435154
597,0.00453512
598,0.00466711
599,0.00379954
