2,0.00468145
3,0.0136438
4,0.0215314
5,0.0284239
6,0.0343856
7,0.0390919
8,0.0427473
9,0.0456871
10,0.0481211
11,0.0501106
12,0.0516794
13,0.052932
14,0.0539302
15,0.054744
16,0.0554336
17,0.0560318
18,0.0565654
19,0.0570471
20,0.0574873
21,0.057898
22,0.0582866
23,0.0586567
24,0.0590118
25,0.059356
26,0.0596879
27,0.0600094
28,0.0603208
29,0.0606249
30,0.0609243
31,0.0612193
32,0.0615065
33,0.0617835
34,0.06205
35,0.0622997
36,0.062541
37,0.0627833
38,0.0630245
39,0.0632616
40,0.0634945
41,0.0637257
42,0.0639553
43,0.064174
44,0.0643787
45,0.064579
46,0.064779
47,0.064979
48,0.0651771
49,0.0653723
50,0.0655674
51,0.0657615
52,0.0659521
53,0.0661415
54,0.0663295
55,0.0665137
56,0.0666927
57,0.066864
58,0.0670295
59,0.0671902
60,0.0673495
61,0.0675059
62,0.0676579
63,0.0678119
64,0.067972
65,0.0681363
66,0.0682971
67,0.0684495
68,0.0685961
69,0.0687394
70,0.0688826
71,0.0690296
72,0.0691729
73,0.069302
74,0.0694214
75,0.0695417
76,0.0696653
77,0.0697902
78,0.0699104
79,0.0700304
80,0.0701563
81,0.0702859
82,0.0704148
83,0.0705417
84,0.0706687
85,0.0707971
86,0.0709184
87,0.0710333
88,0.0711513
89,0.0712692
90,0.0713851
91,0.0714988
92,0.0716085
93,0.0717115
94,0.0718126
95,0.071915
96,0.0720183
97,0.0721227
98,0.0722279
99,0.072333
100,0.0724283
101,0.0725185
102,0.0726178
103,0.072731
104,0.0728361
105,0.0729291
106,0.0730285
107,0.0731391
108,0.0732548
109,0.073359
110,0.0734532
111,0.0735481
112,0.0736448
113,0.0737316
114,0.0738113
115,0.0738936
116,0.0739831
117,0.0740785
118,0.0741738
119,0.0742698
120,0.0743597
121,0.0744426
122,0.0745279
123,0.0746121
124,0.0746945
125,0.0747826
126,0.0748722
127,0.074953
128,0.0750355
129,0.0751312
130,0.0752246
131,0.0753066
132,0.0753817
133,0.0754614
134,0.0755437
135,0.0756268
136,0.0757047
137,0.0757845
138,0.0758757
139,0.0759622
140,0.0760492
141,0.0761356
142,0.0762103
143,0.0762827
144,0.0763561
145,0.0764265
146,0.0765
147,0.0765647
148,0.0766282
149,0.0767025
150,0.0767772
151,0.0768498
152,0.0769166
153,0.0769733
154,0.0770279
155,0.0770972
156,0.0771787
157,0.0772538
158,0.0773167
159,0.0773852
160,0.0774657
161,0.0775431
162,0.077615
163,0.0776844
164,0.0777539
165,0.0778256
166,0.0779061
167,0.0779911
168,0.0780664
169,0.0781239
170,0.0781755
171,0.0782325
172,0.0782919
173,0.0783572
174,0.0784273
175,0.0784932
176,0.078558
177,0.0786236
178,0.0786993
179,0.0787699
180,0.0788218
181,0.0788727
182,0.0789284
183,0.0789851
184,0.0790404
185,0.0791002
186,0.0791554
187,0.0792084
188,0.0792661
189,0.0793284
190,0.0793904
191,0.0794585
192,0.0795367
193,0.0796182
194,0.079674
195,0.0797011
196,0.0797313
197,0.0797762
198,0.0798233
199,0.079856
