2,0.88703
3,0.689271
4,0.52938
5,0.398221
6,0.290739
7,0.21125
8,0.153826
9,0.110757
10,0.0774382
11,0.0523686
12,0.0349034
13,0.0229353
14,0.0152426
15,0.0105833
16,0.0076982
17,0.00640027
18,0.00554843
19,0.00523367
20,0.00478693
21,0.00461804
22,0.00426595
23,0.00413066
24,0.00381504
25,0.00367912
26,0.0034023
27,0.00327406
28,0.00302476
29,0.0028957
30,0.00263978
31,0.00245555
32,0.00220861
33,0.00203248
34,0.00190178
35,0.00188117
36,0.00213752
37,0.00238269
38,0.00251777
39,0.00248014
40,0.00243766
41,0.00228589
42,0.00204918
43,0.00148573
44,0.0011752
45,0.00148734
46,0.0017411
47,0.00181596
48,0.00180434
49,0.00178829
50,0.00173568
51,0.00165798
52,0.00150367
53,0.00135023
54,0.00126394
55,0.00121885
56,0.00120244
57,0.0011968
58,0.00120126
59,0.0011921
60,0.00119463
61,0.0011117
62,0.000979303
63,0.000926843
64,0.000859011
65,0.000927219
66,0.000398147
67,0.000694495
68,0.000871347
69,0.000906777
70,0.000913827
71,0.000959782
72,0.000997816
73,0.000941362
74,0.000862577
75,0.000839171
76,0.00083888
77,0.000854681
78,0.000880457
79,0.000924977
80,0.000919535
81,0.000892844
82,0.000862076
83,0.00084474
84,0.000822914
85,0.000816464
86,0.000816838
87,0.000811987
88,0.000815048
89,0.000806561
90,0.000825766
91,0.0008091
92,0.00081709
93,0.000798474
94,0.000816318
95,0.000825406
96,0.000850014
97,0.00085303
98,0.000865911
99,0.000390396
100,0.000831231
101,0.000994459
102,0.00103524
103,0.000670267
104,0.000617586
105,0.000953201
106,0.000961787
107,0.000898524
108,0.000856836
109,0.000859013
110,0.000858304
111,0.000858153
112,0.000856413
113,0.000852901
114,0.000867424
115,0.000900049
116,0.00090251
117,0.000874628
118,0.000846847
119,0.000819848
120,0.000810646
121,0.000817926
122,0.000817992
123,0.000828101
124,0.000840033
125,0.000828492
126,0.000804938
127,0.0008222
128,0.000827353
129,0.000781898
130,0.000768497
131,0.000769902
132,0.000776382
133,0.000780856
134,0.0007743
135,0.000773236
136,0.0001349
137,0.000762356
138,0.000767689
139,0.000787609
140,0.000821446
141,0.0008718
142,0.000857167
143,0.000831368
144,0.000817654
145,0.000794233
146,0.000284811
147,0.000673548
148,0.000751537
149,0.000754872
150,0.000750372
151,0.000750842
152,0.000753629
153,0.000806077
154,0.000909097
155,0.000926511
156,0.00084868
157,0.000823372
158,0.0008663
159,0.000873935
160,0.000804975
161,0.000772735
162,0.000757391
163,0.000756959
164,0.000748919
165,0.000745361
166,0.000743548
167,0.00080982
168,0.000563713
169,0.000611787
170,0.000720856
171,0.000738635
172,0.000732773
173,0.00073637
174,0.00073359
175,0.00073768
176,0.000354389
177,0.000456578
178,0.000760364
179,0.0008107
180,0.000762778
181,0.000734437
182,0.000730028
183,0.000730887
184,0.000743545
185,0.000746897
186,0.000766334
187,0.000803313
188,0.000819153
189,0.000805973
190,0.000793936
191,0.000754889
192,0.000722727
193,0.000784966
194,0.000771064
195,0.000733908
196,0.000865693
197,0.000965271
198,0.00105734
199,0.00130218
