2,0.0045195
3,0.0131896
4,0.0208519
5,0.0275664
6,0.0334121
7,0.0380754
8,0.0417517
9,0.0447701
10,0.0473213
11,0.0494555
12,0.0511663
13,0.0525426
14,0.0536484
15,0.0545558
16,0.0553196
17,0.0559716
18,0.056543
19,0.057047
20,0.0574958
21,0.0579051
22,0.0582944
23,0.0586658
24,0.0590203
25,0.0593635
26,0.0596941
27,0.0600141
28,0.0603253
29,0.0606299
30,0.0609295
31,0.0612228
32,0.0615081
33,0.0617859
34,0.0620493
35,0.062294
36,0.0625332
37,0.0627782
38,0.0630227
39,0.0632607
40,0.0634953
41,0.063728
42,0.0639574
43,0.064174
44,0.0643757
45,0.0645748
46,0.064776
47,0.0649774
48,0.0651758
49,0.0653713
50,0.0655669
51,0.0657608
52,0.0659501
53,0.066138
54,0.0663254
55,0.066509
56,0.0666867
57,0.0668577
58,0.0670238
59,0.0671862
60,0.0673483
61,0.0675057
62,0.0676571
63,0.0678129
64,0.0679767
65,0.0681399
66,0.068294
67,0.0684412
68,0.068587
69,0.0687326
70,0.0688781
71,0.0690273
72,0.0691722
73,0.0692994
74,0.0694166
75,0.0695361
76,0.0696604
77,0.069785
78,0.0699041
79,0.0700233
80,0.0701462
81,0.0702721
82,0.0703986
83,0.0705255
84,0.0706564
85,0.0707854
86,0.0709053
87,0.0710256
88,0.0711508
89,0.0712712
90,0.0713849
91,0.0714985
92,0.0716092
93,0.0717119
94,0.0718127
95,0.0719155
96,0.0720191
97,0.0721244
98,0.0722284
99,0.0723307
100,0.0724279
101,0.0725249
102,0.0726271
103,0.0727182
104,0.0728125
105,0.0729205
106,0.073027
107,0.0731391
108,0.0732541
109,0.0733581
110,0.0734525
111,0.0735481
112,0.0736444
113,0.0737314
114,0.0738112
115,0.0738934
116,0.0739828
117,0.0740779
118,0.0741737
119,0.0742694
120,0.0743595
121,0.0744429
122,0.0745277
123,0.0746118
124,0.0746944
125,0.0747826
126,0.0748721
127,0.0749526
128,0.0750361
129,0.075131
130,0.0752248
131,0.0753064
132,0.0753821
133,0.075461
134,0.0755441
135,0.0756262
136,0.075702
137,0.075785
138,0.0758755
139,0.0759623
140,0.0760492
141,0.0761356
142,0.0762111
143,0.0762821
144,0.0763576
145,0.0764322
146,0.0764955
147,0.0765571
148,0.0766283
149,0.0767039
150,0.0767774
151,0.0768497
152,0.0769164
153,0.0769726
154,0.0770278
155,0.0770973
156,0.0771788
157,0.0772538
158,0.0773168
159,0.0773851
160,0.0774645
161,0.077543
162,0.0776151
163,0.0776843
164,0.077754
165,0.0778256
166,0.0779062
167,0.077991
168,0.0780627
169,0.0781237
170,0.0781759
171,0.0782321
172,0.0782926
173,0.0783572
174,0.0784273
175,0.0784931
176,0.0785571
177,0.078623
178,0.0786995
179,0.0787698
180,0.0788218
181,0.0788727
182,0.0789281
183,0.078985
184,0.0790404
185,0.0791001
186,0.0791566
187,0.0792085
188,0.0792662
189,0.0793283
190,0.0793904
191,0.0794585
192,0.0795367
193,0.0796182
194,0.0796741
195,0.079701
196,0.0797313
197,0.0797762
198,0.0798234
199,0.0798561
