2,0.894433
3,0.708766
4,0.558012
5,0.434328
6,0.330456
7,0.250804
8,0.191151
9,0.144202
10,0.106668
11,0.0767454
12,0.0540485
13,0.0373761
14,0.0256618
15,0.0175747
16,0.0119803
17,0.00845521
18,0.00632019
19,0.00575599
20,0.00494232
21,0.00494253
22,0.00438381
23,0.00436222
24,0.00391447
25,0.00385701
26,0.00347539
27,0.0034117
28,0.00306969
29,0.00298539
30,0.00266036
31,0.00252264
32,0.00228289
33,0.00215166
34,0.00216866
35,0.0023011
36,0.002653
37,0.0026656
38,0.00266301
39,0.00253694
40,0.00243796
41,0.00223225
42,0.00191208
43,0.00145845
44,0.00126966
45,0.00162575
46,0.00183545
47,0.00187836
48,0.00184125
49,0.00181379
50,0.00176106
51,0.0016594
52,0.00149977
53,0.00138346
54,0.00130507
55,0.00125875
56,0.00123793
57,0.00123241
58,0.00122479
59,0.00121159
60,0.00120731
61,0.00118375
62,0.00114377
63,0.00109162
64,0.000357737
65,0.00066286
66,0.000821094
67,0.000856961
68,0.000855923
69,0.000859149
70,0.000876528
71,0.000938983
72,0.000987825
73,0.00092365
74,0.000841248
75,0.000838078
76,0.000849625
77,0.000866338
78,0.000921014
79,0.00099606
80,0.00104909
81,0.00105722
82,0.00102546
83,0.000984636
84,0.000936151
85,0.000890478
86,0.000857055
87,0.000823694
88,0.000817688
89,0.000820636
90,0.000824595
91,0.00081772
92,0.000821479
93,0.000806276
94,0.000819347
95,0.000828883
96,0.000841652
97,0.000302654
98,0.000837496
99,0.000917573
100,0.000826835
101,0.000673867
102,0.00119914
103,0.00118963
104,0.0011015
105,0.00102958
106,0.000969468
107,0.000900923
108,0.000865769
109,0.000870575
110,0.000863974
111,0.000863867
112,0.000860344
113,0.000855881
114,0.00086755
115,0.00089933
116,0.000901084
117,0.000876455
118,0.000846246
119,0.000823379
120,0.000810706
121,0.000816726
122,0.000819783
123,0.000828121
124,0.000840975
125,0.000826248
126,0.000804555
127,0.000819989
128,0.00081804
129,0.0007816
130,0.000768533
131,0.000770541
132,0.000773995
133,0.000780726
134,0.000279465
135,0.000601182
136,0.000778006
137,0.000771697
138,0.000767616
139,0.000784897
140,0.000817508
141,0.00086846
142,0.000873681
143,0.000812693
144,0.000841902
145,0.000317177
146,0.000734468
147,0.000752547
148,0.000753804
149,0.000750291
150,0.000750356
151,0.000749773
152,0.000754283
153,0.000810819
154,0.000908506
155,0.000924239
156,0.000848052
157,0.000823953
158,0.000864297
159,0.000890382
160,0.000812285
161,0.000769335
162,0.000758528
163,0.000755953
164,0.000748591
165,0.000744146
166,0.000746982
167,0.000327467
168,0.000815372
169,0.000805887
170,0.00074914
171,0.000736996
172,0.000735307
173,0.000735272
174,0.00073534
175,6.57183e-05
176,0.000704087
177,0.000737585
178,0.000776587
179,0.000811658
180,0.000761239
181,0.000732722
182,0.000729035
183,0.000732869
184,0.000744017
185,0.00074792
186,0.000768607
187,0.000803117
188,0.000817688
189,0.000802989
190,0.000792792
191,0.000754387
192,0.000723611
193,0.000783982
194,0.000770356
195,0.000732681
196,0.000866109
197,0.000966319
198,0.00105869
199,0.00130217
