2,0.00437483
3,0.012788
4,0.0202217
5,0.0267188
6,0.0324603
7,0.0371316
8,0.0408613
9,0.0439678
10,0.0465945
11,0.0488178
12,0.050648
13,0.052139
14,0.0533435
15,0.0543309
16,0.055163
17,0.0558738
18,0.056487
19,0.0570197
20,0.0574929
21,0.0579138
22,0.0583031
23,0.0586749
24,0.0590288
25,0.0593707
26,0.0597012
27,0.0600217
28,0.0603318
29,0.0606353
30,0.0609346
31,0.0612281
32,0.0615142
33,0.0617871
34,0.0620432
35,0.0622869
36,0.062528
37,0.0627741
38,0.0630203
39,0.0632598
40,0.0634956
41,0.0637283
42,0.0639569
43,0.0641731
44,0.0643743
45,0.0645724
46,0.0647729
47,0.0649749
48,0.0651743
49,0.0653702
50,0.0655657
51,0.0657579
52,0.0659466
53,0.0661351
54,0.0663218
55,0.0665045
56,0.0666807
57,0.0668501
58,0.0670179
59,0.0671842
60,0.0673477
61,0.0675053
62,0.0676583
63,0.0678187
64,0.0679803
65,0.0681332
66,0.0682853
67,0.0684344
68,0.0685801
69,0.0687263
70,0.0688742
71,0.0690262
72,0.0691721
73,0.069299
74,0.069415
75,0.0695343
76,0.0696599
77,0.0697851
78,0.0699028
79,0.0700193
80,0.0701391
81,0.0702624
82,0.0703892
83,0.0705162
84,0.0706433
85,0.0707701
86,0.070895
87,0.0710217
88,0.0711499
89,0.0712712
90,0.0713848
91,0.0714981
92,0.071609
93,0.0717115
94,0.0718124
95,0.0719159
96,0.0720221
97,0.072122
98,0.0722242
99,0.0723247
100,0.0724271
101,0.0725156
102,0.0725968
103,0.0727018
104,0.0728119
105,0.0729208
106,0.0730286
107,0.0731417
108,0.073257
109,0.0733601
110,0.0734518
111,0.0735478
112,0.0736448
113,0.0737313
114,0.0738113
115,0.0738937
116,0.0739832
117,0.0740783
118,0.0741739
119,0.0742694
120,0.0743594
121,0.0744428
122,0.0745278
123,0.0746118
124,0.0746946
125,0.0747828
126,0.0748719
127,0.0749532
128,0.0750373
129,0.075131
130,0.0752247
131,0.0753064
132,0.0753823
133,0.075461
134,0.0755442
135,0.0756247
136,0.0757019
137,0.0757845
138,0.075876
139,0.0759622
140,0.0760484
141,0.0761351
142,0.076213
143,0.0762786
144,0.0763608
145,0.0764321
146,0.0764845
147,0.0765573
148,0.076628
149,0.0767046
150,0.0767792
151,0.0768494
152,0.0769169
153,0.0769721
154,0.077028
155,0.0770971
156,0.0771789
157,0.0772537
158,0.0773169
159,0.0773827
160,0.0774646
161,0.0775429
162,0.0776154
163,0.077684
164,0.0777544
165,0.0778254
166,0.0779066
167,0.077991
168,0.0780622
169,0.078124
170,0.0781752
171,0.0782327
172,0.0782926
173,0.0783572
174,0.0784274
175,0.0784931
176,0.0785532
177,0.0786232
178,0.0786994
179,0.0787699
180,0.0788218
181,0.0788727
182,0.078928
183,0.0789851
184,0.0790404
185,0.0791002
186,0.0791553
187,0.0792085
188,0.0792661
189,0.0793284
190,0.0793904
191,0.0794585
192,0.0795367
193,0.0796182
194,0.079674
195,0.0797011
196,0.0797313
197,0.0797762
198,0.0798233
199,0.079856
