2,0.895717
3,0.712733
4,0.567826
5,0.450986
6,0.349307
7,0.268887
8,0.208141
9,0.160252
10,0.121638
11,0.0898247
12,0.064907
13,0.046127
14,0.032391
15,0.0226437
16,0.0158251
17,0.0112679
18,0.00824846
19,0.00697491
20,0.00590721
21,0.00570281
22,0.00514232
23,0.00503208
24,0.00453703
25,0.00443348
26,0.00399847
27,0.00388631
28,0.00350921
29,0.00335259
30,0.00304233
31,0.00284327
32,0.00270804
33,0.00251341
34,0.00262993
35,0.00264189
36,0.00294282
37,0.00297162
38,0.00297076
39,0.00282288
40,0.00268837
41,0.00241397
42,0.00194909
43,0.00153822
44,0.00143214
45,0.00169403
46,0.00197833
47,0.00207289
48,0.00203948
49,0.00200167
50,0.00189521
51,0.00177461
52,0.00166477
53,0.0016008
54,0.0015552
55,0.00145173
56,0.00131776
57,0.00126351
58,0.0012388
59,0.0012238
60,0.001215
61,0.00120583
62,0.00120285
63,0.00118789
64,0.000447638
65,0.000621934
66,0.000804644
67,0.000845116
68,0.000849474
69,0.000855009
70,0.000869576
71,0.000920861
72,0.000950933
73,0.00089584
74,0.00083974
75,0.000841299
76,0.000850161
77,0.000868916
78,0.000929289
79,0.00102531
80,0.00109288
81,0.0011083
82,0.00107704
83,0.00103461
84,0.000988535
85,0.00094493
86,0.000896829
87,0.000840386
88,0.000810583
89,0.000822881
90,0.000817974
91,0.000826431
92,0.000811289
93,0.000814637
94,0.000813917
95,0.000828893
96,0.000290681
97,0.00080601
98,0.000869354
99,0.000627924
100,0.000700917
101,0.00123163
102,0.00126161
103,0.0011663
104,0.00109121
105,0.00102981
106,0.000975498
107,0.000898969
108,0.000867125
109,0.000867333
110,0.000865885
111,0.000860286
112,0.000861586
113,0.000853992
114,0.000869707
115,0.000899474
116,0.000903383
117,0.000875108
118,0.000848199
119,0.000820743
120,0.000811754
121,0.000816538
122,0.000820392
123,0.000826105
124,0.000841356
125,0.000825328
126,0.000808688
127,0.000818455
128,0.000826946
129,0.000779912
130,0.000771608
131,0.000765775
132,0.000777333
133,0.00053782
134,0.000333337
135,0.000752162
136,0.000775559
137,0.000771773
138,0.000768553
139,0.000786375
140,0.000814473
141,0.000870512
142,0.000852678
143,0.000866449
144,0.000340663
145,0.000733436
146,0.000754568
147,0.00075317
148,0.000753198
149,0.000750693
150,0.000748778
151,0.000749406
152,0.000754389
153,0.000804238
154,0.000909003
155,0.000924209
156,0.000850201
157,0.000820419
158,0.0008656
159,0.000880474
160,0.000819163
161,0.00077124
162,0.00075926
163,0.000753625
164,0.000752129
165,0.00073557
166,0.000101062
167,0.000773847
168,0.00084
169,0.000806116
170,0.000750572
171,0.000736685
172,0.000734175
173,0.000735373
174,5.44004e-05
175,0.000705071
176,0.000733501
177,0.000737127
178,0.000776343
179,0.000809716
180,0.000760727
181,0.000731822
182,0.000728235
183,0.000732511
184,0.000743751
185,0.00074758
186,0.000767643
187,0.000802198
188,0.000818269
189,0.000805101
190,0.000792739
191,0.000754942
192,0.00072438
193,0.000784483
194,0.000771661
195,0.000731846
196,0.000865456
197,0.000965033
198,0.00105681
199,0.00130248
