2,0.00473492
3,0.0133742
4,0.0195721
5,0.0244467
6,0.0295599
7,0.0341397
8,0.0380786
9,0.0414435
10,0.044248
11,0.0466587
12,0.0486909
13,0.0504435
14,0.0519258
15,0.0531608
16,0.0542045
17,0.0551149
18,0.055912
19,0.0565972
20,0.0572045
21,0.0577677
22,0.0582813
23,0.0587278
24,0.0591183
25,0.0594713
26,0.0597893
27,0.0600914
28,0.0603857
29,0.0606732
30,0.0609578
31,0.0612329
32,0.0614988
33,0.0617561
34,0.0620081
35,0.0622675
36,0.0625257
37,0.0627825
38,0.0630306
39,0.0632724
40,0.0635086
41,0.0637379
42,0.063963
43,0.0641762
44,0.064378
45,0.0645761
46,0.0647772
47,0.0649784
48,0.0651769
49,0.0653733
50,0.0655654
51,0.0657559
52,0.0659454
53,0.066132
54,0.0663158
55,0.0664949
56,0.0666694
57,0.0668412
58,0.0670102
59,0.0671766
60,0.0673451
61,0.0675128
62,0.0676711
63,0.0678233
64,0.0679739
65,0.0681238
66,0.0682733
67,0.0684221
68,0.0685712
69,0.0687201
70,0.0688679
71,0.0690139
72,0.0691551
73,0.0692876
74,0.069412
75,0.0695333
76,0.0696565
77,0.0697792
78,0.0698983
79,0.0700158
80,0.0701347
81,0.0702563
82,0.0703798
83,0.0705042
84,0.0706286
85,0.070755
86,0.0708821
87,0.0710098
88,0.0711381
89,0.0712629
90,0.0713831
91,0.071498
92,0.071607
93,0.0717064
94,0.0718051
95,0.0719111
96,0.0720182
97,0.0721141
98,0.0721987
99,0.0722901
100,0.0723877
101,0.0724876
102,0.0725945
103,0.0727051
104,0.0728141
105,0.0729215
106,0.0730296
107,0.0731422
108,0.073255
109,0.0733592
110,0.0734545
111,0.0735476
112,0.0736435
113,0.0737318
114,0.0738115
115,0.0738935
116,0.0739821
117,0.0740739
118,0.07417
119,0.0742695
120,0.0743592
121,0.0744422
122,0.0745283
123,0.0746116
124,0.074695
125,0.0747848
126,0.0748721
127,0.0749527
128,0.0750365
129,0.0751311
130,0.0752243
131,0.0753087
132,0.0753818
133,0.0754581
134,0.0755441
135,0.075626
136,0.0757032
137,0.0757848
138,0.0758757
139,0.0759621
140,0.0760491
141,0.0761467
142,0.07622
143,0.076277
144,0.0763486
145,0.0764192
146,0.0764892
147,0.0765573
148,0.076628
149,0.0767047
150,0.0767786
151,0.07685
152,0.0769161
153,0.0769731
154,0.0770274
155,0.0770972
156,0.0771787
157,0.0772544
158,0.0773166
159,0.0773818
160,0.0774622
161,0.077543
162,0.0776147
163,0.0776846
164,0.0777561
165,0.0778253
166,0.0779018
167,0.0779874
168,0.0780633
169,0.0781237
170,0.0781756
171,0.0782329
172,0.0782957
173,0.0783571
174,0.0784275
175,0.0784928
176,0.0785536
177,0.0786229
178,0.0786995
179,0.07877
180,0.0788218
181,0.0788726
182,0.0789282
183,0.0789851
184,0.0790406
185,0.0791001
186,0.0791554
187,0.0792084
188,0.0792663
189,0.0793284
190,0.0793905
191,0.0794585
192,0.0795368
193,0.0796187
194,0.0796741
195,0.0797013
196,0.0797312
197,0.0797761
198,0.0798235
199,0.0798559
