2,0.885731
3,0.69542
4,0.572301
5,0.482777
6,0.390739
7,0.311749
8,0.246731
9,0.193933
10,0.152361
11,0.118431
12,0.0915253
13,0.0697778
14,0.0528407
15,0.0400196
16,0.0309242
17,0.0235492
18,0.0186952
19,0.015594
20,0.0134999
21,0.0120605
22,0.0110385
23,0.0103739
24,0.00949341
25,0.00929339
26,0.0079933
27,0.00817276
28,0.00677929
29,0.00690887
30,0.00628643
31,0.00567597
32,0.00614774
33,0.00492096
34,0.00602911
35,0.00444753
36,0.00527059
37,0.00398412
38,0.00423414
39,0.00355116
40,0.00322617
41,0.00317537
42,0.00251645
43,0.0027798
44,0.00223503
45,0.0025901
46,0.00241996
47,0.00253095
48,0.00262396
49,0.00267092
50,0.00262962
51,0.00258946
52,0.0024676
53,0.00236803
54,0.00224283
55,0.00213804
56,0.00203566
57,0.00194394
58,0.00185802
59,0.00177101
60,0.00166716
61,0.00150651
62,0.00107536
63,0.00052628
64,0.000774758
65,0.00109721
66,0.00123562
67,0.00125561
68,0.00124169
69,0.00121419
70,0.00118536
71,0.00116983
72,0.00116548
73,0.00114264
74,0.00110478
75,0.0010726
76,0.00102258
77,0.000988682
78,0.000997735
79,0.00104563
80,0.00109299
81,0.00111628
82,0.00111097
83,0.00108874
84,0.00105097
85,0.000994956
86,0.000926087
87,0.000863304
88,0.000821602
89,0.00080886
90,0.000819967
91,0.0008257
92,0.000770975
93,0.00016152
94,0.000729245
95,0.000867241
96,0.000584847
97,0.000548554
98,0.00104216
99,0.00119546
100,0.0012631
101,0.00129512
102,0.00124731
103,0.00115697
104,0.00108398
105,0.00102377
106,0.000965126
107,0.000896445
108,0.000871982
109,0.00086369
110,0.000870754
111,0.000860272
112,0.000867572
113,0.000853773
114,0.000876427
115,0.000900286
116,0.000913634
117,0.000895742
118,0.000867825
119,0.00081779
120,0.000814514
121,0.000815991
122,0.000820908
123,0.00082632
124,0.000841656
125,0.000813411
126,0.000808616
127,0.00081863
128,0.000825407
129,0.00077859
130,0.000771179
131,0.000438213
132,0.000455135
133,0.000782442
134,0.000776536
135,0.000771785
136,0.000778675
137,0.000769848
138,0.000771349
139,0.000782003
140,0.000823573
141,0.000853409
142,0.000563548
143,0.000779104
144,0.000785201
145,0.000768001
146,0.000758966
147,0.000752317
148,0.000751952
149,0.000750379
150,0.000749695
151,0.000749385
152,0.0007556
153,0.000806827
154,0.000913627
155,0.000924495
156,0.00085058
157,0.000819108
158,0.000865712
159,0.000896399
160,0.000824563
161,0.000771627
162,0.000761378
163,0.000754432
164,0.000101122
165,0.000731919
166,0.00073906
167,0.0007907
168,0.000839067
169,0.000807444
170,0.000751584
171,0.00073737
172,4.64264e-05
173,0.000699359
174,0.000734564
175,0.00073578
176,0.0007344
177,0.000738354
178,0.000775849
179,0.000811704
180,0.000760276
181,0.00073348
182,0.000728839
183,0.000733087
184,0.000743211
185,0.000747954
186,0.000766782
187,0.000803664
188,0.000816719
189,0.000804362
190,0.000793835
191,0.000756271
192,0.000724612
193,0.000787541
194,0.000769685
195,0.000732799
196,0.000865598
197,0.000967531
198,0.0010558
199,0.00130331
