2,0.00743507
3,0.0195144
4,0.0250056
5,0.027497
6,0.0302583
7,0.0328595
8,0.0357068
9,0.0384882
10,0.0412132
11,0.043745
12,0.0460501
13,0.0480641
14,0.0497734
15,0.0512135
16,0.0525016
17,0.0536716
18,0.0547274
19,0.0556676
20,0.0564986
21,0.0572218
22,0.0578414
23,0.0583741
24,0.058835
25,0.0592347
26,0.0596139
27,0.059975
28,0.0603058
29,0.0605997
30,0.0608735
31,0.0611466
32,0.0614176
33,0.0616979
34,0.0619465
35,0.0621791
36,0.0624593
37,0.0627458
38,0.0630112
39,0.0632965
40,0.0635941
41,0.0638812
42,0.0641231
43,0.0642947
44,0.0644608
45,0.0646258
46,0.0647847
47,0.0649765
48,0.0651797
49,0.0653866
50,0.0655926
51,0.0657859
52,0.0659718
53,0.0661559
54,0.066337
55,0.0665136
56,0.0666872
57,0.0668577
58,0.0670245
59,0.0671924
60,0.067362
61,0.0675287
62,0.0676857
63,0.0678346
64,0.0679808
65,0.0681278
66,0.0682784
67,0.0684278
68,0.0685747
69,0.0687205
70,0.0688657
71,0.0690055
72,0.0691387
73,0.0692723
74,0.0694065
75,0.0695353
76,0.0696585
77,0.0697787
78,0.0698975
79,0.0700166
80,0.0701353
81,0.0702573
82,0.070382
83,0.0705061
84,0.0706305
85,0.0707559
86,0.0708823
87,0.0710094
88,0.071137
89,0.0712609
90,0.0713822
91,0.0714961
92,0.0716003
93,0.0717046
94,0.0718073
95,0.0719075
96,0.0720058
97,0.0721004
98,0.0721945
99,0.0722902
100,0.0723895
101,0.0724914
102,0.0725944
103,0.0727022
104,0.0728132
105,0.0729237
106,0.0730338
107,0.0731421
108,0.0732496
109,0.0733526
110,0.0734515
111,0.073547
112,0.0736393
113,0.0737271
114,0.0738102
115,0.0738942
116,0.0739813
117,0.0740743
118,0.0741708
119,0.0742674
120,0.0743601
121,0.0744459
122,0.074531
123,0.0746142
124,0.0746966
125,0.0747833
126,0.0748716
127,0.0749544
128,0.075038
129,0.0751346
130,0.0752272
131,0.0753061
132,0.0753828
133,0.0754628
134,0.0755447
135,0.0756256
136,0.0757034
137,0.0757852
138,0.0758768
139,0.0759714
140,0.0760615
141,0.0761384
142,0.0762104
143,0.0762817
144,0.0763489
145,0.0764192
146,0.0764896
147,0.0765575
148,0.0766287
149,0.0767049
150,0.0767795
151,0.07685
152,0.0769165
153,0.0769751
154,0.0770325
155,0.0771004
156,0.0771792
157,0.0772542
158,0.0773166
159,0.0773824
160,0.0774613
161,0.0775422
162,0.0776154
163,0.0776757
164,0.0777501
165,0.0778261
166,0.077901
167,0.0779879
168,0.0780633
169,0.0781234
170,0.0781765
171,0.0782316
172,0.0782907
173,0.0783573
174,0.0784267
175,0.0784933
176,0.0785539
177,0.0786227
178,0.0786997
179,0.0787697
180,0.0788214
181,0.0788728
182,0.0789302
183,0.0789851
184,0.0790403
185,0.0791002
186,0.0791566
187,0.079208
188,0.0792661
189,0.0793293
190,0.0793907
191,0.0794583
192,0.0795367
193,0.0796184
194,0.0796739
195,0.0797013
196,0.0797311
197,0.0797758
198,0.0798231
199,0.0798559
