2,0.00705175
3,0.0184403
4,0.0242293
5,0.0274508
6,0.0308403
7,0.0339267
8,0.036767
9,0.0392354
10,0.0413349
11,0.0431991
12,0.0448942
13,0.0464939
14,0.0480005
15,0.0493987
16,0.0507062
17,0.0519503
18,0.053113
19,0.0541966
20,0.0551968
21,0.0561173
22,0.0569726
23,0.0577486
24,0.0584211
25,0.0590079
26,0.0595219
27,0.059958
28,0.060319
29,0.0606188
30,0.0608601
31,0.0610675
32,0.0612889
33,0.0615404
34,0.0618223
35,0.0621309
36,0.0624551
37,0.0627864
38,0.0631162
39,0.0634307
40,0.063726
41,0.063995
42,0.0642266
43,0.0644145
44,0.0645683
45,0.0647066
46,0.0648512
47,0.0650181
48,0.0652063
49,0.0654077
50,0.0656118
51,0.0658107
52,0.0660014
53,0.066185
54,0.0663635
55,0.0665384
56,0.06671
57,0.0668785
58,0.0670451
59,0.0672124
60,0.0673807
61,0.0675457
62,0.0676997
63,0.0678461
64,0.0679919
65,0.068138
66,0.0682862
67,0.0684338
68,0.0685801
69,0.0687239
70,0.0688638
71,0.0690023
72,0.0691374
73,0.0692694
74,0.0694017
75,0.0695331
76,0.0696598
77,0.0697807
78,0.0698996
79,0.0700179
80,0.0701374
81,0.0702594
82,0.0703829
83,0.070508
84,0.0706325
85,0.0707572
86,0.0708829
87,0.0710097
88,0.0711381
89,0.0712625
90,0.0713801
91,0.0714918
92,0.0716001
93,0.0717021
94,0.071802
95,0.0719037
96,0.0720022
97,0.0720995
98,0.0721955
99,0.0722916
100,0.0723892
101,0.0724899
102,0.0725937
103,0.0727006
104,0.0728101
105,0.0729203
106,0.07303
107,0.0731385
108,0.0732444
109,0.0733472
110,0.0734467
111,0.0735443
112,0.0736383
113,0.0737222
114,0.0738051
115,0.0738918
116,0.0739794
117,0.0740717
118,0.0741679
119,0.074266
120,0.0743601
121,0.074446
122,0.0745319
123,0.0746168
124,0.0746978
125,0.0747833
126,0.0748719
127,0.0749585
128,0.0750561
129,0.0751421
130,0.0752219
131,0.0753063
132,0.0753822
133,0.0754612
134,0.075544
135,0.0756258
136,0.0757036
137,0.075784
138,0.0758849
139,0.0759759
140,0.076051
141,0.0761353
142,0.0762114
143,0.0762802
144,0.0763492
145,0.0764191
146,0.0764893
147,0.0765576
148,0.076629
149,0.0767056
150,0.0767792
151,0.0768496
152,0.076917
153,0.0769774
154,0.077034
155,0.0771001
156,0.077179
157,0.0772539
158,0.0773167
159,0.077381
160,0.0774634
161,0.0775485
162,0.0776144
163,0.0776771
164,0.0777505
165,0.0778254
166,0.0779042
167,0.0779879
168,0.0780628
169,0.0781241
170,0.0781753
171,0.0782313
172,0.0782934
173,0.0783573
174,0.0784274
175,0.0784928
176,0.0785535
177,0.078623
178,0.0786995
179,0.0787698
180,0.0788219
181,0.0788727
182,0.0789297
183,0.0789852
184,0.0790405
185,0.0791
186,0.0791565
187,0.0792085
188,0.0792662
189,0.0793282
190,0.0793905
191,0.0794586
192,0.0795367
193,0.0796182
194,0.079674
195,0.0797012
196,0.0797313
197,0.0797762
198,0.079823
199,0.0798562
