2,0.829821
3,0.580038
4,0.470596
5,0.419316
6,0.364668
7,0.316409
8,0.273199
9,0.237418
10,0.208423
11,0.183834
12,0.162218
13,0.142178
14,0.123709
15,0.107
16,0.0918306
17,0.0775837
18,0.0647262
19,0.0530469
20,0.0427256
21,0.0337196
22,0.0258615
23,0.0192544
24,0.0148839
25,0.0122502
26,0.0106187
27,0.00958652
28,0.00915246
29,0.00877173
30,0.00836582
31,0.00817694
32,0.00796166
33,0.00767571
34,0.00705078
35,0.00633291
36,0.00556624
37,0.00488648
38,0.00441434
39,0.00415591
40,0.0042328
41,0.00425829
42,0.00435193
43,0.00385718
44,0.00337457
45,0.00297194
46,0.0027767
47,0.00277345
48,0.00265371
49,0.00267089
50,0.00263654
51,0.00270695
52,0.00273569
53,0.00273684
54,0.00270412
55,0.00262914
56,0.00253361
57,0.00239432
58,0.00221188
59,0.00196462
60,0.00160914
61,0.00124823
62,0.00109531
63,0.000965098
64,0.00102949
65,0.00133101
66,0.00150483
67,0.0015456
68,0.00153714
69,0.00149862
70,0.00145087
71,0.0014083
72,0.00135722
73,0.00130169
74,0.00123866
75,0.00119906
76,0.00118674
77,0.00119958
78,0.00123076
79,0.00126798
80,0.00129386
81,0.00129077
82,0.00125902
83,0.00119551
84,0.00111389
85,0.00103208
86,0.000952655
87,0.000894304
88,0.000801315
89,0.000873579
90,0.000291576
91,0.000688785
92,0.000389645
93,0.000488681
94,0.00080725
95,0.000880487
96,0.000937891
97,0.00101418
98,0.00109749
99,0.0011827
100,0.00124658
101,0.00127079
102,0.00125467
103,0.00119877
104,0.00111365
105,0.00102637
106,0.000953908
107,0.000903379
108,0.000874272
109,0.000864101
110,0.000856163
111,0.000856222
112,0.00085073
113,0.000863815
114,0.000886208
115,0.000909392
116,0.000919764
117,0.000910447
118,0.000867662
119,0.000837231
120,0.000805274
121,0.000813113
122,0.000803116
123,0.000813703
124,0.000821652
125,0.000830733
126,0.00080408
127,0.000803512
128,0.000567367
129,0.000268552
130,0.000764795
131,0.000767795
132,0.000776136
133,0.000778563
134,0.000776456
135,0.000772908
136,0.000774137
137,0.000772893
138,0.000791516
139,0.000369408
140,0.000824435
141,0.000868475
142,0.00086486
143,0.000819482
144,0.000787584
145,0.000768916
146,0.000759082
147,0.000750399
148,0.000753247
149,0.000750764
150,0.000751128
151,0.00074872
152,0.000756176
153,0.000787375
154,0.000867693
155,0.000903437
156,0.000849846
157,0.000822521
158,0.000864474
159,0.000902964
160,0.000817618
161,0.000220419
162,0.000682728
163,0.000779479
164,0.000763176
165,0.000743677
166,0.00074482
167,0.00078802
168,0.000838347
169,0.000498157
170,0.000461719
171,0.000718496
172,0.000736706
173,0.000734642
174,0.00073543
175,0.000736666
176,0.000733095
177,0.000737881
178,0.000775148
179,0.000812076
180,0.000762324
181,0.000730934
182,0.00072997
183,0.000732669
184,0.000745115
185,0.000746379
186,0.000762269
187,0.000803225
188,0.000817736
189,0.000807017
190,0.000789464
191,0.00075597
192,0.000724366
193,0.000785151
194,0.000771651
195,0.000731706
196,0.00086623
197,0.000964591
198,0.00106033
199,0.00130053
