2,0.00435559
3,0.0125821
4,0.0196077
5,0.0252526
6,0.0297319
7,0.0333417
8,0.0363272
9,0.0388511
10,0.0410228
11,0.0429364
12,0.044671
13,0.0462771
14,0.0477811
15,0.0491959
16,0.0505249
17,0.051769
18,0.0529305
19,0.0540104
20,0.0550123
21,0.0559382
22,0.056785
23,0.0575487
24,0.0582284
25,0.0588282
26,0.0593495
27,0.0597957
28,0.0601772
29,0.0605042
30,0.0607935
31,0.0610628
32,0.0613249
33,0.0615924
34,0.0618705
35,0.0621549
36,0.0624529
37,0.0627715
38,0.0630901
39,0.0633913
40,0.0636721
41,0.0639281
42,0.0641573
43,0.0643625
44,0.064543
45,0.0647083
46,0.0648732
47,0.0650472
48,0.0652314
49,0.0654185
50,0.0656057
51,0.0657957
52,0.065988
53,0.0661752
54,0.066359
55,0.0665398
56,0.0667103
57,0.0668698
58,0.0670332
59,0.0672084
60,0.0673896
61,0.067567
62,0.0677094
63,0.067834
64,0.0679779
65,0.0681357
66,0.0682888
67,0.0684351
68,0.0685777
69,0.068719
70,0.0688595
71,0.0689996
72,0.0691358
73,0.0692626
74,0.0693928
75,0.0695272
76,0.0696566
77,0.0697839
78,0.0699013
79,0.070016
80,0.0701352
81,0.0702542
82,0.0703794
83,0.0705078
84,0.0706341
85,0.0707571
86,0.0708817
87,0.0710122
88,0.0711385
89,0.0712611
90,0.0713839
91,0.0714988
92,0.0716019
93,0.0716945
94,0.0717947
95,0.0719002
96,0.0719971
97,0.072093
98,0.0721904
99,0.0722895
100,0.0723911
101,0.0724906
102,0.0725922
103,0.0727
104,0.0728104
105,0.0729208
106,0.0730311
107,0.0731383
108,0.0732424
109,0.0733476
110,0.07345
111,0.073547
112,0.0736367
113,0.0737216
114,0.0738081
115,0.0738934
116,0.0739815
117,0.0740734
118,0.0741691
119,0.0742671
120,0.0743598
121,0.0744472
122,0.0745332
123,0.0746167
124,0.0746986
125,0.0747836
126,0.0748902
127,0.0749775
128,0.0750383
129,0.0751284
130,0.0752177
131,0.0753065
132,0.0753818
133,0.0754612
134,0.0755439
135,0.0756268
136,0.0757012
137,0.0757861
138,0.0758808
139,0.0759623
140,0.0760521
141,0.0761347
142,0.076214
143,0.0762796
144,0.0763491
145,0.076419
146,0.0764891
147,0.0765575
148,0.0766283
149,0.0767046
150,0.0767789
151,0.0768498
152,0.0769167
153,0.076977
154,0.077034
155,0.0770996
156,0.0771786
157,0.0772535
158,0.0773149
159,0.0773815
160,0.0774604
161,0.0775436
162,0.0776141
163,0.0776779
164,0.0777505
165,0.0778256
166,0.077904
167,0.077988
168,0.078062
169,0.078119
170,0.0781751
171,0.0782325
172,0.0782927
173,0.0783571
174,0.0784273
175,0.078493
176,0.0785534
177,0.0786231
178,0.0786995
179,0.0787698
180,0.0788218
181,0.0788727
182,0.0789297
183,0.0789851
184,0.0790404
185,0.0791001
186,0.0791565
187,0.0792085
188,0.0792661
189,0.0793284
190,0.0793904
191,0.0794585
192,0.0795367
193,0.0796182
194,0.079674
195,0.0797011
196,0.0797314
197,0.0797762
198,0.0798233
199,0.079856
