2,0.894916
3,0.713472
4,0.571442
5,0.465372
6,0.386716
7,0.327229
8,0.28083
9,0.24369
10,0.213338
11,0.187772
12,0.165393
13,0.145214
14,0.126728
15,0.109688
16,0.0940295
17,0.0797265
18,0.0667316
19,0.055019
20,0.0445184
21,0.0351889
22,0.0270751
23,0.0202358
24,0.0146817
25,0.0103341
26,0.0071628
27,0.00509257
28,0.00386333
29,0.00353994
30,0.00364068
31,0.00389706
32,0.00414122
33,0.0041824
34,0.00394875
35,0.00351751
36,0.00279675
37,0.00165272
38,0.000411848
39,0.0011661
40,0.00187032
41,0.00231319
42,0.00243486
43,0.00228073
44,0.00184008
45,0.00137197
46,0.0013099
47,0.00149265
48,0.00154848
49,0.00166066
50,0.00206448
51,0.00231913
52,0.00231014
53,0.00229931
54,0.00221854
55,0.00213406
56,0.00215964
57,0.00192636
58,0.00153743
59,0.00149783
60,0.00154757
61,0.000923159
62,0.000814951
63,0.000814364
64,0.000848945
65,0.000846303
66,0.00084934
67,0.00084602
68,0.000840172
69,0.00083875
70,0.000836807
71,0.000835136
72,0.000833466
73,0.000843059
74,0.000854307
75,0.000849285
76,0.000856603
77,0.000865959
78,0.000928276
79,0.00102132
80,0.0010802
81,0.0011324
82,0.00111208
83,0.00105149
84,0.0010031
85,0.000973417
86,0.000926462
87,0.000851736
88,0.0008175
89,0.000808166
90,0.000815649
91,0.000819391
92,0.000804027
93,0.000834002
94,0.000878686
95,0.000897822
96,0.000973188
97,0.00106415
98,0.00114262
99,0.00120044
100,0.00122489
101,0.00126115
102,0.00126751
103,0.00120316
104,0.00111052
105,0.00102264
106,0.000947761
107,0.000904703
108,0.00088153
109,0.000863255
110,0.000856979
111,0.000856181
112,0.000852414
113,0.000863008
114,0.000876311
115,0.000898885
116,0.000909539
117,0.000898723
118,0.000864116
119,0.000827716
120,0.000810296
121,0.00080465
122,0.000803069
123,0.000809198
124,0.00082299
125,0.000823399
126,0.000770862
127,5.35745e-05
128,0.000796853
129,0.000787352
130,0.000773728
131,0.000768046
132,0.000776656
133,0.000778614
134,0.00077868
135,0.000772545
136,0.00078233
137,0.000746444
138,0.000165947
139,0.000720184
140,0.000835667
141,0.000864029
142,0.000881381
143,0.000816127
144,0.000789055
145,0.000768303
146,0.000759276
147,0.000752816
148,0.000754635
149,0.000750681
150,0.000750408
151,0.000748687
152,0.000755636
153,0.000788156
154,0.00086738
155,0.000906302
156,0.000851652
157,0.000822137
158,0.000879672
159,0.000587437
160,0.000692531
161,0.0007523
162,0.000763115
163,0.00077449
164,0.000762003
165,0.000740598
166,0.000743425
167,0.000507
168,0.000562905
169,0.000764746
170,0.000749728
171,0.000737303
172,0.000735499
173,0.000735963
174,0.000734381
175,0.000736019
176,0.00073244
177,0.000737069
178,0.000774935
179,0.000810852
180,0.000761461
181,0.000733782
182,0.000729736
183,0.000732649
184,0.00074508
185,0.000749093
186,0.000762023
187,0.00080401
188,0.000817879
189,0.000805527
190,0.000793515
191,0.000754705
192,0.000723745
193,0.000784296
194,0.000771138
195,0.000732729
196,0.000866672
197,0.000966109
198,0.00105828
199,0.00130217
