2,0.0412112
3,0.0437972
4,0.0456903
5,0.0472071
6,0.0484521
7,0.0495269
8,0.0504675
9,0.0513488
10,0.0521156
11,0.0528466
12,0.0535169
13,0.0541696
14,0.0547223
15,0.0552371
16,0.0557986
17,0.0562545
18,0.0566887
19,0.0571599
20,0.0575917
21,0.0579898
22,0.0583789
23,0.0587264
24,0.0590662
25,0.0594351
26,0.0597854
27,0.0600891
28,0.0603988
29,0.0606892
30,0.0609677
31,0.0612529
32,0.0615529
33,0.0618412
34,0.0620955
35,0.0623565
36,0.0626059
37,0.0628471
38,0.0630788
39,0.063326
40,0.063567
41,0.0637723
42,0.0639576
43,0.0641709
44,0.0644375
45,0.0646458
46,0.0648599
47,0.0650596
48,0.0651943
49,0.0654123
50,0.0656593
51,0.0658444
52,0.0660341
53,0.066223
54,0.0663622
55,0.0665568
56,0.0667203
57,0.0668905
58,0.0670615
59,0.067219
60,0.0673515
61,0.0675302
62,0.0677253
63,0.0678236
64,0.0679797
65,0.0681088
66,0.0682769
67,0.0684349
68,0.0685956
69,0.0687181
70,0.0688676
71,0.0690367
72,0.0691965
73,0.0693173
74,0.0694142
75,0.0695917
76,0.0696883
77,0.0698288
78,0.0699416
79,0.0700332
80,0.0701954
81,0.0703249
82,0.0704253
83,0.0705323
84,0.0706418
85,0.0707954
86,0.0709444
87,0.0710485
88,0.0711501
89,0.0712655
90,0.0713482
91,0.0715086
92,0.0716434
93,0.0717477
94,0.0718065
95,0.0718701
96,0.0720506
97,0.0721425
98,0.0722029
99,0.0722938
100,0.0724354
101,0.0725434
102,0.072666
103,0.0727487
104,0.0728434
105,0.0729426
106,0.0730857
107,0.073152
108,0.0732292
109,0.0733551
110,0.0735037
111,0.0735291
112,0.0736605
113,0.0737419
114,0.0738333
115,0.0738538
116,0.0739715
117,0.0741067
118,0.074162
119,0.0742684
120,0.0743776
121,0.074443
122,0.0745442
123,0.0746256
124,0.0746857
125,0.0747979
126,0.0748928
127,0.074906
128,0.075043
129,0.0751727
130,0.0752642
131,0.0752944
132,0.075365
133,0.0754505
134,0.0755464
135,0.0756223
136,0.0756753
137,0.0757932
138,0.0758896
139,0.0759455
140,0.076008
141,0.0761156
142,0.0762135
143,0.0762875
144,0.0763489
145,0.0764298
146,0.0765217
147,0.0765599
148,0.0766226
149,0.0766874
150,0.0767441
151,0.0768398
152,0.0769425
153,0.0769613
154,0.0770416
155,0.0770968
156,0.0771937
157,0.0772352
158,0.0773306
159,0.0773985
160,0.07748
161,0.0775355
162,0.0776219
163,0.0776718
164,0.0777703
165,0.0778277
166,0.0778768
167,0.078028
168,0.0780704
169,0.0781126
170,0.0781851
171,0.0782418
172,0.0782764
173,0.0783622
174,0.0784511
175,0.0784762
176,0.0785704
177,0.0786264
178,0.0787047
179,0.0787564
180,0.0788282
181,0.0788768
182,0.0788983
183,0.0789561
184,0.0790626
185,0.0791219
186,0.0791162
187,0.0791632
188,0.07927
189,0.079358
190,0.0794168
191,0.0794265
192,0.0795263
193,0.0796254
194,0.0796818
195,0.0796999
196,0.0797044
197,0.0797797
198,0.0798426
199,0.079887
