2,0.904438
3,0.736496
4,0.598656
5,0.489493
6,0.404931
7,0.34032
8,0.290351
9,0.250644
10,0.218374
11,0.191332
12,0.167944
13,0.147148
14,0.128358
15,0.111201
16,0.0954742
17,0.0811262
18,0.0681153
19,0.0563884
20,0.0458712
21,0.0365346
22,0.0284027
23,0.0215711
24,0.0160333
25,0.0116696
26,0.00832954
27,0.00608766
28,0.00482928
29,0.00429678
30,0.00417707
31,0.0041601
32,0.00415268
33,0.00409007
34,0.0038679
35,0.0035284
36,0.00278724
37,0.00185046
38,0.001044
39,0.00100748
40,0.00148475
41,0.00185499
42,0.00198608
43,0.00197732
44,0.00173376
45,0.00132357
46,0.00128189
47,0.00150779
48,0.00153063
49,0.00167229
50,0.00209648
51,0.00234465
52,0.00233406
53,0.00230967
54,0.00221868
55,0.00218893
56,0.00223016
57,0.00190967
58,0.00150204
59,0.00151197
60,0.00153927
61,0.000799137
62,0.000783505
63,0.000859737
64,0.000854583
65,0.000847755
66,0.000846547
67,0.00084696
68,0.000839287
69,0.000839877
70,0.000835086
71,0.000835778
72,0.000833141
73,0.000847482
74,0.000854187
75,0.000852003
76,0.000859373
77,0.000862605
78,0.000924008
79,0.0010244
80,0.00107648
81,0.00112891
82,0.00110973
83,0.0010494
84,0.00100589
85,0.000973706
86,0.000930704
87,0.000851697
88,0.000818763
89,0.000808772
90,0.000812995
91,0.000819504
92,0.000805011
93,0.000835346
94,0.000881659
95,0.000897607
96,0.000972059
97,0.00106329
98,0.00114342
99,0.00120095
100,0.00122799
101,0.00126132
102,0.00126728
103,0.00120266
104,0.00110955
105,0.00102413
106,0.000949206
107,0.000905361
108,0.000881859
109,0.000862269
110,0.000856615
111,0.000855878
112,0.000853612
113,0.000863342
114,0.000875831
115,0.000899861
116,0.000910243
117,0.000901177
118,0.000865149
119,0.000827116
120,0.000810608
121,0.000804599
122,0.000802531
123,0.000809891
124,0.000823101
125,0.000824162
126,0.000770945
127,5.98123e-05
128,0.000801775
129,0.000802778
130,0.000771982
131,0.000768345
132,0.000774585
133,0.000780578
134,0.000776735
135,0.000773698
136,0.000772814
137,0.00011616
138,0.000758404
139,0.000786766
140,0.000835279
141,0.000872815
142,0.000865516
143,0.000816644
144,0.000785832
145,0.000769431
146,0.000757571
147,0.000753696
148,0.000754979
149,0.000751699
150,0.000750203
151,0.000750566
152,0.000754029
153,0.00078881
154,0.000865488
155,0.000910777
156,0.000850172
157,0.000822725
158,0.000863746
159,0.000506266
160,0.000834546
161,0.000769201
162,0.000762867
163,0.000769111
164,0.000760067
165,0.000743357
166,0.000744519
167,0.000294704
168,0.00079295
169,0.000787775
170,0.000749305
171,0.000736515
172,0.000736584
173,0.000737403
174,0.000734722
175,0.000736781
176,0.000731824
177,0.000738883
178,0.000775627
179,0.000810956
180,0.000760574
181,0.000734156
182,0.000729188
183,0.000733354
184,0.000742595
185,0.000749945
186,0.000763484
187,0.000803188
188,0.000818773
189,0.000804382
190,0.000793267
191,0.000756668
192,0.000724466
193,0.000785016
194,0.000771656
195,0.000732725
196,0.000865935
197,0.000965363
198,0.00105845
199,0.00130124
