2,0.909916
3,0.750387
4,0.618794
5,0.511768
6,0.423563
7,0.354416
8,0.301087
9,0.258509
10,0.224034
11,0.195415
12,0.17102
13,0.149528
14,0.130335
15,0.112988
16,0.0971674
17,0.0827714
18,0.0696932
19,0.0579233
20,0.0473777
21,0.0380912
22,0.0300072
23,0.0230264
24,0.0172773
25,0.0128237
26,0.00955209
27,0.00734057
28,0.0059964
29,0.00525816
30,0.00493778
31,0.00472134
32,0.00454239
33,0.00427576
34,0.00388338
35,0.00343713
36,0.00294481
37,0.00230514
38,0.00169717
39,0.00150843
40,0.00169644
41,0.00194805
42,0.00207693
43,0.00200592
44,0.00181226
45,0.00155972
46,0.00138389
47,0.00145604
48,0.00168396
49,0.00183199
50,0.00197811
51,0.00212825
52,0.00218648
53,0.00218268
54,0.00216276
55,0.00219162
56,0.00201069
57,0.00177492
58,0.00170712
59,0.00163351
60,0.00157429
61,0.000825974
62,0.000751002
63,0.000832365
64,0.000874262
65,0.000852571
66,0.000846812
67,0.000845269
68,0.000847574
69,0.000847232
70,0.000843109
71,0.000838315
72,0.000838724
73,0.000859816
74,0.000875722
75,0.000865895
76,0.000852172
77,0.000848681
78,0.000905023
79,0.00101049
80,0.00107251
81,0.0010969
82,0.00107184
83,0.00102159
84,0.000978486
85,0.000951688
86,0.000913086
87,0.000853864
88,0.00081805
89,0.000809455
90,0.000815334
91,0.00082136
92,0.000806734
93,0.000819936
94,0.000875746
95,0.000904629
96,0.000968001
97,0.00105652
98,0.00113793
99,0.00119423
100,0.00121505
101,0.00125274
102,0.00125858
103,0.00119795
104,0.00110904
105,0.00102315
106,0.000944877
107,0.000902931
108,0.000880239
109,0.00086061
110,0.000858036
111,0.000855651
112,0.000852745
113,0.00086154
114,0.000877428
115,0.0008981
116,0.000909605
117,0.000899641
118,0.000863702
119,0.00082681
120,0.000809129
121,0.000805739
122,0.000803298
123,0.000809444
124,0.000818345
125,0.000787898
126,0.000772368
127,9.58755e-05
128,0.000820677
129,0.000803058
130,0.000771232
131,0.000769656
132,0.000775737
133,0.000780238
134,0.000776584
135,0.000773785
136,0.000771865
137,0.000110357
138,0.000748932
139,0.000785745
140,0.000827227
141,0.000872486
142,0.000865938
143,0.000816693
144,0.000785069
145,0.00076879
146,0.000757968
147,0.000751774
148,0.000753353
149,0.000752237
150,0.000748928
151,0.000749308
152,0.000754447
153,0.000791978
154,0.000864382
155,0.000910374
156,0.000849069
157,0.000823898
158,0.00086344
159,0.000503306
160,0.000825992
161,0.000771978
162,0.000762447
163,0.000771227
164,0.000759521
165,0.000743028
166,0.000742054
167,0.000294274
168,0.000779612
169,0.000786214
170,0.000749349
171,0.000736316
172,0.000737188
173,0.000735546
174,0.000733773
175,0.000736341
176,0.000732812
177,0.000736531
178,0.000776225
179,0.000810584
180,0.000761551
181,0.000733646
182,0.000729687
183,0.000734601
184,0.000744337
185,0.000750092
186,0.000763174
187,0.000803634
188,0.000817588
189,0.000806605
190,0.000791583
191,0.000754329
192,0.000723737
193,0.000783894
194,0.000770335
195,0.000733135
196,0.000865059
197,0.000965965
198,0.00105867
199,0.00130271
