2,0.910099
3,0.752439
4,0.629046
5,0.530237
6,0.44168
7,0.369741
8,0.314415
9,0.269915
10,0.233976
11,0.203372
12,0.177192
13,0.15455
14,0.134308
15,0.116159
16,0.0997709
17,0.0848431
18,0.0713265
19,0.0591931
20,0.0484242
21,0.038994
22,0.0308265
23,0.0239172
24,0.0183343
25,0.0140038
26,0.0108075
27,0.00864617
28,0.00717283
29,0.0061142
30,0.0054591
31,0.00493237
32,0.00454303
33,0.00415103
34,0.00379708
35,0.00343816
36,0.00308334
37,0.00272524
38,0.00239146
39,0.00229545
40,0.0023494
41,0.00243123
42,0.00248524
43,0.00240986
44,0.00227818
45,0.00208502
46,0.00191987
47,0.00177645
48,0.00179003
49,0.00197521
50,0.00211927
51,0.00216207
52,0.0021502
53,0.00212408
54,0.00206279
55,0.00197394
56,0.00194524
57,0.0018376
58,0.00156271
59,0.00139293
60,0.00145497
61,0.0010073
62,0.000797875
63,0.000807265
64,0.000869234
65,0.000880734
66,0.000870103
67,0.000868228
68,0.000873338
69,0.000877423
70,0.000874146
71,0.000862053
72,0.000860749
73,0.00088449
74,0.000911593
75,0.000908156
76,0.000883188
77,0.000874713
78,0.000930166
79,0.00104188
80,0.00113137
81,0.00115497
82,0.00113237
83,0.00109832
84,0.00104254
85,0.000970959
86,0.000911548
87,0.000875821
88,0.000838628
89,0.000813485
90,0.000815129
91,0.000817993
92,0.000811743
93,0.000826569
94,0.000881084
95,0.000918101
96,0.000983518
97,0.00107019
98,0.0011522
99,0.00119429
100,0.00121735
101,0.00124655
102,0.00125591
103,0.00120505
104,0.00112173
105,0.00102626
106,0.00094371
107,0.000901071
108,0.000877691
109,0.000860956
110,0.000855152
111,0.000851346
112,0.000850079
113,0.000861148
114,0.000876935
115,0.000899351
116,0.000906027
117,0.000897875
118,0.000862126
119,0.000826485
120,0.000810811
121,0.000807745
122,0.000800461
123,0.000807659
124,0.000827628
125,0.000787841
126,0.000778025
127,3.97369e-05
128,0.000800683
129,0.000815777
130,0.00076796
131,0.000768146
132,0.000772243
133,0.000779513
134,0.00077333
135,0.000773006
136,0.000768204
137,0.000109554
138,0.000719652
139,0.000784511
140,0.000826256
141,0.00087131
142,0.000850544
143,0.000815035
144,0.000784715
145,0.000765918
146,0.000757213
147,0.000752353
148,0.000752043
149,0.000747555
150,0.000748083
151,0.000747095
152,0.000752726
153,0.000787707
154,0.000862953
155,0.000908517
156,0.000849061
157,0.000832927
158,0.000862582
159,0.000530045
160,0.000794111
161,0.000769848
162,0.000762696
163,0.000768771
164,0.000757424
165,0.000742576
166,0.00073817
167,0.000287695
168,0.000805218
169,0.000785724
170,0.000749179
171,0.00073524
172,0.000733791
173,0.000733305
174,0.000735076
175,0.000734456
176,0.000732244
177,0.000734421
178,0.000775083
179,0.000809084
180,0.000762142
181,0.000730644
182,0.000728865
183,0.000729759
184,0.000743001
185,0.000746955
186,0.000761501
187,0.000800861
188,0.000815576
189,0.000803763
190,0.000791054
191,0.000753684
192,0.000721405
193,0.000783782
194,0.000768563
195,0.00073299
196,0.000867384
197,0.000963044
198,0.00105677
199,0.00130159
