2,0.00399264
3,0.0114165
4,0.0169923
5,0.0214413
6,0.0260949
7,0.0302685
8,0.033795
9,0.0368506
10,0.0393865
11,0.0416009
12,0.0435691
13,0.0453638
14,0.0469965
15,0.0484913
16,0.0499062
17,0.0512701
18,0.052553
19,0.0537056
20,0.0547287
21,0.055654
22,0.0564938
23,0.0572654
24,0.0579507
25,0.0585503
26,0.059068
27,0.0595183
28,0.0599378
29,0.060331
30,0.0606993
31,0.0610381
32,0.0613529
33,0.0616469
34,0.0619292
35,0.0621983
36,0.0624683
37,0.0627482
38,0.0630321
39,0.0633171
40,0.0635888
41,0.0638439
42,0.0640784
43,0.0642965
44,0.0645016
45,0.0646955
46,0.0648817
47,0.0650633
48,0.0652441
49,0.0654248
50,0.0656076
51,0.0657903
52,0.065973
53,0.0661584
54,0.0663432
55,0.0665256
56,0.0667049
57,0.0668809
58,0.0670578
59,0.0672373
60,0.0674161
61,0.0675811
62,0.067719
63,0.0678455
64,0.06798
65,0.0681227
66,0.0682689
67,0.068414
68,0.0685565
69,0.0686974
70,0.068838
71,0.0689779
72,0.0691129
73,0.069243
74,0.0693756
75,0.0695116
76,0.0696461
77,0.0697751
78,0.0698959
79,0.0700125
80,0.0701306
81,0.0702515
82,0.0703749
83,0.0704995
84,0.070626
85,0.0707547
86,0.0708805
87,0.0710045
88,0.0711299
89,0.0712529
90,0.0713748
91,0.0714942
92,0.0716026
93,0.0717
94,0.0717965
95,0.071896
96,0.0719947
97,0.0720916
98,0.072189
99,0.0722883
100,0.0723888
101,0.0724894
102,0.0725914
103,0.0726974
104,0.0728072
105,0.0729189
106,0.0730291
107,0.0731366
108,0.0732411
109,0.0733452
110,0.0734483
111,0.0735476
112,0.073638
113,0.0737214
114,0.0738065
115,0.0738929
116,0.0739823
117,0.0740745
118,0.0741691
119,0.074267
120,0.0743596
121,0.0744461
122,0.0745327
123,0.074617
124,0.0746963
125,0.0747997
126,0.0748922
127,0.0749591
128,0.0750358
129,0.075121
130,0.0752177
131,0.0753066
132,0.0753819
133,0.0754614
134,0.0755437
135,0.0756267
136,0.075704
137,0.0757736
138,0.0758697
139,0.0759661
140,0.0760492
141,0.0761358
142,0.0762106
143,0.0762796
144,0.0763488
145,0.076419
146,0.0764893
147,0.0765572
148,0.0766278
149,0.0767047
150,0.0767789
151,0.0768498
152,0.0769161
153,0.0769775
154,0.0770345
155,0.0770997
156,0.0771786
157,0.0772549
158,0.0773169
159,0.0773794
160,0.0774601
161,0.077543
162,0.0776137
163,0.0776794
164,0.0777504
165,0.0778257
166,0.0779062
167,0.0779843
168,0.0780627
169,0.0781194
170,0.0781752
171,0.0782327
172,0.0782903
173,0.0783571
174,0.0784273
175,0.0784931
176,0.0785533
177,0.0786232
178,0.0786995
179,0.0787698
180,0.0788217
181,0.0788727
182,0.0789298
183,0.078985
184,0.0790404
185,0.0791002
186,0.0791563
187,0.0792085
188,0.079266
189,0.0793284
190,0.0793905
191,0.0794585
192,0.0795367
193,0.0796182
194,0.0796741
195,0.0797011
196,0.0797313
197,0.0797763
198,0.0798233
199,0.0798561
