2,0.837203
3,0.59363
4,0.503476
5,0.479218
6,0.446276
7,0.416886
8,0.381913
9,0.344788
10,0.307407
11,0.271219
12,0.238096
13,0.207693
14,0.180952
15,0.157483
16,0.13715
17,0.119556
18,0.103275
19,0.0885822
20,0.075445
21,0.0642398
22,0.0555254
23,0.048717
24,0.0442881
25,0.0411799
26,0.0379143
27,0.0340775
28,0.0308741
29,0.027635
30,0.0248577
31,0.0224239
32,0.019852
33,0.0185654
34,0.0176986
35,0.0173666
36,0.016522
37,0.0158842
38,0.0147946
39,0.0140222
40,0.013184
41,0.0121975
42,0.0114601
43,0.0104352
44,0.00991186
45,0.00935153
46,0.00896396
47,0.00836762
48,0.00789925
49,0.00733684
50,0.00689821
51,0.00641108
52,0.00601607
53,0.00564075
54,0.00526687
55,0.00495021
56,0.0046252
57,0.00427671
58,0.00402904
59,0.00370259
60,0.00349943
61,0.00324496
62,0.00310653
63,0.00296256
64,0.00289765
65,0.00283069
66,0.00281151
67,0.00276529
68,0.00275407
69,0.00264587
70,0.00259143
71,0.00248019
72,0.00241717
73,0.00230798
74,0.00223866
75,0.00212996
76,0.00206859
77,0.00198669
78,0.0019511
79,0.00191117
80,0.00190317
81,0.00185458
82,0.00180492
83,0.00172402
84,0.00165954
85,0.00155788
86,0.00148372
87,0.00142071
88,0.00135364
89,0.00125247
90,0.00117166
91,0.00114007
92,0.00112842
93,0.00113159
94,0.0011625
95,0.00119701
96,0.00118748
97,0.0011704
98,0.00119506
99,0.00123979
100,0.00127426
101,0.00129748
102,0.00129484
103,0.00122949
104,0.00113004
105,0.00105055
106,0.000975395
107,0.000931994
108,0.00090169
109,0.000877593
110,0.000864079
111,0.000859201
112,0.000851191
113,0.000856105
114,0.000868356
115,0.000895637
116,0.000895379
117,0.00088822
118,0.000859014
119,0.000842694
120,0.000801315
121,0.000822512
122,0.000780939
123,0.000821484
124,0.000392018
125,0.000488136
126,0.000784151
127,0.000823102
128,0.000828299
129,0.00081372
130,0.000764191
131,0.000781624
132,0.00075929
133,0.000795356
134,0.000590203
135,0.000280531
136,0.000768735
137,0.00079322
138,0.000765303
139,0.000788952
140,0.000820238
141,0.000871022
142,0.000863227
143,0.000819992
144,0.0007876
145,0.000768568
146,0.000755163
147,0.000755594
148,0.000752905
149,0.000753352
150,0.000749122
151,0.000751247
152,0.000751434
153,0.000796936
154,0.000864326
155,0.000923874
156,0.000789667
157,0.000298611
158,0.000900563
159,0.000933183
160,0.000836474
161,0.000768533
162,0.000760775
163,0.000778687
164,0.000757353
165,7.59242e-05
166,0.000718721
167,0.000776764
168,0.000835264
169,0.000787605
170,0.000749446
171,0.000736303
172,0.000735797
173,0.000734225
174,0.000735227
175,0.000738396
176,0.000730611
177,0.000737706
178,0.000778227
179,0.000811985
180,0.000759788
181,0.000734127
182,0.000728426
183,0.000734113
184,0.000743008
185,0.000748899
186,0.000764477
187,0.000803163
188,0.000817372
189,0.000801796
190,0.000791455
191,0.000756574
192,0.000725735
193,0.000784168
194,0.000770322
195,0.00073371
196,0.000864479
197,0.000968627
198,0.00106127
199,0.00129992
