2,0.00632109
3,0.0165555
4,0.0215849
5,0.0241364
6,0.0269669
7,0.0297189
8,0.0324361
9,0.0349791
10,0.0372593
11,0.0392837
12,0.0410522
13,0.0426728
14,0.0442093
15,0.045708
16,0.0471688
17,0.0485887
18,0.0499702
19,0.0513028
20,0.0525562
21,0.0537335
22,0.0548331
23,0.0558289
24,0.0566893
25,0.0574445
26,0.0581153
27,0.0586836
28,0.0592082
29,0.0597457
30,0.0603038
31,0.0608807
32,0.0614517
33,0.0619702
34,0.0623861
35,0.0626743
36,0.06285
37,0.0629668
38,0.0630831
39,0.0632398
40,0.0634482
41,0.063701
42,0.0639827
43,0.064265
44,0.0645347
45,0.064781
46,0.0649988
47,0.0651933
48,0.065372
49,0.0655438
50,0.0657136
51,0.0658851
52,0.0660584
53,0.0662332
54,0.066409
55,0.066584
56,0.0667583
57,0.0669321
58,0.0671034
59,0.0672721
60,0.0674361
61,0.0675906
62,0.067733
63,0.0678698
64,0.068007
65,0.0681445
66,0.0682854
67,0.0684262
68,0.0685663
69,0.0687051
70,0.068841
71,0.0689754
72,0.0691049
73,0.0692351
74,0.0693736
75,0.0695124
76,0.0696442
77,0.0697707
78,0.0698933
79,0.0700125
80,0.0701325
81,0.0702548
82,0.070379
83,0.0705038
84,0.0706284
85,0.070753
86,0.0708776
87,0.0710034
88,0.0711276
89,0.0712491
90,0.0713682
91,0.0714832
92,0.0715938
93,0.0716995
94,0.0718002
95,0.071898
96,0.0719951
97,0.0720916
98,0.072188
99,0.072285
100,0.0723839
101,0.0724852
102,0.0725894
103,0.0726974
104,0.0728068
105,0.072916
106,0.0730235
107,0.0731291
108,0.0732329
109,0.073334
110,0.0734346
111,0.0735255
112,0.0736134
113,0.0737127
114,0.0738055
115,0.0738907
116,0.0739818
117,0.074076
118,0.0741703
119,0.074265
120,0.0743591
121,0.0744484
122,0.0745374
123,0.074622
124,0.0747019
125,0.0747868
126,0.0748715
127,0.0749535
128,0.0750369
129,0.0751248
130,0.0752181
131,0.0753053
132,0.0753823
133,0.0754624
134,0.0755441
135,0.0756259
136,0.075703
137,0.0757797
138,0.0758699
139,0.075962
140,0.0760494
141,0.0761357
142,0.076213
143,0.076281
144,0.0763487
145,0.0764193
146,0.0764889
147,0.0765579
148,0.0766328
149,0.076708
150,0.076779
151,0.0768495
152,0.0769167
153,0.0769764
154,0.0770358
155,0.0771076
156,0.0771772
157,0.0772442
158,0.0773125
159,0.0773801
160,0.0774607
161,0.0775444
162,0.0776143
163,0.0776817
164,0.0777527
165,0.0778231
166,0.0778967
167,0.0779847
168,0.0780631
169,0.078119
170,0.0781756
171,0.0782323
172,0.0782932
173,0.078357
174,0.0784272
175,0.078493
176,0.0785534
177,0.0786233
178,0.0786995
179,0.0787698
180,0.078822
181,0.0788725
182,0.0789298
183,0.0789852
184,0.0790401
185,0.0791004
186,0.0791563
187,0.0792084
188,0.0792664
189,0.0793282
190,0.0793907
191,0.0794583
192,0.0795367
193,0.0796186
194,0.0796739
195,0.0797013
196,0.0797313
197,0.0797761
198,0.0798232
199,0.079856
