2,0.847463
3,0.622975
4,0.52833
5,0.489329
6,0.444432
7,0.40119
8,0.358887
9,0.320171
10,0.286727
11,0.257967
12,0.234032
13,0.21267
14,0.192837
15,0.17358
16,0.154944
17,0.136974
18,0.119645
19,0.103127
20,0.0879429
21,0.0740281
22,0.0613925
23,0.050448
24,0.0417224
25,0.034646
26,0.0289173
27,0.0247535
28,0.0211983
29,0.0173761
30,0.0132961
31,0.00946297
32,0.00739627
33,0.00707163
34,0.00756427
35,0.00752176
36,0.00690586
37,0.00602537
38,0.00561276
39,0.00537868
40,0.005139
41,0.00488768
42,0.00449577
43,0.00440196
44,0.00430576
45,0.00437409
46,0.00434333
47,0.00416866
48,0.00394125
49,0.00367909
50,0.00344776
51,0.0032404
52,0.00306747
53,0.00288231
54,0.00270139
55,0.0025218
56,0.00230395
57,0.00212554
58,0.00199119
59,0.00180985
60,0.0017622
61,0.00160684
62,0.00148622
63,0.00159957
64,0.00173032
65,0.00186209
66,0.00197175
67,0.00209703
68,0.00219181
69,0.00221523
70,0.00217584
71,0.00205465
72,0.00190305
73,0.0017209
74,0.00156434
75,0.00145223
76,0.00139025
77,0.00134008
78,0.00132723
79,0.00134623
80,0.0013792
81,0.00138477
82,0.00136886
83,0.00133384
84,0.00128981
85,0.00123363
86,0.00115709
87,0.00104956
88,0.000946587
89,0.000884145
90,0.000846485
91,0.000831842
92,0.000824543
93,0.000835085
94,0.000860276
95,0.000923604
96,0.000994154
97,0.00108463
98,0.00116888
99,0.0012516
100,0.00130182
101,0.00132148
102,0.00129864
103,0.00122969
104,0.00114216
105,0.0010568
106,0.000987716
107,0.000939301
108,0.000902765
109,0.000879648
110,0.000860526
111,0.000873406
112,0.00089987
113,0.000871234
114,0.000867723
115,0.000895659
116,0.000896003
117,0.000874577
118,0.000851695
119,0.000825847
120,0.000806617
121,0.000798163
122,0.000792367
123,0.000166597
124,0.000786684
125,0.000807492
126,0.000810308
127,0.000819229
128,0.00082338
129,0.000801204
130,0.00077496
131,0.000768192
132,0.00077603
133,0.000183395
134,0.000735397
135,0.000770885
136,0.000775961
137,0.000780503
138,0.000765968
139,0.000782131
140,0.000824772
141,0.000872275
142,0.000872876
143,0.000821848
144,0.00078666
145,0.00076958
146,0.000758709
147,0.000753388
148,0.000753089
149,0.000749821
150,0.000750761
151,0.000749282
152,0.00075718
153,0.000790103
154,0.000857191
155,0.000487772
156,0.000732827
157,0.000879512
158,0.000897157
159,0.000908081
160,0.000836143
161,0.000764773
162,0.000763197
163,0.000588937
164,0.000283998
165,0.000722928
166,0.000739507
167,0.000776609
168,0.000839052
169,0.000783366
170,0.000750512
171,0.000738401
172,0.0007375
173,0.000736148
174,0.000736181
175,0.000735
176,0.000734173
177,0.000736594
178,0.000775609
179,0.000810677
180,0.000762196
181,0.000734705
182,0.000729715
183,0.000732826
184,0.000745251
185,0.000746189
186,0.000765194
187,0.000803124
188,0.000817584
189,0.000805121
190,0.000790451
191,0.000756
192,0.000723948
193,0.000787762
194,0.000769113
195,0.000735484
196,0.000863353
197,0.000965609
198,0.00105769
199,0.00130196
