2,0.887782
3,0.707033
4,0.589247
5,0.513278
6,0.451595
7,0.395739
8,0.349283
9,0.312888
10,0.283463
11,0.258236
12,0.235584
13,0.21443
14,0.19422
15,0.174845
16,0.156298
17,0.138538
18,0.121577
19,0.105504
20,0.090473
21,0.0766772
22,0.0642615
23,0.0533469
24,0.0440376
25,0.0363322
26,0.0300285
27,0.0247425
28,0.0200331
29,0.015544
30,0.0110931
31,0.00675479
32,0.00287893
33,0.00106705
34,0.00266358
35,0.0034022
36,0.00309642
37,0.00211779
38,0.00149168
39,0.0018371
40,0.00219569
41,0.00228117
42,0.00225618
43,0.00248465
44,0.00283094
45,0.00312482
46,0.00328424
47,0.00327087
48,0.00316671
49,0.00298363
50,0.00271573
51,0.00261627
52,0.00252318
53,0.0023128
54,0.00223992
55,0.00204309
56,0.00176277
57,0.00178719
58,0.00182781
59,0.00121101
60,0.00134179
61,0.00164477
62,0.00137636
63,0.00117808
64,0.00147565
65,0.00148775
66,0.00162994
67,0.00174122
68,0.0016907
69,0.00171484
70,0.0016927
71,0.00157771
72,0.00138072
73,0.00119191
74,0.00106298
75,0.000977384
76,0.000964971
77,0.000977606
78,0.00101967
79,0.00106957
80,0.00111567
81,0.0011468
82,0.00114879
83,0.00114547
84,0.00110707
85,0.00103793
86,0.000962871
87,0.00090168
88,0.000877588
89,0.000849822
90,0.000822378
91,0.000812828
92,0.00080965
93,0.000823696
94,0.000860183
95,0.000914293
96,0.000974487
97,0.0010552
98,0.00113181
99,0.00121461
100,0.00130157
101,0.0013093
102,0.00127905
103,0.00123689
104,0.00114959
105,0.00105791
106,0.00100226
107,0.000946649
108,0.000896042
109,0.000875656
110,0.000860155
111,0.00087066
112,0.000895345
113,0.000857453
114,0.000848199
115,0.00090002
116,0.000909025
117,0.00088609
118,0.000862615
119,0.00082068
120,0.000797746
121,0.000784624
122,0.000125809
123,0.000787898
124,0.000835858
125,0.00082286
126,0.000806521
127,0.000822502
128,0.00082643
129,0.000802965
130,0.00077386
131,0.000769728
132,0.000153528
133,0.000751292
134,0.000775237
135,0.000771969
136,0.000779229
137,0.000781768
138,0.000764634
139,0.000786015
140,0.000820404
141,0.000870966
142,0.00087284
143,0.000826118
144,0.00078447
145,0.000770057
146,0.000757447
147,0.000752831
148,0.000751611
149,0.000751475
150,0.000748516
151,0.000749243
152,0.000756036
153,0.000786149
154,0.000395553
155,0.000836681
156,0.00085801
157,0.000866076
158,0.00090171
159,0.000911276
160,0.000830428
161,0.000770877
162,0.000355923
163,0.000526377
164,0.00074745
165,0.000745986
166,0.000738211
167,0.00077812
168,0.000835229
169,0.000783334
170,0.000749475
171,0.000736456
172,0.000734762
173,0.00073639
174,0.000735196
175,0.000734662
176,0.000731766
177,0.000737976
178,0.000775988
179,0.000813145
180,0.000761248
181,0.000732533
182,0.000728145
183,0.000732014
184,0.000743385
185,0.000749159
186,0.000763774
187,0.000803614
188,0.000817641
189,0.000804754
190,0.000792756
191,0.000754216
192,0.000723564
193,0.00078422
194,0.00077162
195,0.000732588
196,0.000866191
197,0.00096568
198,0.0010577
199,0.00129975
