2,0.00465129
3,0.012866
4,0.0187967
5,0.022996
6,0.0265931
7,0.0299504
8,0.0328707
9,0.0352965
10,0.0373656
11,0.0392113
12,0.0409141
13,0.0425298
14,0.0440883
15,0.0455956
16,0.0470522
17,0.0484606
18,0.0498199
19,0.0511248
20,0.0523663
21,0.0535324
22,0.0546141
23,0.0556031
24,0.0564925
25,0.057281
26,0.0579798
27,0.0586111
28,0.0592011
29,0.0597716
30,0.060334
31,0.0608849
32,0.061406
33,0.0618729
34,0.0622643
35,0.0625699
36,0.0627973
37,0.0629716
38,0.0631281
39,0.0632995
40,0.0635025
41,0.0637387
42,0.0639968
43,0.0642605
44,0.0645176
45,0.0647598
46,0.064981
47,0.0651822
48,0.0653688
49,0.0655457
50,0.0657195
51,0.0658918
52,0.066064
53,0.0662377
54,0.066413
55,0.066588
56,0.0667601
57,0.0669324
58,0.0671045
59,0.0672707
60,0.0674422
61,0.0676128
62,0.0677483
63,0.0678682
64,0.0680063
65,0.0681498
66,0.0682871
67,0.0684248
68,0.0685645
69,0.0687003
70,0.0688342
71,0.0689705
72,0.0691028
73,0.0692261
74,0.0693612
75,0.0695044
76,0.0696374
77,0.0697656
78,0.069889
79,0.0700107
80,0.0701315
81,0.0702528
82,0.0703756
83,0.070498
84,0.0706224
85,0.0707495
86,0.0708765
87,0.0710025
88,0.0711226
89,0.071243
90,0.0713645
91,0.0714823
92,0.071595
93,0.071699
94,0.0717988
95,0.0718978
96,0.071997
97,0.0720943
98,0.0721915
99,0.072288
100,0.0723837
101,0.072486
102,0.0725907
103,0.0726962
104,0.0728052
105,0.0729148
106,0.0730202
107,0.0731256
108,0.073231
109,0.0733309
110,0.0734298
111,0.0735223
112,0.0736116
113,0.0737128
114,0.073807
115,0.0738886
116,0.0739783
117,0.0740726
118,0.0741663
119,0.0742649
120,0.0743604
121,0.0744549
122,0.0745431
123,0.0746178
124,0.074695
125,0.074783
126,0.0748718
127,0.0749529
128,0.0750355
129,0.0751244
130,0.0752176
131,0.0753065
132,0.0753821
133,0.0754582
134,0.0755439
135,0.0756266
136,0.0757018
137,0.0757794
138,0.0758698
139,0.0759621
140,0.0760493
141,0.0761358
142,0.0762132
143,0.0762816
144,0.0763487
145,0.0764191
146,0.0764891
147,0.0765578
148,0.0766327
149,0.0767081
150,0.0767788
151,0.0768497
152,0.0769161
153,0.0769776
154,0.0770392
155,0.0771052
156,0.0771771
157,0.0772467
158,0.0773113
159,0.0773799
160,0.0774611
161,0.0775435
162,0.0776159
163,0.0776797
164,0.0777504
165,0.0778239
166,0.0778963
167,0.0779847
168,0.0780626
169,0.0781191
170,0.0781752
171,0.0782323
172,0.0782926
173,0.0783572
174,0.0784273
175,0.078493
176,0.0785533
177,0.0786231
178,0.0786995
179,0.0787699
180,0.0788218
181,0.0788727
182,0.0789297
183,0.078985
184,0.0790404
185,0.0791002
186,0.0791564
187,0.0792085
188,0.0792662
189,0.0793285
190,0.0793904
191,0.0794586
192,0.0795367
193,0.0796182
194,0.0796741
195,0.0797011
196,0.0797314
197,0.0797762
198,0.0798235
199,0.0798561
