2,0.906948
3,0.746967
4,0.622852
5,0.530304
6,0.460015
7,0.404006
8,0.35791
9,0.319729
10,0.288033
11,0.261122
12,0.237377
13,0.215627
14,0.195191
15,0.175757
16,0.157189
17,0.13942
18,0.122522
19,0.106578
20,0.0916957
21,0.0780869
22,0.0658995
23,0.0551089
24,0.0457093
25,0.0377369
26,0.0310848
27,0.0254545
28,0.020434
29,0.0157599
30,0.0113462
31,0.00724047
32,0.00367243
33,0.00118461
34,0.00148682
35,0.00227014
36,0.00231622
37,0.00185736
38,0.00153486
39,0.00165732
40,0.00196818
41,0.00211822
42,0.00226756
43,0.00241817
44,0.0025702
45,0.00286405
46,0.00304345
47,0.00295599
48,0.00287166
49,0.00278706
50,0.00268461
51,0.00261509
52,0.00257058
53,0.00229465
54,0.00211112
55,0.00198903
56,0.00174247
57,0.00176269
58,0.00181642
59,0.00118714
60,0.00129567
61,0.0016506
62,0.00142926
63,0.00108039
64,0.00150985
65,0.00148036
66,0.00148419
67,0.00161715
68,0.00163815
69,0.00184065
70,0.00169267
71,0.00151452
72,0.00126947
73,0.00106735
74,0.00105812
75,0.000979186
76,0.000958762
77,0.000988267
78,0.00100982
79,0.00105115
80,0.00111599
81,0.00114823
82,0.0011471
83,0.00114793
84,0.0011049
85,0.00103535
86,0.00096796
87,0.000902065
88,0.000876058
89,0.000852563
90,0.000822397
91,0.000811575
92,0.000809565
93,0.000821799
94,0.000861586
95,0.000914265
96,0.000975985
97,0.00105236
98,0.00113315
99,0.00121994
100,0.00130129
101,0.00130923
102,0.00128188
103,0.00123514
104,0.0011478
105,0.00105796
106,0.00100234
107,0.000945473
108,0.000895299
109,0.000875178
110,0.000861069
111,0.000871328
112,0.000895134
113,0.000855918
114,0.000847445
115,0.000901216
116,0.000907415
117,0.000892549
118,0.000868622
119,0.000821996
120,0.000789406
121,0.000143725
122,0.000771414
123,0.000833294
124,0.000844856
125,0.000820662
126,0.000806846
127,0.000820478
128,0.00083047
129,0.000799833
130,0.000773453
131,0.000130119
132,0.000752915
133,0.000783478
134,0.00077516
135,0.0007728
136,0.000778641
137,0.000778964
138,0.000766282
139,0.000783736
140,0.000822345
141,0.000871503
142,0.000873761
143,0.000825036
144,0.000785019
145,0.000767629
146,0.000760663
147,0.000752508
148,0.000751655
149,0.000750165
150,0.00075081
151,0.0007475
152,0.000756256
153,0.00037646
154,0.000660228
155,0.000884797
156,0.000855433
157,0.000864152
158,0.000900812
159,0.000912277
160,0.00083667
161,0.000769497
162,0.000138855
163,0.00074541
164,0.000759577
165,0.000746587
166,0.000739749
167,0.000776394
168,0.000838492
169,0.000780592
170,0.000752196
171,0.000735512
172,0.000734651
173,0.000735004
174,0.000734516
175,0.000736545
176,0.000733123
177,0.000736158
178,0.000775432
179,0.00081059
180,0.00076193
181,0.000732019
182,0.000729987
183,0.000732456
184,0.000744842
185,0.000748583
186,0.000762016
187,0.000804004
188,0.00081831
189,0.000805474
190,0.000791437
191,0.000755618
192,0.000723016
193,0.000784483
194,0.000770587
195,0.000733356
196,0.000865779
197,0.000965714
198,0.00105733
199,0.00130088
