2,0.915959
3,0.768215
4,0.646653
5,0.549816
6,0.473803
7,0.413871
8,0.365666
9,0.32602
10,0.292826
11,0.264486
12,0.239606
13,0.217122
14,0.196316
15,0.176719
16,0.158094
17,0.140347
18,0.123496
19,0.107626
20,0.0928967
21,0.0794792
22,0.0674253
23,0.0566432
24,0.0471324
25,0.0389825
26,0.0320877
27,0.0261657
28,0.0209108
29,0.0161055
30,0.0117007
31,0.00776238
32,0.00443878
33,0.00198378
34,0.00094688
35,0.00129826
36,0.00158785
37,0.00168755
38,0.00152745
39,0.00163873
40,0.0018923
41,0.00210061
42,0.00236871
43,0.00238955
44,0.0024894
45,0.00262283
46,0.00273519
47,0.0027928
48,0.00276522
49,0.00273511
50,0.00269147
51,0.0026233
52,0.00258882
53,0.00227199
54,0.00205302
55,0.00196436
56,0.00174609
57,0.00177084
58,0.0018263
59,0.00118773
60,0.00129012
61,0.0016506
62,0.00142584
63,0.00108101
64,0.0015107
65,0.00148328
66,0.00148096
67,0.00148283
68,0.0015291
69,0.00188931
70,0.0016625
71,0.00139149
72,0.0011915
73,0.00105966
74,0.00105841
75,0.000979331
76,0.00095932
77,0.00099155
78,0.00100543
79,0.00104736
80,0.00111351
81,0.00116203
82,0.00115594
83,0.00114454
84,0.00110509
85,0.00103559
86,0.00096962
87,0.000905264
88,0.000878482
89,0.000852268
90,0.000820908
91,0.000812237
92,0.000810218
93,0.000822941
94,0.000862076
95,0.000914639
96,0.00097412
97,0.00105478
98,0.00113463
99,0.00122303
100,0.0013007
101,0.00130996
102,0.00128327
103,0.00123681
104,0.00114886
105,0.00105954
106,0.00100194
107,0.000946937
108,0.000894442
109,0.000876614
110,0.000861107
111,0.000872102
112,0.000894943
113,0.000858251
114,0.000847791
115,0.000901746
116,0.000908045
117,0.000894685
118,0.000870135
119,0.000813065
120,0.000201814
121,0.000752307
122,0.000805663
123,0.000835632
124,0.000842241
125,0.000821231
126,0.000805074
127,0.000822751
128,0.000828358
129,0.000804989
130,0.000348818
131,0.000496837
132,0.000770211
133,0.000786297
134,0.000775591
135,0.000772881
136,0.000780128
137,0.000782621
138,0.00076619
139,0.000785376
140,0.000821522
141,0.000873888
142,0.000873266
143,0.000826318
144,0.000785704
145,0.000767741
146,0.000758086
147,0.00075263
148,0.000749802
149,0.000753031
150,0.000751254
151,0.00075036
152,0.000747841
153,0.000153056
154,0.00087351
155,0.000884351
156,0.000851626
157,0.000868309
158,0.00090201
159,0.000912682
160,0.000830942
161,0.000199403
162,0.000726536
163,0.00077113
164,0.000759511
165,0.000746468
166,0.000740578
167,0.000776768
168,0.000838592
169,0.000783344
170,0.000752202
171,0.000736338
172,0.000736103
173,0.000735544
174,0.00073534
175,0.000736578
176,0.000732087
177,0.000737457
178,0.000775909
179,0.000810939
180,0.000761974
181,0.000733895
182,0.000728754
183,0.000731297
184,0.000744131
185,0.000748046
186,0.00076442
187,0.000803331
188,0.000815077
189,0.000805557
190,0.000792407
191,0.000756169
192,0.000726027
193,0.00078423
194,0.00077162
195,0.000733577
196,0.000864844
197,0.000963803
198,0.00105725
199,0.00130017
