2,0.00348459
3,0.0101795
4,0.0161679
5,0.0212651
6,0.0255111
7,0.0290489
8,0.0320429
9,0.0346227
10,0.0368782
11,0.0388814
12,0.040699
13,0.0423841
14,0.0439736
15,0.045492
16,0.046952
17,0.0483588
18,0.049711
19,0.0510035
20,0.0522267
21,0.05337
22,0.0544294
23,0.0554095
24,0.0563096
25,0.0571234
26,0.0578567
27,0.0585255
28,0.0591481
29,0.0597375
30,0.0602968
31,0.0608225
32,0.0613064
33,0.0617363
34,0.0621064
35,0.0624241
36,0.0626982
37,0.0629318
38,0.063138
39,0.0633387
40,0.0635471
41,0.0637646
42,0.0639998
43,0.0642483
44,0.0644903
45,0.0647212
46,0.0649412
47,0.0651483
48,0.0653426
49,0.0655317
50,0.0657167
51,0.0658938
52,0.0660735
53,0.0662488
54,0.0664191
55,0.0665896
56,0.066758
57,0.0669306
58,0.0671042
59,0.0672693
60,0.06744
61,0.0676131
62,0.067753
63,0.0678733
64,0.0680074
65,0.0681527
66,0.0682915
67,0.0684252
68,0.0685594
69,0.0686961
70,0.0688297
71,0.0689683
72,0.069103
73,0.0692274
74,0.0693616
75,0.069504
76,0.0696383
77,0.0697641
78,0.0698907
79,0.0700131
80,0.0701317
81,0.0702513
82,0.070375
83,0.0704979
84,0.0706226
85,0.0707496
86,0.0708759
87,0.071002
88,0.0711222
89,0.0712427
90,0.0713644
91,0.0714821
92,0.0715948
93,0.0716989
94,0.0717984
95,0.0718977
96,0.071997
97,0.0720943
98,0.0721912
99,0.0722873
100,0.0723837
101,0.0724859
102,0.0725904
103,0.0726962
104,0.0728052
105,0.0729147
106,0.0730202
107,0.0731257
108,0.073231
109,0.0733309
110,0.0734295
111,0.0735222
112,0.0736118
113,0.0737128
114,0.073807
115,0.0738887
116,0.0739783
117,0.0740712
118,0.0741648
119,0.0742674
120,0.0743658
121,0.0744508
122,0.0745302
123,0.0746097
124,0.0746937
125,0.0747839
126,0.0748719
127,0.0749531
128,0.075035
129,0.0751243
130,0.0752202
131,0.0753045
132,0.0753797
133,0.0754587
134,0.0755438
135,0.0756267
136,0.0757016
137,0.0757794
138,0.0758696
139,0.0759622
140,0.0760492
141,0.0761359
142,0.0762131
143,0.0762817
144,0.0763486
145,0.076419
146,0.0764892
147,0.0765577
148,0.0766329
149,0.0767081
150,0.076782
151,0.0768494
152,0.0769227
153,0.0769848
154,0.0770318
155,0.0771026
156,0.0771788
157,0.0772461
158,0.0773117
159,0.0773795
160,0.0774612
161,0.0775444
162,0.0776107
163,0.0776794
164,0.0777505
165,0.0778237
166,0.0778964
167,0.0779846
168,0.0780631
169,0.0781189
170,0.0781758
171,0.0782318
172,0.0782933
173,0.0783572
174,0.0784274
175,0.0784931
176,0.0785535
177,0.0786231
178,0.0786996
179,0.0787699
180,0.0788219
181,0.0788727
182,0.0789297
183,0.0789852
184,0.0790404
185,0.0791002
186,0.0791562
187,0.0792084
188,0.0792662
189,0.0793284
190,0.0793904
191,0.0794584
192,0.0795366
193,0.0796183
194,0.0796741
195,0.0797011
196,0.0797314
197,0.0797764
198,0.0798234
199,0.0798563
