2,0.921511
3,0.782199
4,0.664433
5,0.567148
6,0.48823
7,0.424988
8,0.37411
9,0.332485
10,0.297751
11,0.26806
12,0.242132
13,0.218929
14,0.197647
15,0.177789
16,0.159064
17,0.141332
18,0.124554
19,0.108817
20,0.0942191
21,0.0808615
22,0.0688049
23,0.0580184
24,0.0484995
25,0.0402313
26,0.0330965
27,0.0269054
28,0.0214494
29,0.0165777
30,0.0122162
31,0.00836773
32,0.00513862
33,0.0027307
34,0.00128787
35,0.000931419
36,0.00120753
37,0.00146741
38,0.00159356
39,0.0015535
40,0.00165615
41,0.00206536
42,0.00235323
43,0.00237174
44,0.00243321
45,0.00253501
46,0.00264584
47,0.002717
48,0.00272401
49,0.00271304
50,0.00267817
51,0.00266928
52,0.00266449
53,0.00233844
54,0.00203823
55,0.00191824
56,0.00175403
57,0.00177542
58,0.00180096
59,0.00115875
60,0.00129813
61,0.0016425
62,0.00141495
63,0.00110595
64,0.00152577
65,0.00148202
66,0.00147354
67,0.00144706
68,0.00147613
69,0.00189162
70,0.00165175
71,0.00128971
72,0.00113813
73,0.00107622
74,0.00106412
75,0.000978525
76,0.000961001
77,0.000990228
78,0.00101012
79,0.00105008
80,0.00111627
81,0.0011673
82,0.00115817
83,0.00114413
84,0.00110824
85,0.00103647
86,0.000970991
87,0.000904213
88,0.000879061
89,0.000850511
90,0.0008237
91,0.000812787
92,0.000811375
93,0.000822807
94,0.000860477
95,0.00091435
96,0.000977468
97,0.00105301
98,0.00113475
99,0.00121893
100,0.00130179
101,0.00130788
102,0.00128473
103,0.00123546
104,0.00115009
105,0.0010575
106,0.00100395
107,0.000944986
108,0.000896546
109,0.000875385
110,0.000862833
111,0.000870413
112,0.00090185
113,0.000855617
114,0.000851623
115,0.000898295
116,0.000910583
117,0.000894671
118,0.000859164
119,0.000552615
120,0.000374652
121,0.00080654
122,0.000809504
123,0.00083495
124,0.000844032
125,0.000814452
126,0.000811493
127,0.00081706
128,0.000861622
129,0.000796143
130,7.22123e-05
131,0.00075403
132,0.000773948
133,0.000787341
134,0.000775331
135,0.000772833
136,0.000779363
137,0.000780739
138,0.000765205
139,0.000785827
140,0.000819759
141,0.000872128
142,0.00087095
143,0.000826556
144,0.000785092
145,0.000768931
146,0.00075962
147,0.000753726
148,0.000750886
149,0.000750932
150,0.000751679
151,0.000749822
152,0.000103417
153,0.000797683
154,0.000870346
155,0.000885464
156,0.00085982
157,0.000863731
158,0.000900667
159,0.000904488
160,0.000381716
161,0.00074675
162,0.000783685
163,0.000770193
164,0.000759568
165,0.000745696
166,0.000740549
167,0.00077722
168,0.000834655
169,0.000783581
170,0.000750866
171,0.000736908
172,0.000734722
173,0.000735429
174,0.000734339
175,0.00073511
176,0.000731215
177,0.000737163
178,0.000775589
179,0.000810381
180,0.000761486
181,0.000733042
182,0.000729333
183,0.00073204
184,0.000743665
185,0.00074808
186,0.000762469
187,0.000802868
188,0.000816926
189,0.000804987
190,0.000793051
191,0.000755556
192,0.000723176
193,0.000789864
194,0.000774594
195,0.000731627
196,0.000867042
197,0.00096455
198,0.00105827
199,0.00130172
