2,0.00731055
3,0.0209616
4,0.0320973
5,0.0400679
6,0.0451545
7,0.0481544
8,0.0499147
9,0.0510592
10,0.0519356
11,0.0526917
12,0.0533804
13,0.0540192
14,0.0546154
15,0.0551743
16,0.0556971
17,0.0561815
18,0.0566421
19,0.0570957
20,0.0575289
21,0.0579355
22,0.0583243
23,0.0586974
24,0.0590552
25,0.0594003
26,0.0597335
27,0.0600544
28,0.0603647
29,0.0606659
30,0.0609606
31,0.0612503
32,0.0615338
33,0.0618092
34,0.0620766
35,0.0623364
36,0.0625889
37,0.0628351
38,0.0630733
39,0.063303
40,0.0635282
41,0.0637539
42,0.063977
43,0.064192
44,0.0644039
45,0.0646151
46,0.0648236
47,0.0650319
48,0.065237
49,0.0654376
50,0.065638
51,0.0658304
52,0.0660087
53,0.066186
54,0.0663648
55,0.0665417
56,0.066719
57,0.0668909
58,0.0670518
59,0.0672055
60,0.0673622
61,0.0675253
62,0.0676871
63,0.0678341
64,0.0679745
65,0.0681283
66,0.068287
67,0.0684396
68,0.0685894
69,0.0687364
70,0.0688825
71,0.0690348
72,0.0691806
73,0.0693083
74,0.0694331
75,0.0695551
76,0.0696767
77,0.0698017
78,0.0699256
79,0.0700492
80,0.0701761
81,0.0703067
82,0.070433
83,0.0705563
84,0.0706788
85,0.0708043
86,0.0709282
87,0.071046
88,0.0711569
89,0.0712676
90,0.0713833
91,0.0714979
92,0.0716089
93,0.0717119
94,0.0718129
95,0.0719163
96,0.07202
97,0.0721238
98,0.0722276
99,0.072326
100,0.0724213
101,0.0725232
102,0.0726274
103,0.0727328
104,0.0728421
105,0.0729497
106,0.0730509
107,0.0731553
108,0.0732601
109,0.0733588
110,0.0734573
111,0.0735528
112,0.0736445
113,0.0737303
114,0.0738112
115,0.0738934
116,0.073983
117,0.074079
118,0.0741751
119,0.0742704
120,0.0743623
121,0.074449
122,0.0745329
123,0.074619
124,0.0747028
125,0.0747846
126,0.0748685
127,0.0749513
128,0.0750362
129,0.0751332
130,0.0752275
131,0.0753065
132,0.075382
133,0.0754612
134,0.0755438
135,0.0756261
136,0.0757034
137,0.0757845
138,0.075876
139,0.075963
140,0.0760469
141,0.0761373
142,0.076219
143,0.0762883
144,0.0763605
145,0.0764289
146,0.0764971
147,0.07657
148,0.0766388
149,0.0767088
150,0.0767821
151,0.0768511
152,0.0769165
153,0.0769754
154,0.0770338
155,0.0771019
156,0.0771797
157,0.077253
158,0.0773182
159,0.0773912
160,0.077467
161,0.0775429
162,0.0776152
163,0.0776844
164,0.077754
165,0.0778256
166,0.0779062
167,0.0779911
168,0.0780666
169,0.078124
170,0.0781756
171,0.0782326
172,0.0782923
173,0.0783572
174,0.0784272
175,0.0784933
176,0.0785576
177,0.0786286
178,0.0787039
179,0.0787703
180,0.0788235
181,0.0788726
182,0.0789258
183,0.0789843
184,0.0790445
185,0.0791025
186,0.0791556
187,0.0792089
188,0.0792672
189,0.0793281
190,0.0793902
191,0.0794585
192,0.0795367
193,0.0796182
194,0.0796742
195,0.079701
196,0.0797313
197,0.0797763
198,0.0798232
199,0.0798561
