2,0.925613
3,0.792786
4,0.67855
5,0.581933
6,0.501751
7,0.436301
8,0.38307
9,0.339339
10,0.302812
11,0.271764
12,0.24486
13,0.220951
14,0.199167
15,0.179015
16,0.160179
17,0.142429
18,0.125675
19,0.109999
20,0.0954852
21,0.082183
22,0.070163
23,0.059391
24,0.0497989
25,0.0413877
26,0.0340645
27,0.0276792
28,0.0220947
29,0.0171707
30,0.0128512
31,0.00910134
32,0.00594777
33,0.00354391
34,0.00193451
35,0.00105815
36,0.000966814
37,0.00130745
38,0.00158484
39,0.00155581
40,0.00158584
41,0.00204939
42,0.00237064
43,0.00236819
44,0.00239393
45,0.00246916
46,0.00255158
47,0.00261293
48,0.00264204
49,0.00265192
50,0.00263597
51,0.00266538
52,0.00276703
53,0.00246294
54,0.00204619
55,0.0018945
56,0.00175
57,0.00176142
58,0.00177683
59,0.0011322
60,0.0012872
61,0.00164684
62,0.00142781
63,0.00111402
64,0.00153284
65,0.00148485
66,0.00146943
67,0.00144929
68,0.00148097
69,0.00189402
70,0.00160101
71,0.00117621
72,0.00106941
73,0.00107962
74,0.00105945
75,0.000980358
76,0.00095762
77,0.000990727
78,0.00100545
79,0.00104705
80,0.00110851
81,0.00116232
82,0.00115473
83,0.00114305
84,0.00110695
85,0.00103425
86,0.000974447
87,0.000903654
88,0.000874834
89,0.000849174
90,0.000823122
91,0.000811407
92,0.000810529
93,0.000824547
94,0.00085929
95,0.000916009
96,0.000973776
97,0.00105221
98,0.0011329
99,0.00121688
100,0.00130127
101,0.0013083
102,0.00128243
103,0.00123484
104,0.00114969
105,0.00106024
106,0.00100031
107,0.000947607
108,0.000894803
109,0.000875485
110,0.000858919
111,0.000871507
112,0.0008964
113,0.000856997
114,0.000848348
115,0.000900448
116,0.000908501
117,0.000927672
118,0.000794619
119,0.000224542
120,0.000830537
121,0.000823972
122,0.000820665
123,0.000838189
124,0.000843444
125,0.000823808
126,0.000800194
127,0.000824308
128,0.000807765
129,0.000140265
130,0.00076383
131,0.000768431
132,0.000774681
133,0.000786525
134,0.000775771
135,0.000770961
136,0.000779117
137,0.000781169
138,0.000763865
139,0.000784676
140,0.000821934
141,0.000870324
142,0.000873765
143,0.000826911
144,0.000784514
145,0.000768441
146,0.00075937
147,0.00075292
148,0.000752523
149,0.0007521
150,0.000751411
151,6.69169e-05
152,0.000764696
153,0.000812171
154,0.000875945
155,0.00088014
156,0.000853189
157,0.00086811
158,0.000900789
159,0.000509351
160,0.000825237
161,0.000816189
162,0.000784229
163,0.000770376
164,0.000759356
165,0.000745244
166,0.00073913
167,0.000779278
168,0.000837882
169,0.000783112
170,0.000752354
171,0.00073613
172,0.000735325
173,0.000736381
174,0.000734465
175,0.000736736
176,0.000732749
177,0.000737897
178,0.00077434
179,0.000810738
180,0.000761715
181,0.000733272
182,0.000729265
183,0.000733905
184,0.000744991
185,0.000749942
186,0.000764753
187,0.000801762
188,0.000817731
189,0.000805916
190,0.000791371
191,0.000756063
192,0.000725327
193,0.000789072
194,0.000776223
195,0.0007311
196,0.000865266
197,0.000965396
198,0.0010581
199,0.00129971
