2,0.928707
3,0.800949
4,0.690061
5,0.594838
6,0.514141
7,0.447134
8,0.392045
9,0.346447
10,0.308337
11,0.275979
12,0.248033
13,0.223331
14,0.200974
15,0.180425
16,0.161351
17,0.143551
18,0.126852
19,0.111219
20,0.0967257
21,0.0834406
22,0.0714079
23,0.0606376
24,0.0510299
25,0.0425087
26,0.0350564
27,0.0285639
28,0.0228779
29,0.0178699
30,0.0134684
31,0.00970614
32,0.0066214
33,0.00422056
34,0.00253753
35,0.00148953
36,0.00102613
37,0.00117493
38,0.00144189
39,0.00156375
40,0.00175361
41,0.00201873
42,0.00215669
43,0.00224226
44,0.00234167
45,0.00240774
46,0.00247857
47,0.0025561
48,0.00262637
49,0.00271529
50,0.00277788
51,0.00284299
52,0.00282587
53,0.00242136
54,0.00206097
55,0.00200244
56,0.00191116
57,0.00185675
58,0.00180587
59,0.00114961
60,0.00131467
61,0.00163338
62,0.00138472
63,0.00115263
64,0.00153993
65,0.0014757
66,0.00147933
67,0.00144122
68,0.00148421
69,0.0018888
70,0.00158399
71,0.00114255
72,0.000998416
73,0.0010613
74,0.00106103
75,0.000989363
76,0.000966087
77,0.000986807
78,0.001013
79,0.00104995
80,0.00111194
81,0.00116551
82,0.00115514
83,0.00114772
84,0.00110683
85,0.00103593
86,0.000972181
87,0.000903964
88,0.00087609
89,0.000853302
90,0.000822288
91,0.000811715
92,0.000809075
93,0.000824315
94,0.000860762
95,0.000916185
96,0.000974688
97,0.00105451
98,0.00113488
99,0.00122151
100,0.00130139
101,0.00131002
102,0.00128326
103,0.00123691
104,0.00114905
105,0.00105852
106,0.00100361
107,0.000947058
108,0.000896265
109,0.000877765
110,0.000859369
111,0.000871665
112,0.000915184
113,0.000857366
114,0.000849271
115,0.000887615
116,0.000908959
117,0.000842883
118,0.000256858
119,0.000874173
120,0.000851266
121,0.000823913
122,0.000823555
123,0.000834303
124,0.000844055
125,0.000819167
126,0.00082206
127,0.000800972
128,0.000168838
129,0.000798323
130,0.000778944
131,0.000770642
132,0.000772629
133,0.00078687
134,0.000776279
135,0.000774337
136,0.000777501
137,0.000781346
138,0.000765523
139,0.000787219
140,0.000820781
141,0.00087212
142,0.000872356
143,0.000826158
144,0.000785017
145,0.000768241
146,0.000758526
147,0.000752733
148,0.000751749
149,0.000755285
150,9.16365e-05
151,0.000751177
152,0.000777751
153,0.000814026
154,0.000872927
155,0.000880822
156,0.000844405
157,0.000872397
158,0.00062988
159,0.000763795
160,0.000917997
161,0.000817143
162,0.00078296
163,0.000771173
164,0.000760836
165,0.000746898
166,0.000741017
167,0.000779227
168,0.000838134
169,0.000784922
170,0.000748185
171,0.000736799
172,0.000735135
173,0.000736139
174,0.000735359
175,0.00073506
176,0.000731981
177,0.000736611
178,0.000774498
179,0.000809808
180,0.000762181
181,0.00073326
182,0.000728738
183,0.000730457
184,0.000744391
185,0.000749517
186,0.000764048
187,0.000803673
188,0.000815788
189,0.000802417
190,0.000791558
191,0.000754957
192,0.000724753
193,0.00078919
194,0.000774975
195,0.000732648
196,0.000864805
197,0.000964718
198,0.00105814
199,0.00130131
