2,0.886689
3,0.700502
4,0.621158
5,0.589013
6,0.540456
7,0.495608
8,0.445867
9,0.398053
10,0.352969
11,0.31225
12,0.276681
13,0.246452
14,0.220589
15,0.197103
16,0.175753
17,0.156348
18,0.138123
19,0.121279
20,0.106095
21,0.0923422
22,0.0799668
23,0.0687587
24,0.0590098
25,0.0504044
26,0.0426356
27,0.0359089
28,0.0299897
29,0.0254992
30,0.0217726
31,0.0189699
32,0.0166649
33,0.0149684
34,0.0135783
35,0.0126057
36,0.0116609
37,0.0109719
38,0.01029
39,0.00972387
40,0.00916221
41,0.0086323
42,0.00814064
43,0.00770279
44,0.00721424
45,0.00685797
46,0.00641344
47,0.00611823
48,0.00574434
49,0.0054836
50,0.0052017
51,0.00494842
52,0.00467347
53,0.00441737
54,0.0041382
55,0.00390167
56,0.00361604
57,0.00336994
58,0.00307081
59,0.00285328
60,0.00270842
61,0.00262623
62,0.00255341
63,0.0024623
64,0.00237546
65,0.00229218
66,0.00223459
67,0.00216319
68,0.00211731
69,0.00204261
70,0.00200499
71,0.00193061
72,0.00189528
73,0.00181952
74,0.00174909
75,0.00165328
76,0.00161159
77,0.0015656
78,0.00154985
79,0.00151683
80,0.00151699
81,0.00150839
82,0.00149165
83,0.0014499
84,0.00138502
85,0.00130519
86,0.0012236
87,0.00113561
88,0.00106023
89,0.000984595
90,0.00092037
91,0.000879583
92,0.000843798
93,0.00084491
94,0.00087606
95,0.000932832
96,0.000998316
97,0.00107946
98,0.00115277
99,0.00122244
100,0.00128389
101,0.00131659
102,0.00130067
103,0.00124148
104,0.00115741
105,0.00107159
106,0.000994724
107,0.000947323
108,0.000905896
109,0.000891918
110,0.000882033
111,0.00090527
112,0.000935824
113,0.000855488
114,0.000905343
115,0.000643935
116,0.000540575
117,0.000906141
118,0.000913619
119,0.000880529
120,0.000855839
121,0.000825731
122,0.000829812
123,0.000824582
124,0.000848347
125,0.00068918
126,0.000246782
127,0.000777463
128,0.000855286
129,0.000826127
130,0.000776058
131,0.000773398
132,0.000772185
133,0.000786996
134,0.000776597
135,0.000776718
136,0.000775497
137,0.00078252
138,0.000762248
139,0.000789966
140,0.000819827
141,0.000871833
142,0.000869011
143,0.000830619
144,0.000782184
145,0.000773887
146,0.000754642
147,0.00075819
148,0.000317399
149,0.000553404
150,0.00073624
151,0.000757712
152,0.000771159
153,0.000810219
154,0.000859141
155,0.000885796
156,0.000505568
157,0.000638423
158,0.000952216
159,0.000970324
160,0.000895635
161,0.000820726
162,0.000783481
163,0.000770065
164,0.000760621
165,0.000745478
166,0.000737654
167,0.000776895
168,0.000834921
169,0.00078662
170,0.000751812
171,0.000735753
172,0.000734227
173,0.000737286
174,0.000735279
175,0.000736566
176,0.000733503
177,0.000739871
178,0.000776126
179,0.000808939
180,0.000762828
181,0.000733123
182,0.000727157
183,0.000736378
184,0.00074493
185,0.000743336
186,0.000752973
187,0.00080469
188,0.000805193
189,0.000785275
190,0.000789657
191,0.00075379
192,0.000725452
193,0.000784558
194,0.00077352
195,0.000732731
196,0.00086513
197,0.000965163
198,0.0010607
199,0.00129963
