2,0.00469666
3,0.0131534
4,0.0173442
5,0.0194415
6,0.0223349
7,0.0250855
8,0.0281172
9,0.031081
10,0.0339292
11,0.0365625
12,0.0389302
13,0.04101
14,0.0428526
15,0.0445651
16,0.0461631
17,0.0476475
18,0.0490675
19,0.0504079
20,0.0516527
21,0.052815
22,0.0538908
23,0.0549003
24,0.0558147
25,0.0566644
26,0.0574572
27,0.0581955
28,0.0588847
29,0.0595108
30,0.0600893
31,0.0606128
32,0.0610886
33,0.06152
34,0.061906
35,0.0622516
36,0.0625634
37,0.062848
38,0.0631129
39,0.0633534
40,0.0635816
41,0.0638042
42,0.0640245
43,0.0642444
44,0.0644648
45,0.0646841
46,0.0649008
47,0.0651158
48,0.0653257
49,0.0655323
50,0.0657328
51,0.0659242
52,0.0661056
53,0.0662818
54,0.0664533
55,0.0666261
56,0.0667963
57,0.0669629
58,0.0671248
59,0.067284
60,0.0674459
61,0.0676029
62,0.067749
63,0.0678855
64,0.0680222
65,0.0681576
66,0.0682938
67,0.0684276
68,0.0685581
69,0.0686891
70,0.0688187
71,0.0689512
72,0.0690853
73,0.0692199
74,0.069359
75,0.0694968
76,0.0696296
77,0.069758
78,0.0698832
79,0.0700079
80,0.0701303
81,0.0702511
82,0.0703724
83,0.0704944
84,0.0706195
85,0.0707468
86,0.0708748
87,0.0710016
88,0.0711253
89,0.0712481
90,0.0713705
91,0.0714894
92,0.0715996
93,0.0717011
94,0.0717991
95,0.0718973
96,0.0719955
97,0.0720927
98,0.07219
99,0.0722881
100,0.0723858
101,0.0724856
102,0.072589
103,0.0726959
104,0.0728045
105,0.0729136
106,0.0730214
107,0.0731261
108,0.0732292
109,0.073329
110,0.0734257
111,0.073516
112,0.073607
113,0.0737076
114,0.0738028
115,0.0738931
116,0.0739803
117,0.0740654
118,0.0741576
119,0.0742518
120,0.0743451
121,0.0744377
122,0.074526
123,0.0746104
124,0.074696
125,0.07479
126,0.0748791
127,0.0749529
128,0.0750305
129,0.0751198
130,0.0752163
131,0.0753068
132,0.0753832
133,0.0754599
134,0.075544
135,0.075626
136,0.0757025
137,0.0757798
138,0.07587
139,0.0759622
140,0.0760494
141,0.0761355
142,0.0762128
143,0.0762819
144,0.0763487
145,0.0764191
146,0.0764894
147,0.0765601
148,0.076637
149,0.0767082
150,0.0767748
151,0.0768438
152,0.0769095
153,0.0769729
154,0.077035
155,0.0771029
156,0.0771814
157,0.0772484
158,0.0773046
159,0.0773724
160,0.0774512
161,0.0775322
162,0.0776082
163,0.0776793
164,0.0777503
165,0.0778237
166,0.0778967
167,0.0779844
168,0.0780625
169,0.0781196
170,0.0781756
171,0.0782322
172,0.0782926
173,0.078357
174,0.0784274
175,0.0784934
176,0.0785531
177,0.0786229
178,0.0786997
179,0.0787697
180,0.0788219
181,0.0788728
182,0.0789293
183,0.0789849
184,0.07904
185,0.0791012
186,0.0791596
187,0.079208
188,0.0792683
189,0.0793323
190,0.0793909
191,0.0794588
192,0.0795367
193,0.0796186
194,0.0796741
195,0.0797013
196,0.0797313
197,0.0797763
198,0.079823
199,0.0798562
