2,0.845823
3,0.625708
4,0.547528
5,0.525639
6,0.497415
7,0.47062
8,0.439085
9,0.40505
10,0.369243
11,0.333931
12,0.30114
13,0.272137
14,0.246603
15,0.224234
16,0.204297
17,0.185818
18,0.168418
19,0.151301
20,0.134797
21,0.119198
22,0.103982
23,0.0900937
24,0.077939
25,0.066783
26,0.0559529
27,0.0464537
28,0.0388755
29,0.0327168
30,0.0268018
31,0.0221593
32,0.0183153
33,0.0158968
34,0.0138672
35,0.0121221
36,0.0109511
37,0.00979919
38,0.0089924
39,0.00844367
40,0.00810566
41,0.00764285
42,0.00734541
43,0.00686734
44,0.00651858
45,0.00618293
46,0.00595159
47,0.00577166
48,0.00563261
49,0.00544626
50,0.00528811
51,0.00501597
52,0.00482921
53,0.0045492
54,0.00431145
55,0.00409824
56,0.00371865
57,0.00354983
58,0.00298772
59,0.00294419
60,0.00248495
61,0.00255113
62,0.00232936
63,0.00229501
64,0.00216538
65,0.00211638
66,0.00212788
67,0.00216995
68,0.00223771
69,0.00227496
70,0.00234268
71,0.00237087
72,0.00239482
73,0.00236223
74,0.00230885
75,0.00220988
76,0.00212451
77,0.00202829
78,0.00194988
79,0.00187178
80,0.00182427
81,0.00176884
82,0.00170147
83,0.00162394
84,0.00156394
85,0.00148277
86,0.00139957
87,0.00130396
88,0.00121733
89,0.00116446
90,0.00113461
91,0.00112196
92,0.00110783
93,0.00110447
94,0.00109615
95,0.00111899
96,0.0011575
97,0.00118899
98,0.00122084
99,0.00124556
100,0.00126841
101,0.0013029
102,0.00129696
103,0.00125395
104,0.00117452
105,0.00109418
106,0.00102524
107,0.000965422
108,0.000931169
109,0.000921073
110,0.000925269
111,0.000951279
112,0.000932193
113,0.000900463
114,0.000409285
115,0.000878301
116,0.000950328
117,0.000937412
118,0.000912273
119,0.000887177
120,0.000844698
121,0.000824523
122,0.000794136
123,0.000800168
124,0.000301938
125,0.000693462
126,0.000866892
127,0.0008593
128,0.000845238
129,0.000815513
130,0.000777554
131,0.000770528
132,0.000775311
133,0.000783586
134,0.000776704
135,0.000772748
136,0.000778915
137,0.000772523
138,0.000767927
139,0.000788624
140,0.00081845
141,0.000873401
142,0.000871263
143,0.000821993
144,0.000785797
145,0.000769479
146,0.000772358
147,0.00012902
148,0.00073102
149,0.000753136
150,0.000750835
151,0.000757421
152,0.000770858
153,0.000805003
154,0.000848115
155,0.000423247
156,0.000878868
157,0.000992268
158,0.000995659
159,0.00095577
160,0.000878869
161,0.000817809
162,0.000777232
163,0.0007693
164,0.000759926
165,0.000746292
166,0.000742069
167,0.000776805
168,0.000837229
169,0.000783536
170,0.000750454
171,0.000740528
172,0.000733755
173,0.000733894
174,0.000733828
175,0.00073589
176,0.000732969
177,0.000739419
178,0.000775728
179,0.000805897
180,0.000761631
181,0.000730945
182,0.000746118
183,0.000868769
184,0.00103472
185,0.000924366
186,0.000738521
187,0.000735408
188,0.000749043
189,0.000724832
190,0.000741585
191,0.00075392
192,0.000723767
193,0.000798768
194,0.000770797
195,0.000732603
196,0.000864971
197,0.000962408
198,0.00105706
199,0.00129882
