2,0.00474139
3,0.0128478
4,0.0179119
5,0.0209056
6,0.0236702
7,0.0265599
8,0.0293186
9,0.0318161
10,0.0339835
11,0.0359131
12,0.037693
13,0.0393532
14,0.0409377
15,0.0424822
16,0.0439779
17,0.0454191
18,0.046831
19,0.0482177
20,0.049562
21,0.050857
22,0.0520977
23,0.0532683
24,0.0543551
25,0.0553617
26,0.0562975
27,0.0571679
28,0.0579754
29,0.058725
30,0.0594142
31,0.0600398
32,0.0606104
33,0.061131
34,0.0616041
35,0.0620355
36,0.0624316
37,0.0627953
38,0.0631269
39,0.0634273
40,0.0636995
41,0.0639481
42,0.0641779
43,0.0643969
44,0.0646131
45,0.0648298
46,0.065046
47,0.0652591
48,0.065466
49,0.0656639
50,0.0658521
51,0.0660328
52,0.0662095
53,0.0663822
54,0.0665509
55,0.0667161
56,0.0668766
57,0.0670323
58,0.0671837
59,0.0673332
60,0.0674841
61,0.0676325
62,0.0677734
63,0.0679095
64,0.0680436
65,0.0681785
66,0.0683123
67,0.0684436
68,0.0685735
69,0.068702
70,0.0688307
71,0.0689592
72,0.0690847
73,0.069213
74,0.0693522
75,0.0694959
76,0.0696334
77,0.0697611
78,0.0698826
79,0.070004
80,0.0701274
81,0.0702518
82,0.0703754
83,0.0704986
84,0.0706229
85,0.070749
86,0.0708744
87,0.0709985
88,0.0711216
89,0.0712427
90,0.0713623
91,0.0714818
92,0.0715964
93,0.071699
94,0.0717974
95,0.0718978
96,0.0719959
97,0.0720917
98,0.0721866
99,0.0722852
100,0.0723851
101,0.0724832
102,0.0725858
103,0.0726934
104,0.0728014
105,0.0729108
106,0.0730189
107,0.0731231
108,0.073224
109,0.0733212
110,0.073417
111,0.0735068
112,0.073609
113,0.0737007
114,0.0737799
115,0.0738711
116,0.0739664
117,0.0740658
118,0.0741609
119,0.0742513
120,0.0743415
121,0.0744367
122,0.074539
123,0.074623
124,0.0746894
125,0.0747699
126,0.0748573
127,0.0749454
128,0.0750319
129,0.0751226
130,0.0752178
131,0.0753064
132,0.0753821
133,0.0754582
134,0.0755439
135,0.0756258
136,0.0757018
137,0.0757847
138,0.0758756
139,0.0759622
140,0.0760491
141,0.0761359
142,0.0762129
143,0.0762817
144,0.0763484
145,0.0764264
146,0.0765009
147,0.0765636
148,0.076633
149,0.0767045
150,0.0767747
151,0.0768434
152,0.0769098
153,0.0769781
154,0.0770422
155,0.0770937
156,0.0771594
157,0.0772331
158,0.0772995
159,0.0773742
160,0.0774539
161,0.0775325
162,0.0776092
163,0.0776794
164,0.0777504
165,0.0778238
166,0.0778965
167,0.0779845
168,0.0780628
169,0.078119
170,0.0781754
171,0.0782322
172,0.0782925
173,0.0783572
174,0.0784273
175,0.0784931
176,0.0785535
177,0.0786231
178,0.0786996
179,0.0787697
180,0.0788217
181,0.0788709
182,0.0789174
183,0.0789538
184,0.0789818
185,0.0790497
186,0.0791716
187,0.0792646
188,0.0793231
189,0.0793682
190,0.0794051
191,0.0794586
192,0.0795367
193,0.0796206
194,0.0796741
195,0.0797019
196,0.0797311
197,0.0797759
198,0.0798233
199,0.0798562
