2,0.0037172
3,0.0105767
4,0.016092
5,0.0202535
6,0.0235479
7,0.0264393
8,0.0291217
9,0.0315816
10,0.033784
11,0.0357598
12,0.0375714
13,0.0392673
14,0.0408801
15,0.0424306
16,0.0439305
17,0.0453872
18,0.0468032
19,0.0481787
20,0.0495113
21,0.0507961
22,0.0520247
23,0.0531865
24,0.0542748
25,0.0552881
26,0.0562301
27,0.0571067
28,0.0579194
29,0.0586689
30,0.0593569
31,0.0599855
32,0.0605614
33,0.0610884
34,0.0615668
35,0.0620018
36,0.0623995
37,0.0627617
38,0.0630931
39,0.0633957
40,0.0636696
41,0.0639235
42,0.0641617
43,0.0643874
44,0.0646075
45,0.0648235
46,0.065037
47,0.0652501
48,0.0654586
49,0.0656572
50,0.0658478
51,0.066033
52,0.0662103
53,0.0663769
54,0.0665448
55,0.0667105
56,0.0668679
57,0.0670263
58,0.0671744
59,0.0673272
60,0.0674733
61,0.0676134
62,0.0677606
63,0.0679037
64,0.0680463
65,0.0681778
66,0.0683075
67,0.0684397
68,0.0685696
69,0.0686986
70,0.0688289
71,0.0689613
72,0.0690945
73,0.0692276
74,0.0693612
75,0.0694984
76,0.0696302
77,0.069748
78,0.0698703
79,0.0699976
80,0.0701227
81,0.0702503
82,0.0703751
83,0.0704981
84,0.0706222
85,0.0707499
86,0.0708755
87,0.0709943
88,0.0711172
89,0.0712442
90,0.0713676
91,0.071488
92,0.0716006
93,0.0717007
94,0.0717957
95,0.0718957
96,0.0719972
97,0.0720935
98,0.0721875
99,0.0722867
100,0.0723892
101,0.0724885
102,0.0725874
103,0.072693
104,0.0728021
105,0.0729109
106,0.073018
107,0.0731229
108,0.073223
109,0.0733206
110,0.0734142
111,0.0735087
112,0.0736052
113,0.073694
114,0.0737793
115,0.0738697
116,0.0739669
117,0.0740638
118,0.0741597
119,0.0742518
120,0.0743417
121,0.0744429
122,0.0745337
123,0.0746163
124,0.0746953
125,0.07477
126,0.0748573
127,0.0749453
128,0.075032
129,0.0751229
130,0.075218
131,0.0753065
132,0.075382
133,0.0754583
134,0.0755438
135,0.0756256
136,0.0757018
137,0.0757852
138,0.0758755
139,0.0759623
140,0.0760492
141,0.0761359
142,0.0762124
143,0.0762802
144,0.0763566
145,0.0764328
146,0.0764949
147,0.0765584
148,0.0766326
149,0.0767066
150,0.0767741
151,0.0768434
152,0.0769128
153,0.0769779
154,0.0770323
155,0.0770892
156,0.077161
157,0.0772327
158,0.0772996
159,0.0773741
160,0.0774539
161,0.0775324
162,0.0776094
163,0.0776793
164,0.0777505
165,0.0778237
166,0.0778965
167,0.0779847
168,0.0780631
169,0.0781193
170,0.0781755
171,0.0782324
172,0.0782926
173,0.0783572
174,0.0784273
175,0.0784932
176,0.0785533
177,0.078623
178,0.0786996
179,0.0787698
180,0.0788216
181,0.0788706
182,0.0789172
183,0.078954
184,0.0789818
185,0.0790495
186,0.0791731
187,0.0792642
188,0.0793228
189,0.0793681
190,0.0794052
191,0.0794588
192,0.0795368
193,0.0796207
194,0.079674
195,0.079701
196,0.0797305
197,0.0797762
198,0.0798234
199,0.0798562
