2,0.910329
3,0.759161
4,0.648319
5,0.571256
6,0.514335
7,0.466572
8,0.423536
9,0.385249
10,0.35218
11,0.323548
12,0.29805
13,0.2747
14,0.252855
15,0.23212
16,0.212273
17,0.193169
18,0.174764
19,0.157047
20,0.140057
21,0.123869
22,0.108623
23,0.0944868
24,0.0815607
25,0.0698584
26,0.0593082
27,0.0497841
28,0.0412606
29,0.0337157
30,0.0271177
31,0.0214214
32,0.0165186
33,0.0123983
34,0.00896857
35,0.00620675
36,0.00404611
37,0.00262908
38,0.00208164
39,0.00229536
40,0.00286972
41,0.00314817
42,0.00333451
43,0.00343176
44,0.00352438
45,0.00361342
46,0.00373423
47,0.00388086
48,0.00402054
49,0.00408163
50,0.00408327
51,0.00402075
52,0.00389676
53,0.00361173
54,0.00338039
55,0.00313906
56,0.00283816
57,0.00268333
58,0.00213984
59,0.00201654
60,0.00190608
61,0.00165001
62,0.00169553
63,0.00181021
64,0.00174317
65,0.00159996
66,0.001509
67,0.00146346
68,0.00145788
69,0.00147246
70,0.00151325
71,0.00153622
72,0.00156691
73,0.00157418
74,0.00158568
75,0.00144134
76,0.00102386
77,0.00113492
78,0.00119772
79,0.00119618
80,0.0012025
81,0.00117146
82,0.00115442
83,0.00114337
84,0.00110967
85,0.00103289
86,0.000971425
87,0.000958678
88,0.000909604
89,0.000844325
90,0.000813813
91,0.000806023
92,0.000805151
93,0.000817207
94,0.000872704
95,0.000927391
96,0.000971443
97,0.00105884
98,0.00116981
99,0.00122705
100,0.00123961
101,0.00127822
102,0.00131322
103,0.00126654
104,0.00117639
105,0.00108743
106,0.0010148
107,0.000959763
108,0.000938709
109,0.000928857
110,0.000942699
111,0.00094495
112,0.000486915
113,0.000933715
114,0.00101969
115,0.00103194
116,0.000983956
117,0.000933696
118,0.000893102
119,0.000874816
120,0.000866033
121,0.000803352
122,0.000179458
123,0.000737687
124,0.000834491
125,0.000900391
126,0.000884214
127,0.000863171
128,0.000845617
129,0.000811259
130,0.000774181
131,0.000768384
132,0.00077638
133,0.000787319
134,0.000776137
135,0.000772681
136,0.000778684
137,0.00077002
138,0.000767863
139,0.000785794
140,0.000820469
141,0.000871903
142,0.00086954
143,0.000819626
144,0.000820063
145,0.000334691
146,0.000764501
147,0.000751017
148,0.00075524
149,0.000748921
150,0.000754237
151,0.000754976
152,0.000765754
153,0.000355788
154,0.000725069
155,0.000986489
156,0.000980693
157,0.000970236
158,0.0009966
159,0.000956111
160,0.000877746
161,0.000817454
162,0.000776796
163,0.000771121
164,0.000759838
165,0.00074697
166,0.000740483
167,0.000778706
168,0.000838998
169,0.000783528
170,0.00075115
171,0.000736693
172,0.000735487
173,0.000736663
174,0.000735446
175,0.00073646
176,0.000731892
177,0.000739267
178,0.000776007
179,0.000810263
180,0.000759851
181,0.000730161
182,0.000745494
183,0.000868699
184,0.00115693
185,0.00109189
186,0.000727371
187,0.00081077
188,0.000800945
189,0.000741303
190,0.000735438
191,0.000754485
192,0.000723008
193,0.000796669
194,0.000771591
195,0.000731736
196,0.000870988
197,0.000965099
198,0.00105861
199,0.00130081
