2,0.921319
3,0.784282
4,0.674351
5,0.589509
6,0.524205
7,0.472086
8,0.428178
9,0.389912
10,0.356288
11,0.326674
12,0.300272
13,0.276278
14,0.254007
15,0.233011
16,0.213024
17,0.193859
18,0.175419
19,0.157733
20,0.14086
21,0.124816
22,0.109684
23,0.0955913
24,0.0826623
25,0.0709777
26,0.0604345
27,0.0508718
28,0.0422837
29,0.034679
30,0.0280353
31,0.0222655
32,0.0173031
33,0.0131354
34,0.00961623
35,0.00675908
36,0.00451366
37,0.0029606
38,0.0021719
39,0.00214932
40,0.00264006
41,0.00293159
42,0.00315634
43,0.0033248
44,0.0034468
45,0.00355057
46,0.00370212
47,0.00388628
48,0.00402872
49,0.0040899
50,0.00403295
51,0.00401823
52,0.0038914
53,0.00364984
54,0.00344078
55,0.00309739
56,0.00284061
57,0.00252289
58,0.00215868
59,0.00205354
60,0.00190013
61,0.0016493
62,0.00169911
63,0.00181638
64,0.00174269
65,0.00161389
66,0.00151486
67,0.00146685
68,0.00145781
69,0.00147397
70,0.00151137
71,0.0015383
72,0.00156532
73,0.00157478
74,0.00158856
75,0.00145127
76,0.0010893
77,0.00113476
78,0.00119723
79,0.00119719
80,0.00120305
81,0.00117274
82,0.00115554
83,0.00114516
84,0.00110768
85,0.00103332
86,0.000971958
87,0.000956327
88,0.000904904
89,0.000846238
90,0.000813408
91,0.000806192
92,0.000805503
93,0.000816827
94,0.000869339
95,0.000925944
96,0.000972531
97,0.00105976
98,0.00116985
99,0.00122661
100,0.00123957
101,0.00127603
102,0.00130739
103,0.00126538
104,0.00117387
105,0.00108582
106,0.00101703
107,0.000958935
108,0.000935041
109,0.000937702
110,0.000924423
111,0.000488114
112,0.000920515
113,0.00103616
114,0.00102717
115,0.00102075
116,0.000990735
117,0.000939082
118,0.000901805
119,0.000875908
120,0.000841168
121,0.00027597
122,0.000674427
123,0.000825834
124,0.000863122
125,0.000892362
126,0.000885143
127,0.00086691
128,0.000845912
129,0.000813194
130,0.000774492
131,0.000770262
132,0.000774347
133,0.000787581
134,0.000775705
135,0.000773883
136,0.000777488
137,0.0007714
138,0.000769501
139,0.00078786
140,0.000820454
141,0.000872143
142,0.000868471
143,0.00085206
144,0.000412838
145,0.000664097
146,0.00075608
147,0.000750975
148,0.000753027
149,0.000751014
150,0.000753503
151,0.000757447
152,0.000752243
153,0.000233268
154,0.000935223
155,0.000967202
156,0.000945497
157,0.000970803
158,0.000997244
159,0.000955842
160,0.000878935
161,0.00081902
162,0.00077891
163,0.000771399
164,0.000759182
165,0.000746315
166,0.000738307
167,0.000778215
168,0.000836404
169,0.000783938
170,0.000751484
171,0.000737183
172,0.000735655
173,0.000735942
174,0.000736071
175,0.000734873
176,0.000733889
177,0.000737746
178,0.000775371
179,0.000810322
180,0.00076221
181,0.000731482
182,0.000745964
183,0.000869057
184,0.00115602
185,0.00113849
186,0.000740581
187,0.000805889
188,0.000801231
189,0.000739866
190,0.000737013
191,0.000754677
192,0.000723944
193,0.000793856
194,0.000771047
195,0.000734114
196,0.00086916
197,0.000966552
198,0.00105667
199,0.00130054
