2,0.00300069
3,0.00879711
4,0.0140587
5,0.0186224
6,0.0224857
7,0.0257603
8,0.0285964
9,0.0311087
10,0.0333718
11,0.0354309
12,0.0373243
13,0.0390857
14,0.0407454
15,0.0423252
16,0.0438416
17,0.0453068
18,0.0467234
19,0.048093
20,0.0494152
21,0.0506864
22,0.0519041
23,0.0530608
24,0.0541449
25,0.0551576
26,0.0561046
27,0.0569856
28,0.0577991
29,0.0585494
30,0.0592438
31,0.0598824
32,0.0604647
33,0.0609962
34,0.0614824
35,0.0619263
36,0.0623307
37,0.0626983
38,0.0630298
39,0.0633326
40,0.0636171
41,0.063889
42,0.0641436
43,0.0643777
44,0.0646003
45,0.0648176
46,0.0650347
47,0.0652512
48,0.0654593
49,0.0656572
50,0.0658488
51,0.0660334
52,0.0662097
53,0.0663793
54,0.0665414
55,0.0667051
56,0.0668685
57,0.067023
58,0.0671722
59,0.0673248
60,0.0674717
61,0.0676134
62,0.0677605
63,0.0679036
64,0.0680462
65,0.0681799
66,0.0683093
67,0.0684416
68,0.0685697
69,0.0686986
70,0.0688293
71,0.0689613
72,0.0690945
73,0.069228
74,0.069361
75,0.0694902
76,0.069621
77,0.0697479
78,0.0698704
79,0.0699972
80,0.0701228
81,0.0702503
82,0.0703751
83,0.0704979
84,0.0706225
85,0.0707499
86,0.0708755
87,0.0709944
88,0.0711179
89,0.0712439
90,0.0713676
91,0.0714909
92,0.0716032
93,0.0717008
94,0.0717962
95,0.0718962
96,0.0719973
97,0.0720935
98,0.0721875
99,0.0722867
100,0.0723893
101,0.0724885
102,0.0725876
103,0.072693
104,0.0728022
105,0.0729108
106,0.0730179
107,0.0731235
108,0.0732239
109,0.0733215
110,0.0734198
111,0.0735126
112,0.0735982
113,0.0736848
114,0.0737787
115,0.0738725
116,0.0739663
117,0.074064
118,0.0741593
119,0.0742565
120,0.0743523
121,0.0744295
122,0.0745167
123,0.0746119
124,0.0746895
125,0.0747711
126,0.0748565
127,0.0749443
128,0.0750318
129,0.0751227
130,0.0752178
131,0.0753064
132,0.075382
133,0.0754583
134,0.0755438
135,0.0756258
136,0.0757018
137,0.0757852
138,0.0758756
139,0.0759622
140,0.0760492
141,0.0761359
142,0.0762098
143,0.0762994
144,0.0763723
145,0.076419
146,0.0764847
147,0.0765573
148,0.0766327
149,0.0767067
150,0.0767766
151,0.0768527
152,0.076918
153,0.0769677
154,0.0770238
155,0.0770946
156,0.0771699
157,0.0772335
158,0.0772997
159,0.0773741
160,0.0774538
161,0.0775324
162,0.0776094
163,0.0776793
164,0.0777506
165,0.0778237
166,0.0778965
167,0.0779848
168,0.078063
169,0.0781192
170,0.0781757
171,0.0782328
172,0.0782928
173,0.0783572
174,0.0784273
175,0.0784931
176,0.0785534
177,0.0786231
178,0.0786995
179,0.0787697
180,0.0788218
181,0.0788708
182,0.0789173
183,0.0789538
184,0.0789819
185,0.0790448
186,0.0791643
187,0.0792632
188,0.0793228
189,0.0793673
190,0.079405
191,0.0794585
192,0.0795367
193,0.0796198
194,0.0796741
195,0.079701
196,0.0797306
197,0.0797758
198,0.0798228
199,0.0798559
