2,0.92763
3,0.799691
4,0.69275
5,0.605766
6,0.536209
7,0.480233
8,0.433902
9,0.394436
10,0.360077
11,0.329771
12,0.302667
13,0.278055
14,0.255317
15,0.234028
16,0.213866
17,0.194599
18,0.176172
19,0.158548
20,0.141726
21,0.125762
22,0.110689
23,0.0966276
24,0.0837564
25,0.0720503
26,0.0614048
27,0.051797
28,0.0432504
29,0.035682
30,0.028969
31,0.0230965
32,0.0180821
33,0.0138727
34,0.0102956
35,0.00735983
36,0.00502132
37,0.00334788
38,0.00236513
39,0.00209064
40,0.00251359
41,0.00282354
42,0.00314265
43,0.0033219
44,0.00344335
45,0.00354073
46,0.00369674
47,0.0038846
48,0.00402948
49,0.00407851
50,0.00405798
51,0.0039853
52,0.00378744
53,0.00363785
54,0.00329251
55,0.00300788
56,0.00287474
57,0.00237576
58,0.00221063
59,0.00207199
60,0.00188557
61,0.00165005
62,0.00169714
63,0.0018056
64,0.00174393
65,0.00161058
66,0.00151701
67,0.00146367
68,0.00145746
69,0.00147107
70,0.00151229
71,0.00153661
72,0.00156546
73,0.00157006
74,0.00158839
75,0.00151091
76,0.00110656
77,0.00113523
78,0.00119611
79,0.00120108
80,0.001203
81,0.00117195
82,0.0011542
83,0.00114438
84,0.00110441
85,0.00103285
86,0.000971402
87,0.000956889
88,0.000904106
89,0.000843865
90,0.000814019
91,0.000805574
92,0.000805607
93,0.000817527
94,0.000869458
95,0.000922948
96,0.000970477
97,0.00105843
98,0.00116915
99,0.00122738
100,0.00124072
101,0.00127934
102,0.00131025
103,0.00126656
104,0.00117521
105,0.0010891
106,0.00101598
107,0.000957398
108,0.000932687
109,0.000926565
110,0.000455767
111,0.00087437
112,0.000980306
113,0.00103733
114,0.00102672
115,0.0010099
116,0.000989859
117,0.000935265
118,0.000896003
119,0.000850524
120,0.000292094
121,0.000770117
122,0.000868517
123,0.000821329
124,0.00086676
125,0.000891975
126,0.000889965
127,0.000869008
128,0.000846619
129,0.000810298
130,0.000774694
131,0.000767112
132,0.000774831
133,0.000786805
134,0.000776648
135,0.000772591
136,0.000776802
137,0.00076958
138,0.000770096
139,0.000784981
140,0.000820823
141,0.000871691
142,0.000852327
143,0.000942408
144,0.000523708
145,0.000750305
146,0.000753492
147,0.000752354
148,0.00075152
149,0.000751014
150,0.000749844
151,0.000748028
152,8.8885e-05
153,0.000808768
154,0.000941687
155,0.000944668
156,0.000910037
157,0.000962999
158,0.000994811
159,0.000954893
160,0.000879174
161,0.00081911
162,0.000776096
163,0.000771084
164,0.00075866
165,0.000745624
166,0.00073863
167,0.000779803
168,0.000837883
169,0.00078505
170,0.00075128
171,0.000737443
172,0.000734838
173,0.000734561
174,0.000735502
175,0.000735945
176,0.000734195
177,0.000736059
178,0.000775028
179,0.000812403
180,0.000761492
181,0.00073076
182,0.000746413
183,0.000868206
184,0.0011545
185,0.00113705
186,0.000739348
187,0.000806229
188,0.000800194
189,0.000739168
190,0.000737585
191,0.000754664
192,0.000722117
193,0.000792896
194,0.000770099
195,0.000734322
196,0.000870506
197,0.000969159
198,0.00106253
199,0.00130307
