2,0.00282342
3,0.00832091
4,0.013419
5,0.0179668
6,0.0219167
7,0.0253141
8,0.0282588
9,0.0308483
10,0.0331646
11,0.0352649
12,0.0371935
13,0.038985
14,0.0406683
15,0.0422648
16,0.0437903
17,0.0452579
18,0.0466752
19,0.0480457
20,0.0493669
21,0.0506339
22,0.0518449
23,0.0529975
24,0.0540828
25,0.0550963
26,0.0560405
27,0.0569226
28,0.0577407
29,0.0584934
30,0.0591885
31,0.0598283
32,0.0604132
33,0.0609489
34,0.0614398
35,0.0618884
36,0.0622982
37,0.0626715
38,0.0630072
39,0.0633105
40,0.0635986
41,0.0638784
42,0.0641401
43,0.0643779
44,0.0646009
45,0.064819
46,0.0650358
47,0.0652513
48,0.0654589
49,0.0656547
50,0.0658455
51,0.0660331
52,0.0662101
53,0.066377
54,0.066543
55,0.0667079
56,0.0668685
57,0.0670242
58,0.067172
59,0.0673241
60,0.067472
61,0.0676135
62,0.0677605
63,0.0679036
64,0.0680461
65,0.06818
66,0.0683094
67,0.0684415
68,0.0685699
69,0.0686984
70,0.0688293
71,0.0689613
72,0.0690946
73,0.0692274
74,0.0693617
75,0.0694885
76,0.0696209
77,0.0697481
78,0.0698703
79,0.0699978
80,0.0701221
81,0.0702513
82,0.0703751
83,0.0704982
84,0.0706225
85,0.0707499
86,0.0708755
87,0.0709944
88,0.0711175
89,0.0712442
90,0.0713677
91,0.0714923
92,0.0716048
93,0.0717008
94,0.0717949
95,0.071896
96,0.0719971
97,0.0720935
98,0.0721876
99,0.0722867
100,0.0723894
101,0.0724888
102,0.0725864
103,0.0726929
104,0.0728023
105,0.0729117
106,0.073018
107,0.0731232
108,0.0732206
109,0.0733252
110,0.0734211
111,0.0735071
112,0.0735986
113,0.0736846
114,0.0737788
115,0.0738712
116,0.0739667
117,0.0740633
118,0.0741603
119,0.0742677
120,0.0743489
121,0.074431
122,0.0745319
123,0.0746118
124,0.0746909
125,0.0747711
126,0.0748562
127,0.0749447
128,0.0750317
129,0.0751227
130,0.0752179
131,0.0753065
132,0.0753821
133,0.0754583
134,0.0755438
135,0.0756257
136,0.0757018
137,0.0757846
138,0.0758757
139,0.0759621
140,0.0760492
141,0.0761358
142,0.076226
143,0.0763003
144,0.0763564
145,0.0764192
146,0.0764849
147,0.0765572
148,0.0766328
149,0.0767065
150,0.0767798
151,0.0768519
152,0.076909
153,0.0769673
154,0.0770233
155,0.0770964
156,0.0771748
157,0.077233
158,0.0772995
159,0.077374
160,0.0774539
161,0.0775325
162,0.0776095
163,0.0776794
164,0.0777505
165,0.0778235
166,0.0778963
167,0.0779847
168,0.078063
169,0.078119
170,0.0781756
171,0.0782328
172,0.0782928
173,0.0783572
174,0.0784274
175,0.078493
176,0.0785534
177,0.0786231
178,0.0786995
179,0.0787698
180,0.0788218
181,0.0788707
182,0.0789172
183,0.0789538
184,0.0789819
185,0.0790448
186,0.0791642
187,0.0792629
188,0.0793228
189,0.0793674
190,0.0794051
191,0.0794586
192,0.0795367
193,0.0796199
194,0.079674
195,0.079701
196,0.0797305
197,0.0797754
198,0.0798225
199,0.0798562
