2,0.931904
3,0.810532
4,0.706727
5,0.619638
6,0.547939
7,0.489228
8,0.440578
9,0.399499
10,0.364046
11,0.332909
12,0.305111
13,0.279914
14,0.256727
15,0.235121
16,0.214786
17,0.195469
18,0.177021
19,0.159375
20,0.142565
21,0.126668
22,0.111703
23,0.0977038
24,0.084807
25,0.0730823
26,0.0624769
27,0.0528446
28,0.0442164
29,0.036604
30,0.0298743
31,0.0239765
32,0.0189151
33,0.0146305
34,0.010969
35,0.00794593
36,0.00550092
37,0.00369638
38,0.00256191
39,0.0021565
40,0.00242596
41,0.0027469
42,0.00310094
43,0.00333212
44,0.00344532
45,0.00356444
46,0.00370465
47,0.00389186
48,0.00401781
49,0.0040518
50,0.00404691
51,0.00387582
52,0.0037947
53,0.00360687
54,0.00326304
55,0.00305502
56,0.00287231
57,0.00237538
58,0.00223824
59,0.00207539
60,0.00188856
61,0.00165135
62,0.00170326
63,0.00181404
64,0.00174181
65,0.00161225
66,0.00151762
67,0.00146444
68,0.00145968
69,0.00147275
70,0.0015102
71,0.00153677
72,0.00156495
73,0.00157636
74,0.00158316
75,0.00149312
76,0.00110832
77,0.00113297
78,0.00119911
79,0.00119428
80,0.00120989
81,0.00116032
82,0.0011545
83,0.00114288
84,0.00110752
85,0.0010325
86,0.000972691
87,0.000956707
88,0.000908715
89,0.000842537
90,0.000813853
91,0.000807008
92,0.000809303
93,0.000814263
94,0.000879462
95,0.000924568
96,0.000973745
97,0.0010573
98,0.00117006
99,0.00122636
100,0.00123834
101,0.00127493
102,0.00132569
103,0.00126612
104,0.00117546
105,0.00108065
106,0.00101695
107,0.000956883
108,0.000959486
109,0.000833153
110,0.000444574
111,0.000927071
112,0.000979882
113,0.00103819
114,0.00102587
115,0.00101942
116,0.000986326
117,0.000937382
118,0.000890928
119,0.000727877
120,0.000317599
121,0.000827213
122,0.000797811
123,0.000820915
124,0.00085733
125,0.000892759
126,0.000891718
127,0.000865962
128,0.000847567
129,0.000810281
130,0.000773201
131,0.000769256
132,0.00077627
133,0.000786398
134,0.000776401
135,0.000773079
136,0.000777348
137,0.000771344
138,0.000768114
139,0.000785295
140,0.000821099
141,0.000872099
142,0.000968008
143,0.000577743
144,0.000812948
145,0.000768472
146,0.000754688
147,0.000752344
148,0.000752484
149,0.000750124
150,0.000749777
151,0.000144257
152,0.000674428
153,0.000837305
154,0.000946483
155,0.000930908
156,0.000875378
157,0.000968203
158,0.000996465
159,0.000956366
160,0.000876857
161,0.000816452
162,0.000778503
163,0.000771089
164,0.000761299
165,0.000745001
166,0.000738216
167,0.000778718
168,0.000838671
169,0.000782853
170,0.000750555
171,0.000736477
172,0.00073547
173,0.000734974
174,0.000734194
175,0.00073674
176,0.000732787
177,0.00073824
178,0.000776469
179,0.000810676
180,0.000761169
181,0.000729769
182,0.000745028
183,0.000869646
184,0.00115526
185,0.00113701
186,0.000740363
187,0.000805813
188,0.000801045
189,0.000740071
190,0.000736858
191,0.000754849
192,0.000723684
193,0.000793016
194,0.000770938
195,0.000732994
196,0.000871045
197,0.000972586
198,0.00106513
199,0.00130059
