2,0.84397
3,0.573239
4,0.360891
5,0.209005
6,0.111216
7,0.0548752
8,0.0259074
9,0.0126233
10,0.00708494
11,0.00482789
12,0.00377315
13,0.00312165
14,0.00263977
15,0.00229737
16,0.00208519
17,0.00195186
18,0.00183066
19,0.00170058
20,0.00156373
21,0.00144705
22,0.00138039
23,0.00133764
24,0.00125016
25,0.00120592
26,0.00126775
27,0.00133835
28,0.00135692
29,0.00135116
30,0.00133797
31,0.00131447
32,0.00127353
33,0.00120541
34,0.00114525
35,0.00110802
36,0.00108421
37,0.00109698
38,0.00110962
39,0.00110772
40,0.000801171
41,0.00091658
42,0.00113149
43,0.00116165
44,0.0010974
45,0.00103094
46,0.00100619
47,0.000969216
48,0.000904903
49,0.000849399
50,0.000175391
51,0.000775852
52,0.000879927
53,0.000871265
54,0.000872226
55,0.000889232
56,0.000913992
57,0.000922628
58,0.00090301
59,0.000864823
60,0.000857757
61,0.000858891
62,0.00087168
63,0.00085011
64,0.000855782
65,0.000847471
66,0.000846658
67,0.00085578
68,0.000872337
69,0.000881072
70,0.000924141
71,0.000574937
72,0.00101415
73,0.00098079
74,0.000905834
75,0.000859577
76,0.000828902
77,0.000829152
78,0.000834008
79,0.000838063
80,0.000833341
81,0.000831202
82,0.000829717
83,0.000828188
84,0.000826543
85,0.000831413
86,0.00084527
87,0.000843921
88,0.000822492
89,0.000815793
90,0.000816158
91,0.000816334
92,0.000814286
93,0.000804976
94,0.000809377
95,0.000823479
96,0.000839286
97,0.000843015
98,0.000858497
99,0.00085608
100,0.000874469
101,0.000935693
102,0.000938663
103,0.00066837
104,0.000598502
105,0.000796848
106,0.000890752
107,0.000866819
108,0.000856148
109,0.000612525
110,0.000624563
111,0.000732897
112,0.000840592
113,0.000852322
114,0.000867696
115,0.000901276
116,0.00090196
117,0.000795244
118,0.000640551
119,0.000511262
120,0.000578541
121,0.000654172
122,0.000752274
123,0.000814752
124,0.00084402
125,0.000827898
126,0.000816651
127,0.000823764
128,0.000821714
129,0.000777655
130,0.000768671
131,0.000769937
132,0.000777397
133,0.000779588
134,0.000775663
135,0.000774089
136,0.000775796
137,0.000768448
138,0.000769554
139,0.00078489
140,0.000866343
141,0.00063029
142,0.000768952
143,0.000810776
144,0.000819559
145,0.000786845
146,0.000772942
147,0.000770715
148,0.000756409
149,0.000749848
150,0.000759029
151,0.000502012
152,0.000587315
153,0.000651257
154,0.000817456
155,0.000900738
156,0.000847635
157,0.000822212
158,0.00086425
159,0.000847457
160,0.000799809
161,0.000770325
162,0.000759777
163,0.000758391
164,0.000751609
165,0.000743776
166,0.000745381
167,0.000807845
168,0.000861496
169,0.000806797
170,0.000751868
171,0.000646007
172,0.000584602
173,0.000578163
174,0.000583928
175,0.000532912
176,0.000590332
177,0.000686088
178,0.000792422
179,0.000822865
180,0.000769788
181,0.000628944
182,0.000568733
183,0.000512468
184,0.000569543
185,0.000607172
186,0.000620738
187,0.000780499
188,0.000817841
189,0.000803257
190,0.000791297
191,0.000756002
192,0.00072353
193,0.000784663
194,0.00077054
195,0.000732272
196,0.000866391
197,0.000964227
198,0.00105804
199,0.00130116
