2,0.00646539
3,0.0187379
4,0.0292388
5,0.0373597
6,0.0430862
7,0.0468379
8,0.0492038
9,0.0507221
10,0.051782
11,0.0526131
12,0.0533293
13,0.0539795
14,0.0545821
15,0.0551434
16,0.0556673
17,0.0561599
18,0.0566283
19,0.0570761
20,0.0575056
21,0.0579165
22,0.0583076
23,0.0586825
24,0.0590479
25,0.0593972
26,0.0597246
27,0.0600407
28,0.0603516
29,0.0606552
30,0.0609504
31,0.0612383
32,0.0615202
33,0.0617973
34,0.0620671
35,0.0623286
36,0.0625821
37,0.0628259
38,0.0630639
39,0.0632985
40,0.0635269
41,0.0637482
42,0.0639649
43,0.0641806
44,0.0643983
45,0.0646129
46,0.064819
47,0.0650237
48,0.0652324
49,0.0654426
50,0.0656329
51,0.0658085
52,0.0659879
53,0.066172
54,0.0663578
55,0.0665401
56,0.0667178
57,0.0668891
58,0.0670517
59,0.0672056
60,0.0673622
61,0.0675252
62,0.0676871
63,0.0678341
64,0.0679745
65,0.0681284
66,0.068287
67,0.0684397
68,0.0685896
69,0.0687359
70,0.0688853
71,0.0690373
72,0.0691801
73,0.0693084
74,0.0694325
75,0.0695558
76,0.0696767
77,0.069802
78,0.0699249
79,0.0700496
80,0.0701786
81,0.070307
82,0.0704327
83,0.0705565
84,0.0706788
85,0.0708035
86,0.0709283
87,0.071046
88,0.0711558
89,0.0712677
90,0.0713835
91,0.0714975
92,0.0716092
93,0.0717119
94,0.0718135
95,0.0719165
96,0.0720201
97,0.0721258
98,0.0722291
99,0.0723304
100,0.0724285
101,0.0725238
102,0.0726296
103,0.0727391
104,0.0728403
105,0.0729366
106,0.0730393
107,0.0731492
108,0.0732619
109,0.0733656
110,0.0734576
111,0.0735477
112,0.0736416
113,0.0737311
114,0.0738114
115,0.0738934
116,0.0739831
117,0.0740795
118,0.0741758
119,0.0742709
120,0.07436
121,0.0744419
122,0.0745267
123,0.0746113
124,0.074694
125,0.074782
126,0.0748695
127,0.0749524
128,0.0750367
129,0.0751332
130,0.0752281
131,0.0753073
132,0.0753819
133,0.0754613
134,0.0755439
135,0.0756259
136,0.0757032
137,0.0757852
138,0.0758756
139,0.0759624
140,0.0760571
141,0.0761469
142,0.0762141
143,0.0762812
144,0.0763565
145,0.0764256
146,0.0764959
147,0.0765707
148,0.0766374
149,0.0767077
150,0.0767855
151,0.0768553
152,0.0769156
153,0.0769738
154,0.0770304
155,0.077097
156,0.0771788
157,0.0772538
158,0.0773168
159,0.0773894
160,0.077467
161,0.077543
162,0.0776151
163,0.0776843
164,0.077754
165,0.0778256
166,0.0779061
167,0.0779911
168,0.0780667
169,0.0781238
170,0.0781756
171,0.0782326
172,0.0782916
173,0.0783572
174,0.0784268
175,0.0784933
176,0.0785612
177,0.07863
178,0.078705
179,0.0787724
180,0.078824
181,0.0788742
182,0.0789294
183,0.0789853
184,0.0790422
185,0.0791008
186,0.0791546
187,0.0792078
188,0.0792661
189,0.0793287
190,0.0793904
191,0.0794585
192,0.0795367
193,0.0796182
194,0.079674
195,0.079701
196,0.0797313
197,0.0797763
198,0.0798233
199,0.0798561
