2,0.935052
3,0.818723
4,0.717849
5,0.631494
6,0.558858
7,0.498351
8,0.447744
9,0.405007
10,0.368287
11,0.336201
12,0.307711
13,0.281977
14,0.258339
15,0.236424
16,0.215894
17,0.196413
18,0.177684
19,0.159851
20,0.143263
21,0.12761
22,0.112719
23,0.0987963
24,0.0859298
25,0.0741801
26,0.0635133
27,0.0538257
28,0.0451646
29,0.0375112
30,0.0307568
31,0.0248338
32,0.0196878
33,0.0153353
34,0.0116236
35,0.00854298
36,0.00604269
37,0.00414429
38,0.00286741
39,0.00224862
40,0.00241731
41,0.00265416
42,0.00295052
43,0.00319389
44,0.0033686
45,0.00352301
46,0.00368704
47,0.00388255
48,0.0040163
49,0.00405395
50,0.00406151
51,0.00386774
52,0.00375336
53,0.00356294
54,0.00324243
55,0.00304639
56,0.00288236
57,0.00242299
58,0.00233479
59,0.00215077
60,0.00189379
61,0.00165014
62,0.00170644
63,0.00181606
64,0.00174311
65,0.00161227
66,0.0015162
67,0.00146581
68,0.00145781
69,0.00147246
70,0.00151151
71,0.00153807
72,0.00156461
73,0.00156916
74,0.00158543
75,0.00150506
76,0.00110724
77,0.00113359
78,0.00119761
79,0.00119476
80,0.00120215
81,0.00116115
82,0.00115592
83,0.00114351
84,0.00110859
85,0.00103253
86,0.000971751
87,0.000958301
88,0.000908636
89,0.000843252
90,0.000812513
91,0.000811324
92,0.000807259
93,0.000816254
94,0.000866726
95,0.000924976
96,0.000973655
97,0.00105906
98,0.00116821
99,0.00122733
100,0.00123892
101,0.00127441
102,0.00131178
103,0.0012677
104,0.00117557
105,0.00108253
106,0.00101656
107,0.000984799
108,0.000877591
109,0.000415088
110,0.000989833
111,0.000953874
112,0.000978895
113,0.0010383
114,0.00102532
115,0.00102136
116,0.000986298
117,0.000940669
118,0.000839888
119,0.000409768
120,0.000847728
121,0.000797305
122,0.000814727
123,0.000822558
124,0.000855404
125,0.000893398
126,0.000890981
127,0.000867011
128,0.000846968
129,0.000810083
130,0.000774326
131,0.000768408
132,0.000774794
133,0.000786071
134,0.000775504
135,0.000773627
136,0.000778574
137,0.000770256
138,0.000768268
139,0.000784427
140,0.000818805
141,0.000890501
142,0.000577563
143,0.00089018
144,0.000822181
145,0.000769058
146,0.000752954
147,0.000753699
148,0.000751342
149,0.000754032
150,0.000289977
151,0.000541815
152,0.000824387
153,0.000836609
154,0.000953661
155,0.000930553
156,0.000858814
157,0.000965139
158,0.000998352
159,0.000954883
160,0.000876978
161,0.000817545
162,0.000777669
163,0.000771087
164,0.000759232
165,0.000745614
166,0.000738648
167,0.000776692
168,0.000837492
169,0.000786989
170,0.000751791
171,0.000735141
172,0.000736271
173,0.000735979
174,0.000736074
175,0.000734894
176,0.000733008
177,0.000738409
178,0.000776675
179,0.000811053
180,0.000759334
181,0.00073069
182,0.000742954
183,0.000866422
184,0.00115361
185,0.00113831
186,0.000740039
187,0.000805727
188,0.000802358
189,0.000739998
190,0.000738619
191,0.000755357
192,0.000723668
193,0.000793208
194,0.000770361
195,0.000731509
196,0.000868441
197,0.00096979
198,0.00106507
199,0.00130188
