2,0.00269287
3,0.00796108
4,0.0129099
5,0.0174067
6,0.0213871
7,0.0248617
8,0.0278966
9,0.0305652
10,0.0329433
11,0.0350908
12,0.0370543
13,0.0388734
14,0.0405801
15,0.0421928
16,0.0437285
17,0.0452048
18,0.0466376
19,0.0480185
20,0.0493267
21,0.0505793
22,0.0517856
23,0.0529334
24,0.0540165
25,0.0550309
26,0.0559786
27,0.0568637
28,0.0576834
29,0.0584383
30,0.0591345
31,0.0597758
32,0.0603652
33,0.060905
34,0.0613985
35,0.0618498
36,0.062262
37,0.0626378
38,0.0629807
39,0.0632964
40,0.0635905
41,0.0638662
42,0.0641242
43,0.0643652
44,0.064594
45,0.0648157
46,0.0650342
47,0.0652507
48,0.0654586
49,0.0656548
50,0.0658459
51,0.0660324
52,0.0662071
53,0.0663734
54,0.0665409
55,0.0667065
56,0.0668688
57,0.0670274
58,0.0671789
59,0.0673297
60,0.0674724
61,0.0676133
62,0.0677606
63,0.0679037
64,0.0680462
65,0.0681798
66,0.0683094
67,0.0684415
68,0.0685696
69,0.0686986
70,0.0688296
71,0.0689611
72,0.0690945
73,0.0692285
74,0.069361
75,0.0694869
76,0.0696209
77,0.069748
78,0.0698703
79,0.0699977
80,0.0701228
81,0.0702512
82,0.0703751
83,0.0704981
84,0.0706222
85,0.07075
86,0.0708755
87,0.0709944
88,0.0711174
89,0.0712441
90,0.0713687
91,0.0714949
92,0.071605
93,0.0717008
94,0.071797
95,0.0718958
96,0.071997
97,0.0720934
98,0.0721877
99,0.0722866
100,0.0723894
101,0.072489
102,0.0725876
103,0.0726929
104,0.0728022
105,0.0729115
106,0.0730178
107,0.0731198
108,0.0732336
109,0.073325
110,0.0734072
111,0.0735078
112,0.0735985
113,0.0736847
114,0.0737788
115,0.0738712
116,0.0739667
117,0.0740631
118,0.0741696
119,0.0742508
120,0.0743371
121,0.0744451
122,0.0745271
123,0.0746116
124,0.0746914
125,0.074771
126,0.0748563
127,0.0749446
128,0.0750318
129,0.0751227
130,0.0752176
131,0.0753064
132,0.075382
133,0.0754583
134,0.0755438
135,0.0756257
136,0.0757018
137,0.0757853
138,0.0758755
139,0.0759623
140,0.0760491
141,0.0761386
142,0.0762233
143,0.0762948
144,0.0763572
145,0.0764192
146,0.076485
147,0.0765572
148,0.0766327
149,0.0767089
150,0.0767823
151,0.0768395
152,0.0768959
153,0.0769675
154,0.0770224
155,0.0770965
156,0.0771774
157,0.0772334
158,0.0772994
159,0.0773741
160,0.0774539
161,0.0775325
162,0.0776094
163,0.0776793
164,0.0777505
165,0.0778236
166,0.0778963
167,0.0779845
168,0.0780629
169,0.0781199
170,0.0781759
171,0.0782326
172,0.0782933
173,0.0783572
174,0.0784273
175,0.078493
176,0.0785534
177,0.0786232
178,0.0786997
179,0.07877
180,0.0788218
181,0.0788708
182,0.0789174
183,0.0789539
184,0.078982
185,0.0790447
186,0.0791642
187,0.0792631
188,0.0793229
189,0.0793673
190,0.0794052
191,0.0794587
192,0.0795368
193,0.0796199
194,0.079674
195,0.0797011
196,0.0797307
197,0.0797757
198,0.0798225
199,0.0798561
