2,0.937581
3,0.825402
4,0.727125
5,0.641743
6,0.568839
7,0.507296
8,0.455281
9,0.411062
10,0.372972
11,0.339753
12,0.310419
13,0.284089
14,0.260054
15,0.237836
16,0.217003
17,0.197166
18,0.178122
19,0.160152
20,0.143617
21,0.128245
22,0.113643
23,0.099831
24,0.0869807
25,0.0751815
26,0.0644542
27,0.054758
28,0.0460895
29,0.0383993
30,0.0316017
31,0.0256435
32,0.0204764
33,0.0160725
34,0.0122821
35,0.00911526
36,0.0065359
37,0.00456077
38,0.00314235
39,0.0023579
40,0.0023932
41,0.0026257
42,0.00294327
43,0.00317046
44,0.00333886
45,0.00351105
46,0.00369116
47,0.00388995
48,0.00401668
49,0.00405589
50,0.0040705
51,0.00386576
52,0.00371878
53,0.00352723
54,0.00323788
55,0.00305719
56,0.00288104
57,0.00242171
58,0.00237618
59,0.00219503
60,0.00189902
61,0.00164997
62,0.00171028
63,0.00181874
64,0.00174215
65,0.00161334
66,0.00151612
67,0.00146431
68,0.00145886
69,0.00147145
70,0.0015105
71,0.00153631
72,0.00156522
73,0.00157142
74,0.00158762
75,0.00151212
76,0.00110791
77,0.00113326
78,0.00119799
79,0.00119483
80,0.00121027
81,0.00116209
82,0.00115353
83,0.00114414
84,0.00110714
85,0.00103426
86,0.000971229
87,0.000959545
88,0.000908622
89,0.000845359
90,0.000811426
91,0.000810949
92,0.000806994
93,0.000815925
94,0.000873402
95,0.00092723
96,0.000972379
97,0.0010578
98,0.00117002
99,0.00122674
100,0.00123905
101,0.00127393
102,0.00132931
103,0.00126461
104,0.00117686
105,0.00108014
106,0.00101908
107,0.000916098
108,0.000354877
109,0.000954416
110,0.000989795
111,0.00096134
112,0.000979049
113,0.00103752
114,0.00102503
115,0.00100812
116,0.000990831
117,0.000881035
118,0.000482538
119,0.000860149
120,0.000842507
121,0.000838972
122,0.000812626
123,0.000823587
124,0.000856173
125,0.000893681
126,0.000890905
127,0.000867283
128,0.000844047
129,0.00080815
130,0.000773514
131,0.000768617
132,0.000776443
133,0.000786352
134,0.000775945
135,0.00077279
136,0.00077675
137,0.000771169
138,0.000768894
139,0.0007854
140,0.00082252
141,0.00058314
142,0.000948873
143,0.000903467
144,0.000823594
145,0.000765335
146,0.000757223
147,0.000752251
148,0.000754864
149,0.000476393
150,0.000333491
151,0.00081068
152,0.00089281
153,0.000832837
154,0.0009461
155,0.000926587
156,0.000849222
157,0.000971173
158,0.000997164
159,0.000957016
160,0.000877644
161,0.000816633
162,0.000776783
163,0.000769064
164,0.000760009
165,0.000746926
166,0.000740288
167,0.000779037
168,0.000838695
169,0.000783905
170,0.00074993
171,0.000734893
172,0.000734294
173,0.000734552
174,0.000736167
175,0.000736405
176,0.000733482
177,0.000739354
178,0.000777192
179,0.000810366
180,0.00076028
181,0.000732579
182,0.00074644
183,0.000867545
184,0.00115277
185,0.001138
186,0.000739041
187,0.000804497
188,0.000801126
189,0.000738398
190,0.000738194
191,0.000754384
192,0.000724721
193,0.000794327
194,0.000771145
195,0.000732627
196,0.000869763
197,0.000969671
198,0.00106454
199,0.00130217
