2,0.00258803
3,0.00766773
4,0.0124855
5,0.0169225
6,0.0209031
7,0.0244184
8,0.0275159
9,0.030254
10,0.0326989
11,0.034903
12,0.0369093
13,0.038759
14,0.0404862
15,0.0421148
16,0.0436667
17,0.0451624
18,0.0466128
19,0.0480013
20,0.0493063
21,0.0505425
22,0.0517317
23,0.0528726
24,0.0539544
25,0.0549714
26,0.0559223
27,0.0568076
28,0.0576275
29,0.0583842
30,0.059083
31,0.059726
32,0.0603166
33,0.060859
34,0.0613568
35,0.0618132
36,0.0622292
37,0.0626083
38,0.0629561
39,0.0632768
40,0.0635774
41,0.0638616
42,0.0641235
43,0.064363
44,0.0645913
45,0.0648148
46,0.0650346
47,0.0652513
48,0.0654587
49,0.065655
50,0.0658466
51,0.0660322
52,0.0662044
53,0.0663706
54,0.0665405
55,0.0667067
56,0.0668681
57,0.0670273
58,0.0671819
59,0.0673329
60,0.0674727
61,0.0676134
62,0.0677605
63,0.0679036
64,0.0680463
65,0.0681799
66,0.0683094
67,0.0684415
68,0.0685696
69,0.0686986
70,0.0688295
71,0.0689612
72,0.0690945
73,0.0692278
74,0.0693611
75,0.0694869
76,0.0696209
77,0.0697481
78,0.0698703
79,0.0699977
80,0.070122
81,0.0702513
82,0.0703751
83,0.0704981
84,0.0706225
85,0.0707499
86,0.0708755
87,0.0709943
88,0.0711174
89,0.071244
90,0.0713686
91,0.0714948
92,0.071605
93,0.0717007
94,0.0717959
95,0.0718958
96,0.0719972
97,0.0720935
98,0.0721875
99,0.0722867
100,0.0723894
101,0.072489
102,0.072586
103,0.0726932
104,0.0728021
105,0.0729119
106,0.0730176
107,0.0731293
108,0.073233
109,0.0733159
110,0.0734083
111,0.073507
112,0.0735985
113,0.0736847
114,0.0737788
115,0.0738726
116,0.0739662
117,0.0740722
118,0.0741561
119,0.074244
120,0.0743461
121,0.0744344
122,0.0745278
123,0.0746117
124,0.0746914
125,0.074771
126,0.0748564
127,0.0749445
128,0.0750322
129,0.0751231
130,0.0752178
131,0.0753064
132,0.075382
133,0.0754583
134,0.0755439
135,0.075626
136,0.0757026
137,0.0757847
138,0.0758757
139,0.075962
140,0.0760495
141,0.0761464
142,0.0762277
143,0.0762943
144,0.076357
145,0.0764187
146,0.0764851
147,0.0765573
148,0.0766342
149,0.0767126
150,0.0767758
151,0.0768233
152,0.0768868
153,0.0769681
154,0.0770233
155,0.077097
156,0.0771788
157,0.0772327
158,0.0772995
159,0.0773742
160,0.0774539
161,0.0775325
162,0.0776094
163,0.0776794
164,0.0777505
165,0.0778238
166,0.0778964
167,0.0779847
168,0.0780631
169,0.0781191
170,0.0781754
171,0.0782324
172,0.0782928
173,0.0783572
174,0.0784272
175,0.078493
176,0.0785535
177,0.0786232
178,0.0786996
179,0.0787699
180,0.0788218
181,0.0788707
182,0.0789173
183,0.078954
184,0.078982
185,0.0790448
186,0.0791643
187,0.0792631
188,0.0793229
189,0.0793673
190,0.0794051
191,0.0794586
192,0.0795367
193,0.0796199
194,0.0796741
195,0.0797009
196,0.0797305
197,0.0797756
198,0.0798226
199,0.0798559
