2,0.00543196
3,0.015914
4,0.0253346
5,0.0332379
6,0.0394448
7,0.044043
8,0.0473087
9,0.049569
10,0.0511381
11,0.0522705
12,0.0531427
13,0.0538644
14,0.0544971
15,0.0550722
16,0.0556058
17,0.056109
18,0.0565872
19,0.0570425
20,0.057477
21,0.0578869
22,0.0582776
23,0.0586537
24,0.059014
25,0.05936
26,0.0596936
27,0.0600164
28,0.0603285
29,0.0606322
30,0.0609299
31,0.0612207
32,0.061504
33,0.0617806
34,0.0620524
35,0.0623173
36,0.0625749
37,0.0628253
38,0.0630567
39,0.0632796
40,0.0635068
41,0.0637292
42,0.0639477
43,0.0641662
44,0.0643836
45,0.0645996
46,0.0648157
47,0.0650328
48,0.0652213
49,0.0653941
50,0.0655885
51,0.0657863
52,0.0659766
53,0.0661666
54,0.0663567
55,0.0665408
56,0.0667177
57,0.0668872
58,0.0670491
59,0.0672055
60,0.0673621
61,0.0675249
62,0.0676871
63,0.0678341
64,0.0679744
65,0.0681285
66,0.0682869
67,0.0684416
68,0.0685858
69,0.0687367
70,0.0688936
71,0.069037
72,0.0691804
73,0.0693137
74,0.0694331
75,0.0695527
76,0.0696768
77,0.0698021
78,0.0699256
79,0.0700496
80,0.0701786
81,0.070307
82,0.0704328
83,0.0705565
84,0.0706788
85,0.0708038
86,0.0709284
87,0.0710459
88,0.0711563
89,0.0712677
90,0.0713835
91,0.0714989
92,0.0716093
93,0.071712
94,0.071813
95,0.0719163
96,0.0720201
97,0.0721236
98,0.0722272
99,0.0723322
100,0.0724303
101,0.0725303
102,0.0726283
103,0.0727356
104,0.0728421
105,0.0729402
106,0.0730508
107,0.0731573
108,0.0732539
109,0.0733548
110,0.0734533
111,0.0735468
112,0.0736445
113,0.0737314
114,0.0738112
115,0.0738938
116,0.0739831
117,0.0740798
118,0.0741747
119,0.074269
120,0.0743595
121,0.0744425
122,0.0745279
123,0.0746118
124,0.0746948
125,0.0747825
126,0.0748702
127,0.0749529
128,0.0750385
129,0.0751326
130,0.0752248
131,0.0753064
132,0.075382
133,0.0754612
134,0.075544
135,0.0756256
136,0.0757037
137,0.0757842
138,0.0758762
139,0.0759754
140,0.0760607
141,0.0761359
142,0.0762104
143,0.0762821
144,0.0763563
145,0.0764257
146,0.0764971
147,0.0765705
148,0.0766453
149,0.0767224
150,0.0767887
151,0.0768531
152,0.0769168
153,0.0769725
154,0.0770278
155,0.0770972
156,0.0771789
157,0.0772538
158,0.0773168
159,0.0773863
160,0.077466
161,0.0775429
162,0.0776152
163,0.0776843
164,0.077754
165,0.0778256
166,0.0779062
167,0.0779909
168,0.0780668
169,0.0781238
170,0.078176
171,0.0782327
172,0.0782905
173,0.0783572
174,0.0784273
175,0.078493
176,0.0785581
177,0.0786301
178,0.0787052
179,0.0787733
180,0.0788261
181,0.0788727
182,0.0789271
183,0.078985
184,0.0790404
185,0.0791002
186,0.0791565
187,0.0792085
188,0.0792661
189,0.0793283
190,0.0793904
191,0.0794585
192,0.0795367
193,0.0796182
194,0.0796741
195,0.079701
196,0.0797313
197,0.0797763
198,0.0798234
199,0.079856
