2,0.877357
3,0.659806
4,0.477121
5,0.330164
6,0.218267
7,0.137999
8,0.0836178
9,0.0490035
10,0.0282963
11,0.0166166
12,0.0103266
13,0.00703401
14,0.00532193
15,0.00435289
16,0.00376196
17,0.00334744
18,0.00298077
19,0.0026205
20,0.00232625
21,0.00213115
22,0.00200591
23,0.00191899
24,0.00188064
25,0.00186449
26,0.00186677
27,0.00185658
28,0.00182582
29,0.00177718
30,0.00169466
31,0.00159523
32,0.00150248
33,0.00142592
34,0.00133065
35,0.00126962
36,0.000805578
37,0.00118885
38,0.00138224
39,0.0014045
40,0.00135907
41,0.00136924
42,0.00137794
43,0.00134846
44,0.0012426
45,0.00115286
46,0.000642667
47,0.0011087
48,0.00135219
49,0.00129085
50,0.0011857
51,0.00105772
52,0.000961609
53,0.000903503
54,0.000868177
55,0.000879228
56,0.000904922
57,0.00091401
58,0.000884891
59,0.000865034
60,0.000856125
61,0.000859638
62,0.000870677
63,0.000850519
64,0.000857521
65,0.000850181
66,0.000843981
67,0.000858715
68,0.000882596
69,0.00108964
70,0.000803757
71,0.00100549
72,0.00104962
73,0.00102991
74,0.000908665
75,0.000847565
76,0.000830962
77,0.000828798
78,0.000832262
79,0.000839877
80,0.000833747
81,0.000831264
82,0.000827803
83,0.000828303
84,0.000826223
85,0.000832029
86,0.000845427
87,0.00084324
88,0.00082165
89,0.000813921
90,0.000813417
91,0.000820327
92,0.000812896
93,0.000805436
94,0.000809814
95,0.000824479
96,0.000837541
97,0.00085379
98,0.00086365
99,0.000873897
100,0.000894757
101,0.000913794
102,0.000638903
103,0.000962894
104,0.000873265
105,0.000896777
106,0.000778681
107,0.000331694
108,0.000834288
109,0.000851599
110,0.000855419
111,0.000855976
112,0.000857239
113,0.000851725
114,0.00086854
115,0.000897858
116,0.000904262
117,0.000873138
118,0.000845547
119,0.000820828
120,0.000808979
121,0.000817576
122,0.000818951
123,0.000826497
124,0.000839539
125,0.000826358
126,0.000813123
127,0.000821911
128,0.000813629
129,0.000777061
130,0.000766936
131,0.000769288
132,0.000774637
133,0.000778626
134,0.000774298
135,0.000772805
136,0.00077304
137,0.000771597
138,0.00079043
139,0.000322656
140,0.000790071
141,0.000872579
142,0.000852093
143,0.000823902
144,0.000817971
145,0.000790178
146,0.000774952
147,0.000770611
148,0.000804283
149,0.000215306
150,0.000728645
151,0.000748986
152,0.000756271
153,0.000809764
154,0.000910856
155,0.000924951
156,0.00084946
157,0.000822897
158,0.000865333
159,0.000867311
160,0.00080603
161,0.000771261
162,0.000759298
163,0.000755145
164,0.00075055
165,0.00074191
166,0.000745551
167,0.000805815
168,0.000863964
169,0.000806322
170,0.000751805
171,5.21844e-05
172,0.000722934
173,0.00073452
174,0.000736271
175,0.00073522
176,0.000736733
177,0.000753664
178,0.000801725
179,0.000429181
180,0.000694349
181,0.000730522
182,0.000728454
183,0.000732097
184,0.000743839
185,0.000748405
186,0.000762918
187,0.000802293
188,0.000817303
189,0.000805351
190,0.000792623
191,0.000754524
192,0.000724386
193,0.00078589
194,0.000771734
195,0.000731423
196,0.000866068
197,0.000964979
198,0.00105763
199,0.00130228
