2,0.00508198
3,0.014937
4,0.0239213
5,0.0316371
6,0.0378966
7,0.0427184
8,0.0462883
9,0.0488526
10,0.0506744
11,0.0519884
12,0.0529779
13,0.0537682
14,0.0544363
15,0.0550303
16,0.0555745
17,0.0560824
18,0.0565651
19,0.0570272
20,0.057464
21,0.0578744
22,0.0582653
23,0.0586405
24,0.0590001
25,0.0593456
26,0.0596787
27,0.0600017
28,0.0603162
29,0.0606225
30,0.0609228
31,0.061216
32,0.0615012
33,0.0617789
34,0.0620493
35,0.062314
36,0.0625692
37,0.0628081
38,0.0630377
39,0.0632705
40,0.0635028
41,0.0637273
42,0.0639454
43,0.0641639
44,0.064383
45,0.0646002
46,0.0648099
47,0.064996
48,0.0651782
49,0.0653758
50,0.0655744
51,0.0657737
52,0.0659686
53,0.0661593
54,0.0663496
55,0.0665365
56,0.0667158
57,0.0668871
58,0.0670478
59,0.0672038
60,0.0673623
61,0.0675247
62,0.0676873
63,0.0678338
64,0.0679739
65,0.0681267
66,0.0682861
67,0.0684406
68,0.068593
69,0.0687648
70,0.0689137
71,0.0690374
72,0.0691803
73,0.0693145
74,0.0694329
75,0.0695524
76,0.0696769
77,0.0698019
78,0.0699256
79,0.0700496
80,0.0701781
81,0.0703069
82,0.070433
83,0.0705563
84,0.0706788
85,0.0708039
86,0.0709282
87,0.0710458
88,0.071156
89,0.0712675
90,0.0713834
91,0.0714988
92,0.0716092
93,0.071712
94,0.0718134
95,0.0719163
96,0.07202
97,0.0721234
98,0.0722271
99,0.0723304
100,0.0724304
101,0.0725306
102,0.072617
103,0.0727265
104,0.0728435
105,0.0729394
106,0.0730669
107,0.0731712
108,0.0732538
109,0.0733557
110,0.073453
111,0.0735488
112,0.0736445
113,0.0737315
114,0.0738111
115,0.0738937
116,0.0739829
117,0.0740785
118,0.0741739
119,0.0742692
120,0.0743598
121,0.0744425
122,0.0745279
123,0.0746118
124,0.0746948
125,0.0747824
126,0.0748703
127,0.0749528
128,0.0750385
129,0.0751326
130,0.0752247
131,0.0753064
132,0.0753821
133,0.0754611
134,0.075544
135,0.0756255
136,0.0757041
137,0.0757837
138,0.0758847
139,0.0759724
140,0.076049
141,0.0761359
142,0.0762098
143,0.0762814
144,0.0763565
145,0.0764255
146,0.0764972
147,0.0765703
148,0.0766536
149,0.0767219
150,0.0767758
151,0.0768501
152,0.0769165
153,0.0769723
154,0.0770279
155,0.0770972
156,0.0771788
157,0.0772537
158,0.0773167
159,0.0773861
160,0.0774659
161,0.0775429
162,0.0776152
163,0.0776843
164,0.077754
165,0.0778255
166,0.0779063
167,0.0779908
168,0.0780671
169,0.0781236
170,0.0781762
171,0.0782323
172,0.0782902
173,0.0783571
174,0.0784273
175,0.078493
176,0.0785581
177,0.0786301
178,0.0787052
179,0.0787746
180,0.0788217
181,0.0788708
182,0.0789281
183,0.0789851
184,0.0790404
185,0.0791002
186,0.0791565
187,0.0792085
188,0.0792662
189,0.0793284
190,0.0793904
191,0.0794586
192,0.0795367
193,0.0796181
194,0.0796741
195,0.0797011
196,0.0797313
197,0.0797762
198,0.0798234
199,0.079856
