2,0.00483841
3,0.0142519
4,0.0228179
5,0.0302653
6,0.0365235
7,0.0414398
8,0.0451794
9,0.0480017
10,0.0500891
11,0.0516182
12,0.0527522
13,0.0536355
14,0.0543586
15,0.0549816
16,0.055541
17,0.0560573
18,0.0565427
19,0.0570051
20,0.0574442
21,0.0578592
22,0.0582524
23,0.0586282
24,0.0589889
25,0.0593351
26,0.0596688
27,0.0599923
28,0.0603069
29,0.0606138
30,0.0609141
31,0.0612075
32,0.0614925
33,0.0617728
34,0.062046
35,0.0623043
36,0.0625527
37,0.0627953
38,0.0630326
39,0.0632648
40,0.0634938
41,0.0637206
42,0.0639443
43,0.0641654
44,0.0643823
45,0.0645916
46,0.0647891
47,0.0649805
48,0.0651738
49,0.0653701
50,0.0655693
51,0.0657661
52,0.0659592
53,0.0661511
54,0.0663409
55,0.0665272
56,0.0667071
57,0.0668772
58,0.0670407
59,0.0672013
60,0.0673596
61,0.0675167
62,0.0676733
63,0.0678229
64,0.0679711
65,0.0681292
66,0.0682891
67,0.0684443
68,0.0686031
69,0.0687656
70,0.0689093
71,0.0690394
72,0.0691773
73,0.0693109
74,0.0694346
75,0.069555
76,0.0696781
77,0.0698036
78,0.0699273
79,0.0700524
80,0.0701809
81,0.0703108
82,0.0704379
83,0.0705608
84,0.0706815
85,0.0708061
86,0.0709305
87,0.0710481
88,0.0711587
89,0.0712706
90,0.0713849
91,0.0714983
92,0.0716084
93,0.0717124
94,0.0718138
95,0.0719163
96,0.0720199
97,0.0721245
98,0.0722278
99,0.0723302
100,0.072429
101,0.0725325
102,0.0726269
103,0.0727299
104,0.0728408
105,0.0729558
106,0.0730553
107,0.0731462
108,0.0732554
109,0.0733551
110,0.0734532
111,0.0735483
112,0.0736446
113,0.0737314
114,0.0738113
115,0.0738937
116,0.0739829
117,0.0740785
118,0.0741739
119,0.0742692
120,0.0743596
121,0.0744425
122,0.0745279
123,0.0746119
124,0.0746945
125,0.0747824
126,0.0748702
127,0.0749531
128,0.0750373
129,0.0751327
130,0.0752247
131,0.0753065
132,0.0753817
133,0.0754613
134,0.0755437
135,0.0756269
136,0.0756998
137,0.0757904
138,0.0758845
139,0.0759619
140,0.0760493
141,0.0761346
142,0.0762098
143,0.0762815
144,0.0763565
145,0.0764258
146,0.0764942
147,0.0765725
148,0.076645
149,0.076707
150,0.076777
151,0.0768496
152,0.0769167
153,0.0769722
154,0.077028
155,0.0770972
156,0.0771788
157,0.0772538
158,0.0773167
159,0.0773862
160,0.0774657
161,0.077543
162,0.077615
163,0.0776844
164,0.0777538
165,0.0778256
166,0.077906
167,0.0779915
168,0.0780661
169,0.0781248
170,0.0781757
171,0.0782317
172,0.0782913
173,0.0783572
174,0.0784273
175,0.0784931
176,0.078558
177,0.0786303
178,0.0787052
179,0.0787696
180,0.0788219
181,0.0788707
182,0.0789281
183,0.0789851
184,0.0790404
185,0.0791001
186,0.0791555
187,0.0792084
188,0.0792662
189,0.0793283
190,0.0793904
191,0.0794585
192,0.0795367
193,0.0796182
194,0.0796741
195,0.079701
196,0.0797313
197,0.0797763
198,0.0798233
199,0.0798561
