2,0.883236
3,0.675415
4,0.501252
5,0.359233
6,0.246642
7,0.163884
8,0.10571
9,0.0657747
10,0.0398496
11,0.0241159
12,0.0152626
13,0.0105451
14,0.00798819
15,0.00688939
16,0.00598269
17,0.00561632
18,0.00501361
19,0.0047799
20,0.00430123
21,0.00416749
22,0.0038081
23,0.00376125
24,0.00347946
25,0.00349019
26,0.0032727
27,0.00327176
28,0.00308024
29,0.00303592
30,0.00282259
31,0.00272538
32,0.0024498
33,0.00214718
34,0.00171687
35,0.00157494
36,0.00167649
37,0.00189147
38,0.0020181
39,0.00201511
40,0.00200701
41,0.00190713
42,0.00182022
43,0.00160463
44,0.00119602
45,0.0010469
46,0.00133975
47,0.00156575
48,0.00162404
49,0.00159176
50,0.00147524
51,0.0013524
52,0.00122456
53,0.00109209
54,0.000983202
55,0.000919873
56,0.00090999
57,0.000906083
58,0.000888943
59,0.000877609
60,0.000874328
61,0.000868137
62,0.000866211
63,0.000866232
64,0.000872343
65,0.000846898
66,0.000872431
67,0.000863136
68,0.000983883
69,0.000745855
70,0.00101874
71,0.00101995
72,0.00102737
73,0.00100241
74,0.000923467
75,0.000861083
76,0.000838262
77,0.000833991
78,0.00083506
79,0.000836881
80,0.000833451
81,0.000833364
82,0.000831606
83,0.000834399
84,0.000829629
85,0.000840619
86,0.00085239
87,0.000855416
88,0.000830388
89,0.00082101
90,0.00081746
91,0.000821586
92,0.000812271
93,0.000806576
94,0.000807478
95,0.000824283
96,0.000837265
97,0.000849867
98,0.000859293
99,0.000877331
100,0.000905055
101,0.000907391
102,0.000500906
103,0.000923898
104,0.000897781
105,0.000806208
106,0.00033047
107,0.000864541
108,0.000856179
109,0.000858705
110,0.000858008
111,0.000860063
112,0.000857075
113,0.000853662
114,0.000868497
115,0.000899232
116,0.000903174
117,0.000874865
118,0.000845798
119,0.000821115
120,0.000810927
121,0.000817374
122,0.00081847
123,0.000826514
124,0.000841623
125,0.000827805
126,0.000811922
127,0.000819413
128,0.000819407
129,0.000777692
130,0.00076677
131,0.000768718
132,0.000775801
133,0.00077892
134,0.000777057
135,0.000771881
136,0.000784223
137,0.000765671
138,0.000196285
139,0.000766102
140,0.000821874
141,0.000863908
142,0.000853082
143,0.000824818
144,0.000816106
145,0.000789587
146,0.00076815
147,0.000776104
148,0.000175887
149,0.000736788
150,0.000748869
151,0.000748032
152,0.000755641
153,0.000810751
154,0.00091088
155,0.000923782
156,0.000850274
157,0.000821064
158,0.00086542
159,0.000866324
160,0.00080603
161,0.000771203
162,0.000760056
163,0.000756803
164,0.000749392
165,0.000743119
166,0.000744863
167,0.000809521
168,0.000857434
169,0.000812089
170,0.000161769
171,0.000702786
172,0.000735733
173,0.000735886
174,0.000735322
175,0.000736401
176,0.00073675
177,0.000753966
178,0.00033399
179,0.000775972
180,0.000761806
181,0.000730988
182,0.0007301
183,0.000732133
184,0.000743522
185,0.000747519
186,0.000765986
187,0.000802328
188,0.000817947
189,0.000806168
190,0.000792411
191,0.000754594
192,0.000724853
193,0.000785795
194,0.000770021
195,0.000734242
196,0.000866253
197,0.000965688
198,0.00105803
199,0.00130199
