2,0.00484128
3,0.0141417
4,0.022274
5,0.0292831
6,0.0353966
7,0.0402181
8,0.043854
9,0.0466836
10,0.0489599
11,0.0508004
12,0.05222
13,0.0533207
14,0.0541813
15,0.0548862
16,0.0555022
17,0.0560587
18,0.0565686
19,0.057038
20,0.0574736
21,0.0578832
22,0.0582723
23,0.0586454
24,0.059003
25,0.0593463
26,0.0596794
27,0.0600024
28,0.0603147
29,0.0606184
30,0.0609167
31,0.0612136
32,0.0615035
33,0.0617831
34,0.0620503
35,0.0623018
36,0.0625449
37,0.0627873
38,0.0630275
39,0.0632623
40,0.0634932
41,0.0637223
42,0.0639502
43,0.0641724
44,0.0643833
45,0.064584
46,0.0647814
47,0.0649796
48,0.0651768
49,0.0653725
50,0.0655687
51,0.0657626
52,0.0659536
53,0.0661457
54,0.0663358
55,0.0665205
56,0.0666998
57,0.0668713
58,0.0670362
59,0.0671954
60,0.0673512
61,0.0675077
62,0.0676636
63,0.0678155
64,0.0679692
65,0.0681302
66,0.0682929
67,0.0684522
68,0.0686065
69,0.0687524
70,0.0688938
71,0.0690333
72,0.0691712
73,0.0693059
74,0.0694306
75,0.0695494
76,0.0696703
77,0.0697943
78,0.0699171
79,0.0700409
80,0.0701694
81,0.0703011
82,0.0704299
83,0.0705533
84,0.0706776
85,0.0708031
86,0.0709243
87,0.0710426
88,0.0711587
89,0.0712711
90,0.071384
91,0.0714972
92,0.071608
93,0.0717137
94,0.0718144
95,0.0719158
96,0.0720193
97,0.0721235
98,0.0722275
99,0.072328
100,0.072433
101,0.0725278
102,0.0726175
103,0.0727211
104,0.0728439
105,0.0729454
106,0.0730292
107,0.0731404
108,0.0732552
109,0.073359
110,0.0734531
111,0.0735481
112,0.0736449
113,0.0737316
114,0.0738113
115,0.0738937
116,0.0739831
117,0.0740783
118,0.0741736
119,0.0742694
120,0.0743595
121,0.0744426
122,0.074528
123,0.0746118
124,0.0746946
125,0.0747826
126,0.0748724
127,0.0749531
128,0.075037
129,0.075131
130,0.0752249
131,0.0753064
132,0.0753821
133,0.0754611
134,0.0755441
135,0.0756252
136,0.075706
137,0.0757897
138,0.0758754
139,0.0759622
140,0.0760492
141,0.0761358
142,0.0762104
143,0.0762827
144,0.0763567
145,0.0764251
146,0.0764984
147,0.0765714
148,0.0766334
149,0.076702
150,0.076777
151,0.0768497
152,0.0769163
153,0.0769731
154,0.077028
155,0.0770972
156,0.0771787
157,0.0772538
158,0.0773168
159,0.0773861
160,0.0774657
161,0.077543
162,0.0776151
163,0.0776844
164,0.0777539
165,0.0778256
166,0.0779062
167,0.0779911
168,0.0780663
169,0.0781241
170,0.0781751
171,0.078232
172,0.0782919
173,0.0783573
174,0.0784273
175,0.078493
176,0.0785582
177,0.0786302
178,0.0787018
179,0.0787698
180,0.0788218
181,0.0788708
182,0.078928
183,0.0789852
184,0.0790404
185,0.0791002
186,0.0791564
187,0.0792085
188,0.0792662
189,0.0793283
190,0.0793904
191,0.0794586
192,0.0795366
193,0.0796182
194,0.0796741
195,0.0797011
196,0.0797313
197,0.0797762
198,0.0798233
199,0.079856
