2,0.88317
3,0.677928
4,0.513153
5,0.380053
6,0.269929
7,0.188597
8,0.132028
9,0.0915099
10,0.0615722
11,0.0396323
12,0.0252802
13,0.0164446
14,0.0115375
15,0.0092114
16,0.00751878
17,0.00718483
18,0.00612493
19,0.0061229
20,0.00532814
21,0.00540344
22,0.00476027
23,0.00483832
24,0.00428739
25,0.00435377
26,0.00386949
27,0.0038816
28,0.00346692
29,0.00344094
30,0.00305233
31,0.00295317
32,0.00255272
33,0.00240272
34,0.00216151
35,0.00204888
36,0.00213058
37,0.00223256
38,0.00255101
39,0.00258643
40,0.00260445
41,0.00244946
42,0.00224848
43,0.00174795
44,0.00133354
45,0.0012911
46,0.00167606
47,0.00191533
48,0.00195796
49,0.00193032
50,0.00178814
51,0.00167725
52,0.00159396
53,0.00153602
54,0.00143218
55,0.00129274
56,0.0012184
57,0.00120628
58,0.00119674
59,0.00119403
60,0.00119722
61,0.00119269
62,0.0012022
63,0.00109582
64,0.000941301
65,0.000876913
66,0.000890378
67,0.000805854
68,0.000504498
69,0.000869281
70,0.000967052
71,0.000984695
72,0.000980492
73,0.000969666
74,0.000904028
75,0.000847983
76,0.000834901
77,0.000842476
78,0.000855455
79,0.000869196
80,0.00085766
81,0.000838885
82,0.000828523
83,0.000828107
84,0.000826327
85,0.000831048
86,0.00083459
87,0.000834819
88,0.000832511
89,0.000820552
90,0.000818829
91,0.00081681
92,0.000813744
93,0.00080692
94,0.00080861
95,0.000827559
96,0.00084284
97,0.000852682
98,0.000862282
99,0.000884962
100,0.000874841
101,0.000459538
102,0.000999118
103,0.0010067
104,0.000838833
105,0.000310055
106,0.000931813
107,0.000888569
108,0.000851154
109,0.000856732
110,0.000857881
111,0.000857729
112,0.000857793
113,0.000851801
114,0.000867634
115,0.000900464
116,0.00090231
117,0.000876376
118,0.000847486
119,0.000822217
120,0.000810675
121,0.000818014
122,0.000820113
123,0.000826622
124,0.000840442
125,0.000827746
126,0.00080424
127,0.000820601
128,0.000819869
129,0.000781441
130,0.000768052
131,0.000770234
132,0.000773826
133,0.000779688
134,0.000777532
135,0.000773034
136,0.000771386
137,0.000105492
138,0.000751909
139,0.000785564
140,0.000821372
141,0.000870462
142,0.000857928
143,0.000830622
144,0.000820185
145,0.000788268
146,0.000780419
147,0.000191668
148,0.00073728
149,0.000752266
150,0.000750892
151,0.000748932
152,0.000756447
153,0.000805878
154,0.000910835
155,0.000924545
156,0.0008506
157,0.000820794
158,0.000865882
159,0.000865574
160,0.000807761
161,0.000769434
162,0.000760337
163,0.00075435
164,0.000750896
165,0.000742035
166,0.000746
167,0.000807365
168,0.00086062
169,0.000441002
170,0.000573992
171,0.000722807
172,0.000736186
173,0.000734568
174,0.000735858
175,0.000736122
176,0.000737776
177,0.000209443
178,0.000720541
179,0.000811522
180,0.000760893
181,0.000733331
182,0.00072867
183,0.000732168
184,0.000745574
185,0.000749159
186,0.000762471
187,0.000802718
188,0.000817658
189,0.000806089
190,0.000792908
191,0.000754801
192,0.00072239
193,0.000784867
194,0.000770916
195,0.000734927
196,0.000865955
197,0.000964958
198,0.0010574
199,0.00130132
