2,0.00209063
3,0.00627535
4,0.0101396
5,0.0133989
6,0.0161334
7,0.0184684
8,0.0204731
9,0.0221794
10,0.0236851
11,0.0251118
12,0.0265077
13,0.0278911
14,0.0292913
15,0.0307584
16,0.0322716
17,0.0338363
18,0.0354532
19,0.0370957
20,0.0387602
21,0.0403834
22,0.0419446
23,0.0433992
24,0.0447517
25,0.0459834
26,0.0471018
27,0.0481081
28,0.0490168
29,0.0498127
30,0.0505021
31,0.0510716
32,0.0515451
33,0.0519651
34,0.0523375
35,0.0526841
36,0.052998
37,0.0532963
38,0.0535652
39,0.0538261
40,0.0540604
41,0.0542878
42,0.054497
43,0.0547037
44,0.0548972
45,0.055086
46,0.0552721
47,0.0554484
48,0.0556256
49,0.0557904
50,0.0559595
51,0.0561181
52,0.0562796
53,0.0564338
54,0.0565915
55,0.056743
56,0.0568986
57,0.0570485
58,0.0572014
59,0.0573493
60,0.0574975
61,0.0576424
62,0.0577845
63,0.0579226
64,0.0580585
65,0.0581909
66,0.0583212
67,0.0584492
68,0.0585759
69,0.0587002
70,0.058822
71,0.0589434
72,0.0590609
73,0.0591795
74,0.0592929
75,0.0594092
76,0.0595221
77,0.0596332
78,0.0597448
79,0.0598542
80,0.0599632
81,0.0600699
82,0.0601762
83,0.0602815
84,0.0603834
85,0.060485
86,0.0605852
87,0.060685
88,0.0607845
89,0.0608855
90,0.0609865
91,0.0610853
92,0.0611844
93,0.0612815
94,0.0613762
95,0.0614703
96,0.0615616
97,0.0616531
98,0.0617423
99,0.0618315
100,0.0619172
101,0.0620033
102,0.0620869
103,0.0621702
104,0.0622547
105,0.0623352
106,0.0624211
107,0.062506
108,0.0625962
109,0.0626815
110,0.0627712
111,0.0628543
112,0.0629393
113,0.0630216
114,0.0631055
115,0.0631872
116,0.063269
117,0.0633478
118,0.0634247
119,0.0635045
120,0.0635822
121,0.0636585
122,0.0637352
123,0.0638098
124,0.0638854
125,0.0639631
126,0.0640388
127,0.0641155
128,0.0641851
129,0.0642563
130,0.0643244
131,0.064393
132,0.064463
133,0.0645328
134,0.0646022
135,0.0646718
136,0.0647409
137,0.0648095
138,0.0648778
139,0.0649467
140,0.0650129
141,0.0650794
142,0.0651451
143,0.0652113
144,0.0652712
145,0.0653362
146,0.0653999
147,0.0654639
148,0.0655282
149,0.0655912
150,0.0656548
151,0.0657156
152,0.0657776
153,0.0658365
154,0.0658971
155,0.0659581
156,0.0660181
157,0.0660809
158,0.0661439
159,0.0662056
160,0.0662691
161,0.0663295
162,0.0663909
163,0.0664519
164,0.0665116
165,0.0665728
166,0.0666318
167,0.0666943
168,0.066751
169,0.0668107
170,0.0668674
171,0.0669258
172,0.066982
173,0.06704
174,0.0670979
175,0.0671559
176,0.067213
177,0.067273
178,0.0673326
179,0.0673936
180,0.067455
181,0.0675187
182,0.0675795
183,0.0676283
184,0.0676759
185,0.0677188
186,0.0677622
187,0.0678047
188,0.0678476
189,0.0678924
190,0.0679367
191,0.0679837
192,0.0680287
193,0.068077
194,0.0681253
195,0.068172
196,0.0682225
197,0.0682729
198,0.0683218
199,0.068369
200,0.0684175
201,0.068466
202,0.0685151
203,0.0685627
204,0.0686139
205,0.0686583
206,0.0687036
207,0.0687469
208,0.0687926
209,0.0688357
210,0.0688793
211,0.0689235
212,0.068968
213,0.0690111
214,0.069056
215,0.0690968
216,0.0691387
217,0.0691807
218,0.0692327
219,0.0692865
220,0.0693403
221,0.0693939
222,0.0694478
223,0.0695006
224,0.0695538
225,0.0696028
226,0.0696532
227,0.0696989
228,0.0697477
229,0.0697909
230,0.0698342
231,0.0698767
232,0.0699183
233,0.0699588
234,0.0699978
235,0.0700386
236,0.0700784
237,0.0701207
238,0.0701602
239,0.0702033
240,0.0702441
241,0.0702913
242,0.0703342
243,0.0703781
244,0.0704209
245,0.0704631
246,0.0705024
247,0.0705413
248,0.0705803
249,0.0706185
250,0.0706548
251,0.0706937
252,0.070734
253,0.0707736
254,0.0708123
255,0.07085
256,0.0708855
257,0.0709221
258,0.0709593
259,0.0709975
260,0.0710381
261,0.0710792
262,0.0711197
263,0.0711605
264,0.0711982
265,0.0712373
266,0.0712792
267,0.0713198
268,0.0713618
269,0.0714027
270,0.0714438
271,0.0714869
272,0.0715271
273,0.0715695
274,0.071613
275,0.0716566
276,0.0716978
277,0.0717386
278,0.0717738
279,0.0718041
280,0.071834
281,0.0718634
282,0.0718925
283,0.0719227
284,0.0719546
285,0.0719865
286,0.0720179
287,0.0720494
288,0.0720834
289,0.0721139
290,0.0721495
291,0.0721831
292,0.0722187
293,0.072253
294,0.072289
295,0.0723241
296,0.0723595
297,0.0723918
298,0.0724247
299,0.0724547
300,0.0724845
301,0.0725114
302,0.0725402
303,0.0725727
304,0.0726079
305,0.0726452
306,0.0726786
307,0.0727171
308,0.0727496
309,0.0727869
310,0.0728198
311,0.0728567
312,0.0728916
313,0.0729304
314,0.0729682
315,0.0730054
316,0.0730425
317,0.0730775
318,0.0731137
319,0.0731469
320,0.0731812
321,0.0732137
322,0.0732456
323,0.0732742
324,0.073302
325,0.0733296
326,0.0733559
327,0.0733819
328,0.0734091
329,0.0734351
330,0.073459
331,0.0734848
332,0.0735083
333,0.0735353
334,0.0735551
335,0.073578
336,0.073595
337,0.0736195
338,0.0736496
339,0.0736955
340,0.0737425
341,0.0737872
342,0.073828
343,0.0738673
344,0.0739041
345,0.0739425
346,0.0739783
347,0.0740144
348,0.0740485
349,0.0740816
350,0.0741124
351,0.0741411
352,0.0741716
353,0.0742013
354,0.0742345
355,0.0742649
356,0.0742955
357,0.0743232
358,0.0743528
359,0.074379
360,0.0744103
361,0.074437
362,0.0744669
363,0.0744957
364,0.0745255
365,0.0745529
366,0.0745813
367,0.0746076
368,0.0746353
369,0.0746608
370,0.0746905
371,0.0747199
372,0.0747501
373,0.074779
374,0.0748091
375,0.0748364
376,0.0748673
377,0.0748949
378,0.0749252
379,0.0749543
380,0.0749835
381,0.0750109
382,0.0750406
383,0.0750687
384,0.0750962
385,0.0751243
386,0.0751527
387,0.0751805
388,0.075206
389,0.075234
390,0.0752581
391,0.0752853
392,0.0753091
393,0.0753344
394,0.0753589
395,0.0753841
396,0.0754087
397,0.075433
398,0.0754556
399,0.0754791
400,0.0755037
401,0.0755279
402,0.0755516
403,0.0755748
404,0.0755963
405,0.0756179
406,0.0756402
407,0.0756676
408,0.0757025
409,0.0757378
410,0.0757701
411,0.0758039
412,0.075838
413,0.07587
414,0.0758995
415,0.0759296
416,0.0759557
417,0.0759848
418,0.0760102
419,0.0760385
420,0.0760627
421,0.0760922
422,0.0761188
423,0.0761465
424,0.0761702
425,0.0761954
426,0.0762196
427,0.0762438
428,0.0762685
429,0.0762909
430,0.0763156
431,0.0763391
432,0.0763651
433,0.0763901
434,0.0764155
435,0.0764389
436,0.0764648
437,0.0764883
438,0.0765185
439,0.0765444
440,0.0765727
441,0.0766001
442,0.0766237
443,0.0766492
444,0.0766753
445,0.076704
446,0.0767306
447,0.0767547
448,0.0767796
449,0.0768025
450,0.0768246
451,0.0768403
452,0.0768563
453,0.076871
454,0.0768909
455,0.0769137
456,0.0769379
457,0.0769615
458,0.0769847
459,0.0770073
460,0.0770309
461,0.077054
462,0.0770786
463,0.0771061
464,0.0771317
465,0.0771596
466,0.0771828
467,0.077206
468,0.0772275
469,0.0772496
470,0.0772702
471,0.0772909
472,0.0773112
473,0.0773338
474,0.0773567
475,0.0773809
476,0.0774069
477,0.0774301
478,0.0774569
479,0.0774783
480,0.0775004
481,0.0775197
482,0.0775393
483,0.07756
484,0.0775824
485,0.0776056
486,0.0776292
487,0.0776506
488,0.0776753
489,0.0776965
490,0.0777187
491,0.0777393
492,0.0777567
493,0.077777
494,0.0777948
495,0.0778162
496,0.0778377
497,0.077862
498,0.0778889
499,0.0779168
500,0.0779427
501,0.0779706
502,0.0779975
503,0.078023
504,0.0780515
505,0.0780804
506,0.0781097
507,0.0781403
508,0.0781737
509,0.07821
510,0.0782507
511,0.0782974
512,0.0783381
513,0.0783641
514,0.078374
515,0.0783835
516,0.0783884
517,0.0783956
518,0.0784035
519,0.0784136
520,0.0784228
521,0.0784345
522,0.0784498
523,0.0784623
524,0.078479
525,0.078498
526,0.0785155
527,0.0785352
528,0.0785567
529,0.0785786
530,0.0786006
531,0.0786219
532,0.0786461
533,0.0786691
534,0.0786955
535,0.078721
536,0.0787472
537,0.0787709
538,0.0787946
539,0.0788163
540,0.0788377
541,0.0788597
542,0.0788795
543,0.0789
544,0.0789208
545,0.0789427
546,0.0789611
547,0.0789821
548,0.0790025
549,0.0790235
550,0.0790424
551,0.0790628
552,0.0790817
553,0.0791009
554,0.0791213
555,0.0791409
556,0.0791603
557,0.0791789
558,0.0791996
559,0.0792161
560,0.0792381
561,0.0792577
562,0.0792786
563,0.0793024
564,0.0793252
565,0.0793527
566,0.0793781
567,0.0794074
568,0.079437
569,0.0794696
570,0.0795055
571,0.0795421
572,0.0795814
573,0.0796106
574,0.0796353
575,0.0796498
576,0.0796633
577,0.0796723
578,0.0796823
579,0.0796918
580,0.0797015
581,0.0797125
582,0.079723
583,0.0797352
584,0.0797476
585,0.0797608
586,0.0797741
587,0.0797886
588,0.079802
589,0.0798185
590,0.0798301
591,0.0798455
592,0.079857
593,0.0798686
594,0.0798801
595,0.0798912
596,0.0799006
597,0.079907
598,0.079912
599,0.079913
