2,0.890364
3,0.705239
4,0.550426
5,0.406083
6,0.270088
7,0.144229
8,0.0568437
9,0.0202535
10,0.00796935
11,0.00435002
12,0.003475
13,0.00282101
14,0.00258546
15,0.00212893
16,0.00186198
17,0.00165797
18,0.00141017
19,0.00140466
20,0.00137833
21,0.00139218
22,0.00133629
23,0.0016932
24,0.00140072
25,0.00169632
26,0.00147261
27,0.0015346
28,0.00141002
29,0.00143301
30,0.00134104
31,0.00135
32,0.0012458
33,0.00105492
34,0.00130933
35,0.000868283
36,0.00127233
37,0.000869275
38,0.0011387
39,0.00085106
40,0.00125276
41,0.000869801
42,0.00116736
43,0.000863431
44,0.000898643
45,0.000822002
46,0.000693195
47,0.000862259
48,0.000771236
49,0.00105822
50,0.00103382
51,0.00129022
52,0.00124838
53,0.00147467
54,0.00136315
55,0.00164274
56,0.00142033
57,0.00170512
58,0.00136834
59,0.00160777
60,0.00121295
61,0.00148594
62,0.00125524
63,0.00153771
64,0.00119513
65,0.00143556
66,0.00115473
67,0.00129245
68,0.00111782
69,0.00128467
70,0.000992478
71,0.00127731
72,0.00102746
73,0.00136743
74,0.00113369
75,0.00137962
76,0.0012263
77,0.00128848
78,0.00132096
79,0.00107521
80,0.00145198
81,0.000946077
82,0.0013855
83,0.00109466
84,0.00134806
85,0.00116578
86,0.00126409
87,0.00114522
88,0.00115588
89,0.0010336
90,0.000999397
91,0.000840468
92,0.00105822
93,0.000909861
94,0.00122656
95,0.000985577
96,0.00124758
97,0.00107884
98,0.00124649
99,0.00115394
100,0.00113807
101,0.00116283
102,0.00109028
103,0.0012665
104,0.00115717
105,0.00132124
106,0.0010599
107,0.0011723
108,0.00094769
109,0.00099252
110,0.000949731
111,0.00109851
112,0.0011395
113,0.00131646
114,0.0012936
115,0.00142127
116,0.00135301
117,0.00141048
118,0.00132883
119,0.00140317
120,0.00137212
121,0.00150444
122,0.00142518
123,0.00145418
124,0.00129822
125,0.00118936
126,0.00110209
127,0.000904757
128,0.00102552
129,0.000759503
130,0.000956323
131,0.0007565
132,0.000999461
133,0.000891394
134,0.00114286
135,0.00102276
136,0.00117094
137,0.00116199
138,0.00116734
139,0.00114118
140,0.0012088
141,0.00107317
142,0.00125953
143,0.00110036
144,0.00113106
145,0.00115339
146,0.000909351
147,0.00126233
148,0.00104115
149,0.00128207
150,0.00114953
151,0.00131122
152,0.00126198
153,0.00130017
154,0.00136889
155,0.00126724
156,0.0014126
157,0.00118948
158,0.00128115
159,0.00117743
160,0.00125961
161,0.00138038
162,0.00128073
163,0.00150218
164,0.0013949
165,0.00138027
166,0.00127483
167,0.0010399
168,0.00116572
169,0.000962802
170,0.0010396
171,0.000961194
172,0.000999454
173,0.000984901
174,0.00107158
175,0.0009938
176,0.00122003
177,0.000975975
178,0.00124446
179,0.000976532
180,0.00134773
181,0.00110577
182,0.0014196
183,0.0012256
184,0.00141167
185,0.00116943
186,0.00125744
187,0.00116367
188,0.00123596
189,0.00117643
190,0.00127688
191,0.00123888
192,0.00140344
193,0.00134735
194,0.00148542
195,0.00147483
196,0.00153349
197,0.00151037
198,0.00143774
199,0.00148069
200,0.00135287
201,0.00131762
202,0.00130733
203,0.00122568
204,0.00129513
205,0.00116435
206,0.0013319
207,0.00112839
208,0.00132324
209,0.00115753
210,0.00127721
211,0.00117425
212,0.00113966
213,0.00114511
214,0.0011431
215,0.00124072
216,0.00123872
217,0.00135087
218,0.00135659
219,0.00134323
220,0.00139126
221,0.00116231
222,0.00128458
223,0.00108177
224,0.00135283
225,0.00109989
226,0.00133914
227,0.00109729
228,0.00124092
229,0.00106738
230,0.00134752
231,0.00124654
232,0.00153718
233,0.00143668
234,0.00160372
235,0.00148336
236,0.00160475
237,0.00150868
238,0.00162086
239,0.00163642
240,0.00151471
241,0.00168871
242,0.0013646
243,0.00160572
244,0.00125169
245,0.00150633
246,0.00129773
247,0.00143655
248,0.00137619
249,0.00134529
250,0.0013526
251,0.00127101
252,0.00127574
253,0.00123211
254,0.00133193
255,0.00132896
256,0.00136339
257,0.00137927
258,0.00130823
259,0.00134945
260,0.00109537
261,0.00124671
262,0.000953401
263,0.00128257
264,0.000946921
265,0.00135722
266,0.000978412
267,0.00137531
268,0.0010658
269,0.00143366
270,0.00110677
271,0.00133424
272,0.00101867
273,0.00124055
274,0.000971316
275,0.0011066
276,0.000946279
277,0.00101433
278,0.000972991
279,0.00100436
280,0.000952815
281,0.00102224
282,0.000916928
283,0.00101113
284,0.00101088
285,0.00107703
286,0.00114739
287,0.00110832
288,0.00120248
289,0.00114661
290,0.00112892
291,0.00122516
292,0.00111359
293,0.00136743
294,0.0011228
295,0.00143476
296,0.00124736
297,0.00149661
298,0.00129836
299,0.00147091
300,0.0012973
301,0.00140284
302,0.00127491
303,0.00136596
304,0.00130122
305,0.00134658
306,0.00130527
307,0.0012883
308,0.00137253
309,0.00111835
310,0.00130332
311,0.00110912
312,0.00122047
313,0.00112135
314,0.0011751
315,0.00112944
316,0.00114429
317,0.00109689
318,0.00126456
319,0.00116217
320,0.00133609
321,0.00127879
322,0.0013222
323,0.00116384
324,0.00125062
325,0.00103196
326,0.00111571
327,0.000997619
328,0.000972714
329,0.00102012
330,0.00103898
331,0.00105962
332,0.00112593
333,0.00100898
334,0.0011356
335,0.0010913
336,0.00123899
337,0.00130745
338,0.00137776
339,0.00142877
340,0.00144622
341,0.00137297
342,0.00141811
343,0.00130154
344,0.00129949
345,0.00120064
346,0.00129
347,0.00119586
348,0.00129205
349,0.00123972
350,0.00125777
351,0.00130752
352,0.00126406
353,0.00136438
354,0.00130031
355,0.00138522
356,0.00122352
357,0.00129253
358,0.0012184
359,0.00118758
360,0.00119454
361,0.00120448
362,0.00119416
363,0.00120815
364,0.0012795
365,0.00125455
366,0.00124596
367,0.00110643
368,0.00104025
369,0.000921857
370,0.00100249
371,0.000947108
372,0.00113952
373,0.00101889
374,0.00114402
375,0.00104551
376,0.00117473
377,0.000927258
378,0.00115452
379,0.000808381
380,0.00113121
381,0.000939728
382,0.00118488
383,0.000982259
384,0.00111743
385,0.00106027
386,0.00103097
387,0.00111686
388,0.00108232
389,0.00118852
390,0.00118295
391,0.00122486
392,0.00117758
393,0.00127025
394,0.00110211
395,0.00140895
396,0.00113669
397,0.00140262
398,0.00115191
399,0.00139774
400,0.00119763
401,0.00139455
402,0.00124933
403,0.00125099
404,0.001219
405,0.00113857
406,0.00128269
407,0.00109039
408,0.00133549
409,0.00101635
410,0.00120335
411,0.0010691
412,0.00111431
413,0.00130447
414,0.00118572
415,0.00134023
416,0.00108808
417,0.00135151
418,0.00110001
419,0.00145041
420,0.0011613
421,0.00146806
422,0.0012315
423,0.00148994
424,0.00134841
425,0.0016001
426,0.00121673
427,0.00154716
428,0.000991494
429,0.00136084
430,0.000983962
431,0.00124232
432,0.00100599
433,0.0012772
434,0.00103151
435,0.00126744
436,0.00117046
437,0.00118242
438,0.00122408
439,0.0012454
440,0.00114181
441,0.00136429
442,0.00108097
443,0.0015179
444,0.0011427
445,0.00164819
446,0.00134731
447,0.00177547
448,0.00162199
449,0.00177662
450,0.00163981
451,0.00161269
452,0.00151716
453,0.00147115
454,0.0014254
455,0.00132101
456,0.00132194
457,0.0013589
458,0.00121675
459,0.00158764
460,0.00127423
461,0.0016671
462,0.00132513
463,0.00149151
464,0.00128544
465,0.0013712
466,0.0013974
467,0.00138061
468,0.00150271
469,0.00124452
470,0.00158614
471,0.00116681
472,0.00148455
473,0.00108422
474,0.00124264
475,0.00110724
476,0.00110214
477,0.00110692
478,0.00100602
479,0.00115369
480,0.00111995
481,0.00120742
482,0.00130935
483,0.00121131
484,0.00140025
485,0.00128281
486,0.00128847
487,0.00126391
488,0.00121724
489,0.00125261
490,0.00133054
491,0.00118656
492,0.00144363
493,0.00108413
494,0.00144888
495,0.00103524
496,0.00142693
497,0.00111246
498,0.00135495
499,0.00112866
500,0.00126164
501,0.0010668
502,0.00116819
503,0.00111425
504,0.00120667
505,0.0010977
506,0.00120959
507,0.00110127
508,0.00117698
509,0.00110245
510,0.00117642
511,0.00110599
512,0.00110548
513,0.00111624
514,0.0010861
515,0.00136115
516,0.00122994
517,0.00145861
518,0.00127753
519,0.00130649
520,0.00121796
521,0.00109618
522,0.00123531
523,0.00107809
524,0.00125981
525,0.00125218
526,0.00140125
527,0.00133503
528,0.00147881
529,0.00127901
530,0.00139335
531,0.00123032
532,0.00127327
533,0.00139255
534,0.00115162
535,0.00143841
536,0.00108977
537,0.00143911
538,0.00115877
539,0.00152815
540,0.00113692
541,0.00156869
542,0.00108884
543,0.00161256
544,0.00108562
545,0.00166365
546,0.0011065
547,0.00154322
548,0.00109455
549,0.00138323
550,0.00111505
551,0.00121912
552,0.00119163
553,0.00118337
554,0.00122917
555,0.00128743
556,0.00116438
557,0.00134602
558,0.00113511
559,0.00130181
560,0.0011614
561,0.00130624
562,0.00133375
563,0.00136358
564,0.00142813
565,0.0013054
566,0.00138436
567,0.00121596
568,0.00122735
569,0.00114942
570,0.00125668
571,0.00106992
572,0.00128877
573,0.000987927
574,0.00124394
575,0.00107319
576,0.0012864
577,0.0011187
578,0.0013504
579,0.0011404
580,0.00134844
581,0.00120403
582,0.00135158
583,0.00123506
584,0.00132472
585,0.00120531
586,0.00135392
587,0.00127866
588,0.00132007
589,0.00124738
590,0.00115309
591,0.00123558
592,0.00115918
593,0.00133037
594,0.00120184
595,0.00121237
596,0.0011222
597,0.00113202
598,0.000945185
599,0.000917177
