2,0.00388318
3,0.0110624
4,0.0175804
5,0.0239771
6,0.0302451
7,0.0362502
8,0.0407228
9,0.0430241
10,0.0442343
11,0.0450106
12,0.0456227
13,0.0461697
14,0.0466788
15,0.047152
16,0.0476001
17,0.0480219
18,0.0484202
19,0.0488049
20,0.0491673
21,0.0495178
22,0.049848
23,0.0501659
24,0.0504741
25,0.0507715
26,0.0510538
27,0.0513294
28,0.051597
29,0.0518541
30,0.0521061
31,0.0523536
32,0.0525972
33,0.0528326
34,0.0530627
35,0.0532816
36,0.0534949
37,0.0537039
38,0.0539071
39,0.054106
40,0.0543008
41,0.0544947
42,0.0546841
43,0.0548713
44,0.0550559
45,0.0552386
46,0.0554175
47,0.0555919
48,0.0557662
49,0.0559366
50,0.0560971
51,0.0562557
52,0.0564113
53,0.0565632
54,0.0567148
55,0.0568656
56,0.0570178
57,0.05717
58,0.0573162
59,0.0574561
60,0.0575859
61,0.0577175
62,0.0578494
63,0.0579779
64,0.0581095
65,0.0582408
66,0.0583708
67,0.0584967
68,0.0586232
69,0.0587459
70,0.0588695
71,0.0589935
72,0.059113
73,0.0592302
74,0.0593432
75,0.0594507
76,0.0595586
77,0.0596671
78,0.0597744
79,0.0598813
80,0.0599845
81,0.0600898
82,0.0601929
83,0.0602987
84,0.0604061
85,0.0605101
86,0.0606123
87,0.0607155
88,0.0608118
89,0.0609102
90,0.0610097
91,0.0611059
92,0.0612
93,0.0612913
94,0.0613787
95,0.0614677
96,0.0615536
97,0.06164
98,0.0617277
99,0.0618186
100,0.0619088
101,0.0619987
102,0.0620926
103,0.0621863
104,0.0622747
105,0.0623675
106,0.0624535
107,0.0625377
108,0.062623
109,0.0626994
110,0.0627766
111,0.0628525
112,0.0629306
113,0.063009
114,0.0630843
115,0.0631666
116,0.0632407
117,0.0633148
118,0.0633905
119,0.0634675
120,0.0635467
121,0.0636228
122,0.0637024
123,0.0637764
124,0.0638552
125,0.0639324
126,0.06401
127,0.0640848
128,0.0641579
129,0.0642276
130,0.0642924
131,0.064357
132,0.0644223
133,0.0644882
134,0.0645595
135,0.0646358
136,0.0647047
137,0.0647775
138,0.06485
139,0.0649235
140,0.0649948
141,0.0650622
142,0.0651311
143,0.0651985
144,0.0652599
145,0.0653213
146,0.0653807
147,0.06544
148,0.0654995
149,0.065557
150,0.0656139
151,0.0656727
152,0.0657333
153,0.065791
154,0.0658533
155,0.0659162
156,0.0659768
157,0.0660424
158,0.0661057
159,0.0661651
160,0.066224
161,0.0662797
162,0.0663373
163,0.0663959
164,0.066452
165,0.0665117
166,0.0665743
167,0.0666341
168,0.0666964
169,0.0667562
170,0.0668136
171,0.0668715
172,0.0669291
173,0.0669922
174,0.0670501
175,0.0671094
176,0.0671638
177,0.0672119
178,0.067261
179,0.0673052
180,0.0673535
181,0.0674018
182,0.0674589
183,0.0675141
184,0.0675718
185,0.0676218
186,0.0676722
187,0.0677227
188,0.0677719
189,0.0678235
190,0.0678738
191,0.0679248
192,0.0679736
193,0.0680225
194,0.0680694
195,0.0681138
196,0.0681579
197,0.068206
198,0.0682544
199,0.0683088
200,0.0683613
201,0.0684195
202,0.0684767
203,0.0685322
204,0.0685853
205,0.0686375
206,0.0686898
207,0.0687356
208,0.0687769
209,0.0688216
210,0.0688624
211,0.0689024
212,0.0689461
213,0.0689876
214,0.0690321
215,0.0690721
216,0.0691107
217,0.0691533
218,0.0691954
219,0.0692446
220,0.0692963
221,0.0693532
222,0.0694121
223,0.0694646
224,0.069518
225,0.0695614
226,0.0696006
227,0.0696414
228,0.0696821
229,0.0697293
230,0.069776
231,0.0698249
232,0.0698742
233,0.0699174
234,0.0699611
235,0.0700051
236,0.070044
237,0.0700835
238,0.0701218
239,0.0701605
240,0.0701975
241,0.0702379
242,0.0702791
243,0.0703181
244,0.0703626
245,0.0704034
246,0.070444
247,0.0704807
248,0.0705185
249,0.0705556
250,0.0705929
251,0.0706348
252,0.0706729
253,0.0707138
254,0.0707532
255,0.0707925
256,0.0708292
257,0.0708638
258,0.0709002
259,0.0709336
260,0.0709689
261,0.0710084
262,0.07105
263,0.0710917
264,0.0711376
265,0.0711809
266,0.0712221
267,0.0712637
268,0.0713014
269,0.0713419
270,0.0713823
271,0.071421
272,0.0714598
273,0.0714958
274,0.0715296
275,0.071559
276,0.0715912
277,0.0716241
278,0.071661
279,0.071698
280,0.0717373
281,0.0717739
282,0.0718088
283,0.0718432
284,0.0718762
285,0.0719117
286,0.0719484
287,0.0719874
288,0.072023
289,0.0720594
290,0.0720932
291,0.0721291
292,0.0721668
293,0.0722051
294,0.0722436
295,0.0722842
296,0.0723252
297,0.0723656
298,0.0724062
299,0.0724438
300,0.0724752
301,0.0725027
302,0.0725315
303,0.0725585
304,0.0725874
305,0.0726198
306,0.0726533
307,0.0726873
308,0.0727219
309,0.0727569
310,0.0727925
311,0.072827
312,0.0728659
313,0.0729041
314,0.07294
315,0.0729771
316,0.0730167
317,0.0730516
318,0.073087
319,0.0731279
320,0.0731619
321,0.0731942
322,0.0732215
323,0.0732492
324,0.0732754
325,0.0733027
326,0.0733309
327,0.0733593
328,0.0733908
329,0.0734194
330,0.0734511
331,0.073482
332,0.0735136
333,0.0735469
334,0.0735776
335,0.0736079
336,0.073641
337,0.0736747
338,0.0737078
339,0.0737464
340,0.0737802
341,0.0738146
342,0.0738495
343,0.0738845
344,0.0739157
345,0.0739439
346,0.0739713
347,0.0739953
348,0.0740187
349,0.0740419
350,0.0740703
351,0.0740987
352,0.0741268
353,0.0741581
354,0.0741854
355,0.0742154
356,0.0742477
357,0.0742802
358,0.0743119
359,0.0743415
360,0.0743708
361,0.0744014
362,0.0744312
363,0.0744592
364,0.0744901
365,0.0745193
366,0.0745534
367,0.0745857
368,0.0746119
369,0.0746357
370,0.0746599
371,0.0746845
372,0.0747109
373,0.0747389
374,0.07477
375,0.074803
376,0.0748299
377,0.0748607
378,0.0748917
379,0.0749216
380,0.0749527
381,0.0749818
382,0.0750114
383,0.0750402
384,0.0750657
385,0.0750932
386,0.0751181
387,0.0751407
388,0.0751688
389,0.0751917
390,0.075219
391,0.075251
392,0.0752822
393,0.0753132
394,0.0753454
395,0.0753758
396,0.0754032
397,0.0754315
398,0.075457
399,0.0754871
400,0.0755117
401,0.0755348
402,0.0755636
403,0.0755879
404,0.0756133
405,0.0756387
406,0.0756627
407,0.0756875
408,0.0757117
409,0.0757345
410,0.0757606
411,0.0757902
412,0.0758198
413,0.0758464
414,0.0758699
415,0.0758965
416,0.0759162
417,0.0759347
418,0.0759542
419,0.0759771
420,0.076003
421,0.0760296
422,0.0760567
423,0.0760873
424,0.0761143
425,0.0761392
426,0.0761696
427,0.0761957
428,0.0762225
429,0.0762485
430,0.0762727
431,0.076296
432,0.0763171
433,0.076339
434,0.0763622
435,0.0763859
436,0.0764131
437,0.0764399
438,0.0764703
439,0.0764987
440,0.0765299
441,0.0765612
442,0.076588
443,0.0766155
444,0.076645
445,0.0766691
446,0.0766946
447,0.0767242
448,0.0767523
449,0.0767847
450,0.0768118
451,0.0768373
452,0.07686
453,0.0768778
454,0.076892
455,0.0769059
456,0.0769203
457,0.0769332
458,0.0769489
459,0.0769668
460,0.0769899
461,0.0770148
462,0.0770424
463,0.0770743
464,0.0771045
465,0.0771359
466,0.0771681
467,0.0771975
468,0.0772222
469,0.0772441
470,0.0772637
471,0.077285
472,0.0773037
473,0.0773241
474,0.0773472
475,0.0773699
476,0.077392
477,0.0774179
478,0.0774463
479,0.0774687
480,0.0774948
481,0.0775158
482,0.0775335
483,0.0775532
484,0.077576
485,0.0775997
486,0.0776239
487,0.0776488
488,0.0776733
489,0.0776974
490,0.0777236
491,0.077751
492,0.0777748
493,0.0777944
494,0.0778131
495,0.0778216
496,0.0778313
497,0.0778467
498,0.0778624
499,0.0778858
500,0.0779163
501,0.0779499
502,0.0779822
503,0.0780157
504,0.0780447
505,0.0780664
506,0.0780859
507,0.0781014
508,0.0781168
509,0.0781292
510,0.078143
511,0.0781605
512,0.0781778
513,0.0781996
514,0.0782211
515,0.0782425
516,0.0782664
517,0.0782924
518,0.078317
519,0.0783436
520,0.0783676
521,0.0783911
522,0.0784136
523,0.0784377
524,0.078464
525,0.0784909
526,0.0785198
527,0.0785404
528,0.0785631
529,0.0785813
530,0.078593
531,0.0786079
532,0.0786278
533,0.0786407
534,0.0786572
535,0.0786801
536,0.0786992
537,0.0787253
538,0.0787549
539,0.0787838
540,0.0788136
541,0.0788425
542,0.0788686
543,0.0788911
544,0.0789117
545,0.0789301
546,0.078947
547,0.0789665
548,0.0789846
549,0.0790032
550,0.0790214
551,0.0790404
552,0.0790585
553,0.0790742
554,0.0790913
555,0.0791087
556,0.0791288
557,0.0791515
558,0.0791739
559,0.0791975
560,0.079219
561,0.0792382
562,0.0792548
563,0.0792754
564,0.0792953
565,0.0793107
566,0.0793284
567,0.0793446
568,0.0793646
569,0.0793849
570,0.0794102
571,0.0794383
572,0.0794675
573,0.079493
574,0.0795186
575,0.0795396
576,0.0795534
577,0.079567
578,0.0795801
579,0.0795942
580,0.079614
581,0.0796335
582,0.0796568
583,0.0796783
584,0.0796952
585,0.0797131
586,0.0797305
587,0.0797457
588,0.0797655
589,0.0797894
590,0.0798091
591,0.0798275
592,0.0798443
593,0.0798615
594,0.0798801
595,0.0798995
596,0.0799169
597,0.0799317
598,0.0799406
599,0.0799438
