2,0.940983
3,0.832809
4,0.740741
5,0.668164
6,0.610733
7,0.564139
8,0.526005
9,0.495135
10,0.469006
11,0.444758
12,0.421276
13,0.398182
14,0.374851
15,0.350236
16,0.324851
17,0.298571
18,0.271476
19,0.244055
20,0.216449
21,0.189906
22,0.164826
23,0.142119
24,0.121638
25,0.103793
26,0.0884086
27,0.0754314
28,0.0647947
29,0.0569664
30,0.05226
31,0.0490881
32,0.0459247
33,0.0430826
34,0.0402744
35,0.0377206
36,0.035241
37,0.0331213
38,0.0310006
39,0.0291928
40,0.0273428
41,0.0257318
42,0.0240763
43,0.0226089
44,0.0211738
45,0.0198906
46,0.0185901
47,0.0174596
48,0.0163445
49,0.0153367
50,0.0143323
51,0.0134784
52,0.0126184
53,0.0118304
54,0.0110606
55,0.0103854
56,0.00969817
57,0.00906968
58,0.00851429
59,0.00793372
60,0.00744772
61,0.00695204
62,0.0065199
63,0.00608572
64,0.00573172
65,0.00535651
66,0.00504247
67,0.00476123
68,0.0044545
69,0.00427181
70,0.00397939
71,0.00382652
72,0.00363908
73,0.00339117
74,0.0033436
75,0.00297374
76,0.00304424
77,0.00258862
78,0.0026909
79,0.00225793
80,0.00227448
81,0.00200111
82,0.00191746
83,0.00183355
84,0.00174864
85,0.0018716
86,0.00195503
87,0.00207382
88,0.0021082
89,0.00210628
90,0.00207007
91,0.00203799
92,0.00199103
93,0.00193953
94,0.00190087
95,0.0018593
96,0.00182781
97,0.00176215
98,0.00170535
99,0.00157702
100,0.00141452
101,0.00113624
102,0.000791477
103,0.000818116
104,0.000933829
105,0.00120502
106,0.00133932
107,0.00146792
108,0.00148451
109,0.00153501
110,0.00151997
111,0.00152458
112,0.0015337
113,0.00152364
114,0.00150987
115,0.00152188
116,0.00153875
117,0.00148957
118,0.00150654
119,0.00147949
120,0.00148981
121,0.00148027
122,0.00145277
123,0.00144183
124,0.00144631
125,0.00143927
126,0.00145827
127,0.00145187
128,0.00146537
129,0.00141643
130,0.00140992
131,0.00136198
132,0.00135746
133,0.00136218
134,0.0013564
135,0.00133359
136,0.00132445
137,0.00132581
138,0.00132919
139,0.0013029
140,0.00131166
141,0.00129251
142,0.00127052
143,0.00125759
144,0.00121854
145,0.00120064
146,0.00120415
147,0.00117493
148,0.00116177
149,0.00113539
150,0.00112735
151,0.00109992
152,0.00108984
153,0.00106078
154,0.00105847
155,0.00103876
156,0.0010224
157,0.00103024
158,0.00104119
159,0.00104152
160,0.00108606
161,0.00106959
162,0.00110257
163,0.00111627
164,0.00112691
165,0.0011637
166,0.00118144
167,0.00122227
168,0.00123132
169,0.0012469
170,0.00125669
171,0.00127082
172,0.00126177
173,0.00129633
174,0.00131527
175,0.00136002
176,0.00138881
177,0.00144784
178,0.00150617
179,0.00159925
180,0.00168617
181,0.00182413
182,0.00192404
183,0.00186008
184,0.0018005
185,0.00167423
186,0.00157707
187,0.00145684
188,0.00135907
189,0.00127914
190,0.00120746
191,0.00116201
192,0.00112387
193,0.00109579
194,0.00107523
195,0.0010497
196,0.00104954
197,0.00106742
198,0.0010177
199,0.000804842
200,0.000680661
201,0.000825255
202,0.000975599
203,0.00102366
204,0.00105976
205,0.00102972
206,0.00101702
207,0.000974532
208,0.000971544
209,0.00094969
210,0.000911438
211,0.000922394
212,0.000895435
213,0.000888412
214,0.000888844
215,0.000881944
216,0.000864738
217,0.000887284
218,0.000875776
219,0.000900268
220,0.000922668
221,0.000976612
222,0.00105055
223,0.00111397
224,0.00119616
225,0.00124104
226,0.00130848
227,0.00133231
228,0.00138148
229,0.00138021
230,0.00138174
231,0.00136459
232,0.00134441
233,0.00132849
234,0.00127018
235,0.00126001
236,0.00122976
237,0.0012277
238,0.0011985
239,0.00121935
240,0.00119787
241,0.0012693
242,0.00126529
243,0.00129685
244,0.00131262
245,0.00133151
246,0.00130731
247,0.00129212
248,0.00126616
249,0.00124711
250,0.00119929
251,0.00118195
252,0.00118133
253,0.00117443
254,0.00116065
255,0.00115562
256,0.00111776
257,0.00108339
258,0.00105971
259,0.00106156
260,0.00106481
261,0.00108209
262,0.00109414
263,0.00112053
264,0.00113095
265,0.00111932
266,0.00114832
267,0.00116835
268,0.00120271
269,0.00123618
270,0.0012734
271,0.00132337
272,0.00135651
273,0.00140877
274,0.00148275
275,0.00155048
276,0.00160177
277,0.00164495
278,0.00163143
279,0.00154464
280,0.00146294
281,0.00139692
282,0.00130232
283,0.00124883
284,0.00120004
285,0.00116263
286,0.00112403
287,0.00106558
288,0.00104399
289,0.00099961
290,0.00101752
291,0.000986619
292,0.000999607
293,0.000998338
294,0.000982509
295,0.00099939
296,0.000984926
297,0.000993419
298,0.000961203
299,0.000946332
300,0.000808567
301,0.000434336
302,0.000503756
303,0.000746762
304,0.00082414
305,0.00085371
306,0.000852285
307,0.000864373
308,0.000859209
309,0.00086118
310,0.000858537
311,0.000896008
312,0.000895021
313,0.000919035
314,0.000965397
315,0.000992343
316,0.00101912
317,0.00104763
318,0.00107339
319,0.00106331
320,0.00108035
321,0.00108976
322,0.00109128
323,0.0010391
324,0.00101222
325,0.000964854
326,0.000936808
327,0.000889766
328,0.000858325
329,0.000840791
330,0.000824006
331,0.000812334
332,0.000810581
333,0.000836145
334,0.000875959
335,0.000913721
336,0.001013
337,0.00107909
338,0.00109501
339,0.000968823
340,0.00085911
341,0.000829183
342,0.000808018
343,0.000822711
344,0.000844854
345,0.00086734
346,0.00088667
347,0.000928286
348,0.000957033
349,0.000968792
350,0.000981645
351,0.000969377
352,0.000971951
353,0.000969465
354,0.00097975
355,0.000972046
356,0.00100738
357,0.000991944
358,0.000968837
359,0.000879866
360,0.000793968
361,0.000744006
362,0.000762924
363,0.000859816
364,0.000909495
365,0.000934429
366,0.000931008
367,0.000918403
368,0.000897746
369,0.000887299
370,0.000892325
371,0.00088806
372,0.00090257
373,0.000901236
374,0.000907358
375,0.000909074
376,0.000907096
377,0.000903796
378,0.00091693
379,0.000938153
380,0.000938621
381,0.000933247
382,0.000926595
383,0.000931149
384,0.000947225
385,0.000947121
386,0.000938819
387,0.000944313
388,0.00091154
389,0.00092707
390,0.000898506
391,0.000905887
392,0.000891194
393,0.000870183
394,0.000851306
395,0.000836236
396,0.000824006
397,0.000806956
398,0.000799183
399,0.000807623
400,0.000800138
401,0.000803473
402,0.000787888
403,0.000797652
404,0.000804926
405,0.000810147
406,0.000835814
407,0.000816722
408,0.000800542
409,0.000793624
410,0.000790549
411,0.000811785
412,0.000837591
413,0.000863032
414,0.000865259
415,0.000884018
416,0.000902534
417,0.000923415
418,0.000925626
419,0.000918992
420,0.000919653
421,0.000945707
422,0.00094981
423,0.000972855
424,0.000944872
425,0.000956498
426,0.000940994
427,0.000929138
428,0.000918064
429,0.000903006
430,0.00087026
431,0.000849918
432,0.000847312
433,0.000852682
434,0.000861728
435,0.000859887
436,0.000870354
437,0.000873822
438,0.000888489
439,0.000913419
440,0.000943423
441,0.000950361
442,0.000944024
443,0.000951043
444,0.000921221
445,0.000918633
446,0.000930927
447,0.000867232
448,0.00083276
449,0.000874395
450,0.000928436
451,0.000905803
452,0.00086788
453,0.000799548
454,0.000797045
455,0.000791184
456,0.000785413
457,0.000781558
458,0.000780489
459,0.000782005
460,0.00077653
461,0.000787978
462,0.000780613
463,0.000791338
464,0.000794219
465,0.000812411
466,0.000813682
467,0.000730819
468,0.000702195
469,0.000698773
470,0.00068884
471,0.000660905
472,0.000656334
473,0.000639299
474,0.000633856
475,0.000651545
476,0.000635304
477,0.000612665
478,0.000672037
479,0.000686354
480,0.00067317
481,0.000698544
482,0.000722208
483,0.00074699
484,0.000769299
485,0.000750296
486,0.00065385
487,0.000635442
488,0.000539492
489,0.000586157
490,0.000553007
491,0.000697341
492,0.000761084
493,0.000752805
494,0.000788646
495,0.000799081
496,0.000793069
497,0.000812447
498,0.000788475
499,0.00078161
500,0.000767515
501,0.000791428
502,0.000799166
503,0.00081317
504,0.000846781
505,0.000879717
506,0.000917566
507,0.000979729
508,0.0010765
509,0.0012139
510,0.00140088
511,0.00166738
512,0.00188202
513,0.00193476
514,0.00181523
515,0.00169014
516,0.0015204
517,0.00140184
518,0.00130907
519,0.00122626
520,0.00118804
521,0.00114738
522,0.00112707
523,0.00112318
524,0.0010948
525,0.0010362
526,0.00105575
527,0.000890407
528,0.0011198
529,0.000829577
530,0.00114431
531,0.000860363
532,0.00117901
533,0.000850767
534,0.00123037
535,0.000989312
536,0.00134353
537,0.0012561
538,0.0015528
539,0.00144612
540,0.00168357
541,0.00147992
542,0.00162003
543,0.00142178
544,0.00157575
545,0.00138695
546,0.00158476
547,0.00139967
548,0.0015877
549,0.00143147
550,0.00158235
551,0.0014434
552,0.00159379
553,0.00142539
554,0.00157192
555,0.00141186
556,0.0015832
557,0.00145248
558,0.00161214
559,0.00150443
560,0.00161423
561,0.00157408
562,0.00163477
563,0.00165438
564,0.00165106
565,0.00174954
566,0.00167674
567,0.00182839
568,0.00164245
569,0.00186063
570,0.00167443
571,0.00203106
572,0.00191105
573,0.0022159
574,0.00202241
575,0.00216629
576,0.00193374
577,0.0019927
578,0.00177362
579,0.00180169
580,0.00164856
581,0.00168743
582,0.00154489
583,0.00164547
584,0.00155837
585,0.00166572
586,0.00165546
587,0.00170793
588,0.00167475
589,0.00169409
590,0.00162001
591,0.00163095
592,0.00155728
593,0.00151309
594,0.00145173
595,0.00138924
596,0.00131135
597,0.00126241
598,0.0012338
599,0.00127824
