2,0.00199532
3,0.00603289
4,0.00981547
5,0.0130368
6,0.015749
7,0.0180359
8,0.0199639
9,0.0216003
10,0.0230422
11,0.0243944
12,0.0256992
13,0.0269995
14,0.0283193
15,0.0297133
16,0.0311486
17,0.0326405
18,0.0342001
19,0.0358038
20,0.0374387
21,0.0390614
22,0.0406521
23,0.0421668
24,0.0435936
25,0.0449114
26,0.0461191
27,0.0472168
28,0.0482169
29,0.0491129
30,0.0499168
31,0.0506276
32,0.0512299
33,0.0517361
34,0.052172
35,0.0525632
36,0.0529067
37,0.0532281
38,0.0535082
39,0.0537781
40,0.0540168
41,0.0542485
42,0.0544613
43,0.0546702
44,0.054866
45,0.0550587
46,0.0552438
47,0.0554256
48,0.055602
49,0.0557714
50,0.0559418
51,0.0561018
52,0.0562637
53,0.0564186
54,0.0565764
55,0.0567293
56,0.0568834
57,0.0570363
58,0.0571902
59,0.05734
60,0.0574906
61,0.0576381
62,0.0577834
63,0.0579227
64,0.0580618
65,0.0581951
66,0.0583245
67,0.0584516
68,0.0585757
69,0.0586972
70,0.0588206
71,0.0589387
72,0.0590577
73,0.0591763
74,0.0592913
75,0.0594072
76,0.0595202
77,0.0596336
78,0.0597454
79,0.059855
80,0.059966
81,0.0600728
82,0.0601777
83,0.0602815
84,0.0603845
85,0.0604853
86,0.060586
87,0.0606848
88,0.0607869
89,0.0608862
90,0.0609883
91,0.0610854
92,0.0611862
93,0.0612807
94,0.0613776
95,0.0614702
96,0.0615621
97,0.0616532
98,0.0617419
99,0.0618301
100,0.0619163
101,0.0620022
102,0.0620854
103,0.0621692
104,0.0622531
105,0.0623361
106,0.062419
107,0.0625055
108,0.0625944
109,0.0626835
110,0.0627686
111,0.0628542
112,0.0629391
113,0.0630213
114,0.0631044
115,0.0631867
116,0.063266
117,0.0633468
118,0.0634244
119,0.0635044
120,0.063582
121,0.063658
122,0.0637345
123,0.0638113
124,0.0638884
125,0.063964
126,0.0640426
127,0.0641169
128,0.0641888
129,0.0642593
130,0.0643282
131,0.064397
132,0.0644662
133,0.0645368
134,0.0646058
135,0.0646743
136,0.0647447
137,0.0648129
138,0.0648809
139,0.0649494
140,0.065017
141,0.0650836
142,0.0651481
143,0.0652136
144,0.0652773
145,0.0653409
146,0.0654046
147,0.065469
148,0.065532
149,0.0655964
150,0.0656591
151,0.0657212
152,0.0657818
153,0.0658419
154,0.0659015
155,0.0659615
156,0.0660241
157,0.0660873
158,0.0661491
159,0.0662131
160,0.0662755
161,0.0663364
162,0.0663973
163,0.06646
164,0.0665174
165,0.0665791
166,0.0666388
167,0.0666979
168,0.0667583
169,0.0668153
170,0.0668731
171,0.0669308
172,0.0669891
173,0.0670459
174,0.0671054
175,0.0671619
176,0.0672231
177,0.0672811
178,0.0673424
179,0.0674033
180,0.0674684
181,0.0675309
182,0.0675919
183,0.0676379
184,0.0676812
185,0.0677261
186,0.0677669
187,0.0678119
188,0.0678545
189,0.0678999
190,0.0679436
191,0.0679907
192,0.0680374
193,0.0680844
194,0.0681331
195,0.0681814
196,0.0682281
197,0.0682772
198,0.0683239
199,0.0683729
200,0.0684222
201,0.0684713
202,0.06852
203,0.068569
204,0.0686159
205,0.0686628
206,0.0687057
207,0.0687513
208,0.0687955
209,0.0688401
210,0.0688838
211,0.0689301
212,0.068973
213,0.0690174
214,0.069061
215,0.0691
216,0.0691409
217,0.0691843
218,0.0692351
219,0.0692906
220,0.0693451
221,0.0693989
222,0.0694554
223,0.0695057
224,0.069559
225,0.0696077
226,0.0696575
227,0.0697052
228,0.0697507
229,0.0697972
230,0.0698392
231,0.0698826
232,0.0699225
233,0.0699649
234,0.0700025
235,0.0700449
236,0.0700824
237,0.0701258
238,0.0701654
239,0.0702081
240,0.0702513
241,0.070295
242,0.0703397
243,0.0703827
244,0.0704288
245,0.0704677
246,0.0705104
247,0.0705477
248,0.0705885
249,0.0706249
250,0.0706639
251,0.0707029
252,0.0707411
253,0.0707815
254,0.0708203
255,0.0708567
256,0.0708921
257,0.0709289
258,0.0709654
259,0.0710051
260,0.0710462
261,0.0710862
262,0.0711302
263,0.0711676
264,0.0712084
265,0.0712472
266,0.0712887
267,0.0713282
268,0.0713711
269,0.0714124
270,0.0714531
271,0.0714959
272,0.0715374
273,0.0715784
274,0.0716246
275,0.0716691
276,0.0717094
277,0.0717493
278,0.0717828
279,0.0718132
280,0.071842
281,0.0718721
282,0.0719008
283,0.0719325
284,0.0719632
285,0.0719942
286,0.0720262
287,0.0720567
288,0.0720882
289,0.0721195
290,0.0721539
291,0.0721877
292,0.0722213
293,0.0722592
294,0.0722936
295,0.0723293
296,0.0723628
297,0.0723956
298,0.0724259
299,0.0724569
300,0.0724852
301,0.0725136
302,0.072542
303,0.0725739
304,0.0726112
305,0.0726467
306,0.0726829
307,0.0727176
308,0.0727531
309,0.072789
310,0.0728235
311,0.0728598
312,0.0728955
313,0.0729341
314,0.0729739
315,0.0730094
316,0.0730481
317,0.0730833
318,0.0731175
319,0.0731521
320,0.0731855
321,0.0732172
322,0.0732479
323,0.0732768
324,0.0733034
325,0.07333
326,0.0733573
327,0.0733824
328,0.0734109
329,0.0734352
330,0.0734608
331,0.0734836
332,0.0735099
333,0.0735332
334,0.0735551
335,0.0735773
336,0.0735926
337,0.0736156
338,0.0736456
339,0.0736923
340,0.0737382
341,0.0737828
342,0.0738249
343,0.0738647
344,0.0739037
345,0.0739415
346,0.0739781
347,0.0740173
348,0.0740495
349,0.0740844
350,0.0741161
351,0.0741457
352,0.0741761
353,0.0742083
354,0.07424
355,0.0742696
356,0.0743013
357,0.0743268
358,0.0743558
359,0.0743825
360,0.0744122
361,0.074441
362,0.0744693
363,0.074499
364,0.0745283
365,0.0745555
366,0.0745831
367,0.0746114
368,0.074638
369,0.0746647
370,0.0746939
371,0.074723
372,0.0747549
373,0.0747836
374,0.0748141
375,0.0748421
376,0.0748714
377,0.0748999
378,0.0749282
379,0.0749587
380,0.0749868
381,0.0750154
382,0.0750437
383,0.0750731
384,0.0750995
385,0.0751277
386,0.0751554
387,0.0751839
388,0.0752105
389,0.0752373
390,0.0752623
391,0.0752882
392,0.0753128
393,0.0753371
394,0.0753616
395,0.0753852
396,0.0754098
397,0.0754332
398,0.0754558
399,0.0754798
400,0.0755034
401,0.0755274
402,0.0755505
403,0.0755741
404,0.0755957
405,0.0756197
406,0.0756412
407,0.0756685
408,0.0757025
409,0.075739
410,0.0757735
411,0.0758066
412,0.0758403
413,0.0758725
414,0.0759042
415,0.0759315
416,0.0759597
417,0.0759874
418,0.0760144
419,0.0760394
420,0.0760681
421,0.0760956
422,0.0761234
423,0.0761485
424,0.0761748
425,0.0761988
426,0.0762236
427,0.0762475
428,0.0762719
429,0.0762961
430,0.0763196
431,0.0763448
432,0.0763689
433,0.0763952
434,0.0764184
435,0.0764433
436,0.0764687
437,0.0764954
438,0.076522
439,0.0765501
440,0.0765788
441,0.0766034
442,0.0766288
443,0.0766524
444,0.0766794
445,0.0767075
446,0.076734
447,0.076759
448,0.0767826
449,0.0768055
450,0.0768272
451,0.0768433
452,0.076858
453,0.0768747
454,0.0768931
455,0.0769177
456,0.0769398
457,0.0769652
458,0.0769877
459,0.0770103
460,0.0770347
461,0.077058
462,0.0770842
463,0.0771109
464,0.0771376
465,0.0771646
466,0.0771887
467,0.0772097
468,0.0772311
469,0.077252
470,0.0772721
471,0.0772925
472,0.0773138
473,0.0773337
474,0.0773579
475,0.0773806
476,0.0774053
477,0.0774308
478,0.0774554
479,0.0774804
480,0.0774994
481,0.0775209
482,0.0775404
483,0.0775607
484,0.0775837
485,0.0776057
486,0.0776307
487,0.0776512
488,0.0776755
489,0.0776986
490,0.0777189
491,0.0777415
492,0.0777572
493,0.0777768
494,0.0777944
495,0.0778158
496,0.0778371
497,0.0778621
498,0.0778879
499,0.0779159
500,0.0779446
501,0.0779717
502,0.0780007
503,0.0780287
504,0.0780576
505,0.0780863
506,0.0781185
507,0.0781525
508,0.078188
509,0.0782274
510,0.0782744
511,0.0783173
512,0.0783493
513,0.0783679
514,0.0783782
515,0.0783842
516,0.0783943
517,0.078398
518,0.0784079
519,0.0784147
520,0.0784252
521,0.0784365
522,0.0784504
523,0.0784642
524,0.0784804
525,0.0784973
526,0.0785188
527,0.0785379
528,0.0785582
529,0.0785817
530,0.0786035
531,0.0786261
532,0.078648
533,0.0786734
534,0.0786948
535,0.0787211
536,0.0787451
537,0.0787716
538,0.0787942
539,0.0788165
540,0.0788386
541,0.0788596
542,0.0788793
543,0.0789003
544,0.0789203
545,0.0789419
546,0.0789602
547,0.0789823
548,0.0790004
549,0.0790238
550,0.0790419
551,0.0790629
552,0.0790828
553,0.0791035
554,0.079122
555,0.0791412
556,0.0791605
557,0.07918
558,0.0791988
559,0.0792181
560,0.079239
561,0.0792606
562,0.079282
563,0.0793054
564,0.079333
565,0.0793557
566,0.0793859
567,0.0794141
568,0.079447
569,0.0794787
570,0.0795159
571,0.0795512
572,0.0795855
573,0.0796119
574,0.0796332
575,0.0796515
576,0.079666
577,0.0796768
578,0.079686
579,0.0796963
580,0.0797062
581,0.0797176
582,0.0797308
583,0.0797417
584,0.0797555
585,0.0797694
586,0.0797834
587,0.0797978
588,0.079811
589,0.0798255
590,0.0798362
591,0.0798486
592,0.0798602
593,0.0798701
594,0.0798813
595,0.0798923
596,0.0799028
597,0.0799097
598,0.0799113
599,0.0799121
