2,0.943675
3,0.83927
4,0.749031
5,0.677136
6,0.620023
7,0.574361
8,0.537828
9,0.508378
10,0.483501
11,0.460735
12,0.439092
13,0.417634
14,0.395874
15,0.372664
16,0.348766
17,0.323872
18,0.297824
19,0.271088
20,0.243949
21,0.21733
22,0.191538
23,0.16752
24,0.145389
25,0.125702
26,0.108363
27,0.0934194
28,0.080633
29,0.070276
30,0.0624157
31,0.0575194
32,0.0540749
33,0.0508773
34,0.0477233
35,0.0448855
36,0.0421321
37,0.0396714
38,0.0372572
39,0.0351058
40,0.0328772
41,0.0309823
42,0.0289827
43,0.027254
44,0.0254851
45,0.0239117
46,0.0223998
47,0.0210127
48,0.0196981
49,0.0184499
50,0.017318
51,0.0162272
52,0.0152119
53,0.0142565
54,0.0133691
55,0.0124959
56,0.0117267
57,0.0109401
58,0.0102655
59,0.00958945
60,0.00898665
61,0.00837675
62,0.00787559
63,0.00736967
64,0.0069082
65,0.00649518
66,0.00610447
67,0.00572633
68,0.00539309
69,0.00507402
70,0.0047678
71,0.00447421
72,0.00425036
73,0.00396739
74,0.00371044
75,0.003539
76,0.00322873
77,0.00314597
78,0.00278447
79,0.00280936
80,0.00245149
81,0.00248682
82,0.0022291
83,0.00230774
84,0.00217233
85,0.00226367
86,0.00224164
87,0.00230931
88,0.00233813
89,0.00235226
90,0.00237192
91,0.00239509
92,0.00239947
93,0.00231329
94,0.00231326
95,0.00221012
96,0.00214038
97,0.00196077
98,0.00184269
99,0.00170076
100,0.00163803
101,0.00153728
102,0.00150515
103,0.00150698
104,0.00148938
105,0.00164364
106,0.001646
107,0.00188071
108,0.00189083
109,0.00211453
110,0.00215477
111,0.0022488
112,0.00228703
113,0.00229684
114,0.0022665
115,0.00226417
116,0.00223024
117,0.00218895
118,0.00219347
119,0.00213251
120,0.00213283
121,0.00208751
122,0.0020737
123,0.00199602
124,0.0020121
125,0.00194181
126,0.00199621
127,0.00191619
128,0.00192772
129,0.00187026
130,0.00185734
131,0.00178838
132,0.00176907
133,0.00174405
134,0.00172768
135,0.0016678
136,0.00168884
137,0.00162562
138,0.00162049
139,0.00159639
140,0.00159966
141,0.0015522
142,0.0015532
143,0.00153058
144,0.0014945
145,0.00144069
146,0.00144237
147,0.00141057
148,0.00139188
149,0.00136928
150,0.00138202
151,0.00133678
152,0.00131514
153,0.00129462
154,0.00127618
155,0.00123715
156,0.00126093
157,0.00124294
158,0.00126113
159,0.00124494
160,0.00128081
161,0.00125199
162,0.00128601
163,0.00128219
164,0.00129393
165,0.0013035
166,0.0013243
167,0.00132599
168,0.0013654
169,0.00136051
170,0.00137535
171,0.00139388
172,0.00141859
173,0.00144562
174,0.00147879
175,0.00148762
176,0.00156384
177,0.00158225
178,0.00167878
179,0.00174741
180,0.001901
181,0.00199936
182,0.00211527
183,0.00200999
184,0.00189804
185,0.00179664
186,0.00168077
187,0.00158204
188,0.00148598
189,0.00141223
190,0.00132806
191,0.00128437
192,0.00125205
193,0.00120646
194,0.00117043
195,0.00103061
196,0.00078727
197,0.00083638
198,0.000978314
199,0.0010749
200,0.00109241
201,0.00112656
202,0.00112115
203,0.00113665
204,0.0011324
205,0.00111321
206,0.00105838
207,0.00105299
208,0.00104043
209,0.0010073
210,0.00100102
211,0.000999407
212,0.000977079
213,0.000952519
214,0.00095475
215,0.000930227
216,0.000933669
217,0.000921173
218,0.000927131
219,0.000973442
220,0.00102445
221,0.00107542
222,0.00116489
223,0.00122761
224,0.00130347
225,0.00134817
226,0.00140653
227,0.00144632
228,0.00145833
229,0.00147083
230,0.00146544
231,0.00145653
232,0.00141399
233,0.0014279
234,0.00136659
235,0.00138285
236,0.00132404
237,0.00134735
238,0.00130321
239,0.00132164
240,0.00132867
241,0.00134662
242,0.00136979
243,0.00139796
244,0.00142196
245,0.00141455
246,0.0014199
247,0.00139525
248,0.00138232
249,0.00133484
250,0.00131848
251,0.00132019
252,0.00128473
253,0.0012919
254,0.00128847
255,0.00126717
256,0.00121791
257,0.00121364
258,0.0011768
259,0.00119033
260,0.00118786
261,0.00120267
262,0.00124104
263,0.00122026
264,0.00124454
265,0.00124889
266,0.00126031
267,0.00129089
268,0.00132648
269,0.00138105
270,0.00140071
271,0.00147375
272,0.00149728
273,0.00156347
274,0.00165399
275,0.00175732
276,0.00177773
277,0.00181673
278,0.00176505
279,0.00170173
280,0.00158965
281,0.0015232
282,0.00142661
283,0.00136623
284,0.00131718
285,0.00125967
286,0.00121213
287,0.0011641
288,0.00112968
289,0.00109111
290,0.00109137
291,0.00108967
292,0.00107921
293,0.00111284
294,0.00109792
295,0.00109751
296,0.00099057
297,0.000719449
298,0.000657805
299,0.000805499
300,0.000906041
301,0.000902068
302,0.000882223
303,0.000871666
304,0.000874761
305,0.000899403
306,0.000897764
307,0.000931763
308,0.000949909
309,0.000939002
310,0.000953288
311,0.00097921
312,0.000976804
313,0.00101599
314,0.0010372
315,0.00105101
316,0.00111455
317,0.00112275
318,0.00114702
319,0.00115155
320,0.00115495
321,0.00112535
322,0.00114347
323,0.0010936
324,0.00104934
325,0.000992621
326,0.000971153
327,0.000940734
328,0.000912276
329,0.000895344
330,0.000870347
331,0.000856368
332,0.000875255
333,0.000905658
334,0.000915068
335,0.000984727
336,0.00107242
337,0.00116246
338,0.0011413
339,0.00102418
340,0.000913838
341,0.000870542
342,0.000842983
343,0.000844046
344,0.000885072
345,0.000897431
346,0.000950307
347,0.000998084
348,0.00100752
349,0.00103728
350,0.00106186
351,0.0010477
352,0.00107376
353,0.00106489
354,0.00107466
355,0.00102536
356,0.000900566
357,0.000792152
358,0.000824187
359,0.000917086
360,0.000977852
361,0.00101838
362,0.000997344
363,0.00102937
364,0.00101207
365,0.00104106
366,0.000994222
367,0.000998377
368,0.000977601
369,0.000959474
370,0.00096853
371,0.00095603
372,0.000958514
373,0.000980253
374,0.000963825
375,0.000979378
376,0.000984863
377,0.000988509
378,0.000982404
379,0.00100113
380,0.00100909
381,0.00101233
382,0.00102151
383,0.00103626
384,0.00101748
385,0.00102523
386,0.00101234
387,0.00103505
388,0.00101448
389,0.000992887
390,0.000974308
391,0.000960317
392,0.000934213
393,0.000904868
394,0.000885744
395,0.000884521
396,0.000853373
397,0.000876373
398,0.000856187
399,0.000870319
400,0.000834214
401,0.000864143
402,0.000868742
403,0.000860377
404,0.000880559
405,0.000871506
406,0.000881196
407,0.000855152
408,0.000834531
409,0.000828476
410,0.000827737
411,0.000838992
412,0.000864708
413,0.000886076
414,0.000931135
415,0.00094107
416,0.000966374
417,0.000963708
418,0.000980103
419,0.000978774
420,0.00100287
421,0.00102565
422,0.00103034
423,0.0010316
424,0.00101017
425,0.00101697
426,0.00100019
427,0.00100636
428,0.000992835
429,0.000973245
430,0.000946825
431,0.000959621
432,0.000921381
433,0.000942339
434,0.000927573
435,0.000940866
436,0.000939007
437,0.000936853
438,0.00095141
439,0.000965904
440,0.00103824
441,0.000952906
442,0.000908661
443,0.000798722
444,0.000814357
445,0.000912034
446,0.00103971
447,0.0010592
448,0.00108514
449,0.00105735
450,0.0010377
451,0.000949107
452,0.000907735
453,0.000841919
454,0.000843465
455,0.000818658
456,0.000834685
457,0.000842236
458,0.000830287
459,0.00085939
460,0.000846879
461,0.000854451
462,0.000857348
463,0.000868284
464,0.00083405
465,0.000772196
466,0.000792122
467,0.000725576
468,0.000746719
469,0.000666611
470,0.00068306
471,0.000661129
472,0.000604036
473,0.000608452
474,0.000611706
475,0.000700791
476,0.000723476
477,0.00077831
478,0.00080837
479,0.000821773
480,0.000829546
481,0.00083137
482,0.000827089
483,0.000768507
484,0.00060307
485,0.000376245
486,0.000507238
487,0.000676825
488,0.000801789
489,0.000798374
490,0.000832118
491,0.000811627
492,0.000832352
493,0.000824073
494,0.000834452
495,0.000854176
496,0.000848183
497,0.000879254
498,0.000827555
499,0.000871271
500,0.000843734
501,0.000867087
502,0.000887044
503,0.000893855
504,0.000943454
505,0.000955049
506,0.00103377
507,0.00113236
508,0.00125936
509,0.00141339
510,0.00169614
511,0.00191135
512,0.00204733
513,0.00199956
514,0.00189524
515,0.0017195
516,0.00163831
517,0.00144516
518,0.00138036
519,0.00124626
520,0.00120066
521,0.00113884
522,0.00110681
523,0.00108806
524,0.00108759
525,0.00108852
526,0.00109325
527,0.00108223
528,0.00108412
529,0.00105396
530,0.000995536
531,0.00095041
532,0.000999937
533,0.000895038
534,0.00102772
535,0.000876276
536,0.00113427
537,0.000922018
538,0.00127715
539,0.000978051
540,0.00135625
541,0.00108459
542,0.00141093
543,0.00114816
544,0.00147722
545,0.00120208
546,0.00151273
547,0.00122822
548,0.00153647
549,0.00127862
550,0.00154375
551,0.00128186
552,0.001585
553,0.00131159
554,0.00158208
555,0.00130532
556,0.0015273
557,0.00132811
558,0.00158489
559,0.00134375
560,0.0015817
561,0.00137237
562,0.00161463
563,0.00142614
564,0.00169554
565,0.00149933
566,0.00174995
567,0.00162995
568,0.00190163
569,0.00183475
570,0.00210299
571,0.0021076
572,0.00234886
573,0.00230201
574,0.00240921
575,0.0022886
576,0.00236409
577,0.00219197
578,0.00221296
579,0.0020286
580,0.00205448
581,0.00185553
582,0.00194868
583,0.00173377
584,0.00185909
585,0.001614
586,0.00184792
587,0.00159324
588,0.00182766
589,0.00157761
590,0.00180216
591,0.00159576
592,0.00176968
593,0.00169153
594,0.00178536
595,0.00180561
596,0.00182551
597,0.00183074
598,0.00171822
599,0.00152538
