2,0.945878
3,0.843533
4,0.754462
5,0.684793
6,0.629343
7,0.585592
8,0.550376
9,0.522239
10,0.498296
11,0.476413
12,0.455352
13,0.434963
14,0.414157
15,0.392247
16,0.369628
17,0.345816
18,0.320811
19,0.295047
20,0.268369
21,0.241789
22,0.215347
23,0.190148
24,0.166504
25,0.145018
26,0.125734
27,0.108867
28,0.0941119
29,0.0815834
30,0.0713252
31,0.0636336
32,0.0586535
33,0.0551729
34,0.0518869
35,0.0489153
36,0.0459079
37,0.0432863
38,0.0405322
39,0.0381783
40,0.035831
41,0.0337217
42,0.0317022
43,0.0297378
44,0.0279147
45,0.0261385
46,0.024558
47,0.0229844
48,0.0215567
49,0.0201618
50,0.0189348
51,0.0177377
52,0.0166185
53,0.0155504
54,0.0145959
55,0.013664
56,0.0127832
57,0.0119601
58,0.0112103
59,0.0104781
60,0.00981406
61,0.00917845
62,0.00859309
63,0.00806597
64,0.00754761
65,0.0070742
66,0.00664836
67,0.00620948
68,0.0058404
69,0.00547328
70,0.00512005
71,0.00482376
72,0.00450608
73,0.00424725
74,0.00394305
75,0.00372036
76,0.00346342
77,0.00326498
78,0.00306554
79,0.00285934
80,0.0027202
81,0.00253264
82,0.00243279
83,0.002296
84,0.00224003
85,0.00221513
86,0.00218351
87,0.00218028
88,0.00214095
89,0.00216094
90,0.00213957
91,0.00213598
92,0.00210499
93,0.00206448
94,0.00197419
95,0.00186286
96,0.00173957
97,0.00153082
98,0.00144701
99,0.00118992
100,0.00117783
101,0.000930447
102,0.000979356
103,0.00103054
104,0.00119445
105,0.0013878
106,0.00156742
107,0.00169105
108,0.00179437
109,0.00183731
110,0.00191458
111,0.00196972
112,0.00204707
113,0.00209263
114,0.00214173
115,0.00216501
116,0.00218193
117,0.00217388
118,0.00215925
119,0.00214661
120,0.00212236
121,0.00209463
122,0.00207768
123,0.00203441
124,0.00201078
125,0.00199323
126,0.00198407
127,0.00196135
128,0.00192282
129,0.00186494
130,0.00182642
131,0.00175305
132,0.00170479
133,0.00162615
134,0.00156412
135,0.00146797
136,0.00142415
137,0.00133193
138,0.00127467
139,0.00123254
140,0.00119753
141,0.00115703
142,0.00115247
143,0.0011217
144,0.0011016
145,0.00110771
146,0.00110647
147,0.00110004
148,0.00111576
149,0.00109591
150,0.00110198
151,0.00109063
152,0.00109726
153,0.00108611
154,0.00105489
155,0.00104202
156,0.00106918
157,0.00108185
158,0.0011004
159,0.00113661
160,0.00116074
161,0.0011931
162,0.00119786
163,0.00121813
164,0.00123819
165,0.00127584
166,0.0012929
167,0.0013242
168,0.00134815
169,0.00135341
170,0.00135489
171,0.00137933
172,0.00140534
173,0.00143149
174,0.00148599
175,0.00153177
176,0.00159812
177,0.0016783
178,0.00175191
179,0.00188642
180,0.00206978
181,0.0022398
182,0.00226014
183,0.00216591
184,0.00201067
185,0.00185922
186,0.0017325
187,0.00160614
188,0.00151669
189,0.00141956
190,0.00136271
191,0.0012096
192,0.000998114
193,0.000909041
194,0.00106619
195,0.00113314
196,0.00117769
197,0.00115852
198,0.00114762
199,0.0011276
200,0.00113152
201,0.00111804
202,0.00111715
203,0.00112824
204,0.00109451
205,0.00110068
206,0.00105703
207,0.00106884
208,0.00100859
209,0.00101633
210,0.000993823
211,0.00097871
212,0.000970544
213,0.000956381
214,0.000916
215,0.000908681
216,0.000873821
217,0.000889426
218,0.000889676
219,0.000928831
220,0.000980082
221,0.00103492
222,0.00109827
223,0.00121334
224,0.00126342
225,0.00134796
226,0.00140518
227,0.00145123
228,0.0014825
229,0.00149241
230,0.00152278
231,0.00150556
232,0.00148699
233,0.00144982
234,0.00141632
235,0.00136758
236,0.00134089
237,0.00133152
238,0.00129521
239,0.00129628
240,0.00129431
241,0.0013381
242,0.00138197
243,0.00141141
244,0.00143958
245,0.00145836
246,0.00145792
247,0.00143764
248,0.00143604
249,0.0014085
250,0.00139057
251,0.0013492
252,0.00135723
253,0.0013315
254,0.00134024
255,0.00127365
256,0.00124058
257,0.00119493
258,0.00119193
259,0.00118626
260,0.0012214
261,0.00122626
262,0.00125986
263,0.00128446
264,0.00128236
265,0.00131023
266,0.00132632
267,0.00139375
268,0.00140436
269,0.00146785
270,0.00149203
271,0.00154676
272,0.00158846
273,0.00163352
274,0.00171266
275,0.00179258
276,0.0018459
277,0.00186374
278,0.00182555
279,0.00173012
280,0.00165065
281,0.00156446
282,0.00149247
283,0.00142522
284,0.0013782
285,0.00130952
286,0.00126379
287,0.0012262
288,0.00117764
289,0.00112962
290,0.00108321
291,0.00109449
292,0.00105723
293,0.000866126
294,0.000668689
295,0.000880402
296,0.000980732
297,0.00100629
298,0.000976428
299,0.00096102
300,0.00091947
301,0.000886931
302,0.000858071
303,0.000846331
304,0.000859799
305,0.000874935
306,0.000876037
307,0.000886515
308,0.000902416
309,0.000934525
310,0.000919774
311,0.000938242
312,0.000952298
313,0.000990106
314,0.00102652
315,0.00107129
316,0.00109268
317,0.00111914
318,0.0011324
319,0.00115988
320,0.00116243
321,0.00115549
322,0.00111419
323,0.00108015
324,0.00104654
325,0.00098122
326,0.000946413
327,0.00089228
328,0.000871021
329,0.000852
330,0.000842337
331,0.000835508
332,0.00083478
333,0.000841593
334,0.000877317
335,0.000961243
336,0.00102956
337,0.00116734
338,0.0011643
339,0.00104137
340,0.000909676
341,0.000829732
342,0.000817796
343,0.000814623
344,0.000824534
345,0.000862478
346,0.000908607
347,0.000938651
348,0.00098149
349,0.0010133
350,0.00102251
351,0.00101301
352,0.00087271
353,0.000779369
354,0.00085429
355,0.000992963
356,0.00104071
357,0.00105015
358,0.00102941
359,0.0010313
360,0.00102683
361,0.0010055
362,0.00100265
363,0.000997459
364,0.000998797
365,0.000974504
366,0.000964749
367,0.000955484
368,0.000929436
369,0.000924497
370,0.000920596
371,0.000930388
372,0.000945254
373,0.000965149
374,0.000968579
375,0.000973008
376,0.000974265
377,0.000987689
378,0.000990359
379,0.000995926
380,0.000988076
381,0.000992696
382,0.000982379
383,0.000993013
384,0.000964584
385,0.000986889
386,0.000983322
387,0.000969447
388,0.000981303
389,0.000957632
390,0.000957325
391,0.000928248
392,0.000910387
393,0.000883336
394,0.000870762
395,0.000876792
396,0.000832877
397,0.000848359
398,0.00081856
399,0.000812846
400,0.000797719
401,0.000794285
402,0.000804196
403,0.000802266
404,0.000807576
405,0.000809243
406,0.000827393
407,0.000821003
408,0.000797572
409,0.000778829
410,0.000792582
411,0.000808119
412,0.000854644
413,0.000895913
414,0.00092313
415,0.000948399
416,0.000958745
417,0.000985035
418,0.000958519
419,0.000985308
420,0.00098459
421,0.00100579
422,0.00100645
423,0.00100852
424,0.000997513
425,0.000985983
426,0.000978502
427,0.000963621
428,0.000960492
429,0.000943846
430,0.00092483
431,0.000950585
432,0.000944389
433,0.000950931
434,0.000925959
435,0.000943854
436,0.000936331
437,0.000956381
438,0.000928923
439,0.000809453
440,0.000768422
441,0.000831168
442,0.000946315
443,0.000986423
444,0.00103728
445,0.00103761
446,0.00105225
447,0.00105496
448,0.00105885
449,0.00103234
450,0.00100316
451,0.000936275
452,0.000884768
453,0.000835561
454,0.000813726
455,0.000806763
456,0.000811459
457,0.000827226
458,0.000804228
459,0.000809032
460,0.000817987
461,0.000798899
462,0.000802334
463,0.00077649
464,0.000761028
465,0.000740243
466,0.000739305
467,0.000739337
468,0.000707115
469,0.000622972
470,0.000654436
471,0.000751042
472,0.00077891
473,0.000770406
474,0.00077519
475,0.000762977
476,0.000789715
477,0.000776607
478,0.000786646
479,0.000784435
480,0.000765772
481,0.000624295
482,0.000274074
483,0.000497327
484,0.000700414
485,0.000750133
486,0.000768808
487,0.000786462
488,0.000774824
489,0.000767993
490,0.000778058
491,0.000770299
492,0.00077419
493,0.000796293
494,0.000784298
495,0.000808975
496,0.000784785
497,0.000793971
498,0.000772386
499,0.000772916
500,0.000775594
501,0.000772193
502,0.000797257
503,0.000826044
504,0.000885432
505,0.000928523
506,0.00103401
507,0.00113764
508,0.0013135
509,0.00153718
510,0.00183667
511,0.00204329
512,0.002134
513,0.00204593
514,0.00191947
515,0.00172762
516,0.00159911
517,0.00143023
518,0.00133205
519,0.00123733
520,0.00117094
521,0.00112393
522,0.00110565
523,0.00108544
524,0.00106832
525,0.0010068
526,0.00100145
527,0.00089821
528,0.0010028
529,0.000833022
530,0.00102599
531,0.000818529
532,0.00105911
533,0.000990679
534,0.00127738
535,0.00124206
536,0.0015445
537,0.00149588
538,0.001712
539,0.00160062
540,0.00176224
541,0.00157382
542,0.0017197
543,0.0014945
544,0.00164498
545,0.00142622
546,0.00160869
547,0.00138717
548,0.00159401
549,0.00135716
550,0.00158873
551,0.00134261
552,0.00157443
553,0.00137632
554,0.00162709
555,0.00143873
556,0.00167347
557,0.00152362
558,0.00170182
559,0.00159883
560,0.00173062
561,0.00168637
562,0.00175474
563,0.00177739
564,0.00182539
565,0.00186709
566,0.00190161
567,0.00198033
568,0.00203414
569,0.0021338
570,0.00224019
571,0.00232338
572,0.00247474
573,0.00241791
574,0.00241811
575,0.0021719
576,0.00222828
577,0.0019154
578,0.00207885
579,0.001711
580,0.00203748
581,0.00161535
582,0.00193051
583,0.00160194
584,0.00184691
585,0.00164169
586,0.00175403
587,0.00173611
588,0.0017297
589,0.00181003
590,0.00176697
591,0.00183643
592,0.00177224
593,0.00179828
594,0.00174095
595,0.0017356
596,0.00167938
597,0.00166587
598,0.00160274
599,0.00151527
