2,0.0019173
3,0.0058729
4,0.00960309
5,0.0127277
6,0.0153628
7,0.0175606
8,0.0194221
9,0.0209912
10,0.0223821
11,0.0236855
12,0.0249539
13,0.0261956
14,0.027461
15,0.0287845
16,0.0301491
17,0.031579
18,0.033078
19,0.0346232
20,0.0362272
21,0.0378355
22,0.0394506
23,0.041013
24,0.0425089
25,0.0439032
26,0.045197
27,0.0463777
28,0.0474622
29,0.0484479
30,0.049336
31,0.050129
32,0.0508313
33,0.0514417
34,0.0519481
35,0.0523872
36,0.0527714
37,0.0531201
38,0.0534286
39,0.05372
40,0.0539807
41,0.0542277
42,0.0544517
43,0.0546663
44,0.0548663
45,0.0550607
46,0.0552459
47,0.0554262
48,0.0556032
49,0.0557741
50,0.055942
51,0.0561028
52,0.0562643
53,0.0564222
54,0.0565768
55,0.0567301
56,0.0568835
57,0.0570354
58,0.057186
59,0.0573364
60,0.0574827
61,0.0576309
62,0.0577743
63,0.0579141
64,0.0580517
65,0.0581868
66,0.0583175
67,0.0584454
68,0.0585731
69,0.0586968
70,0.0588212
71,0.0589419
72,0.0590649
73,0.0591814
74,0.0592997
75,0.0594149
76,0.059528
77,0.0596386
78,0.0597506
79,0.0598578
80,0.0599658
81,0.0600742
82,0.0601783
83,0.0602825
84,0.0603844
85,0.0604866
86,0.0605852
87,0.0606854
88,0.0607854
89,0.0608879
90,0.0609866
91,0.0610864
92,0.0611834
93,0.0612811
94,0.0613748
95,0.0614688
96,0.0615594
97,0.0616503
98,0.061738
99,0.0618269
100,0.0619128
101,0.0619979
102,0.0620828
103,0.0621671
104,0.0622497
105,0.0623329
106,0.0624154
107,0.062502
108,0.0625903
109,0.0626786
110,0.062765
111,0.062852
112,0.0629359
113,0.063021
114,0.0631027
115,0.0631857
116,0.063267
117,0.0633462
118,0.0634236
119,0.0635026
120,0.0635821
121,0.0636579
122,0.063737
123,0.0638112
124,0.0638905
125,0.0639647
126,0.0640439
127,0.0641179
128,0.0641915
129,0.0642587
130,0.0643312
131,0.0644004
132,0.0644701
133,0.0645382
134,0.0646096
135,0.0646774
136,0.0647472
137,0.0648148
138,0.0648844
139,0.0649505
140,0.0650193
141,0.0650843
142,0.0651516
143,0.0652157
144,0.0652792
145,0.065345
146,0.0654093
147,0.0654737
148,0.0655391
149,0.0656014
150,0.0656636
151,0.0657255
152,0.0657861
153,0.0658475
154,0.0659049
155,0.065967
156,0.0660298
157,0.0660921
158,0.0661552
159,0.0662192
160,0.0662803
161,0.0663431
162,0.0664033
163,0.066465
164,0.0665239
165,0.0665857
166,0.0666445
167,0.0667057
168,0.0667628
169,0.0668218
170,0.0668775
171,0.0669365
172,0.0669943
173,0.0670526
174,0.0671118
175,0.067171
176,0.0672311
177,0.0672917
178,0.0673525
179,0.0674168
180,0.0674841
181,0.0675499
182,0.0676049
183,0.0676505
184,0.0676923
185,0.0677331
186,0.0677751
187,0.067817
188,0.0678613
189,0.0679041
190,0.0679503
191,0.0679943
192,0.068043
193,0.0680873
194,0.0681371
195,0.0681841
196,0.0682349
197,0.0682834
198,0.0683324
199,0.0683788
200,0.0684285
201,0.0684763
202,0.0685242
203,0.0685735
204,0.0686185
205,0.0686659
206,0.0687099
207,0.0687573
208,0.0687992
209,0.0688444
210,0.0688901
211,0.0689348
212,0.0689789
213,0.0690224
214,0.0690647
215,0.0691055
216,0.0691429
217,0.0691879
218,0.0692361
219,0.0692933
220,0.0693475
221,0.0694026
222,0.0694551
223,0.0695102
224,0.0695605
225,0.0696121
226,0.0696618
227,0.0697098
228,0.0697561
229,0.0698002
230,0.0698466
231,0.0698875
232,0.0699307
233,0.0699687
234,0.0700102
235,0.0700479
236,0.0700884
237,0.070129
238,0.0701688
239,0.0702103
240,0.0702535
241,0.0702988
242,0.0703443
243,0.0703883
244,0.0704322
245,0.0704749
246,0.0705159
247,0.0705555
248,0.0705952
249,0.0706337
250,0.0706724
251,0.0707089
252,0.0707501
253,0.0707878
254,0.0708277
255,0.0708617
256,0.0708986
257,0.0709338
258,0.0709722
259,0.0710115
260,0.0710539
261,0.0710941
262,0.0711365
263,0.0711766
264,0.0712161
265,0.0712569
266,0.0712967
267,0.0713402
268,0.0713792
269,0.0714233
270,0.0714633
271,0.0715055
272,0.071547
273,0.0715885
274,0.0716322
275,0.071676
276,0.0717175
277,0.0717566
278,0.0717902
279,0.07182
280,0.0718493
281,0.0718793
282,0.07191
283,0.0719393
284,0.0719721
285,0.0720017
286,0.0720336
287,0.0720652
288,0.0720962
289,0.0721268
290,0.0721578
291,0.0721931
292,0.0722259
293,0.0722607
294,0.0722941
295,0.07233
296,0.072362
297,0.0723975
298,0.0724268
299,0.072458
300,0.0724872
301,0.0725156
302,0.0725447
303,0.0725771
304,0.0726144
305,0.0726502
306,0.072687
307,0.0727208
308,0.0727562
309,0.0727925
310,0.0728278
311,0.0728626
312,0.0728983
313,0.0729379
314,0.0729746
315,0.0730143
316,0.07305
317,0.0730878
318,0.0731208
319,0.073157
320,0.0731889
321,0.073221
322,0.0732502
323,0.073278
324,0.0733067
325,0.0733313
326,0.0733581
327,0.0733835
328,0.0734101
329,0.0734338
330,0.0734594
331,0.0734825
332,0.0735067
333,0.0735309
334,0.0735538
335,0.0735733
336,0.0735927
337,0.0736107
338,0.0736411
339,0.0736862
340,0.073736
341,0.0737813
342,0.073824
343,0.0738631
344,0.0739035
345,0.0739408
346,0.0739803
347,0.0740152
348,0.0740515
349,0.074085
350,0.0741172
351,0.0741481
352,0.0741786
353,0.0742098
354,0.0742414
355,0.0742728
356,0.0743021
357,0.0743307
358,0.0743586
359,0.0743881
360,0.0744172
361,0.0744449
362,0.0744732
363,0.0745035
364,0.0745301
365,0.0745582
366,0.0745861
367,0.074612
368,0.0746381
369,0.0746667
370,0.0746957
371,0.0747258
372,0.0747567
373,0.0747864
374,0.0748165
375,0.0748454
376,0.0748756
377,0.0749038
378,0.0749327
379,0.0749624
380,0.07499
381,0.0750187
382,0.0750464
383,0.0750749
384,0.0750999
385,0.0751294
386,0.0751576
387,0.0751845
388,0.0752125
389,0.0752387
390,0.0752655
391,0.0752884
392,0.0753147
393,0.0753379
394,0.0753631
395,0.0753878
396,0.075411
397,0.0754341
398,0.0754563
399,0.0754805
400,0.0755035
401,0.0755262
402,0.0755494
403,0.0755729
404,0.0755951
405,0.0756176
406,0.07564
407,0.0756688
408,0.0757023
409,0.0757405
410,0.0757737
411,0.0758077
412,0.0758428
413,0.0758761
414,0.0759067
415,0.0759365
416,0.0759648
417,0.0759917
418,0.0760161
419,0.0760438
420,0.0760705
421,0.0760977
422,0.076126
423,0.0761507
424,0.076176
425,0.0761987
426,0.0762239
427,0.0762491
428,0.0762744
429,0.0762976
430,0.0763222
431,0.0763478
432,0.0763726
433,0.0763989
434,0.076422
435,0.0764492
436,0.0764732
437,0.0765
438,0.0765275
439,0.0765536
440,0.0765811
441,0.0766061
442,0.0766295
443,0.0766543
444,0.0766836
445,0.0767085
446,0.0767354
447,0.0767603
448,0.0767858
449,0.0768071
450,0.0768274
451,0.0768438
452,0.0768599
453,0.0768757
454,0.0768969
455,0.076919
456,0.0769454
457,0.0769677
458,0.0769915
459,0.0770141
460,0.0770381
461,0.0770618
462,0.0770881
463,0.0771154
464,0.0771423
465,0.0771679
466,0.0771907
467,0.077212
468,0.0772329
469,0.0772538
470,0.0772738
471,0.0772938
472,0.0773147
473,0.0773351
474,0.077358
475,0.0773808
476,0.0774068
477,0.077432
478,0.0774567
479,0.0774807
480,0.0775
481,0.0775223
482,0.0775396
483,0.0775623
484,0.0775825
485,0.0776079
486,0.0776292
487,0.0776536
488,0.0776755
489,0.0776995
490,0.0777196
491,0.0777399
492,0.0777577
493,0.0777759
494,0.0777949
495,0.0778146
496,0.0778365
497,0.077862
498,0.0778887
499,0.0779161
500,0.0779457
501,0.0779737
502,0.0780046
503,0.0780324
504,0.0780637
505,0.0780935
506,0.0781283
507,0.0781628
508,0.0782012
509,0.0782451
510,0.0782916
511,0.0783321
512,0.0783597
513,0.0783741
514,0.0783823
515,0.0783872
516,0.0783942
517,0.0783993
518,0.0784069
519,0.0784165
520,0.0784251
521,0.0784375
522,0.0784493
523,0.0784658
524,0.0784807
525,0.0784997
526,0.0785188
527,0.07854
528,0.0785608
529,0.0785844
530,0.0786063
531,0.0786302
532,0.0786525
533,0.0786762
534,0.0787006
535,0.078723
536,0.0787483
537,0.0787715
538,0.0787932
539,0.0788164
540,0.078838
541,0.0788585
542,0.078881
543,0.0788993
544,0.0789216
545,0.0789408
546,0.0789628
547,0.0789829
548,0.0790049
549,0.0790248
550,0.079046
551,0.0790667
552,0.0790861
553,0.0791066
554,0.0791251
555,0.0791446
556,0.0791629
557,0.0791828
558,0.0791999
559,0.0792185
560,0.0792409
561,0.0792611
562,0.079285
563,0.0793087
564,0.0793354
565,0.0793618
566,0.0793907
567,0.0794201
568,0.0794546
569,0.0794881
570,0.0795246
571,0.0795611
572,0.0795949
573,0.0796218
574,0.0796401
575,0.0796562
576,0.0796683
577,0.0796814
578,0.0796924
579,0.0797036
580,0.0797126
581,0.0797233
582,0.0797334
583,0.0797445
584,0.0797574
585,0.0797703
586,0.0797814
587,0.0797959
588,0.0798063
589,0.079821
590,0.0798325
591,0.0798471
592,0.0798573
593,0.0798712
594,0.0798787
595,0.0798909
596,0.0798987
597,0.0799063
598,0.0799099
599,0.0799098
