2,0.947876
3,0.848244
4,0.760435
5,0.691699
6,0.636753
7,0.593487
8,0.559574
9,0.53251
10,0.509498
11,0.489074
12,0.469621
13,0.450395
14,0.430815
15,0.410303
16,0.388647
17,0.36612
18,0.342563
19,0.317807
20,0.291791
21,0.265822
22,0.239598
23,0.214153
24,0.189624
25,0.166876
26,0.146084
27,0.127507
28,0.111139
29,0.0970594
30,0.0850117
31,0.0752142
32,0.0679143
33,0.0630555
34,0.0592946
35,0.0561667
36,0.0529188
37,0.0498612
38,0.0468447
39,0.0441107
40,0.0414083
41,0.0390208
42,0.0366388
43,0.0344702
44,0.0323354
45,0.0303679
46,0.0284961
47,0.0267171
48,0.0250598
49,0.0235028
50,0.0220383
51,0.0206797
52,0.0193591
53,0.0181818
54,0.0170075
55,0.0159296
56,0.0149372
57,0.0139681
58,0.0130714
59,0.0122057
60,0.011467
61,0.0106834
62,0.0100488
63,0.00936691
64,0.00881156
65,0.0082218
66,0.00773701
67,0.0072231
68,0.00678876
69,0.00634503
70,0.00598696
71,0.00558657
72,0.00525403
73,0.00493256
74,0.00464394
75,0.00432673
76,0.00407389
77,0.00381038
78,0.00360231
79,0.00334457
80,0.00317354
81,0.00296614
82,0.00281964
83,0.00267244
84,0.00256681
85,0.00250482
86,0.00242533
87,0.00237419
88,0.00236
89,0.00234717
90,0.00236215
91,0.00233113
92,0.00236104
93,0.00223914
94,0.00222816
95,0.00204027
96,0.00195839
97,0.00165341
98,0.00155504
99,0.00116945
100,0.00113729
101,0.000983313
102,0.00104766
103,0.00124222
104,0.001391
105,0.00159656
106,0.0016756
107,0.00172623
108,0.00174973
109,0.0017623
110,0.00180753
111,0.00184072
112,0.00189768
113,0.00195585
114,0.00200691
115,0.00204782
116,0.00206711
117,0.00207478
118,0.00207974
119,0.00207831
120,0.00206751
121,0.00204007
122,0.00201517
123,0.00198826
124,0.00196107
125,0.00193989
126,0.00190174
127,0.0018746
128,0.00177184
129,0.0016181
130,0.00149166
131,0.00136422
132,0.00126316
133,0.00119704
134,0.00118354
135,0.00115137
136,0.00116425
137,0.00114261
138,0.00117241
139,0.00115127
140,0.00117894
141,0.00116339
142,0.00118459
143,0.00117036
144,0.0011667
145,0.00114467
146,0.00116041
147,0.00116444
148,0.00115885
149,0.00116815
150,0.00116604
151,0.00116309
152,0.0011398
153,0.00113731
154,0.00111326
155,0.00110136
156,0.00112031
157,0.00114891
158,0.00117995
159,0.00119753
160,0.00123003
161,0.00127877
162,0.00128129
163,0.00130577
164,0.00132718
165,0.00135179
166,0.00138527
167,0.00141683
168,0.0014446
169,0.00143017
170,0.00147698
171,0.00147874
172,0.00152229
173,0.00154306
174,0.00160567
175,0.00165795
176,0.00172359
177,0.00182534
178,0.00192544
179,0.0020795
180,0.00229988
181,0.00245107
182,0.0024527
183,0.00232874
184,0.00215036
185,0.0020283
186,0.00186369
187,0.00170431
188,0.00143165
189,0.00124597
190,0.0012657
191,0.00129941
192,0.00130851
193,0.0013065
194,0.00127692
195,0.00125432
196,0.00126449
197,0.00124863
198,0.00123694
199,0.00123468
200,0.0012128
201,0.0012148
202,0.00121022
203,0.0012027
204,0.00116846
205,0.00116698
206,0.00115161
207,0.00112236
208,0.00108635
209,0.00107221
210,0.00104384
211,0.00102604
212,0.00102126
213,0.000995978
214,0.000966452
215,0.000927695
216,0.000898948
217,0.000904696
218,0.000925244
219,0.000956397
220,0.00103253
221,0.00109147
222,0.00118647
223,0.00128647
224,0.00132587
225,0.00142861
226,0.00144702
227,0.00152815
228,0.00154118
229,0.00158691
230,0.00156694
231,0.0015732
232,0.00153927
233,0.00152828
234,0.00149916
235,0.00144212
236,0.00141101
237,0.00140206
238,0.00137832
239,0.00139204
240,0.00139784
241,0.00143983
242,0.00148369
243,0.00151339
244,0.00156315
245,0.00155193
246,0.00157372
247,0.00155633
248,0.00152395
249,0.00149809
250,0.00147361
251,0.00146251
252,0.00144169
253,0.00144916
254,0.00141164
255,0.00138773
256,0.00130953
257,0.00130834
258,0.00127106
259,0.00128529
260,0.00130157
261,0.00134848
262,0.00135776
263,0.00137984
264,0.00140575
265,0.00143272
266,0.00147723
267,0.00149429
268,0.00155408
269,0.00159283
270,0.00163285
271,0.00167016
272,0.00173162
273,0.00178471
274,0.00186636
275,0.00191966
276,0.00198963
277,0.00198806
278,0.001933
279,0.00183364
280,0.00172895
281,0.00167385
282,0.00159324
283,0.00155236
284,0.00149096
285,0.00144082
286,0.00136843
287,0.00132334
288,0.00124616
289,0.00112054
290,0.000818029
291,0.00085724
292,0.00100162
293,0.00104862
294,0.00106754
295,0.00107192
296,0.00107377
297,0.00104526
298,0.00103329
299,0.000988289
300,0.000966742
301,0.000932461
302,0.000918948
303,0.00091637
304,0.000927149
305,0.000932609
306,0.000957076
307,0.00093389
308,0.00095492
309,0.000969951
310,0.000980815
311,0.000963566
312,0.000991759
313,0.00102191
314,0.00107588
315,0.00109514
316,0.00112878
317,0.00117572
318,0.00117539
319,0.00120376
320,0.00120154
321,0.00120153
322,0.00116829
323,0.00115196
324,0.00107434
325,0.00103328
326,0.000996024
327,0.000931474
328,0.000918672
329,0.000861122
330,0.000850053
331,0.0008409
332,0.000841502
333,0.000863999
334,0.000904424
335,0.000968552
336,0.00107021
337,0.00116882
338,0.00122205
339,0.00110415
340,0.00095308
341,0.000867677
342,0.000839529
343,0.000836563
344,0.000869326
345,0.000890127
346,0.000942158
347,0.000981785
348,0.000870138
349,0.000752885
350,0.000795872
351,0.000955596
352,0.00102067
353,0.00106947
354,0.00109314
355,0.00111714
356,0.00110519
357,0.00108243
358,0.00109314
359,0.00107381
360,0.00108187
361,0.00107367
362,0.00107925
363,0.00106745
364,0.00104411
365,0.00102954
366,0.00101264
367,0.00100198
368,0.000974003
369,0.000978867
370,0.000976398
371,0.000988776
372,0.000958
373,0.00099789
374,0.000986526
375,0.00101066
376,0.000998535
377,0.00104019
378,0.0010251
379,0.00105192
380,0.00104271
381,0.00104523
382,0.00103169
383,0.00104536
384,0.00102182
385,0.00102464
386,0.00102311
387,0.00101947
388,0.00100972
389,0.00100343
390,0.000984455
391,0.000960872
392,0.000944179
393,0.000915035
394,0.000910397
395,0.000896064
396,0.000872858
397,0.00085913
398,0.000850677
399,0.000843413
400,0.000821511
401,0.000810253
402,0.000818991
403,0.000813695
404,0.000812852
405,0.000821835
406,0.00084217
407,0.000829335
408,0.000798319
409,0.000783799
410,0.000809473
411,0.000849527
412,0.000884396
413,0.000933414
414,0.000967539
415,0.000997304
416,0.00100076
417,0.00101917
418,0.00101174
419,0.0010298
420,0.00101474
421,0.00104841
422,0.00105651
423,0.0010483
424,0.00102321
425,0.00101526
426,0.00101616
427,0.00100024
428,0.000997425
429,0.000999142
430,0.000973736
431,0.000992033
432,0.000988092
433,0.000988418
434,0.000992525
435,0.000844586
436,0.000733867
437,0.000770195
438,0.000913563
439,0.00100495
440,0.00106287
441,0.00107222
442,0.00106058
443,0.00104871
444,0.00105964
445,0.00108574
446,0.0011085
447,0.00108633
448,0.00110094
449,0.0010715
450,0.00103721
451,0.000962511
452,0.000901244
453,0.00085754
454,0.000850326
455,0.000852046
456,0.000870912
457,0.000862066
458,0.000852053
459,0.000853875
460,0.000787113
461,0.000708847
462,0.000696298
463,0.000734894
464,0.000754902
465,0.000761838
466,0.000785558
467,0.000844003
468,0.000838782
469,0.000831814
470,0.000815759
471,0.000811972
472,0.00079645
473,0.000804578
474,0.000798228
475,0.000784061
476,0.000811453
477,0.000815948
478,0.000694788
479,0.000350704
480,0.000469297
481,0.000680847
482,0.000761418
483,0.000793021
484,0.000782448
485,0.000776063
486,0.000796505
487,0.000789082
488,0.000799812
489,0.000787277
490,0.000792315
491,0.000791593
492,0.000787906
493,0.000810082
494,0.000813328
495,0.000841232
496,0.000807
497,0.000816092
498,0.000809936
499,0.000794233
500,0.000795621
501,0.000806378
502,0.000835557
503,0.000883617
504,0.000941406
505,0.00101387
506,0.00114466
507,0.00126461
508,0.00149189
509,0.00171081
510,0.00202801
511,0.00219916
512,0.00218653
513,0.00200965
514,0.00185987
515,0.00167296
516,0.00154895
517,0.00138927
518,0.00129134
519,0.00117739
520,0.00110633
521,0.00103987
522,0.00101557
523,0.00100798
524,0.000998667
525,0.000995847
526,0.0010101
527,0.000981318
528,0.000935611
529,0.000919347
530,0.000956324
531,0.000914148
532,0.00102429
533,0.00106566
534,0.00125597
535,0.00134395
536,0.00149754
537,0.00153307
538,0.00162714
539,0.00161289
540,0.00173827
541,0.00171538
542,0.00185706
543,0.00180116
544,0.00192295
545,0.00184081
546,0.00192326
547,0.00178883
548,0.00184854
549,0.00166619
550,0.00180042
551,0.001559
552,0.0018009
553,0.00153307
554,0.00175178
555,0.00155069
556,0.00168239
557,0.00155686
558,0.00156869
559,0.00156242
560,0.00147017
561,0.00161932
562,0.00143293
563,0.00162218
564,0.00148367
565,0.00170147
566,0.00159893
567,0.0018397
568,0.00176138
569,0.00210157
570,0.00203937
571,0.00239686
572,0.00230534
573,0.00253945
574,0.00227086
575,0.00247209
576,0.00209712
577,0.00237307
578,0.00187444
579,0.00226092
580,0.00170077
581,0.00213206
582,0.00161228
583,0.00202889
584,0.00163981
585,0.00194927
586,0.0017357
587,0.00190261
588,0.00180693
589,0.00185156
590,0.00181425
591,0.00175019
592,0.00171262
593,0.00164742
594,0.0016094
595,0.00161267
596,0.0016339
597,0.00167904
598,0.00167137
599,0.00158204
