2,0.00184652
3,0.00569617
4,0.00936963
5,0.0124492
6,0.0150564
7,0.017227
8,0.0190263
9,0.0205424
10,0.0218858
11,0.0231171
12,0.0243058
13,0.025488
14,0.0266902
15,0.0279419
16,0.0292546
17,0.0306182
18,0.0320401
19,0.0335317
20,0.0350967
21,0.036671
22,0.0382693
23,0.0398409
24,0.0413768
25,0.0428337
26,0.0441992
27,0.0454618
28,0.0466205
29,0.0476746
30,0.0486364
31,0.0495073
32,0.0502962
33,0.0509952
34,0.0516104
35,0.0521385
36,0.0525768
37,0.0529746
38,0.0533177
39,0.0536415
40,0.053927
41,0.0541967
42,0.0544381
43,0.0546688
44,0.0548794
45,0.0550815
46,0.0552722
47,0.0554545
48,0.0556309
49,0.0557984
50,0.0559653
51,0.0561202
52,0.0562796
53,0.056426
54,0.0565804
55,0.0567272
56,0.0568784
57,0.0570261
58,0.0571777
59,0.057328
60,0.0574766
61,0.0576251
62,0.0577703
63,0.0579146
64,0.0580533
65,0.0581907
66,0.0583222
67,0.0584536
68,0.0585804
69,0.0587057
70,0.0588272
71,0.0589493
72,0.0590686
73,0.0591857
74,0.0593007
75,0.0594157
76,0.0595277
77,0.059638
78,0.0597494
79,0.0598581
80,0.0599658
81,0.060071
82,0.0601769
83,0.0602798
84,0.0603836
85,0.0604816
86,0.0605815
87,0.060681
88,0.0607806
89,0.060882
90,0.0609809
91,0.0610807
92,0.0611788
93,0.0612751
94,0.0613692
95,0.0614624
96,0.0615538
97,0.0616444
98,0.0617338
99,0.0618213
100,0.0619085
101,0.0619938
102,0.0620793
103,0.0621629
104,0.0622472
105,0.0623299
106,0.062413
107,0.0625004
108,0.0625888
109,0.0626779
110,0.0627648
111,0.0628516
112,0.0629374
113,0.0630215
114,0.0631056
115,0.0631875
116,0.0632689
117,0.0633477
118,0.0634273
119,0.0635043
120,0.0635839
121,0.0636614
122,0.0637374
123,0.0638141
124,0.0638908
125,0.0639687
126,0.0640453
127,0.0641231
128,0.0641936
129,0.0642644
130,0.0643339
131,0.064405
132,0.0644743
133,0.0645444
134,0.0646146
135,0.0646825
136,0.0647528
137,0.0648193
138,0.0648881
139,0.0649543
140,0.0650232
141,0.0650876
142,0.0651551
143,0.0652196
144,0.0652845
145,0.0653486
146,0.0654137
147,0.0654791
148,0.065542
149,0.0656079
150,0.0656687
151,0.0657324
152,0.0657916
153,0.0658528
154,0.0659102
155,0.0659715
156,0.0660326
157,0.066098
158,0.0661601
159,0.0662236
160,0.0662857
161,0.0663496
162,0.0664089
163,0.0664706
164,0.0665303
165,0.0665912
166,0.0666518
167,0.0667115
168,0.0667707
169,0.0668274
170,0.0668865
171,0.0669431
172,0.067003
173,0.0670604
174,0.0671205
175,0.0671796
176,0.0672402
177,0.0673016
178,0.0673641
179,0.06743
180,0.0675004
181,0.0675653
182,0.0676178
183,0.0676623
184,0.0677017
185,0.0677455
186,0.0677845
187,0.0678269
188,0.0678666
189,0.0679108
190,0.0679551
191,0.068
192,0.0680476
193,0.0680947
194,0.0681432
195,0.0681915
196,0.0682427
197,0.0682904
198,0.0683396
199,0.0683873
200,0.0684356
201,0.0684836
202,0.0685329
203,0.0685789
204,0.0686258
205,0.0686707
206,0.0687176
207,0.06876
208,0.0688048
209,0.0688484
210,0.0688933
211,0.0689373
212,0.0689825
213,0.0690255
214,0.069067
215,0.0691066
216,0.0691451
217,0.0691864
218,0.0692392
219,0.0692964
220,0.0693524
221,0.0694073
222,0.0694613
223,0.0695152
224,0.0695648
225,0.0696167
226,0.069664
227,0.0697142
228,0.0697599
229,0.0698064
230,0.0698492
231,0.0698923
232,0.0699337
233,0.0699751
234,0.0700156
235,0.0700532
236,0.0700939
237,0.070135
238,0.0701756
239,0.0702188
240,0.0702608
241,0.0703059
242,0.0703518
243,0.0703952
244,0.0704403
245,0.070481
246,0.0705237
247,0.0705628
248,0.0706015
249,0.0706396
250,0.070679
251,0.0707176
252,0.070757
253,0.0707973
254,0.0708346
255,0.070871
256,0.070905
257,0.0709427
258,0.0709794
259,0.0710195
260,0.0710602
261,0.0711029
262,0.0711435
263,0.0711841
264,0.0712249
265,0.0712646
266,0.0713072
267,0.0713484
268,0.0713906
269,0.071433
270,0.0714741
271,0.0715157
272,0.0715578
273,0.0716003
274,0.071645
275,0.071686
276,0.0717285
277,0.0717655
278,0.0717982
279,0.0718263
280,0.0718555
281,0.071886
282,0.0719162
283,0.0719482
284,0.0719798
285,0.0720103
286,0.0720415
287,0.0720723
288,0.0721027
289,0.0721332
290,0.0721629
291,0.0721948
292,0.0722272
293,0.0722632
294,0.072297
295,0.0723323
296,0.0723658
297,0.0723979
298,0.072431
299,0.0724593
300,0.0724901
301,0.0725189
302,0.0725484
303,0.0725827
304,0.0726186
305,0.0726551
306,0.0726904
307,0.0727259
308,0.0727621
309,0.0727986
310,0.0728335
311,0.072867
312,0.0729043
313,0.072942
314,0.0729801
315,0.0730165
316,0.0730528
317,0.0730893
318,0.0731235
319,0.073159
320,0.0731908
321,0.0732238
322,0.0732528
323,0.0732825
324,0.0733082
325,0.0733353
326,0.0733608
327,0.0733856
328,0.0734115
329,0.0734358
330,0.0734587
331,0.0734819
332,0.0735064
333,0.0735295
334,0.0735519
335,0.073573
336,0.0735921
337,0.0736103
338,0.073638
339,0.073682
340,0.0737315
341,0.073778
342,0.0738219
343,0.0738635
344,0.0739038
345,0.0739433
346,0.0739835
347,0.0740187
348,0.0740537
349,0.0740874
350,0.0741187
351,0.0741496
352,0.0741801
353,0.0742122
354,0.0742446
355,0.0742757
356,0.0743063
357,0.0743335
358,0.0743642
359,0.0743913
360,0.0744217
361,0.0744504
362,0.0744803
363,0.0745076
364,0.0745359
365,0.0745633
366,0.0745896
367,0.0746181
368,0.0746435
369,0.0746716
370,0.074699
371,0.0747303
372,0.0747581
373,0.0747889
374,0.0748183
375,0.0748469
376,0.0748772
377,0.0749068
378,0.0749361
379,0.0749667
380,0.0749943
381,0.0750227
382,0.0750511
383,0.0750789
384,0.0751052
385,0.0751344
386,0.0751628
387,0.07519
388,0.0752161
389,0.0752412
390,0.0752675
391,0.0752908
392,0.0753156
393,0.0753388
394,0.0753645
395,0.0753874
396,0.0754117
397,0.0754341
398,0.0754566
399,0.0754799
400,0.0755038
401,0.0755273
402,0.0755515
403,0.0755744
404,0.0755959
405,0.0756186
406,0.07564
407,0.0756687
408,0.0757042
409,0.0757398
410,0.0757753
411,0.0758113
412,0.0758463
413,0.0758783
414,0.0759093
415,0.075939
416,0.0759664
417,0.0759937
418,0.0760196
419,0.076047
420,0.0760731
421,0.076101
422,0.0761296
423,0.0761543
424,0.076178
425,0.0762026
426,0.0762282
427,0.0762519
428,0.0762768
429,0.0763018
430,0.0763249
431,0.0763526
432,0.0763777
433,0.0764026
434,0.0764275
435,0.0764512
436,0.0764776
437,0.0765053
438,0.0765299
439,0.0765581
440,0.0765852
441,0.0766106
442,0.0766353
443,0.0766597
444,0.0766857
445,0.0767132
446,0.0767405
447,0.0767641
448,0.076789
449,0.0768104
450,0.0768307
451,0.0768458
452,0.076862
453,0.0768771
454,0.0768989
455,0.0769225
456,0.0769488
457,0.076972
458,0.0769944
459,0.0770205
460,0.0770425
461,0.0770686
462,0.0770911
463,0.07712
464,0.0771462
465,0.0771718
466,0.0771928
467,0.0772149
468,0.0772349
469,0.0772553
470,0.0772752
471,0.0772944
472,0.077316
473,0.0773354
474,0.0773583
475,0.0773812
476,0.077408
477,0.077433
478,0.0774586
479,0.077481
480,0.0775024
481,0.0775225
482,0.0775418
483,0.0775632
484,0.0775867
485,0.0776099
486,0.0776328
487,0.0776554
488,0.0776771
489,0.0777001
490,0.077721
491,0.0777395
492,0.0777572
493,0.0777766
494,0.0777939
495,0.0778145
496,0.0778372
497,0.0778625
498,0.0778895
499,0.0779209
500,0.0779495
501,0.0779795
502,0.0780104
503,0.0780408
504,0.0780716
505,0.078105
506,0.07814
507,0.0781759
508,0.0782178
509,0.0782611
510,0.0783097
511,0.0783459
512,0.078366
513,0.0783732
514,0.0783802
515,0.0783856
516,0.0783936
517,0.0784001
518,0.078409
519,0.0784182
520,0.0784275
521,0.0784396
522,0.078451
523,0.0784674
524,0.078482
525,0.0785025
526,0.078521
527,0.0785431
528,0.0785621
529,0.0785867
530,0.0786074
531,0.0786318
532,0.0786554
533,0.0786784
534,0.0787028
535,0.078727
536,0.0787512
537,0.0787733
538,0.0787982
539,0.0788178
540,0.0788406
541,0.0788595
542,0.0788812
543,0.0789005
544,0.0789219
545,0.078942
546,0.0789632
547,0.078983
548,0.0790048
549,0.0790262
550,0.0790471
551,0.079069
552,0.0790899
553,0.0791102
554,0.0791295
555,0.0791494
556,0.0791677
557,0.0791868
558,0.0792059
559,0.0792256
560,0.0792462
561,0.0792688
562,0.0792908
563,0.0793148
564,0.0793398
565,0.0793681
566,0.0793968
567,0.0794276
568,0.0794606
569,0.079496
570,0.079533
571,0.0795691
572,0.0796024
573,0.0796233
574,0.079642
575,0.0796545
576,0.0796681
577,0.0796789
578,0.0796909
579,0.0797018
580,0.0797137
581,0.0797266
582,0.0797383
583,0.0797524
584,0.0797629
585,0.0797768
586,0.0797883
587,0.0798007
588,0.0798113
589,0.0798243
590,0.0798353
591,0.0798462
592,0.079857
593,0.0798671
594,0.0798768
595,0.0798883
596,0.0798979
597,0.0799049
598,0.0799083
599,0.0799094
