2,0.950835
3,0.853983
4,0.765261
5,0.694488
6,0.637509
7,0.592394
8,0.556342
9,0.527517
10,0.503571
11,0.482233
12,0.463335
13,0.445613
14,0.428141
15,0.410426
16,0.392223
17,0.372963
18,0.352592
19,0.330849
20,0.308408
21,0.285193
22,0.26127
23,0.237617
24,0.214255
25,0.191723
26,0.170167
27,0.150101
28,0.131414
29,0.114835
30,0.100171
31,0.087875
32,0.0772884
33,0.0693557
34,0.0633141
35,0.059285
36,0.0559625
37,0.0530545
38,0.0499802
39,0.0470279
40,0.0441682
41,0.0416118
42,0.0391215
43,0.036835
44,0.0346091
45,0.0325846
46,0.0306316
47,0.028775
48,0.0270138
49,0.0253201
50,0.0237655
51,0.0223101
52,0.0208765
53,0.0195476
54,0.0183185
55,0.0171616
56,0.0160555
57,0.0150055
58,0.0140291
59,0.0131271
60,0.0123175
61,0.0115335
62,0.0107793
63,0.0100745
64,0.00946696
65,0.00883735
66,0.00830999
67,0.00777725
68,0.00730877
69,0.00682606
70,0.00640809
71,0.00601643
72,0.00560694
73,0.00528033
74,0.00493137
75,0.00465144
76,0.00438222
77,0.00413683
78,0.00382784
79,0.00364764
80,0.00340464
81,0.0032308
82,0.00299208
83,0.00292287
84,0.00271163
85,0.00264958
86,0.0025178
87,0.00246074
88,0.00246968
89,0.00245383
90,0.00241211
91,0.00242889
92,0.00239309
93,0.00234413
94,0.00217438
95,0.00213888
96,0.00188644
97,0.00183437
98,0.00152503
99,0.00142299
100,0.00128782
101,0.00117068
102,0.00132662
103,0.00146102
104,0.00163632
105,0.00171233
106,0.00180262
107,0.00183067
108,0.00184912
109,0.00179516
110,0.00182779
111,0.0018408
112,0.00190092
113,0.0019047
114,0.00190634
115,0.00195463
116,0.00198269
117,0.00198041
118,0.00197845
119,0.00195785
120,0.00196859
121,0.00193699
122,0.00188476
123,0.0018373
124,0.00178539
125,0.0017211
126,0.00162845
127,0.00151918
128,0.00140366
129,0.00134714
130,0.0013054
131,0.00121477
132,0.00118537
133,0.00118553
134,0.00119147
135,0.0011725
136,0.00119469
137,0.00121154
138,0.0012065
139,0.0011863
140,0.00120656
141,0.001212
142,0.00119012
143,0.00120904
144,0.00122776
145,0.0011796
146,0.00124483
147,0.00120965
148,0.00120166
149,0.00120392
150,0.00122628
151,0.00119325
152,0.00116858
153,0.00119242
154,0.00115328
155,0.00117836
156,0.00117561
157,0.001193
158,0.00121678
159,0.00124447
160,0.00126657
161,0.00132913
162,0.00133329
163,0.00137362
164,0.00139186
165,0.00140963
166,0.00146699
167,0.00145193
168,0.00150722
169,0.0014935
170,0.00151498
171,0.00150782
172,0.00157122
173,0.00161813
174,0.00165432
175,0.0017085
176,0.00182989
177,0.00192878
178,0.00206032
179,0.00219876
180,0.00239528
181,0.00255349
182,0.00254882
183,0.0023888
184,0.00221702
185,0.00192895
186,0.00172783
187,0.00167109
188,0.0016172
189,0.00156085
190,0.00147842
191,0.00139923
192,0.00138454
193,0.0013484
194,0.00133395
195,0.0013176
196,0.00129462
197,0.00134433
198,0.00130643
199,0.00130179
200,0.00127689
201,0.00124786
202,0.00124873
203,0.0012699
204,0.0012123
205,0.00119155
206,0.00117432
207,0.00114103
208,0.00112572
209,0.00104222
210,0.00106229
211,0.00102663
212,0.00101817
213,0.00104057
214,0.00100646
215,0.00097221
216,0.000980463
217,0.000980106
218,0.000929347
219,0.00102294
220,0.00103461
221,0.00115316
222,0.00119187
223,0.0012965
224,0.00135622
225,0.00142886
226,0.00146778
227,0.00153158
228,0.00155738
229,0.00155724
230,0.0016035
231,0.00157246
232,0.00155505
233,0.00156982
234,0.00152282
235,0.00151054
236,0.00147334
237,0.00144162
238,0.00142413
239,0.00145337
240,0.00142621
241,0.00151772
242,0.00151402
243,0.00154748
244,0.00156266
245,0.00160306
246,0.00158246
247,0.00156341
248,0.0015629
249,0.0015386
250,0.00153294
251,0.00153285
252,0.00149454
253,0.00153907
254,0.00146626
255,0.00144774
256,0.00139108
257,0.00137253
258,0.00132488
259,0.00133919
260,0.00136351
261,0.00137358
262,0.00141348
263,0.00143493
264,0.00145694
265,0.0014725
266,0.00153818
267,0.00157479
268,0.00160633
269,0.00167872
270,0.00173249
271,0.0017885
272,0.00183444
273,0.00190824
274,0.00195801
275,0.00201624
276,0.00209678
277,0.00202323
278,0.00197676
279,0.00191959
280,0.00179435
281,0.00170825
282,0.00166275
283,0.00157026
284,0.00151514
285,0.00143705
286,0.00122411
287,0.00104468
288,0.00110831
289,0.0011586
290,0.00116367
291,0.00113301
292,0.00111328
293,0.00112245
294,0.00112085
295,0.00113078
296,0.00107548
297,0.00106617
298,0.00103318
299,0.00101444
300,0.00097778
301,0.000908263
302,0.000922886
303,0.000921205
304,0.000926558
305,0.000937199
306,0.000959744
307,0.000954028
308,0.000983935
309,0.000996967
310,0.00100727
311,0.0010073
312,0.00102682
313,0.00108608
314,0.00110115
315,0.00111123
316,0.00115346
317,0.00114091
318,0.00119866
319,0.00118906
320,0.0011778
321,0.00119094
322,0.00117976
323,0.00112106
324,0.00111322
325,0.00103808
326,0.00100039
327,0.000967933
328,0.000913523
329,0.000883467
330,0.000912826
331,0.000898462
332,0.000873473
333,0.000930884
334,0.000945448
335,0.00101916
336,0.00111937
337,0.00122425
338,0.00125258
339,0.00113347
340,0.000999669
341,0.000901987
342,0.000840367
343,0.000850002
344,0.000810758
345,0.00059112
346,0.000552667
347,0.000798339
348,0.000962253
349,0.00106792
350,0.00105477
351,0.0010926
352,0.00112012
353,0.00109906
354,0.00111444
355,0.00112599
356,0.0011175
357,0.00112285
358,0.00112109
359,0.00108405
360,0.00110778
361,0.00107377
362,0.00113412
363,0.00111399
364,0.00107119
365,0.0010667
366,0.00106776
367,0.00103754
368,0.00100233
369,0.0010031
370,0.000995282
371,0.00101447
372,0.000996391
373,0.00102445
374,0.00100138
375,0.00101817
376,0.00102283
377,0.00103442
378,0.00103081
379,0.00105306
380,0.00103929
381,0.00105717
382,0.00106114
383,0.00105102
384,0.00108478
385,0.00104895
386,0.00107594
387,0.00105014
388,0.00103763
389,0.00104034
390,0.00100338
391,0.000980586
392,0.000939774
393,0.000925454
394,0.000891906
395,0.00089146
396,0.000873456
397,0.000848951
398,0.000832167
399,0.000823748
400,0.000830268
401,0.000808052
402,0.000809553
403,0.000824813
404,0.000851798
405,0.000818393
406,0.000884793
407,0.000868669
408,0.000827591
409,0.000833177
410,0.000862381
411,0.000889073
412,0.000904947
413,0.000926106
414,0.000944056
415,0.000996817
416,0.00100288
417,0.00100033
418,0.00103689
419,0.00102604
420,0.00102534
421,0.00103031
422,0.00109373
423,0.00106671
424,0.00109737
425,0.00105707
426,0.00106958
427,0.00104842
428,0.00100489
429,0.000998365
430,0.00102513
431,0.00102353
432,0.000839469
433,0.00070911
434,0.000778144
435,0.000944881
436,0.000974367
437,0.000998567
438,0.00106358
439,0.00107528
440,0.00106629
441,0.00108951
442,0.00107696
443,0.00105861
444,0.00113164
445,0.00111951
446,0.00111772
447,0.0011574
448,0.00112695
449,0.00111297
450,0.0010455
451,0.000993514
452,0.000936186
453,0.000889529
454,0.000874962
455,0.000862457
456,0.000865178
457,0.000841982
458,0.000683676
459,0.000644016
460,0.00066721
461,0.0006944
462,0.000770272
463,0.00083799
464,0.000905362
465,0.000916291
466,0.000922009
467,0.000916727
468,0.000893836
469,0.000878093
470,0.000839675
471,0.000806294
472,0.000840171
473,0.000830954
474,0.000802866
475,0.000791217
476,0.000465659
477,0.000359598
478,0.000613133
479,0.000752399
480,0.000796476
481,0.000797904
482,0.000827418
483,0.000821471
484,0.00082628
485,0.000818537
486,0.000822471
487,0.000801379
488,0.000826966
489,0.000811065
490,0.0008359
491,0.000816475
492,0.000799239
493,0.000830324
494,0.000831461
495,0.000846688
496,0.000839524
497,0.000844438
498,0.000810572
499,0.000829258
500,0.000812711
501,0.000828922
502,0.000919264
503,0.000939346
504,0.00107008
505,0.00114246
506,0.00127022
507,0.0014511
508,0.001674
509,0.00197192
510,0.002192
511,0.00230801
512,0.00224965
513,0.00211033
514,0.00195637
515,0.00175498
516,0.00164416
517,0.00148638
518,0.00139861
519,0.00128634
520,0.0012454
521,0.00118226
522,0.00115579
523,0.00111788
524,0.00108697
525,0.000994877
526,0.00102024
527,0.000988203
528,0.00110281
529,0.00103684
530,0.00125046
531,0.00123709
532,0.0014542
533,0.00150372
534,0.00166512
535,0.00171447
536,0.0018494
537,0.00185268
538,0.00188807
539,0.00185134
540,0.00184733
541,0.00177967
542,0.00179548
543,0.00172521
544,0.0017739
545,0.00172373
546,0.00173965
547,0.00165384
548,0.00171656
549,0.00166798
550,0.001672
551,0.00161877
552,0.00167497
553,0.00164302
554,0.0016673
555,0.00166141
556,0.00163422
557,0.0016682
558,0.00157823
559,0.00162075
560,0.00155045
561,0.00143592
562,0.00161917
563,0.00137307
564,0.00169595
565,0.00132872
566,0.0018278
567,0.00150644
568,0.00197311
569,0.00176167
570,0.00224967
571,0.0020841
572,0.00250013
573,0.0022503
574,0.00252749
575,0.00213996
576,0.00232925
577,0.00199445
578,0.00206562
579,0.00182368
580,0.00191743
581,0.00169888
582,0.00183818
583,0.0016786
584,0.00177541
585,0.00167338
586,0.00173994
587,0.00168429
588,0.00172814
589,0.00173055
590,0.0017604
591,0.00175716
592,0.00172301
593,0.00168184
594,0.00167374
595,0.00165487
596,0.00165925
597,0.00167092
598,0.00167775
599,0.00165162
