2,0.948241
3,0.849285
4,0.760449
5,0.688333
6,0.630393
7,0.58459
8,0.547271
9,0.517366
10,0.492996
11,0.472137
12,0.453657
13,0.437133
14,0.422174
15,0.407115
16,0.391467
17,0.375331
18,0.358337
19,0.340209
20,0.321139
21,0.300672
22,0.279725
23,0.258159
24,0.236305
25,0.214546
26,0.193057
27,0.172405
28,0.152979
29,0.134723
30,0.118274
31,0.103522
32,0.0907415
33,0.079749
34,0.0706317
35,0.0636042
36,0.0586825
37,0.0551214
38,0.0520451
39,0.0491412
40,0.0462421
41,0.0436123
42,0.0410034
43,0.0386767
44,0.0363055
45,0.0342351
46,0.0322018
47,0.0303221
48,0.0284497
49,0.0267294
50,0.0250727
51,0.0234828
52,0.022051
53,0.0205855
54,0.0193287
55,0.0180712
56,0.016949
57,0.0157992
58,0.0148224
59,0.0138142
60,0.0129358
61,0.0121055
62,0.0113618
63,0.0106016
64,0.0099468
65,0.00931689
66,0.00869791
67,0.00820441
68,0.00764406
69,0.00717937
70,0.00669177
71,0.00632379
72,0.00589206
73,0.00550556
74,0.00523454
75,0.00484278
76,0.00458376
77,0.00425883
78,0.00405938
79,0.00375682
80,0.00359051
81,0.00336468
82,0.0031568
83,0.00299493
84,0.00291901
85,0.00269359
86,0.0026458
87,0.00255222
88,0.00252196
89,0.00246451
90,0.00242253
91,0.00240142
92,0.00238292
93,0.00231097
94,0.00225648
95,0.00212547
96,0.00203166
97,0.00174585
98,0.00172835
99,0.00129357
100,0.00142489
101,0.00110825
102,0.00138294
103,0.00150306
104,0.00169304
105,0.00181711
106,0.00182894
107,0.00183795
108,0.00182057
109,0.00177717
110,0.00178387
111,0.00176194
112,0.00177955
113,0.00180922
114,0.00183463
115,0.00182554
116,0.00183656
117,0.0018323
118,0.0018041
119,0.00178455
120,0.00179033
121,0.00172153
122,0.00157047
123,0.00152637
124,0.00142385
125,0.00132712
126,0.00132969
127,0.00128287
128,0.00125068
129,0.00120306
130,0.00122421
131,0.00118654
132,0.00115924
133,0.00117903
134,0.00113429
135,0.00119365
136,0.001179
137,0.00120404
138,0.00119832
139,0.00118939
140,0.00117298
141,0.00118908
142,0.00119989
143,0.00121488
144,0.00120947
145,0.00121256
146,0.00120896
147,0.00120085
148,0.00123356
149,0.00118428
150,0.00119988
151,0.00120306
152,0.00118708
153,0.00118954
154,0.0011857
155,0.00114375
156,0.00115617
157,0.00118208
158,0.00122255
159,0.00126572
160,0.00133441
161,0.00130621
162,0.00138073
163,0.00137473
164,0.00141823
165,0.00143099
166,0.00144974
167,0.00146976
168,0.0015361
169,0.00148864
170,0.00153562
171,0.00158737
172,0.00162349
173,0.00165621
174,0.0017402
175,0.00181155
176,0.00187707
177,0.00200586
178,0.00213505
179,0.00228832
180,0.00249308
181,0.00257259
182,0.00243017
183,0.00233759
184,0.00221551
185,0.00210868
186,0.00197177
187,0.00182849
188,0.00171934
189,0.0016698
190,0.00153019
191,0.00147958
192,0.00143445
193,0.00141108
194,0.00137654
195,0.00139317
196,0.001351
197,0.00134489
198,0.00132261
199,0.00131317
200,0.00127627
201,0.00130014
202,0.00124779
203,0.00125474
204,0.00120678
205,0.00118512
206,0.00115866
207,0.00114991
208,0.00108832
209,0.00108188
210,0.0010616
211,0.00102179
212,0.00102048
213,0.000986854
214,0.000983102
215,0.00101331
216,0.000936596
217,0.000968147
218,0.000960633
219,0.00100693
220,0.00103556
221,0.0011406
222,0.00120464
223,0.00131154
224,0.00137227
225,0.00139593
226,0.00146313
227,0.00151801
228,0.00157772
229,0.00157988
230,0.00160627
231,0.00156686
232,0.00159497
233,0.00158103
234,0.00153194
235,0.00150766
236,0.00148654
237,0.00144996
238,0.00146057
239,0.00143089
240,0.00148751
241,0.00151722
242,0.00155397
243,0.00157687
244,0.00160443
245,0.00165085
246,0.00163131
247,0.0016399
248,0.00158497
249,0.00160475
250,0.00158515
251,0.00157007
252,0.00156375
253,0.00154093
254,0.00155797
255,0.0014781
256,0.00142355
257,0.00141712
258,0.00139523
259,0.00141954
260,0.00141064
261,0.00144514
262,0.00146531
263,0.00147722
264,0.00148921
265,0.00154392
266,0.00161503
267,0.00163495
268,0.00168874
269,0.00179218
270,0.00182848
271,0.00187082
272,0.00193281
273,0.00202037
274,0.00210154
275,0.00212544
276,0.00211758
277,0.00214298
278,0.00203457
279,0.00195216
280,0.00183398
281,0.00174464
282,0.0016614
283,0.00140048
284,0.0013697
285,0.00137468
286,0.00138892
287,0.0013559
288,0.00128137
289,0.00123295
290,0.00121908
291,0.00116372
292,0.00115333
293,0.00112534
294,0.00112191
295,0.00110413
296,0.00110948
297,0.00106658
298,0.00103164
299,0.000995259
300,0.000953489
301,0.000923819
302,0.000894668
303,0.000902472
304,0.000907976
305,0.000923619
306,0.000967539
307,0.000969625
308,0.000964919
309,0.000993991
310,0.00102188
311,0.000971158
312,0.00103262
313,0.00107076
314,0.00109715
315,0.00113448
316,0.00112958
317,0.00115338
318,0.00115671
319,0.00117318
320,0.00118909
321,0.00118087
322,0.00117655
323,0.00113454
324,0.00107782
325,0.00104214
326,0.000983587
327,0.000936927
328,0.000919162
329,0.000856031
330,0.000876305
331,0.000870257
332,0.000866889
333,0.000882104
334,0.000944326
335,0.00103273
336,0.00113061
337,0.00124669
338,0.00127072
339,0.00118987
340,0.000986823
341,0.000780985
342,0.000387269
343,0.000459882
344,0.000732344
345,0.000822738
346,0.000938084
347,0.000973163
348,0.00101991
349,0.00106787
350,0.00108995
351,0.0010876
352,0.00109767
353,0.00112298
354,0.00110439
355,0.00115437
356,0.00113899
357,0.00113818
358,0.0011258
359,0.00111836
360,0.00111787
361,0.00113159
362,0.0011338
363,0.00111072
364,0.00110899
365,0.00105229
366,0.00108981
367,0.00104237
368,0.00100046
369,0.00101014
370,0.000994779
371,0.00102183
372,0.000995748
373,0.00100446
374,0.00101131
375,0.000985045
376,0.00100188
377,0.00102102
378,0.00103048
379,0.00105344
380,0.00106621
381,0.00109591
382,0.00107968
383,0.00106808
384,0.00108188
385,0.00107442
386,0.00106526
387,0.00107536
388,0.00104361
389,0.0010439
390,0.000984349
391,0.000995464
392,0.000941689
393,0.000899147
394,0.000888196
395,0.000866886
396,0.000843598
397,0.000828067
398,0.000837877
399,0.000790912
400,0.000781954
401,0.000822209
402,0.000825543
403,0.000808083
404,0.000856027
405,0.000836108
406,0.000852055
407,0.000834481
408,0.000847844
409,0.000821447
410,0.000830265
411,0.000847378
412,0.000874311
413,0.000916802
414,0.000954842
415,0.000980944
416,0.000994356
417,0.00102845
418,0.000997367
419,0.0010355
420,0.00106481
421,0.00103928
422,0.00107604
423,0.00109881
424,0.00107003
425,0.00108769
426,0.00109209
427,0.00103127
428,0.00092631
429,0.000778445
430,0.000763335
431,0.000912239
432,0.00100205
433,0.00102802
434,0.00102449
435,0.00100123
436,0.00100488
437,0.00104445
438,0.00105866
439,0.00109778
440,0.0011216
441,0.00110557
442,0.00109536
443,0.00108278
444,0.00112419
445,0.00116432
446,0.00118139
447,0.00114446
448,0.00116569
449,0.00111696
450,0.00107252
451,0.000979801
452,0.000932452
453,0.00090037
454,0.000850277
455,0.000704437
456,0.000628606
457,0.000648334
458,0.000685727
459,0.000769182
460,0.00084009
461,0.00087311
462,0.000885478
463,0.000913423
464,0.000940271
465,0.000924144
466,0.000929485
467,0.000917945
468,0.000879622
469,0.000882972
470,0.000858412
471,0.000843204
472,0.000753264
473,0.000463975
474,0.000342484
475,0.000623192
476,0.000732291
477,0.000763766
478,0.000792996
479,0.000829405
480,0.000828251
481,0.000806213
482,0.000777952
483,0.000788403
484,0.000794045
485,0.000776617
486,0.000835291
487,0.000800683
488,0.000811431
489,0.000787648
490,0.000789394
491,0.000811939
492,0.000809871
493,0.000806426
494,0.000811208
495,0.000818891
496,0.000832849
497,0.000800222
498,0.000754729
499,0.000780685
500,0.00079451
501,0.000836321
502,0.000919613
503,0.000967177
504,0.00107103
505,0.00118959
506,0.00134724
507,0.00153106
508,0.00181044
509,0.00205245
510,0.00233121
511,0.00235139
512,0.00223184
513,0.00204428
514,0.00188289
515,0.00169932
516,0.00151982
517,0.00140413
518,0.00125564
519,0.00118997
520,0.00111528
521,0.00104026
522,0.00103419
523,0.00102102
524,0.00105204
525,0.00102556
526,0.00107639
527,0.00107099
528,0.00114547
529,0.00127918
530,0.0013618
531,0.0014754
532,0.00161509
533,0.00166746
534,0.00172604
535,0.00178783
536,0.00175079
537,0.00172715
538,0.00172518
539,0.00160686
540,0.00169355
541,0.00158609
542,0.00169702
543,0.0016254
544,0.00172711
545,0.00161587
546,0.00173585
547,0.00156945
548,0.00168504
549,0.00150471
550,0.00158469
551,0.00142226
552,0.00152904
553,0.00135053
554,0.00150637
555,0.00135164
556,0.00148634
557,0.00130219
558,0.00147931
559,0.00137571
560,0.00148431
561,0.00139069
562,0.0015197
563,0.00149631
564,0.00153299
565,0.00159412
566,0.00158352
567,0.00180958
568,0.00171098
569,0.00211763
570,0.00196782
571,0.00247605
572,0.00223626
573,0.00255181
574,0.00216197
575,0.00237082
576,0.00209338
577,0.00220767
578,0.00212377
579,0.00208872
580,0.00205885
581,0.00198664
582,0.00194847
583,0.00191619
584,0.0018886
585,0.00184627
586,0.00183761
587,0.00183917
588,0.00180001
589,0.00173741
590,0.0017051
591,0.00168469
592,0.00162628
593,0.00159753
594,0.00158601
595,0.00162571
596,0.00163412
597,0.00167576
598,0.00170955
599,0.00173939
