2,0.0018336
3,0.00565693
4,0.00936862
5,0.0125841
6,0.015318
7,0.0176009
8,0.0195528
9,0.0212005
10,0.0226114
11,0.0238685
12,0.0250182
13,0.0260784
14,0.0270635
15,0.0280529
16,0.0290737
17,0.0301174
18,0.0312062
19,0.0323561
20,0.0335557
21,0.0348318
22,0.036141
23,0.0374849
24,0.0388551
25,0.0402275
26,0.0415968
27,0.0429276
28,0.0442071
29,0.0454324
30,0.0465732
31,0.0476329
32,0.0486002
33,0.0494863
34,0.0502845
35,0.0510063
36,0.051654
37,0.0522281
38,0.0527255
39,0.0531551
40,0.0535267
41,0.0538605
42,0.0541628
43,0.0544398
44,0.0546944
45,0.0549248
46,0.0551404
47,0.0553409
48,0.0555276
49,0.0557047
50,0.0558775
51,0.0560421
52,0.0562078
53,0.0563632
54,0.0565267
55,0.056683
56,0.0568421
57,0.0569985
58,0.0571541
59,0.057309
60,0.0574614
61,0.0576139
62,0.0577581
63,0.0579071
64,0.0580463
65,0.0581876
66,0.0583222
67,0.0584553
68,0.0585841
69,0.0587115
70,0.0588343
71,0.0589573
72,0.0590757
73,0.059194
74,0.0593092
75,0.0594227
76,0.0595333
77,0.0596431
78,0.0597491
79,0.0598582
80,0.0599616
81,0.0600651
82,0.0601674
83,0.0602704
84,0.0603668
85,0.0604712
86,0.0605679
87,0.0606692
88,0.0607658
89,0.0608682
90,0.0609658
91,0.0610659
92,0.0611651
93,0.0612596
94,0.0613533
95,0.0614456
96,0.0615411
97,0.0616265
98,0.0617218
99,0.0618073
100,0.0618978
101,0.0619829
102,0.0620716
103,0.0621561
104,0.0622415
105,0.0623227
106,0.062409
107,0.0624964
108,0.0625863
109,0.0626731
110,0.0627633
111,0.062848
112,0.0629367
113,0.0630174
114,0.0631004
115,0.063185
116,0.0632653
117,0.0633439
118,0.0634251
119,0.0635045
120,0.0635843
121,0.0636618
122,0.0637391
123,0.0638167
124,0.0638925
125,0.063971
126,0.0640461
127,0.0641233
128,0.0641938
129,0.0642646
130,0.064335
131,0.0644056
132,0.0644733
133,0.0645469
134,0.064612
135,0.0646876
136,0.0647517
137,0.0648242
138,0.0648911
139,0.0649583
140,0.0650249
141,0.0650937
142,0.0651597
143,0.0652242
144,0.0652886
145,0.0653542
146,0.0654171
147,0.065482
148,0.0655478
149,0.0656093
150,0.0656712
151,0.0657367
152,0.0657971
153,0.0658552
154,0.0659184
155,0.0659745
156,0.0660389
157,0.0661019
158,0.0661671
159,0.0662286
160,0.066295
161,0.0663523
162,0.0664179
163,0.0664771
164,0.0665377
165,0.066597
166,0.0666573
167,0.0667166
168,0.0667776
169,0.0668323
170,0.0668922
171,0.0669512
172,0.0670116
173,0.0670702
174,0.0671311
175,0.0671929
176,0.0672519
177,0.0673162
178,0.0673804
179,0.0674467
180,0.067515
181,0.0675782
182,0.0676273
183,0.0676719
184,0.0677117
185,0.0677523
186,0.0677927
187,0.0678342
188,0.0678767
189,0.067923
190,0.0679636
191,0.0680114
192,0.0680568
193,0.0681064
194,0.0681524
195,0.0682016
196,0.0682521
197,0.0682998
198,0.0683473
199,0.0683949
200,0.0684416
201,0.0684914
202,0.0685367
203,0.0685833
204,0.0686286
205,0.0686749
206,0.068717
207,0.0687645
208,0.0688055
209,0.0688512
210,0.0688963
211,0.0689402
212,0.0689836
213,0.0690261
214,0.0690732
215,0.0691132
216,0.0691534
217,0.0691978
218,0.0692466
219,0.0693017
220,0.0693552
221,0.0694096
222,0.0694609
223,0.069517
224,0.0695673
225,0.0696168
226,0.0696663
227,0.0697145
228,0.0697622
229,0.0698072
230,0.0698529
231,0.0698932
232,0.0699385
233,0.0699799
234,0.0700189
235,0.0700581
236,0.0701001
237,0.0701382
238,0.070183
239,0.0702213
240,0.0702692
241,0.0703121
242,0.0703584
243,0.0704012
244,0.0704445
245,0.0704894
246,0.0705291
247,0.0705705
248,0.0706071
249,0.0706502
250,0.0706888
251,0.0707272
252,0.0707679
253,0.0708054
254,0.0708471
255,0.070879
256,0.0709143
257,0.0709536
258,0.0709892
259,0.0710313
260,0.0710703
261,0.0711121
262,0.0711525
263,0.0711939
264,0.0712337
265,0.0712766
266,0.0713202
267,0.0713616
268,0.071404
269,0.0714479
270,0.0714907
271,0.0715315
272,0.0715743
273,0.0716183
274,0.0716625
275,0.0717024
276,0.0717397
277,0.0717766
278,0.0718058
279,0.0718358
280,0.071864
281,0.0718943
282,0.0719258
283,0.0719533
284,0.0719866
285,0.0720141
286,0.0720463
287,0.0720778
288,0.0721067
289,0.0721359
290,0.0721699
291,0.0722007
292,0.0722337
293,0.0722675
294,0.072301
295,0.0723336
296,0.0723676
297,0.0724001
298,0.07243
299,0.0724611
300,0.0724888
301,0.0725206
302,0.0725498
303,0.0725822
304,0.0726212
305,0.0726574
306,0.072693
307,0.0727317
308,0.0727649
309,0.0727997
310,0.0728368
311,0.0728695
312,0.0729057
313,0.0729445
314,0.072981
315,0.0730185
316,0.0730532
317,0.0730882
318,0.0731238
319,0.0731569
320,0.0731899
321,0.0732237
322,0.0732534
323,0.0732837
324,0.0733089
325,0.0733363
326,0.07336
327,0.0733873
328,0.0734101
329,0.0734356
330,0.073457
331,0.0734781
332,0.0735005
333,0.0735237
334,0.073545
335,0.0735658
336,0.0735854
337,0.0736032
338,0.0736321
339,0.0736733
340,0.0737229
341,0.0737681
342,0.0738125
343,0.0738544
344,0.0738989
345,0.0739374
346,0.0739795
347,0.0740178
348,0.0740545
349,0.0740876
350,0.0741225
351,0.0741533
352,0.0741838
353,0.0742171
354,0.074248
355,0.0742795
356,0.0743091
357,0.0743398
358,0.0743672
359,0.0743977
360,0.0744262
361,0.0744577
362,0.074487
363,0.0745149
364,0.0745432
365,0.0745675
366,0.0745977
367,0.0746213
368,0.0746483
369,0.0746754
370,0.0747031
371,0.074734
372,0.0747607
373,0.0747896
374,0.0748207
375,0.0748473
376,0.0748782
377,0.0749076
378,0.0749388
379,0.0749685
380,0.0749969
381,0.0750289
382,0.0750554
383,0.0750831
384,0.0751131
385,0.0751394
386,0.0751665
387,0.0751953
388,0.0752186
389,0.075244
390,0.0752661
391,0.0752922
392,0.0753149
393,0.0753368
394,0.0753632
395,0.0753848
396,0.0754095
397,0.0754318
398,0.0754558
399,0.0754794
400,0.0755001
401,0.075527
402,0.0755489
403,0.0755743
404,0.0755965
405,0.0756167
406,0.0756409
407,0.0756712
408,0.0757045
409,0.0757377
410,0.0757777
411,0.0758096
412,0.0758438
413,0.0758765
414,0.0759099
415,0.075936
416,0.0759667
417,0.075997
418,0.0760203
419,0.0760489
420,0.0760779
421,0.0761056
422,0.0761322
423,0.0761602
424,0.076183
425,0.0762087
426,0.0762349
427,0.0762576
428,0.0762811
429,0.0763061
430,0.0763299
431,0.0763554
432,0.0763813
433,0.0764062
434,0.0764311
435,0.0764552
436,0.0764835
437,0.07651
438,0.0765357
439,0.0765642
440,0.0765929
441,0.0766162
442,0.0766395
443,0.0766664
444,0.0766926
445,0.0767216
446,0.0767459
447,0.0767701
448,0.0767958
449,0.0768127
450,0.0768349
451,0.0768476
452,0.0768642
453,0.0768819
454,0.0769018
455,0.0769268
456,0.0769498
457,0.0769767
458,0.0769995
459,0.0770229
460,0.0770477
461,0.0770747
462,0.077099
463,0.0771259
464,0.0771531
465,0.0771763
466,0.0771977
467,0.0772212
468,0.0772396
469,0.0772588
470,0.0772787
471,0.077297
472,0.0773172
473,0.0773373
474,0.0773579
475,0.0773819
476,0.0774074
477,0.0774324
478,0.077459
479,0.0774831
480,0.0775012
481,0.0775246
482,0.0775431
483,0.0775657
484,0.0775875
485,0.0776092
486,0.0776343
487,0.0776521
488,0.077677
489,0.0776988
490,0.0777184
491,0.0777364
492,0.0777563
493,0.0777753
494,0.0777921
495,0.0778129
496,0.0778392
497,0.0778633
498,0.0778923
499,0.0779257
500,0.0779543
501,0.0779887
502,0.0780204
503,0.0780533
504,0.0780885
505,0.0781238
506,0.0781603
507,0.0782018
508,0.0782458
509,0.0782899
510,0.0783346
511,0.0783589
512,0.078371
513,0.0783758
514,0.0783824
515,0.0783885
516,0.0783924
517,0.078404
518,0.0784088
519,0.0784208
520,0.0784322
521,0.0784426
522,0.0784582
523,0.078471
524,0.0784901
525,0.0785077
526,0.0785277
527,0.0785462
528,0.0785682
529,0.0785912
530,0.0786113
531,0.0786327
532,0.0786567
533,0.0786788
534,0.0787011
535,0.078728
536,0.0787534
537,0.0787759
538,0.0787993
539,0.0788198
540,0.0788427
541,0.0788645
542,0.0788828
543,0.0789046
544,0.0789251
545,0.0789445
546,0.0789648
547,0.0789865
548,0.0790079
549,0.0790286
550,0.0790494
551,0.0790719
552,0.0790904
553,0.0791128
554,0.0791299
555,0.0791532
556,0.0791709
557,0.0791903
558,0.0792098
559,0.0792289
560,0.0792509
561,0.0792745
562,0.0792992
563,0.0793253
564,0.079355
565,0.0793805
566,0.0794123
567,0.079447
568,0.079482
569,0.0795185
570,0.079555
571,0.0795902
572,0.0796185
573,0.0796358
574,0.079649
575,0.0796628
576,0.0796736
577,0.0796828
578,0.0796935
579,0.079703
580,0.0797162
581,0.0797241
582,0.0797414
583,0.0797524
584,0.0797656
585,0.0797787
586,0.0797933
587,0.0798061
588,0.0798177
589,0.0798281
590,0.0798388
591,0.0798493
592,0.0798598
593,0.0798678
594,0.0798741
595,0.0798856
596,0.0798926
597,0.079898
598,0.0799014
599,0.0799021
