2,0.946247
3,0.84544
4,0.75579
5,0.682932
6,0.624381
7,0.577578
8,0.539941
9,0.510064
10,0.485691
11,0.465083
12,0.447334
13,0.431926
14,0.418144
15,0.404804
16,0.391556
17,0.377681
18,0.363192
19,0.347427
20,0.330834
21,0.313357
22,0.294527
23,0.275101
24,0.255139
25,0.234507
26,0.213742
27,0.193332
28,0.173498
29,0.154728
30,0.137317
31,0.121135
32,0.106696
33,0.0938379
34,0.0828922
35,0.073368
36,0.0660219
37,0.0601681
38,0.0561269
39,0.052806
40,0.049969
41,0.0470979
42,0.0444803
43,0.0418656
44,0.0394135
45,0.0371102
46,0.0349753
47,0.0329272
48,0.0309141
49,0.029051
50,0.0272583
51,0.0255423
52,0.0239402
53,0.0224189
54,0.0209693
55,0.0196164
56,0.018381
57,0.0171149
58,0.0161137
59,0.0150068
60,0.0140619
61,0.0131427
62,0.0123289
63,0.0114886
64,0.0108242
65,0.0101152
66,0.00947884
67,0.00887353
68,0.00830633
69,0.00780241
70,0.00730954
71,0.00684861
72,0.00644882
73,0.0060182
74,0.00562836
75,0.00534141
76,0.00492258
77,0.00469591
78,0.00436394
79,0.00415791
80,0.00387325
81,0.00365587
82,0.00344281
83,0.00325545
84,0.00308583
85,0.00288724
86,0.00280969
87,0.00266626
88,0.00261417
89,0.00246222
90,0.00249794
91,0.00235033
92,0.00242589
93,0.00217255
94,0.00236682
95,0.00195881
96,0.00211342
97,0.00158858
98,0.00172583
99,0.00115899
100,0.0012696
101,0.0011602
102,0.00134093
103,0.00149124
104,0.00168897
105,0.00177843
106,0.00182344
107,0.00182249
108,0.00179
109,0.0017682
110,0.00172629
111,0.00170825
112,0.00171382
113,0.0016558
114,0.00169183
115,0.00165168
116,0.00158142
117,0.00154682
118,0.00149853
119,0.00142261
120,0.00139469
121,0.00136075
122,0.00131735
123,0.00121908
124,0.00119372
125,0.00121318
126,0.00123311
127,0.00123151
128,0.00122868
129,0.00115778
130,0.00118786
131,0.00119489
132,0.00118674
133,0.00116099
134,0.00117714
135,0.00119243
136,0.00118254
137,0.0011631
138,0.00122472
139,0.00121594
140,0.0012083
141,0.0012129
142,0.00120395
143,0.00121254
144,0.0012044
145,0.0012166
146,0.0012216
147,0.00119224
148,0.00121755
149,0.00120476
150,0.0012192
151,0.00119071
152,0.00121435
153,0.00120219
154,0.00119104
155,0.00115113
156,0.00119684
157,0.0012249
158,0.00124083
159,0.00130287
160,0.00135394
161,0.00133066
162,0.0014023
163,0.00141197
164,0.00145552
165,0.00150576
166,0.00149406
167,0.00150682
168,0.0015525
169,0.00155591
170,0.00157958
171,0.00162399
172,0.00166879
173,0.00175336
174,0.00183325
175,0.00188778
176,0.0020053
177,0.00208403
178,0.00210822
179,0.00223565
180,0.00247169
181,0.00266441
182,0.00265978
183,0.00249548
184,0.0023759
185,0.00220124
186,0.00201868
187,0.00191553
188,0.00179294
189,0.00171051
190,0.00162339
191,0.0015486
192,0.00149068
193,0.00148589
194,0.00145229
195,0.00142859
196,0.00141243
197,0.0014071
198,0.00136833
199,0.00135509
200,0.00130113
201,0.00132978
202,0.00127292
203,0.00127234
204,0.00125043
205,0.00119042
206,0.00117681
207,0.00112472
208,0.00110213
209,0.00109965
210,0.00109238
211,0.0010707
212,0.00103428
213,0.00102121
214,0.000996409
215,0.000990335
216,0.000948216
217,0.000973686
218,0.000968713
219,0.00104047
220,0.00106848
221,0.0011464
222,0.00123154
223,0.00131415
224,0.00139106
225,0.00142163
226,0.00149485
227,0.00155747
228,0.00159696
229,0.00160208
230,0.00162148
231,0.00162516
232,0.0016025
233,0.00160898
234,0.00158875
235,0.00156165
236,0.00150823
237,0.00149066
238,0.00148175
239,0.00150037
240,0.00152593
241,0.00158105
242,0.00159735
243,0.00163947
244,0.0016845
245,0.00167393
246,0.00167158
247,0.00169509
248,0.00165196
249,0.00164439
250,0.00163573
251,0.00162341
252,0.001634
253,0.00163936
254,0.00157198
255,0.00152792
256,0.00151147
257,0.00147821
258,0.00144079
259,0.0014463
260,0.00149371
261,0.00150286
262,0.00153635
263,0.00156455
264,0.00158233
265,0.00160528
266,0.00168286
267,0.00174073
268,0.00181624
269,0.00186318
270,0.00194885
271,0.00201269
272,0.00205401
273,0.00212882
274,0.00222064
275,0.00226391
276,0.00224131
277,0.00225321
278,0.00207757
279,0.00194579
280,0.00171354
281,0.00165829
282,0.00167713
283,0.00161545
284,0.00157972
285,0.00149459
286,0.00146534
287,0.00139125
288,0.00134542
289,0.00127373
290,0.00121768
291,0.00119289
292,0.00118412
293,0.00117139
294,0.00116859
295,0.0011234
296,0.00110412
297,0.00106716
298,0.00104935
299,0.00103706
300,0.000955941
301,0.000927153
302,0.000908367
303,0.000887831
304,0.000918812
305,0.000922797
306,0.000975523
307,0.000975053
308,0.000985775
309,0.000985746
310,0.00102769
311,0.00101042
312,0.0010492
313,0.0010765
314,0.0011077
315,0.00115303
316,0.00117632
317,0.00113098
318,0.00116506
319,0.0012038
320,0.00118027
321,0.00119233
322,0.001173
323,0.00114456
324,0.00108288
325,0.00102794
326,0.00100895
327,0.000919752
328,0.0009029
329,0.000864001
330,0.000845584
331,0.000863713
332,0.000881021
333,0.000883708
334,0.000932438
335,0.00104023
336,0.00112955
337,0.00125556
338,0.00118599
339,0.000920315
340,0.000840608
341,0.000840612
342,0.00084637
343,0.000817325
344,0.000829105
345,0.000869163
346,0.000908343
347,0.000990983
348,0.00101696
349,0.00105791
350,0.00109893
351,0.00112123
352,0.00111801
353,0.00113049
354,0.00117424
355,0.00116708
356,0.00116026
357,0.00118326
358,0.0011659
359,0.00114912
360,0.00117228
361,0.00116039
362,0.00113765
363,0.00116845
364,0.00112987
365,0.00110008
366,0.00110865
367,0.00105023
368,0.00101925
369,0.00103146
370,0.00102477
371,0.00105184
372,0.000999136
373,0.00102531
374,0.00103283
375,0.00100204
376,0.00104575
377,0.00103476
378,0.00107103
379,0.00109985
380,0.00109813
381,0.00107272
382,0.00109684
383,0.0011117
384,0.00109741
385,0.00109137
386,0.00107801
387,0.00106995
388,0.00106512
389,0.00105307
390,0.000995517
391,0.000971044
392,0.000938867
393,0.000919542
394,0.000907116
395,0.000874901
396,0.00082856
397,0.000833211
398,0.000820524
399,0.000809357
400,0.000806772
401,0.000791354
402,0.000819016
403,0.000789132
404,0.00080551
405,0.000812582
406,0.000824809
407,0.000820259
408,0.000829986
409,0.000800545
410,0.000833239
411,0.000846418
412,0.000898629
413,0.000936639
414,0.000939658
415,0.000984568
416,0.00100146
417,0.00103872
418,0.00104337
419,0.00104009
420,0.00108268
421,0.00108542
422,0.00109942
423,0.00110106
424,0.00106944
425,0.000879076
426,0.000824418
427,0.000951878
428,0.00104673
429,0.0010512
430,0.00106997
431,0.00104776
432,0.00105385
433,0.00104437
434,0.00103151
435,0.0010313
436,0.00105061
437,0.00105997
438,0.00109737
439,0.00111418
440,0.00113597
441,0.00114023
442,0.00114235
443,0.00113539
444,0.00116588
445,0.0012007
446,0.00122337
447,0.00119272
448,0.00117474
449,0.00115139
450,0.00109305
451,0.000938741
452,0.000816363
453,0.000649904
454,0.000658633
455,0.00074439
456,0.000808426
457,0.000856472
458,0.000863801
459,0.000890412
460,0.000892711
461,0.000854385
462,0.000906382
463,0.000920295
464,0.000936718
465,0.000955133
466,0.000934998
467,0.00090824
468,0.000907909
469,0.000713538
470,0.000381733
471,0.000597195
472,0.000748625
473,0.000800158
474,0.000799979
475,0.000790882
476,0.00076099
477,0.000800211
478,0.000810811
479,0.000813173
480,0.000803841
481,0.000798318
482,0.000812768
483,0.00078905
484,0.000787218
485,0.000767927
486,0.000790994
487,0.000818478
488,0.000795785
489,0.000783373
490,0.0008046
491,0.000826931
492,0.000779762
493,0.000799039
494,0.000826001
495,0.000823976
496,0.000806257
497,0.000789309
498,0.000778313
499,0.000833407
500,0.000837961
501,0.000867699
502,0.000980255
503,0.00106081
504,0.00121234
505,0.00131244
506,0.00153293
507,0.00174727
508,0.00197726
509,0.00227884
510,0.00245607
511,0.00245276
512,0.00234698
513,0.0021447
514,0.0019695
515,0.00177811
516,0.0016405
517,0.00150553
518,0.00140862
519,0.00130768
520,0.00123702
521,0.00122279
522,0.00119077
523,0.00115979
524,0.00118546
525,0.00117183
526,0.00120175
527,0.00120935
528,0.00116124
529,0.00110133
530,0.00119105
531,0.00105857
532,0.0012386
533,0.00110059
534,0.00136369
535,0.00123175
536,0.00147761
537,0.00137472
538,0.00156088
539,0.00144385
540,0.0015533
541,0.00146005
542,0.00157006
543,0.00153564
544,0.00159939
545,0.00153534
546,0.00160137
547,0.00148656
548,0.00158011
549,0.00134194
550,0.0016226
551,0.00129984
552,0.00163393
553,0.0012693
554,0.00168468
555,0.00127513
556,0.00164043
557,0.00124
558,0.00164347
559,0.00120875
560,0.001661
561,0.00124606
562,0.00166966
563,0.00140682
564,0.00179117
565,0.00157705
566,0.00199694
567,0.00194159
568,0.0022125
569,0.00228463
570,0.00252008
571,0.00263231
572,0.00269615
573,0.00265315
574,0.00251266
575,0.00248319
576,0.00228423
577,0.00228336
578,0.00205184
579,0.00208837
580,0.00189282
581,0.00193829
582,0.00185276
583,0.00189363
584,0.00190069
585,0.00188601
586,0.00185729
587,0.00178826
588,0.00174008
589,0.00168136
590,0.00160619
591,0.00156412
592,0.00157514
593,0.00153051
594,0.00152545
595,0.00155298
596,0.00160046
597,0.00167612
598,0.00173743
599,0.00177552
