2,0.00190424
3,0.00580118
4,0.0095508
5,0.012802
6,0.0155669
7,0.0178975
8,0.0198686
9,0.0215199
10,0.0229359
11,0.0241851
12,0.0253046
13,0.0263154
14,0.0272464
15,0.0281569
16,0.0290603
17,0.029994
18,0.0309566
19,0.0319853
20,0.0330595
21,0.034182
22,0.0353732
23,0.0366052
24,0.0378701
25,0.0391766
26,0.0404974
27,0.0418087
28,0.0430958
29,0.0443343
30,0.0455127
31,0.0466309
32,0.0476671
33,0.0486249
34,0.0494977
35,0.0502989
36,0.0510146
37,0.0516687
38,0.0522561
39,0.0527815
40,0.0532351
41,0.0536239
42,0.053966
43,0.0542746
44,0.0545528
45,0.0548037
46,0.055036
47,0.05525
48,0.0554482
49,0.0556334
50,0.0558152
51,0.0559871
52,0.0561577
53,0.0563209
54,0.0564901
55,0.0566496
56,0.0568139
57,0.0569741
58,0.0571345
59,0.0572883
60,0.0574458
61,0.0575963
62,0.0577474
63,0.0578969
64,0.058039
65,0.058181
66,0.0583166
67,0.0584539
68,0.0585823
69,0.0587111
70,0.0588351
71,0.0589575
72,0.0590787
73,0.0591957
74,0.0593104
75,0.0594212
76,0.0595343
77,0.0596437
78,0.0597501
79,0.0598522
80,0.0599603
81,0.0600612
82,0.060163
83,0.0602634
84,0.0603644
85,0.0604636
86,0.0605635
87,0.0606621
88,0.0607619
89,0.0608607
90,0.0609614
91,0.0610592
92,0.0611585
93,0.0612515
94,0.0613479
95,0.06144
96,0.0615322
97,0.061623
98,0.0617125
99,0.0618049
100,0.0618922
101,0.0619794
102,0.0620659
103,0.0621528
104,0.0622368
105,0.0623215
106,0.0624063
107,0.0624948
108,0.0625802
109,0.0626738
110,0.0627613
111,0.0628471
112,0.0629319
113,0.0630168
114,0.0630996
115,0.0631825
116,0.0632637
117,0.0633456
118,0.0634222
119,0.0635045
120,0.063584
121,0.0636628
122,0.0637392
123,0.0638191
124,0.0638929
125,0.0639719
126,0.0640481
127,0.0641232
128,0.0641957
129,0.0642659
130,0.064336
131,0.0644052
132,0.0644769
133,0.0645469
134,0.0646174
135,0.0646872
136,0.0647552
137,0.0648243
138,0.0648955
139,0.0649613
140,0.0650284
141,0.0650962
142,0.0651614
143,0.0652274
144,0.0652915
145,0.0653563
146,0.0654213
147,0.0654847
148,0.0655495
149,0.0656116
150,0.0656754
151,0.0657356
152,0.0658006
153,0.065859
154,0.0659198
155,0.065979
156,0.066044
157,0.0661062
158,0.0661709
159,0.0662332
160,0.0662988
161,0.0663568
162,0.0664211
163,0.0664811
164,0.0665412
165,0.0666033
166,0.0666613
167,0.066721
168,0.0667805
169,0.0668388
170,0.0668955
171,0.0669569
172,0.0670164
173,0.0670775
174,0.067139
175,0.067198
176,0.0672616
177,0.0673233
178,0.0673877
179,0.067454
180,0.0675196
181,0.0675821
182,0.067634
183,0.0676744
184,0.0677192
185,0.067758
186,0.0677969
187,0.067841
188,0.0678834
189,0.0679274
190,0.0679716
191,0.0680174
192,0.0680626
193,0.0681123
194,0.0681603
195,0.0682084
196,0.0682572
197,0.0683063
198,0.068352
199,0.0684
200,0.0684452
201,0.068494
202,0.068539
203,0.068587
204,0.0686342
205,0.068675
206,0.0687222
207,0.0687663
208,0.0688097
209,0.0688542
210,0.0688997
211,0.0689434
212,0.068988
213,0.0690304
214,0.069074
215,0.0691161
216,0.0691563
217,0.069202
218,0.0692505
219,0.0693051
220,0.0693583
221,0.0694132
222,0.0694676
223,0.0695183
224,0.0695697
225,0.06962
226,0.0696675
227,0.0697182
228,0.0697647
229,0.0698102
230,0.0698551
231,0.0698976
232,0.0699401
233,0.0699832
234,0.0700234
235,0.0700634
236,0.0701036
237,0.0701427
238,0.0701845
239,0.0702281
240,0.0702719
241,0.0703181
242,0.0703615
243,0.0704072
244,0.0704507
245,0.070493
246,0.0705336
247,0.0705755
248,0.0706134
249,0.0706534
250,0.070694
251,0.0707331
252,0.0707727
253,0.0708124
254,0.0708494
255,0.0708842
256,0.070922
257,0.0709583
258,0.0709962
259,0.0710359
260,0.0710778
261,0.0711189
262,0.0711597
263,0.0711995
264,0.0712414
265,0.0712829
266,0.0713279
267,0.0713698
268,0.0714138
269,0.0714558
270,0.0715008
271,0.0715423
272,0.0715842
273,0.0716284
274,0.071672
275,0.0717131
276,0.0717487
277,0.0717853
278,0.0718101
279,0.0718417
280,0.071869
281,0.0718973
282,0.0719283
283,0.0719568
284,0.0719897
285,0.072019
286,0.0720512
287,0.0720805
288,0.0721112
289,0.0721414
290,0.0721722
291,0.0722047
292,0.0722371
293,0.0722707
294,0.0723061
295,0.0723365
296,0.0723707
297,0.0724033
298,0.0724327
299,0.0724647
300,0.0724919
301,0.0725224
302,0.0725523
303,0.0725865
304,0.0726231
305,0.0726596
306,0.0726956
307,0.072732
308,0.072769
309,0.0728026
310,0.0728379
311,0.0728723
312,0.0729096
313,0.0729466
314,0.0729837
315,0.07302
316,0.0730562
317,0.0730882
318,0.0731247
319,0.0731599
320,0.0731918
321,0.0732266
322,0.073254
323,0.0732839
324,0.0733106
325,0.0733369
326,0.0733623
327,0.0733856
328,0.0734101
329,0.0734346
330,0.0734543
331,0.0734779
332,0.0735005
333,0.0735221
334,0.0735452
335,0.0735645
336,0.0735836
337,0.073603
338,0.0736294
339,0.0736702
340,0.0737165
341,0.0737638
342,0.0738111
343,0.0738526
344,0.0738963
345,0.0739392
346,0.0739791
347,0.0740191
348,0.074055
349,0.0740903
350,0.0741245
351,0.0741557
352,0.0741876
353,0.0742182
354,0.074254
355,0.0742838
356,0.0743129
357,0.0743441
358,0.0743721
359,0.0744029
360,0.0744315
361,0.074461
362,0.0744903
363,0.0745194
364,0.0745464
365,0.0745726
366,0.0746003
367,0.0746258
368,0.0746519
369,0.0746781
370,0.0747063
371,0.0747368
372,0.0747637
373,0.0747929
374,0.0748238
375,0.0748505
376,0.0748829
377,0.0749102
378,0.0749425
379,0.0749721
380,0.0750019
381,0.0750297
382,0.0750588
383,0.0750882
384,0.0751143
385,0.0751433
386,0.0751694
387,0.075196
388,0.0752203
389,0.0752467
390,0.07527
391,0.0752925
392,0.0753143
393,0.0753397
394,0.0753637
395,0.0753868
396,0.0754087
397,0.0754347
398,0.0754556
399,0.0754801
400,0.0755019
401,0.0755278
402,0.0755516
403,0.0755746
404,0.0755982
405,0.0756177
406,0.0756434
407,0.0756717
408,0.0757048
409,0.0757421
410,0.075777
411,0.0758085
412,0.0758457
413,0.0758793
414,0.0759097
415,0.0759406
416,0.0759687
417,0.0759969
418,0.0760247
419,0.0760516
420,0.0760807
421,0.0761082
422,0.076136
423,0.0761619
424,0.0761877
425,0.0762126
426,0.0762359
427,0.0762606
428,0.0762851
429,0.0763101
430,0.0763335
431,0.0763589
432,0.0763849
433,0.0764097
434,0.0764348
435,0.0764592
436,0.0764868
437,0.0765116
438,0.0765411
439,0.0765685
440,0.0765955
441,0.0766197
442,0.0766452
443,0.0766704
444,0.0766982
445,0.0767262
446,0.0767503
447,0.0767754
448,0.0767968
449,0.076819
450,0.0768365
451,0.0768494
452,0.0768693
453,0.0768827
454,0.0769055
455,0.0769298
456,0.076953
457,0.0769787
458,0.0770027
459,0.0770274
460,0.0770518
461,0.0770756
462,0.0771027
463,0.0771291
464,0.0771553
465,0.07718
466,0.0772012
467,0.0772222
468,0.0772417
469,0.0772608
470,0.0772778
471,0.0772984
472,0.0773177
473,0.0773393
474,0.0773599
475,0.077384
476,0.0774089
477,0.0774364
478,0.0774597
479,0.0774834
480,0.077504
481,0.0775272
482,0.0775426
483,0.0775669
484,0.0775884
485,0.0776108
486,0.0776323
487,0.0776528
488,0.077677
489,0.0776977
490,0.0777187
491,0.0777372
492,0.0777565
493,0.0777729
494,0.077795
495,0.0778148
496,0.0778418
497,0.0778666
498,0.0778966
499,0.0779307
500,0.07796
501,0.077993
502,0.0780286
503,0.078061
504,0.0780983
505,0.0781332
506,0.0781719
507,0.0782159
508,0.0782584
509,0.0783063
510,0.0783428
511,0.0783638
512,0.0783754
513,0.0783802
514,0.078386
515,0.0783884
516,0.0783966
517,0.0784028
518,0.0784123
519,0.0784231
520,0.0784338
521,0.0784479
522,0.0784591
523,0.0784756
524,0.0784935
525,0.07851
526,0.0785297
527,0.0785523
528,0.0785718
529,0.0785915
530,0.0786163
531,0.0786375
532,0.0786596
533,0.0786847
534,0.0787054
535,0.0787319
536,0.0787552
537,0.0787795
538,0.0788009
539,0.0788216
540,0.0788423
541,0.0788628
542,0.0788839
543,0.0789032
544,0.0789243
545,0.0789464
546,0.0789671
547,0.0789889
548,0.0790107
549,0.0790305
550,0.0790528
551,0.0790751
552,0.0790954
553,0.0791166
554,0.0791374
555,0.0791582
556,0.0791765
557,0.0791966
558,0.0792169
559,0.0792375
560,0.0792596
561,0.0792826
562,0.0793072
563,0.0793347
564,0.0793597
565,0.0793877
566,0.0794197
567,0.0794531
568,0.0794865
569,0.0795235
570,0.0795643
571,0.0795968
572,0.0796216
573,0.0796389
574,0.0796508
575,0.0796613
576,0.0796727
577,0.079683
578,0.0796944
579,0.0797053
580,0.0797172
581,0.0797274
582,0.0797421
583,0.0797528
584,0.0797673
585,0.0797825
586,0.0797951
587,0.0798067
588,0.0798183
589,0.0798284
590,0.079841
591,0.0798493
592,0.0798593
593,0.0798676
594,0.0798757
595,0.0798822
596,0.0798904
597,0.0798947
598,0.0798987
599,0.0799002
