2,0.00194044
3,0.00589618
4,0.00967318
5,0.0129492
6,0.0157409
7,0.018098
8,0.0200884
9,0.0217455
10,0.0231604
11,0.0243991
12,0.0254993
13,0.0264601
14,0.0273463
15,0.0282114
16,0.0290442
17,0.0298844
18,0.0307628
19,0.0316741
20,0.0326464
21,0.0336628
22,0.0347323
23,0.035858
24,0.037034
25,0.0382588
26,0.0395126
27,0.0407857
28,0.0420581
29,0.0433155
30,0.0445304
31,0.0456817
32,0.0467666
33,0.0477772
34,0.0487157
35,0.0495841
36,0.0503732
37,0.0510929
38,0.0517466
39,0.0523354
40,0.0528586
41,0.0533267
42,0.0537233
43,0.0540742
44,0.0543789
45,0.0546614
46,0.0549113
47,0.0551441
48,0.0553537
49,0.0555545
50,0.0557441
51,0.0559238
52,0.0561035
53,0.0562755
54,0.0564448
55,0.0566147
56,0.0567798
57,0.0569453
58,0.0571064
59,0.0572663
60,0.0574262
61,0.0575792
62,0.0577362
63,0.057884
64,0.0580331
65,0.0581753
66,0.0583157
67,0.0584504
68,0.0585803
69,0.0587126
70,0.0588349
71,0.0589591
72,0.059079
73,0.0591977
74,0.0593093
75,0.0594247
76,0.0595328
77,0.0596413
78,0.0597454
79,0.0598524
80,0.0599537
81,0.0600563
82,0.060157
83,0.0602592
84,0.0603579
85,0.0604596
86,0.0605577
87,0.060658
88,0.0607556
89,0.0608566
90,0.0609558
91,0.061054
92,0.0611525
93,0.0612455
94,0.0613409
95,0.0614329
96,0.061524
97,0.0616165
98,0.0617081
99,0.0617972
100,0.0618882
101,0.0619764
102,0.0620637
103,0.0621494
104,0.0622356
105,0.0623197
106,0.0624037
107,0.062492
108,0.0625812
109,0.0626707
110,0.0627589
111,0.0628452
112,0.06293
113,0.0630164
114,0.0630983
115,0.0631829
116,0.0632643
117,0.0633456
118,0.0634241
119,0.0635044
120,0.0635846
121,0.0636635
122,0.0637408
123,0.0638205
124,0.0638957
125,0.0639729
126,0.0640518
127,0.0641234
128,0.0641993
129,0.0642682
130,0.0643378
131,0.0644076
132,0.0644805
133,0.0645485
134,0.0646206
135,0.0646902
136,0.064756
137,0.0648288
138,0.0648946
139,0.0649661
140,0.0650304
141,0.065099
142,0.0651648
143,0.0652303
144,0.065295
145,0.0653599
146,0.0654245
147,0.0654889
148,0.0655534
149,0.0656174
150,0.0656784
151,0.0657411
152,0.065803
153,0.0658632
154,0.065923
155,0.0659856
156,0.0660469
157,0.0661106
158,0.0661761
159,0.0662373
160,0.0663034
161,0.0663635
162,0.0664269
163,0.066486
164,0.0665468
165,0.0666052
166,0.0666691
167,0.0667263
168,0.066787
169,0.0668442
170,0.066903
171,0.0669646
172,0.067023
173,0.0670838
174,0.0671453
175,0.0672047
176,0.0672672
177,0.0673298
178,0.0673945
179,0.0674607
180,0.067529
181,0.0675891
182,0.0676359
183,0.067681
184,0.0677234
185,0.0677635
186,0.0678054
187,0.0678486
188,0.0678897
189,0.0679328
190,0.0679795
191,0.068024
192,0.0680706
193,0.0681188
194,0.0681677
195,0.0682133
196,0.0682641
197,0.0683112
198,0.068357
199,0.0684056
200,0.0684506
201,0.068498
202,0.0685442
203,0.0685917
204,0.068635
205,0.0686814
206,0.0687262
207,0.0687694
208,0.0688142
209,0.0688577
210,0.0689033
211,0.0689483
212,0.0689926
213,0.0690356
214,0.0690781
215,0.0691198
216,0.0691597
217,0.069204
218,0.0692524
219,0.0693079
220,0.0693622
221,0.0694166
222,0.0694689
223,0.0695228
224,0.0695734
225,0.0696226
226,0.0696745
227,0.0697209
228,0.0697669
229,0.0698141
230,0.0698581
231,0.0699023
232,0.0699445
233,0.0699838
234,0.0700288
235,0.0700651
236,0.0701081
237,0.0701494
238,0.0701887
239,0.0702337
240,0.0702761
241,0.0703243
242,0.0703675
243,0.0704129
244,0.0704566
245,0.0704985
246,0.0705385
247,0.070581
248,0.0706198
249,0.0706596
250,0.0706996
251,0.0707376
252,0.0707797
253,0.0708168
254,0.070854
255,0.0708908
256,0.0709302
257,0.070963
258,0.0710035
259,0.0710448
260,0.0710845
261,0.0711275
262,0.0711679
263,0.0712074
264,0.0712499
265,0.071293
266,0.071337
267,0.0713806
268,0.0714242
269,0.0714683
270,0.0715099
271,0.0715522
272,0.0715947
273,0.0716368
274,0.071682
275,0.0717216
276,0.0717586
277,0.0717892
278,0.0718177
279,0.0718458
280,0.071874
281,0.0719041
282,0.0719336
283,0.0719635
284,0.0719953
285,0.0720251
286,0.0720546
287,0.0720859
288,0.0721139
289,0.0721459
290,0.0721756
291,0.0722086
292,0.0722415
293,0.0722766
294,0.0723071
295,0.0723434
296,0.0723727
297,0.0724067
298,0.0724378
299,0.0724646
300,0.072498
301,0.0725228
302,0.0725548
303,0.0725901
304,0.0726251
305,0.0726627
306,0.0726995
307,0.0727347
308,0.0727704
309,0.0728055
310,0.0728413
311,0.0728766
312,0.072912
313,0.0729505
314,0.0729855
315,0.0730245
316,0.0730591
317,0.073093
318,0.0731289
319,0.0731617
320,0.0731955
321,0.0732261
322,0.0732554
323,0.0732859
324,0.0733109
325,0.0733378
326,0.0733619
327,0.0733877
328,0.0734103
329,0.0734315
330,0.0734572
331,0.0734757
332,0.0734986
333,0.0735203
334,0.0735446
335,0.0735637
336,0.0735847
337,0.0735991
338,0.0736299
339,0.0736668
340,0.073715
341,0.0737639
342,0.0738099
343,0.0738534
344,0.0738949
345,0.0739402
346,0.0739805
347,0.0740183
348,0.0740575
349,0.0740941
350,0.0741275
351,0.0741589
352,0.0741918
353,0.0742253
354,0.0742565
355,0.0742891
356,0.0743166
357,0.0743489
358,0.0743764
359,0.0744061
360,0.0744363
361,0.0744641
362,0.074494
363,0.0745225
364,0.0745485
365,0.0745772
366,0.0746019
367,0.0746293
368,0.0746548
369,0.074682
370,0.0747106
371,0.074739
372,0.0747671
373,0.0747985
374,0.074827
375,0.0748562
376,0.0748854
377,0.0749167
378,0.0749443
379,0.0749757
380,0.0750035
381,0.0750343
382,0.0750624
383,0.0750896
384,0.0751178
385,0.0751476
386,0.0751733
387,0.0751999
388,0.0752244
389,0.0752491
390,0.0752726
391,0.0752956
392,0.0753174
393,0.0753404
394,0.0753669
395,0.075388
396,0.0754109
397,0.0754347
398,0.0754583
399,0.0754788
400,0.075506
401,0.0755278
402,0.0755519
403,0.0755763
404,0.075598
405,0.0756192
406,0.0756461
407,0.075673
408,0.0757083
409,0.0757442
410,0.0757785
411,0.0758127
412,0.0758482
413,0.0758827
414,0.0759125
415,0.0759422
416,0.075971
417,0.0760014
418,0.076029
419,0.076055
420,0.0760841
421,0.0761116
422,0.0761397
423,0.0761635
424,0.0761895
425,0.0762148
426,0.0762408
427,0.0762635
428,0.0762908
429,0.0763125
430,0.0763398
431,0.0763644
432,0.0763891
433,0.0764147
434,0.0764383
435,0.0764656
436,0.0764894
437,0.0765174
438,0.076544
439,0.076573
440,0.0766003
441,0.0766249
442,0.076648
443,0.0766764
444,0.0767019
445,0.0767304
446,0.0767542
447,0.076779
448,0.0768008
449,0.0768213
450,0.0768383
451,0.0768529
452,0.0768695
453,0.0768863
454,0.0769108
455,0.0769343
456,0.0769588
457,0.0769844
458,0.0770062
459,0.0770324
460,0.077057
461,0.0770798
462,0.0771069
463,0.0771337
464,0.077158
465,0.0771848
466,0.0772021
467,0.0772239
468,0.0772441
469,0.077263
470,0.0772816
471,0.0772995
472,0.0773194
473,0.0773407
474,0.0773635
475,0.0773868
476,0.0774124
477,0.0774376
478,0.077463
479,0.0774855
480,0.0775064
481,0.0775261
482,0.0775465
483,0.0775655
484,0.0775901
485,0.0776107
486,0.0776324
487,0.0776563
488,0.0776759
489,0.0776977
490,0.077719
491,0.077739
492,0.0777575
493,0.0777761
494,0.077797
495,0.0778171
496,0.0778436
497,0.0778707
498,0.0779025
499,0.0779347
500,0.0779659
501,0.0780012
502,0.0780364
503,0.0780691
504,0.0781081
505,0.0781435
506,0.0781841
507,0.0782304
508,0.0782756
509,0.0783218
510,0.0783529
511,0.0783677
512,0.0783745
513,0.0783785
514,0.078384
515,0.078391
516,0.0783972
517,0.0784056
518,0.0784166
519,0.0784268
520,0.0784341
521,0.0784506
522,0.0784614
523,0.0784784
524,0.078495
525,0.0785142
526,0.0785339
527,0.0785524
528,0.0785747
529,0.0785943
530,0.0786187
531,0.0786382
532,0.078661
533,0.0786845
534,0.0787091
535,0.0787332
536,0.0787575
537,0.0787814
538,0.0788026
539,0.0788239
540,0.0788453
541,0.0788665
542,0.0788852
543,0.0789052
544,0.0789271
545,0.0789481
546,0.0789674
547,0.0789915
548,0.0790113
549,0.0790317
550,0.0790558
551,0.079076
552,0.0790945
553,0.0791179
554,0.0791377
555,0.0791595
556,0.0791774
557,0.0791994
558,0.0792197
559,0.079241
560,0.0792648
561,0.0792872
562,0.0793142
563,0.0793377
564,0.0793673
565,0.0793966
566,0.0794299
567,0.0794632
568,0.0795013
569,0.0795394
570,0.07958
571,0.0796105
572,0.0796298
573,0.0796424
574,0.0796547
575,0.0796636
576,0.0796717
577,0.0796832
578,0.0796938
579,0.0797028
580,0.0797174
581,0.0797323
582,0.0797445
583,0.0797611
584,0.079775
585,0.0797864
586,0.0797995
587,0.0798136
588,0.0798232
589,0.0798334
590,0.0798446
591,0.0798545
592,0.079863
593,0.0798687
594,0.0798765
595,0.0798843
596,0.0798887
597,0.0798946
598,0.079895
599,0.0798972
