2,0.945225
3,0.84291
4,0.752658
5,0.679285
6,0.620176
7,0.572834
8,0.534835
9,0.504914
10,0.480621
11,0.460306
12,0.44303
13,0.428728
14,0.415947
15,0.403551
16,0.391773
17,0.379781
18,0.367047
19,0.353628
20,0.339007
21,0.323507
22,0.307084
23,0.289614
24,0.271273
25,0.252108
26,0.232506
27,0.212613
28,0.192957
29,0.173653
30,0.155337
31,0.138254
32,0.122708
33,0.108559
34,0.0959157
35,0.0848041
36,0.0753685
37,0.0675517
38,0.0615344
39,0.0570423
40,0.0534504
41,0.0506134
42,0.0478101
43,0.0451289
44,0.0424534
45,0.0401129
46,0.0378062
47,0.0356057
48,0.033441
49,0.0314514
50,0.0294806
51,0.0276877
52,0.0259018
53,0.0242478
54,0.0227151
55,0.0212167
56,0.019894
57,0.0185903
58,0.0174022
59,0.0162849
60,0.0152212
61,0.0142439
62,0.0133011
63,0.0124598
64,0.0116702
65,0.0109336
66,0.0102255
67,0.00960753
68,0.00904298
69,0.00842032
70,0.00791241
71,0.00740375
72,0.00695023
73,0.00649916
74,0.00611767
75,0.00575046
76,0.00537802
77,0.00504837
78,0.00474386
79,0.00445404
80,0.00419718
81,0.00391437
82,0.00372211
83,0.00351371
84,0.0033155
85,0.0031094
86,0.00299627
87,0.00281718
88,0.00266069
89,0.00264009
90,0.00238873
91,0.00244529
92,0.00219741
93,0.00229116
94,0.00210324
95,0.00208266
96,0.0019952
97,0.00183556
98,0.00184469
99,0.00152408
100,0.00167723
101,0.00139671
102,0.00170162
103,0.00170565
104,0.00186516
105,0.00193688
106,0.00197068
107,0.00200277
108,0.00189027
109,0.00184172
110,0.00178584
111,0.0017227
112,0.00168248
113,0.00163069
114,0.00160822
115,0.00150531
116,0.00145544
117,0.00142408
118,0.00135525
119,0.00134343
120,0.00128939
121,0.00126756
122,0.00123636
123,0.00123588
124,0.00122105
125,0.00122591
126,0.00123132
127,0.00120533
128,0.00126743
129,0.00121062
130,0.00121094
131,0.00119232
132,0.00122316
133,0.00117212
134,0.00117359
135,0.00119523
136,0.00118804
137,0.00124762
138,0.00120928
139,0.00125049
140,0.00121014
141,0.00122076
142,0.0012378
143,0.00123948
144,0.0012397
145,0.0012297
146,0.00123498
147,0.00123315
148,0.00125563
149,0.00125215
150,0.00125271
151,0.00122733
152,0.00124604
153,0.00122913
154,0.00119985
155,0.0012023
156,0.0012147
157,0.00127469
158,0.00129197
159,0.00131061
160,0.00140135
161,0.00141629
162,0.00146493
163,0.00146441
164,0.00152125
165,0.00150731
166,0.00158756
167,0.00157067
168,0.00162839
169,0.00162777
170,0.00164252
171,0.00172751
172,0.00176244
173,0.00182167
174,0.00186258
175,0.00178034
176,0.00190048
177,0.00210917
178,0.00229581
179,0.00247623
180,0.00268262
181,0.00277282
182,0.00269347
183,0.00258175
184,0.00243632
185,0.00227153
186,0.00214278
187,0.00202151
188,0.00186332
189,0.00177102
190,0.00170932
191,0.00162856
192,0.00158609
193,0.00154089
194,0.00151632
195,0.00149778
196,0.001482
197,0.00146194
198,0.0014261
199,0.00141835
200,0.00136979
201,0.00135347
202,0.00132302
203,0.00132514
204,0.00125517
205,0.00125685
206,0.00122226
207,0.00116626
208,0.00114922
209,0.00111986
210,0.00109566
211,0.00109425
212,0.00105461
213,0.00104465
214,0.00100793
215,0.000976921
216,0.000943611
217,0.000975069
218,0.000968827
219,0.001051
220,0.00108083
221,0.00118127
222,0.00126966
223,0.00134984
224,0.00141022
225,0.00148496
226,0.00156054
227,0.00157739
228,0.00161359
229,0.00166029
230,0.00166349
231,0.00167644
232,0.00165516
233,0.00162256
234,0.0016468
235,0.0015658
236,0.0015742
237,0.00156563
238,0.00152219
239,0.00156788
240,0.00157078
241,0.00166206
242,0.00165431
243,0.00169925
244,0.00173595
245,0.0017549
246,0.00172199
247,0.00175275
248,0.0017359
249,0.00170888
250,0.00171431
251,0.00168776
252,0.00170732
253,0.00168542
254,0.0016383
255,0.00160925
256,0.00159169
257,0.00152392
258,0.00153031
259,0.00155983
260,0.00156811
261,0.00160648
262,0.0016369
263,0.00162901
264,0.00166887
265,0.00174877
266,0.00180698
267,0.00187193
268,0.00193206
269,0.00201912
270,0.00207367
271,0.00212915
272,0.00217316
273,0.00224508
274,0.00234123
275,0.00236456
276,0.00225603
277,0.00215508
278,0.00210929
279,0.00205142
280,0.00195526
281,0.00187215
282,0.00178752
283,0.00170634
284,0.00166355
285,0.00156763
286,0.00149574
287,0.0014443
288,0.0013702
289,0.00132671
290,0.00127694
291,0.00124721
292,0.00123051
293,0.00119641
294,0.00116154
295,0.00117672
296,0.00111202
297,0.00110073
298,0.00108152
299,0.00102101
300,0.000985969
301,0.000929148
302,0.000917962
303,0.000926158
304,0.000937053
305,0.000952902
306,0.000987346
307,0.000982292
308,0.000993869
309,0.00100657
310,0.00102555
311,0.0010344
312,0.0010617
313,0.00109365
314,0.00112056
315,0.00118161
316,0.00117389
317,0.00118526
318,0.00121846
319,0.00121178
320,0.00123989
321,0.00119426
322,0.00118763
323,0.00116345
324,0.00107128
325,0.001037
326,0.00098712
327,0.000925139
328,0.000891557
329,0.000846689
330,0.00088437
331,0.000863015
332,0.000834461
333,0.000914011
334,0.00093139
335,0.00082601
336,0.000812707
337,0.00114868
338,0.00124846
339,0.00121592
340,0.001058
341,0.000920204
342,0.000849017
343,0.000830346
344,0.000850635
345,0.000875979
346,0.000898749
347,0.000957795
348,0.00104587
349,0.00110166
350,0.00111304
351,0.00112151
352,0.00116517
353,0.00119082
354,0.00119457
355,0.00122457
356,0.00119035
357,0.00121781
358,0.00120953
359,0.00121303
360,0.00119733
361,0.00118612
362,0.00120282
363,0.00118692
364,0.00113808
365,0.0011424
366,0.00111332
367,0.00111384
368,0.0010464
369,0.00105961
370,0.00106541
371,0.00105075
372,0.00102975
373,0.0010473
374,0.00104669
375,0.00106478
376,0.00106579
377,0.00109012
378,0.00109062
379,0.00110026
380,0.00110595
381,0.00113705
382,0.00112832
383,0.00111166
384,0.00112348
385,0.00114329
386,0.00111321
387,0.00110638
388,0.00109386
389,0.00106313
390,0.00103421
391,0.00100716
392,0.000940365
393,0.000913596
394,0.000908253
395,0.000877159
396,0.000847361
397,0.000831766
398,0.000820231
399,0.0008085
400,0.000787144
401,0.000793973
402,0.000819543
403,0.000794159
404,0.000845985
405,0.000819081
406,0.000810779
407,0.000800378
408,0.000815639
409,0.000815524
410,0.000831328
411,0.000866533
412,0.000904597
413,0.000945861
414,0.000966859
415,0.00101666
416,0.00102438
417,0.0010555
418,0.00107178
419,0.00105797
420,0.00109837
421,0.000969839
422,0.000876573
423,0.000968313
424,0.00107872
425,0.00110899
426,0.00113738
427,0.00106831
428,0.00112908
429,0.00108167
430,0.00109547
431,0.0011084
432,0.0010847
433,0.00109451
434,0.00107302
435,0.00109221
436,0.00107287
437,0.00109774
438,0.00112883
439,0.00116741
440,0.00118201
441,0.0011734
442,0.00115216
443,0.00119524
444,0.00120609
445,0.00124464
446,0.00123859
447,0.00121414
448,0.00110907
449,0.00100821
450,0.000935882
451,0.000887679
452,0.000910912
453,0.000891571
454,0.00089039
455,0.00089568
456,0.000905719
457,0.00092322
458,0.000903373
459,0.000921593
460,0.000891226
461,0.000902342
462,0.000954398
463,0.000942322
464,0.000962682
465,0.000889697
466,0.000567059
467,0.000672419
468,0.000849592
469,0.000841836
470,0.000837172
471,0.000830327
472,0.000792793
473,0.000804425
474,0.0008188
475,0.000773785
476,0.000808326
477,0.000818649
478,0.000803559
479,0.000814619
480,0.000792438
481,0.000795433
482,0.000777977
483,0.000776021
484,0.000811361
485,0.000756915
486,0.000785639
487,0.000787007
488,0.000806146
489,0.000807612
490,0.000793284
491,0.000797927
492,0.0007745
493,0.00077872
494,0.000827602
495,0.000814472
496,0.000747755
497,0.000779162
498,0.000757436
499,0.000788534
500,0.000833699
501,0.000877204
502,0.00101792
503,0.00107292
504,0.00124861
505,0.00138606
506,0.00158411
507,0.00185915
508,0.00213462
509,0.0024221
510,0.00254097
511,0.00245589
512,0.00227611
513,0.00206482
514,0.00186869
515,0.00168601
516,0.00152905
517,0.00139885
518,0.00129928
519,0.00119711
520,0.00109581
521,0.00105419
522,0.00100778
523,0.000977581
524,0.000941735
525,0.00092545
526,0.000956344
527,0.000890561
528,0.000931526
529,0.000815559
530,0.000968685
531,0.000839525
532,0.000988701
533,0.000873321
534,0.00110365
535,0.000943438
536,0.00115624
537,0.00102572
538,0.00124618
539,0.00119163
540,0.00135212
541,0.00130044
542,0.00145073
543,0.0013313
544,0.00148728
545,0.00133813
546,0.00145226
547,0.001342
548,0.00145888
549,0.00133117
550,0.00148183
551,0.00140004
552,0.00149997
553,0.00138297
554,0.00151131
555,0.00140423
556,0.00154279
557,0.00140446
558,0.00155527
559,0.00145735
560,0.00159852
561,0.00153605
562,0.0016573
563,0.00164084
564,0.00176347
565,0.00173018
566,0.0018932
567,0.00186181
568,0.00212028
569,0.00210969
570,0.00249886
571,0.00242512
572,0.00265618
573,0.0023525
574,0.00261392
575,0.00223104
576,0.00237449
577,0.00219247
578,0.00221401
579,0.00215624
580,0.00214082
581,0.00211865
582,0.0020764
583,0.002045
584,0.00197362
585,0.00196751
586,0.00189331
587,0.00189747
588,0.00184072
589,0.0018112
590,0.00179643
591,0.00178343
592,0.00178376
593,0.00175424
594,0.00177196
595,0.00178964
596,0.00178134
597,0.00185639
598,0.00187278
599,0.00184701
