2,0.00196509
3,0.00594324
4,0.00974584
5,0.0130407
6,0.015839
7,0.0182188
8,0.0202375
9,0.0218946
10,0.0233036
11,0.0245449
12,0.0256191
13,0.0265615
14,0.0274119
15,0.0282167
16,0.028995
17,0.0297814
18,0.0305847
19,0.0314222
20,0.0323089
21,0.0332453
22,0.0342357
23,0.0352783
24,0.0363571
25,0.0374951
26,0.0386832
27,0.0398965
28,0.0411265
29,0.0423573
30,0.0435641
31,0.0447354
32,0.0458572
33,0.0469196
34,0.0479216
35,0.0488404
36,0.0496931
37,0.0504738
38,0.0511861
39,0.0518363
40,0.0524243
41,0.0529498
42,0.0534179
43,0.0538234
44,0.0541756
45,0.0544859
46,0.0547653
47,0.0550173
48,0.0552469
49,0.0554618
50,0.0556638
51,0.0558531
52,0.0560401
53,0.05622
54,0.0563967
55,0.0565728
56,0.0567433
57,0.0569107
58,0.0570798
59,0.0572426
60,0.0574077
61,0.0575643
62,0.0577224
63,0.0578759
64,0.0580245
65,0.0581696
66,0.0583112
67,0.0584463
68,0.0585799
69,0.0587084
70,0.0588324
71,0.0589575
72,0.0590755
73,0.0591952
74,0.0593064
75,0.0594203
76,0.0595291
77,0.0596365
78,0.0597421
79,0.0598474
80,0.0599487
81,0.0600509
82,0.0601519
83,0.0602542
84,0.060353
85,0.0604525
86,0.0605532
87,0.060653
88,0.06075
89,0.0608516
90,0.0609486
91,0.0610493
92,0.0611461
93,0.0612389
94,0.0613355
95,0.0614249
96,0.0615182
97,0.0616115
98,0.0617025
99,0.0617914
100,0.0618816
101,0.0619714
102,0.062061
103,0.0621467
104,0.0622329
105,0.0623174
106,0.062401
107,0.0624883
108,0.062579
109,0.0626676
110,0.0627575
111,0.0628439
112,0.0629302
113,0.0630143
114,0.0631002
115,0.0631812
116,0.0632633
117,0.0633449
118,0.063425
119,0.0635059
120,0.0635855
121,0.0636648
122,0.0637425
123,0.0638214
124,0.0638971
125,0.0639754
126,0.0640518
127,0.0641281
128,0.0641988
129,0.0642701
130,0.0643411
131,0.0644114
132,0.0644813
133,0.0645523
134,0.0646247
135,0.0646928
136,0.0647606
137,0.0648319
138,0.0649024
139,0.0649676
140,0.0650363
141,0.0651027
142,0.0651692
143,0.0652333
144,0.0653005
145,0.0653627
146,0.0654295
147,0.0654919
148,0.0655571
149,0.0656209
150,0.0656839
151,0.0657452
152,0.0658063
153,0.0658694
154,0.0659279
155,0.0659877
156,0.0660526
157,0.066117
158,0.0661787
159,0.066245
160,0.0663053
161,0.0663693
162,0.0664297
163,0.0664906
164,0.0665505
165,0.0666115
166,0.0666754
167,0.0667311
168,0.0667916
169,0.0668529
170,0.0669092
171,0.0669701
172,0.0670291
173,0.0670888
174,0.067151
175,0.0672132
176,0.067273
177,0.0673397
178,0.0674033
179,0.0674704
180,0.0675365
181,0.0675938
182,0.0676428
183,0.0676845
184,0.0677286
185,0.0677708
186,0.0678134
187,0.0678521
188,0.0678987
189,0.0679401
190,0.067987
191,0.0680314
192,0.0680772
193,0.0681256
194,0.0681719
195,0.0682211
196,0.0682697
197,0.0683178
198,0.0683636
199,0.0684098
200,0.0684579
201,0.0685051
202,0.0685502
203,0.0685964
204,0.0686427
205,0.0686874
206,0.0687301
207,0.0687741
208,0.0688183
209,0.0688644
210,0.0689067
211,0.0689523
212,0.068997
213,0.0690396
214,0.0690806
215,0.0691235
216,0.0691624
217,0.0692052
218,0.0692559
219,0.0693104
220,0.0693661
221,0.0694209
222,0.0694743
223,0.0695254
224,0.0695796
225,0.0696282
226,0.0696768
227,0.0697255
228,0.0697727
229,0.0698178
230,0.0698621
231,0.0699057
232,0.0699487
233,0.0699901
234,0.0700293
235,0.0700716
236,0.0701125
237,0.0701541
238,0.070196
239,0.0702396
240,0.0702842
241,0.0703277
242,0.0703751
243,0.0704184
244,0.0704628
245,0.0705036
246,0.0705471
247,0.0705852
248,0.0706272
249,0.0706663
250,0.0707044
251,0.0707459
252,0.0707857
253,0.0708246
254,0.0708604
255,0.0708983
256,0.0709331
257,0.0709723
258,0.0710111
259,0.0710527
260,0.0710932
261,0.0711343
262,0.071176
263,0.071218
264,0.0712603
265,0.0713018
266,0.0713456
267,0.0713895
268,0.071433
269,0.0714767
270,0.0715203
271,0.0715605
272,0.0716052
273,0.0716475
274,0.0716872
275,0.0717292
276,0.0717649
277,0.0717977
278,0.0718257
279,0.0718527
280,0.0718817
281,0.0719123
282,0.0719395
283,0.0719715
284,0.0719997
285,0.0720323
286,0.0720613
287,0.0720894
288,0.0721199
289,0.07215
290,0.0721817
291,0.072214
292,0.072246
293,0.0722782
294,0.0723133
295,0.0723458
296,0.072378
297,0.0724104
298,0.072439
299,0.0724705
300,0.0724982
301,0.0725281
302,0.0725574
303,0.0725936
304,0.0726304
305,0.0726663
306,0.0727029
307,0.0727375
308,0.0727744
309,0.0728092
310,0.0728435
311,0.07288
312,0.0729162
313,0.0729546
314,0.0729919
315,0.073027
316,0.0730626
317,0.0730977
318,0.0731334
319,0.0731645
320,0.0731999
321,0.073228
322,0.0732584
323,0.0732876
324,0.0733124
325,0.0733363
326,0.073364
327,0.073386
328,0.0734104
329,0.0734326
330,0.0734548
331,0.0734764
332,0.0734983
333,0.073521
334,0.0735412
335,0.0735631
336,0.0735832
337,0.0736027
338,0.0736279
339,0.0736672
340,0.0737164
341,0.0737632
342,0.0738094
343,0.0738531
344,0.0738967
345,0.0739401
346,0.0739818
347,0.0740227
348,0.07406
349,0.0740972
350,0.074131
351,0.0741639
352,0.0741966
353,0.0742297
354,0.074263
355,0.0742942
356,0.074323
357,0.0743536
358,0.0743806
359,0.0744115
360,0.0744397
361,0.0744691
362,0.0744994
363,0.0745251
364,0.0745553
365,0.0745792
366,0.0746065
367,0.0746331
368,0.0746567
369,0.0746863
370,0.0747146
371,0.0747439
372,0.074774
373,0.0748018
374,0.0748316
375,0.0748613
376,0.0748901
377,0.0749208
378,0.0749485
379,0.0749787
380,0.0750073
381,0.0750361
382,0.0750656
383,0.0750937
384,0.0751213
385,0.0751501
386,0.0751777
387,0.0752032
388,0.0752263
389,0.0752517
390,0.0752749
391,0.0752989
392,0.0753207
393,0.0753432
394,0.0753689
395,0.0753893
396,0.0754149
397,0.0754366
398,0.07546
399,0.0754827
400,0.0755048
401,0.0755317
402,0.0755546
403,0.0755784
404,0.0755997
405,0.0756225
406,0.075646
407,0.0756755
408,0.0757136
409,0.075745
410,0.0757816
411,0.0758175
412,0.0758516
413,0.0758844
414,0.0759168
415,0.0759461
416,0.0759763
417,0.0760025
418,0.0760316
419,0.0760574
420,0.0760847
421,0.0761137
422,0.0761417
423,0.0761682
424,0.076193
425,0.0762185
426,0.0762442
427,0.0762689
428,0.076292
429,0.0763169
430,0.0763427
431,0.0763705
432,0.076394
433,0.0764198
434,0.076444
435,0.0764695
436,0.0764956
437,0.0765231
438,0.0765504
439,0.0765792
440,0.0766042
441,0.0766286
442,0.0766545
443,0.0766798
444,0.0767072
445,0.0767334
446,0.0767571
447,0.0767812
448,0.0768043
449,0.0768239
450,0.0768414
451,0.0768562
452,0.0768724
453,0.0768912
454,0.0769134
455,0.0769393
456,0.0769642
457,0.0769881
458,0.077011
459,0.0770352
460,0.0770617
461,0.0770839
462,0.0771116
463,0.077137
464,0.0771592
465,0.0771848
466,0.077206
467,0.0772256
468,0.0772456
469,0.0772654
470,0.0772826
471,0.0773035
472,0.0773225
473,0.0773449
474,0.0773672
475,0.0773898
476,0.0774159
477,0.0774425
478,0.0774644
479,0.0774889
480,0.0775078
481,0.0775281
482,0.0775473
483,0.0775676
484,0.0775903
485,0.0776106
486,0.0776361
487,0.0776559
488,0.0776777
489,0.0776984
490,0.0777221
491,0.0777391
492,0.0777591
493,0.0777778
494,0.0777991
495,0.0778229
496,0.0778469
497,0.0778787
498,0.0779073
499,0.0779423
500,0.0779744
501,0.0780091
502,0.0780429
503,0.0780802
504,0.0781169
505,0.0781559
506,0.0782003
507,0.0782446
508,0.0782932
509,0.0783356
510,0.0783603
511,0.0783703
512,0.078378
513,0.0783816
514,0.0783845
515,0.0783922
516,0.0783993
517,0.078407
518,0.078417
519,0.0784277
520,0.0784395
521,0.0784496
522,0.0784655
523,0.0784797
524,0.0785005
525,0.0785168
526,0.0785357
527,0.0785568
528,0.0785764
529,0.0785985
530,0.0786213
531,0.0786438
532,0.078664
533,0.0786884
534,0.0787103
535,0.0787349
536,0.0787604
537,0.0787828
538,0.0788057
539,0.0788262
540,0.078849
541,0.0788673
542,0.0788877
543,0.0789093
544,0.0789297
545,0.0789503
546,0.0789719
547,0.0789928
548,0.0790149
549,0.079036
550,0.0790584
551,0.0790789
552,0.0791013
553,0.0791227
554,0.0791415
555,0.0791628
556,0.0791821
557,0.0792032
558,0.0792248
559,0.0792478
560,0.0792686
561,0.0792942
562,0.0793198
563,0.0793481
564,0.079375
565,0.0794068
566,0.0794396
567,0.0794751
568,0.0795114
569,0.0795497
570,0.0795893
571,0.0796158
572,0.0796329
573,0.0796476
574,0.0796585
575,0.0796671
576,0.0796771
577,0.079686
578,0.0796964
579,0.0797088
580,0.079722
581,0.0797341
582,0.0797491
583,0.0797613
584,0.0797769
585,0.0797888
586,0.0798008
587,0.0798123
588,0.0798224
589,0.079834
590,0.0798419
591,0.0798523
592,0.0798584
593,0.0798685
594,0.0798742
595,0.0798812
596,0.0798864
597,0.0798937
598,0.0798948
599,0.0798959
