2,0.944529
3,0.841656
4,0.750799
5,0.677013
6,0.617808
7,0.569978
8,0.531382
9,0.501513
10,0.477399
11,0.457076
12,0.440384
13,0.426527
14,0.414519
15,0.403408
16,0.392773
17,0.381881
18,0.370665
19,0.358697
20,0.34577
21,0.331856
22,0.31692
23,0.301029
24,0.284528
25,0.266933
26,0.248507
27,0.229706
28,0.210662
29,0.191805
30,0.17347
31,0.155975
32,0.139438
33,0.124207
34,0.110249
35,0.0979093
36,0.087014
37,0.0775477
38,0.0697283
39,0.063461
40,0.0588488
41,0.0551319
42,0.0520607
43,0.0491714
44,0.0466003
45,0.0438291
46,0.0414679
47,0.0390335
48,0.0367964
49,0.0345152
50,0.0324793
51,0.0304159
52,0.0285179
53,0.0267032
54,0.0249741
55,0.0233247
56,0.0218856
57,0.0204531
58,0.0191312
59,0.0178648
60,0.0167238
61,0.0156491
62,0.0146154
63,0.0136682
64,0.0128312
65,0.0120191
66,0.0112891
67,0.0105274
68,0.00992026
69,0.0092674
70,0.00869595
71,0.00815338
72,0.00763975
73,0.00719104
74,0.00675733
75,0.00635043
76,0.00590005
77,0.00557318
78,0.00523063
79,0.0049299
80,0.00462424
81,0.00436543
82,0.00413406
83,0.00384769
84,0.00366751
85,0.00342045
86,0.00322947
87,0.00311069
88,0.0029489
89,0.00272296
90,0.00262841
91,0.00240863
92,0.00244369
93,0.00211318
94,0.00230681
95,0.00184055
96,0.00207215
97,0.00159684
98,0.0018177
99,0.00143997
100,0.00167674
101,0.00152822
102,0.00170944
103,0.00182374
104,0.00190514
105,0.00201601
106,0.00201973
107,0.00202126
108,0.00195462
109,0.00187449
110,0.00181283
111,0.001714
112,0.0016512
113,0.00162823
114,0.0015754
115,0.00150257
116,0.00145359
117,0.0014146
118,0.00136448
119,0.00134746
120,0.00129551
121,0.00127572
122,0.00124926
123,0.00123338
124,0.00123551
125,0.00123896
126,0.00127571
127,0.00126018
128,0.00125189
129,0.00122773
130,0.00124638
131,0.00122663
132,0.00120921
133,0.00123338
134,0.00126124
135,0.0012264
136,0.00120287
137,0.00124182
138,0.00125708
139,0.00126941
140,0.00127716
141,0.00126406
142,0.00127678
143,0.00125561
144,0.00126665
145,0.00125645
146,0.00129597
147,0.00126583
148,0.00128784
149,0.00128043
150,0.00128074
151,0.00126351
152,0.00126359
153,0.00128677
154,0.00124171
155,0.00123577
156,0.00126832
157,0.00131267
158,0.00133489
159,0.00141828
160,0.00142327
161,0.00148304
162,0.00149445
163,0.00151923
164,0.00153043
165,0.0015791
166,0.00167392
167,0.00164969
168,0.00168562
169,0.00172415
170,0.0017323
171,0.00170554
172,0.00161331
173,0.00174868
174,0.0019234
175,0.00206991
176,0.00212989
177,0.00230158
178,0.00243643
179,0.00261814
180,0.00279484
181,0.00284311
182,0.00278865
183,0.00263364
184,0.00250043
185,0.00237179
186,0.00224003
187,0.00207094
188,0.00197982
189,0.00185799
190,0.00180672
191,0.00172935
192,0.00166117
193,0.00163661
194,0.00157886
195,0.00156245
196,0.00154416
197,0.00153312
198,0.00149725
199,0.00149289
200,0.00143248
201,0.00142728
202,0.00139234
203,0.00137193
204,0.00134499
205,0.0013122
206,0.00126582
207,0.00120575
208,0.00119212
209,0.00116859
210,0.00112447
211,0.00113105
212,0.00107004
213,0.00108696
214,0.00103731
215,0.00104041
216,0.00097331
217,0.000960991
218,0.000972358
219,0.00104547
220,0.00113459
221,0.00123498
222,0.00130479
223,0.00137405
224,0.00148835
225,0.0015354
226,0.00159221
227,0.00164449
228,0.0016941
229,0.00169976
230,0.00170658
231,0.00170643
232,0.00170127
233,0.0016943
234,0.00166489
235,0.00164982
236,0.00162446
237,0.00162355
238,0.00161824
239,0.00162861
240,0.00165926
241,0.00169058
242,0.00173514
243,0.00178218
244,0.00183379
245,0.00180161
246,0.00182478
247,0.00180398
248,0.00182313
249,0.00179726
250,0.00177477
251,0.00179259
252,0.00177784
253,0.00176433
254,0.00171546
255,0.00170261
256,0.00163885
257,0.00162487
258,0.00162571
259,0.00165729
260,0.00166458
261,0.00168892
262,0.00172314
263,0.00175654
264,0.0018158
265,0.00185737
266,0.00190713
267,0.00199022
268,0.00205766
269,0.0021223
270,0.00219323
271,0.00222703
272,0.00223731
273,0.00224196
274,0.00233417
275,0.00244897
276,0.00245023
277,0.00239367
278,0.00228123
279,0.00214997
280,0.00205589
281,0.00197327
282,0.00185827
283,0.00180462
284,0.00170643
285,0.00165168
286,0.00158851
287,0.00149057
288,0.00143493
289,0.00136574
290,0.00132467
291,0.00128029
292,0.00126232
293,0.00124545
294,0.0012237
295,0.00118221
296,0.00117614
297,0.00115579
298,0.00109484
299,0.00104715
300,0.00101696
301,0.000959022
302,0.000924383
303,0.000949416
304,0.00098073
305,0.000975493
306,0.000992423
307,0.000988363
308,0.00103984
309,0.00105593
310,0.00102603
311,0.00106001
312,0.00112051
313,0.00113011
314,0.00118001
315,0.00119603
316,0.00121969
317,0.00121766
318,0.00125829
319,0.00125178
320,0.00126699
321,0.0012218
322,0.00121122
323,0.00116714
324,0.00111649
325,0.00102393
326,0.000985484
327,0.000915786
328,0.000901807
329,0.000839123
330,0.000824645
331,0.000700823
332,0.00035821
333,0.000597325
334,0.000890731
335,0.00102223
336,0.00110863
337,0.00124779
338,0.00130929
339,0.00121741
340,0.00104099
341,0.000923516
342,0.00086428
343,0.000820217
344,0.000819737
345,0.00086178
346,0.000945435
347,0.00100166
348,0.00106142
349,0.00113252
350,0.00115341
351,0.00118422
352,0.00118322
353,0.00122011
354,0.00127532
355,0.00126687
356,0.00126027
357,0.00127626
358,0.00125123
359,0.00125207
360,0.00122654
361,0.00124297
362,0.00125298
363,0.00121307
364,0.00121148
365,0.00115844
366,0.00114174
367,0.001125
368,0.00108501
369,0.00110295
370,0.00108532
371,0.00108362
372,0.00108365
373,0.00110208
374,0.00109558
375,0.00110811
376,0.00110554
377,0.00112308
378,0.00111853
379,0.00113841
380,0.0011533
381,0.00113073
382,0.00114171
383,0.00116674
384,0.00116065
385,0.00116233
386,0.00116628
387,0.00114238
388,0.0011003
389,0.00107928
390,0.0010395
391,0.0010242
392,0.000976506
393,0.000938507
394,0.000920806
395,0.000887138
396,0.000851764
397,0.000824999
398,0.000822378
399,0.000811213
400,0.000804426
401,0.000797117
402,0.000804956
403,0.000791151
404,0.000822316
405,0.000802285
406,0.000850194
407,0.000804974
408,0.000810535
409,0.000822464
410,0.000809869
411,0.000884654
412,0.000927271
413,0.000954943
414,0.00101572
415,0.00103649
416,0.00106946
417,0.00106151
418,0.000907069
419,0.000802975
420,0.000972657
421,0.0011048
422,0.00116054
423,0.00117111
424,0.00115642
425,0.00114849
426,0.00117048
427,0.00115048
428,0.00113485
429,0.00110962
430,0.00113367
431,0.00112933
432,0.00110309
433,0.00114125
434,0.00114044
435,0.00113093
436,0.00112782
437,0.00116065
438,0.0011742
439,0.00122887
440,0.00122946
441,0.00121633
442,0.00122004
443,0.00122572
444,0.00119222
445,0.00111581
446,0.0011048
447,0.00116215
448,0.00120476
449,0.00120087
450,0.00112708
451,0.00104733
452,0.000971923
453,0.000952746
454,0.000925963
455,0.000940587
456,0.000936925
457,0.000928313
458,0.000922828
459,0.000926078
460,0.000953878
461,0.000893819
462,0.000694366
463,0.000669297
464,0.000849678
465,0.000946979
466,0.000955937
467,0.000914264
468,0.000942375
469,0.000879081
470,0.00085517
471,0.000827646
472,0.000818492
473,0.000844692
474,0.000817222
475,0.000780802
476,0.000816067
477,0.00084855
478,0.000822007
479,0.000811776
480,0.000798175
481,0.000774518
482,0.000789099
483,0.00079525
484,0.000803193
485,0.000787691
486,0.000800361
487,0.000791002
488,0.000809307
489,0.000783328
490,0.000804244
491,0.000776148
492,0.000767643
493,0.000805878
494,0.000794202
495,0.000771743
496,0.000774749
497,0.000796181
498,0.000790031
499,0.000808582
500,0.000863377
501,0.000946534
502,0.00106784
503,0.00118094
504,0.0013505
505,0.00152739
506,0.0017825
507,0.00203334
508,0.00234967
509,0.00260004
510,0.0026435
511,0.00249931
512,0.00234121
513,0.00212166
514,0.00192233
515,0.00178205
516,0.00162393
517,0.00148208
518,0.00137878
519,0.00130728
520,0.00125251
521,0.0011402
522,0.00111744
523,0.0010916
524,0.00113944
525,0.00111392
526,0.00110664
527,0.00104891
528,0.00103415
529,0.000939763
530,0.00107766
531,0.000970967
532,0.00111611
533,0.0011325
534,0.00127694
535,0.00126566
536,0.00141778
537,0.00140284
538,0.00147858
539,0.00144065
540,0.00154026
541,0.00140838
542,0.00152682
543,0.00139456
544,0.00157657
545,0.00136146
546,0.00155048
547,0.0013434
548,0.00155059
549,0.00134495
550,0.00150957
551,0.00136349
552,0.00142807
553,0.00141029
554,0.00139405
555,0.00146263
556,0.00133067
557,0.0014189
558,0.00136703
559,0.00144275
560,0.00139788
561,0.00150989
562,0.00141991
563,0.00165274
564,0.00154443
565,0.00184372
566,0.00176562
567,0.00217084
568,0.00210055
569,0.00255191
570,0.00249593
571,0.00285974
572,0.00253993
573,0.00276645
574,0.00239567
575,0.00255239
576,0.00224491
577,0.00236666
578,0.00221096
579,0.00225003
580,0.00219327
581,0.00215999
582,0.00212358
583,0.00206214
584,0.00201298
585,0.00194884
586,0.00187778
587,0.00181627
588,0.0017755
589,0.00171312
590,0.00166345
591,0.00160362
592,0.00158959
593,0.00159463
594,0.00160157
595,0.00164768
596,0.00169046
597,0.00171034
598,0.00179998
599,0.00185372
