2,0.94433
3,0.841025
4,0.750227
5,0.675795
6,0.616242
7,0.568387
8,0.529714
9,0.499646
10,0.475294
11,0.45522
12,0.4389
13,0.425306
14,0.413893
15,0.40356
16,0.394223
17,0.384318
18,0.374134
19,0.363622
20,0.352074
21,0.339776
22,0.326509
23,0.311966
24,0.296351
25,0.280036
26,0.262932
27,0.244895
28,0.226397
29,0.207913
30,0.189528
31,0.171774
32,0.154848
33,0.138906
34,0.124019
35,0.110639
36,0.098464
37,0.0877871
38,0.0786101
39,0.0707462
40,0.0645913
41,0.0599438
42,0.05602
43,0.0529306
44,0.0500064
45,0.0473488
46,0.0447602
47,0.0422182
48,0.0398181
49,0.0374222
50,0.0351194
51,0.0329571
52,0.030905
53,0.0289173
54,0.0270562
55,0.0253072
56,0.0237036
57,0.0221346
58,0.0207396
59,0.0193556
60,0.0181142
61,0.0169542
62,0.0158586
63,0.014851
64,0.0139158
65,0.0130149
66,0.0122552
67,0.0114794
68,0.0107628
69,0.0100621
70,0.00944378
71,0.00886734
72,0.00830373
73,0.00780972
74,0.00731367
75,0.00686314
76,0.00644302
77,0.00603392
78,0.00567799
79,0.0053517
80,0.00501941
81,0.0047283
82,0.00441687
83,0.00419656
84,0.00392974
85,0.00373725
86,0.00348945
87,0.00330464
88,0.00310168
89,0.00296484
90,0.00274484
91,0.00260541
92,0.00246125
93,0.00233767
94,0.00217332
95,0.00210301
96,0.00193314
97,0.00191378
98,0.00179127
99,0.00175763
100,0.00172264
101,0.00182026
102,0.00192342
103,0.00201208
104,0.00212199
105,0.00213141
106,0.00213874
107,0.00207169
108,0.00202653
109,0.00196288
110,0.00187369
111,0.00177328
112,0.00169996
113,0.00166446
114,0.00159751
115,0.00151915
116,0.00149201
117,0.00144778
118,0.00141006
119,0.0013621
120,0.00130062
121,0.00131668
122,0.00128631
123,0.00123826
124,0.00125969
125,0.00124488
126,0.00129509
127,0.0012994
128,0.00129185
129,0.00124546
130,0.00125638
131,0.00122949
132,0.00125487
133,0.00123787
134,0.00126426
135,0.00126671
136,0.00125647
137,0.00128107
138,0.00128389
139,0.00130901
140,0.0012911
141,0.0013192
142,0.00133317
143,0.00130664
144,0.00130421
145,0.00132114
146,0.00134081
147,0.00132032
148,0.00133192
149,0.00132392
150,0.00135093
151,0.00132069
152,0.00134528
153,0.0012982
154,0.00127635
155,0.00132879
156,0.00132063
157,0.00138652
158,0.00141091
159,0.00146383
160,0.00150871
161,0.00152444
162,0.00155678
163,0.00158353
164,0.00163737
165,0.00166472
166,0.00170995
167,0.00172398
168,0.00159998
169,0.00153905
170,0.00167546
171,0.00180092
172,0.00193364
173,0.00199763
174,0.00206629
175,0.00218064
176,0.00229647
177,0.00240149
178,0.00260669
179,0.00277297
180,0.00290791
181,0.00298765
182,0.00287067
183,0.00276657
184,0.002579
185,0.00247748
186,0.00229524
187,0.00218363
188,0.00206649
189,0.00196944
190,0.00189297
191,0.00180225
192,0.0017567
193,0.00172429
194,0.00166125
195,0.00166252
196,0.00163834
197,0.00161779
198,0.00155672
199,0.00155387
200,0.00152715
201,0.00149519
202,0.00147942
203,0.00143695
204,0.00140327
205,0.00134694
206,0.00132969
207,0.00129249
208,0.00125671
209,0.00121435
210,0.00115543
211,0.00116951
212,0.00111102
213,0.00111392
214,0.00108286
215,0.00102473
216,0.000993409
217,0.00098386
218,0.00101427
219,0.00108471
220,0.00116976
221,0.00127346
222,0.00136265
223,0.0014496
224,0.00153374
225,0.00161106
226,0.00166317
227,0.00171351
228,0.00174228
229,0.00175543
230,0.00179909
231,0.00176271
232,0.0017662
233,0.00175024
234,0.00171669
235,0.00171195
236,0.0016924
237,0.0016665
238,0.00166721
239,0.00170484
240,0.00174932
241,0.0017816
242,0.0018328
243,0.00187162
244,0.00189384
245,0.00191536
246,0.00191331
247,0.00190066
248,0.0018805
249,0.00188749
250,0.00187025
251,0.00185147
252,0.00185924
253,0.00185491
254,0.00181454
255,0.00177506
256,0.00174802
257,0.0017288
258,0.0017225
259,0.00179427
260,0.00175089
261,0.00181224
262,0.00181613
263,0.00186664
264,0.00190628
265,0.00198765
266,0.00203842
267,0.00209176
268,0.002143
269,0.00207397
270,0.00215737
271,0.00228943
272,0.00240207
273,0.00249065
274,0.00255393
275,0.00259215
276,0.0025729
277,0.00249967
278,0.002378
279,0.0022407
280,0.00214194
281,0.00203868
282,0.00195212
283,0.00189826
284,0.00178989
285,0.00171238
286,0.00163675
287,0.00155907
288,0.00150254
289,0.00142798
290,0.00138313
291,0.00134152
292,0.00130789
293,0.00128097
294,0.00127308
295,0.00123443
296,0.00122616
297,0.00117206
298,0.00114209
299,0.00110066
300,0.00101736
301,0.000989495
302,0.000926362
303,0.000959833
304,0.00100483
305,0.00103429
306,0.00105449
307,0.00102074
308,0.00106147
309,0.00104676
310,0.00109691
311,0.00111679
312,0.0011559
313,0.00116876
314,0.00121888
315,0.0012382
316,0.00127437
317,0.00128835
318,0.00129872
319,0.00127907
320,0.00129574
321,0.00122102
322,0.00124917
323,0.00117872
324,0.00110854
325,0.00107719
326,0.000981404
327,0.000851487
328,0.000460063
329,0.000478805
330,0.000724296
331,0.000813154
332,0.000858701
333,0.000894827
334,0.000959077
335,0.00104047
336,0.00112127
337,0.0012409
338,0.00130203
339,0.00117068
340,0.00105743
341,0.000915085
342,0.00084072
343,0.000810914
344,0.00085034
345,0.000870642
346,0.000931941
347,0.00100095
348,0.00106581
349,0.00115119
350,0.00119837
351,0.00124159
352,0.00123025
353,0.00128321
354,0.0013026
355,0.00132842
356,0.00131227
357,0.00128711
358,0.00129518
359,0.00129581
360,0.00130045
361,0.00129259
362,0.00130075
363,0.001259
364,0.00123021
365,0.00122071
366,0.00119801
367,0.0011494
368,0.00115964
369,0.00111616
370,0.00110467
371,0.00111917
372,0.001135
373,0.00113242
374,0.00113303
375,0.00116068
376,0.00115709
377,0.00113576
378,0.00115544
379,0.001172
380,0.0011943
381,0.00118065
382,0.00117264
383,0.00119272
384,0.00118926
385,0.00120972
386,0.00120517
387,0.00116143
388,0.00115674
389,0.00109223
390,0.00108025
391,0.00104091
392,0.000984453
393,0.000959192
394,0.000932765
395,0.000890999
396,0.000881225
397,0.000838392
398,0.000841953
399,0.000825333
400,0.000801469
401,0.000768181
402,0.000791014
403,0.000805332
404,0.000816335
405,0.000811489
406,0.000831973
407,0.000814018
408,0.000776246
409,0.000829053
410,0.00086128
411,0.000896324
412,0.00093344
413,0.00100529
414,0.00106812
415,0.000870456
416,0.000784239
417,0.000976886
418,0.00105883
419,0.00108992
420,0.00115908
421,0.00114922
422,0.00118738
423,0.0012098
424,0.00120266
425,0.00119949
426,0.00119129
427,0.00116438
428,0.00119039
429,0.00115518
430,0.00119462
431,0.00116802
432,0.00118421
433,0.00119495
434,0.00117154
435,0.00117318
436,0.00121646
437,0.001222
438,0.0012151
439,0.00127543
440,0.00126282
441,0.00112299
442,0.00105824
443,0.00116594
444,0.00125776
445,0.00129194
446,0.00127604
447,0.00130485
448,0.00128797
449,0.00124644
450,0.00112422
451,0.00107864
452,0.00102139
453,0.00098213
454,0.000949015
455,0.000984905
456,0.000983856
457,0.000980332
458,0.000917866
459,0.000609242
460,0.000699721
461,0.000879461
462,0.000955878
463,0.000983576
464,0.00102742
465,0.000995582
466,0.000982423
467,0.000932199
468,0.000946172
469,0.000890434
470,0.00087916
471,0.000827206
472,0.000840759
473,0.000830982
474,0.000804097
475,0.00083854
476,0.000822473
477,0.000841171
478,0.000815438
479,0.000827955
480,0.000843324
481,0.000802954
482,0.000795237
483,0.000770047
484,0.000797455
485,0.000771065
486,0.000797717
487,0.000792847
488,0.000773729
489,0.000794373
490,0.000802246
491,0.000785763
492,0.00077691
493,0.000767296
494,0.000810394
495,0.00077493
496,0.000761896
497,0.000780674
498,0.000801837
499,0.00086068
500,0.000923831
501,0.00103047
502,0.00115528
503,0.00128782
504,0.0014777
505,0.0016562
506,0.00195478
507,0.00221568
508,0.00255174
509,0.00271798
510,0.00268093
511,0.0025259
512,0.00232432
513,0.00209606
514,0.00192408
515,0.00176301
516,0.00160373
517,0.00149749
518,0.00141195
519,0.00129011
520,0.00121231
521,0.00114174
522,0.00110583
523,0.00105571
524,0.00106653
525,0.000989507
526,0.000980054
527,0.000927481
528,0.000962775
529,0.000895338
530,0.00107561
531,0.000972554
532,0.0012253
533,0.00113477
534,0.00136967
535,0.00126185
536,0.00149854
537,0.00128925
538,0.00153171
539,0.00125415
540,0.00150322
541,0.00120397
542,0.00142978
543,0.00115764
544,0.00142538
545,0.00116092
546,0.00144917
547,0.00118257
548,0.0014289
549,0.00120824
550,0.00143702
551,0.00124634
552,0.00142776
553,0.00128158
554,0.0014399
555,0.00125687
556,0.00150953
557,0.00119788
558,0.00157134
559,0.00112723
560,0.00167583
561,0.00115929
562,0.00177844
563,0.00130772
564,0.00199477
565,0.00157396
566,0.00225674
567,0.00201481
568,0.00259964
569,0.00251749
570,0.00293668
571,0.00277073
572,0.00288381
573,0.00266058
574,0.00267807
575,0.00247418
576,0.00245164
577,0.00238252
578,0.00235442
579,0.00230462
580,0.00224571
581,0.00218841
582,0.00216564
583,0.00210651
584,0.00202369
585,0.00197093
586,0.00192986
587,0.00184677
588,0.00176976
589,0.00170838
590,0.00168455
591,0.00163882
592,0.00163323
593,0.0016294
594,0.00165103
595,0.00171471
596,0.00174647
597,0.00185009
598,0.0018603
599,0.00190354
