2,0.00197214
3,0.0059669
4,0.00976819
5,0.01309
6,0.0159037
7,0.0182863
8,0.0203092
9,0.0219761
10,0.0233973
11,0.0246286
12,0.0256865
13,0.0266159
14,0.02744
15,0.0282069
16,0.0289219
17,0.0296622
18,0.0304118
19,0.0311759
20,0.0319917
21,0.0328424
22,0.033748
23,0.0347189
24,0.0357469
25,0.0368149
26,0.0379297
27,0.0390979
28,0.0402947
29,0.0415001
30,0.0427026
31,0.043882
32,0.045019
33,0.046114
34,0.0471518
35,0.0481235
36,0.0490301
37,0.0498642
38,0.0506295
39,0.0513342
40,0.0519709
41,0.052546
42,0.0530659
43,0.0535295
44,0.0539356
45,0.0542866
46,0.0546011
47,0.0548778
48,0.0551268
49,0.0553573
50,0.0555753
51,0.055775
52,0.0559724
53,0.0561606
54,0.0563474
55,0.0565263
56,0.0567072
57,0.0568797
58,0.0570541
59,0.0572215
60,0.05739
61,0.0575504
62,0.0577099
63,0.0578645
64,0.0580153
65,0.0581605
66,0.0583013
67,0.0584386
68,0.0585706
69,0.0586988
70,0.0588271
71,0.0589478
72,0.0590694
73,0.0591877
74,0.0593016
75,0.0594151
76,0.0595215
77,0.0596319
78,0.0597362
79,0.0598394
80,0.0599435
81,0.0600458
82,0.0601461
83,0.0602483
84,0.0603481
85,0.0604483
86,0.0605477
87,0.0606463
88,0.0607457
89,0.060843
90,0.060943
91,0.0610398
92,0.0611367
93,0.0612331
94,0.0613268
95,0.0614204
96,0.0615102
97,0.0616048
98,0.0616944
99,0.0617871
100,0.0618769
101,0.0619684
102,0.0620551
103,0.0621445
104,0.062229
105,0.0623156
106,0.0623982
107,0.0624868
108,0.0625779
109,0.062665
110,0.0627566
111,0.0628441
112,0.0629292
113,0.0630162
114,0.0630991
115,0.0631827
116,0.0632667
117,0.0633449
118,0.0634271
119,0.063508
120,0.0635876
121,0.0636667
122,0.0637445
123,0.0638212
124,0.0638992
125,0.063978
126,0.064054
127,0.0641284
128,0.0642009
129,0.064273
130,0.0643429
131,0.0644136
132,0.0644855
133,0.0645548
134,0.0646277
135,0.0646957
136,0.0647663
137,0.0648362
138,0.064904
139,0.0649745
140,0.0650395
141,0.0651048
142,0.0651741
143,0.0652378
144,0.0653012
145,0.0653687
146,0.0654321
147,0.0654965
148,0.0655613
149,0.065625
150,0.0656909
151,0.0657491
152,0.0658148
153,0.0658721
154,0.0659334
155,0.0659975
156,0.0660571
157,0.0661233
158,0.0661859
159,0.0662496
160,0.066312
161,0.0663739
162,0.0664358
163,0.0664962
164,0.0665566
165,0.066619
166,0.0666789
167,0.0667387
168,0.0667975
169,0.0668557
170,0.0669147
171,0.066975
172,0.0670369
173,0.0670966
174,0.0671578
175,0.067221
176,0.0672847
177,0.0673463
178,0.0674156
179,0.0674813
180,0.067545
181,0.0676037
182,0.0676483
183,0.0676942
184,0.067734
185,0.0677784
186,0.0678175
187,0.0678616
188,0.0679052
189,0.0679492
190,0.0679936
191,0.0680382
192,0.0680858
193,0.0681322
194,0.0681788
195,0.0682282
196,0.0682766
197,0.0683246
198,0.0683691
199,0.068417
200,0.068464
201,0.0685105
202,0.0685573
203,0.0686031
204,0.0686493
205,0.0686907
206,0.0687371
207,0.0687806
208,0.0688246
209,0.0688679
210,0.0689115
211,0.0689577
212,0.0689995
213,0.0690436
214,0.0690857
215,0.0691241
216,0.069167
217,0.0692069
218,0.0692603
219,0.0693143
220,0.0693699
221,0.0694258
222,0.0694793
223,0.0695323
224,0.0695841
225,0.0696341
226,0.0696827
227,0.0697318
228,0.0697776
229,0.0698227
230,0.0698687
231,0.0699078
232,0.0699539
233,0.0699946
234,0.0700344
235,0.0700752
236,0.0701167
237,0.0701589
238,0.0702018
239,0.0702448
240,0.0702915
241,0.0703358
242,0.0703814
243,0.0704263
244,0.0704692
245,0.0705124
246,0.0705524
247,0.0705926
248,0.0706323
249,0.0706728
250,0.0707115
251,0.070752
252,0.0707924
253,0.0708308
254,0.0708683
255,0.0709047
256,0.0709419
257,0.0709812
258,0.0710187
259,0.0710637
260,0.0711008
261,0.0711449
262,0.0711844
263,0.0712254
264,0.0712685
265,0.0713119
266,0.0713554
267,0.0713982
268,0.0714435
269,0.0714843
270,0.0715256
271,0.0715679
272,0.0716121
273,0.0716567
274,0.0716978
275,0.0717381
276,0.0717744
277,0.0718048
278,0.0718327
279,0.0718598
280,0.0718888
281,0.0719171
282,0.0719468
283,0.0719786
284,0.0720067
285,0.0720367
286,0.0720664
287,0.0720954
288,0.072125
289,0.0721552
290,0.0721859
291,0.0722194
292,0.072251
293,0.0722841
294,0.0723176
295,0.07235
296,0.0723832
297,0.0724129
298,0.0724432
299,0.0724745
300,0.0725012
301,0.0725326
302,0.0725607
303,0.0725977
304,0.0726343
305,0.0726718
306,0.0727083
307,0.0727412
308,0.0727782
309,0.0728134
310,0.0728481
311,0.0728822
312,0.072922
313,0.0729596
314,0.0729968
315,0.0730326
316,0.0730684
317,0.0731025
318,0.0731365
319,0.0731692
320,0.0732025
321,0.0732285
322,0.0732619
323,0.0732889
324,0.0733119
325,0.0733388
326,0.0733627
327,0.0733878
328,0.0734088
329,0.0734312
330,0.0734532
331,0.0734734
332,0.0734976
333,0.0735195
334,0.0735428
335,0.0735639
336,0.0735837
337,0.0736031
338,0.0736278
339,0.073671
340,0.0737174
341,0.0737646
342,0.07381
343,0.0738544
344,0.0738972
345,0.0739415
346,0.0739831
347,0.0740222
348,0.0740621
349,0.0741009
350,0.0741339
351,0.0741688
352,0.0741995
353,0.074235
354,0.0742674
355,0.0742993
356,0.0743271
357,0.0743569
358,0.0743864
359,0.074416
360,0.0744465
361,0.0744742
362,0.074504
363,0.0745306
364,0.0745579
365,0.0745834
366,0.0746102
367,0.0746359
368,0.0746647
369,0.07469
370,0.0747177
371,0.0747478
372,0.0747785
373,0.0748068
374,0.0748361
375,0.074866
376,0.0748957
377,0.0749238
378,0.0749528
379,0.0749825
380,0.0750121
381,0.0750403
382,0.0750682
383,0.0750972
384,0.0751257
385,0.075154
386,0.0751807
387,0.0752051
388,0.0752319
389,0.0752537
390,0.0752788
391,0.0753005
392,0.0753231
393,0.0753469
394,0.0753702
395,0.0753913
396,0.0754164
397,0.0754389
398,0.0754613
399,0.0754838
400,0.0755081
401,0.0755325
402,0.0755552
403,0.0755802
404,0.0756014
405,0.0756253
406,0.0756473
407,0.0756793
408,0.0757134
409,0.0757515
410,0.0757859
411,0.075821
412,0.0758541
413,0.0758897
414,0.0759204
415,0.0759492
416,0.0759761
417,0.0760058
418,0.0760329
419,0.076059
420,0.0760897
421,0.0761163
422,0.0761454
423,0.0761721
424,0.0761963
425,0.0762231
426,0.0762472
427,0.0762717
428,0.0762979
429,0.0763202
430,0.0763503
431,0.0763727
432,0.0763997
433,0.0764252
434,0.0764502
435,0.0764754
436,0.0765021
437,0.0765291
438,0.0765563
439,0.076585
440,0.0766099
441,0.0766331
442,0.0766568
443,0.0766845
444,0.0767112
445,0.0767352
446,0.0767598
447,0.0767861
448,0.0768079
449,0.0768274
450,0.0768422
451,0.0768597
452,0.0768755
453,0.0768963
454,0.0769189
455,0.0769443
456,0.0769688
457,0.0769938
458,0.0770151
459,0.0770398
460,0.077061
461,0.0770879
462,0.0771132
463,0.0771393
464,0.0771654
465,0.0771867
466,0.0772086
467,0.0772274
468,0.0772481
469,0.0772672
470,0.0772883
471,0.0773046
472,0.0773253
473,0.0773471
474,0.0773683
475,0.0773946
476,0.0774174
477,0.0774442
478,0.0774687
479,0.0774901
480,0.0775102
481,0.0775288
482,0.0775505
483,0.0775667
484,0.0775902
485,0.0776124
486,0.0776349
487,0.0776574
488,0.0776787
489,0.0777012
490,0.0777213
491,0.0777414
492,0.0777602
493,0.0777811
494,0.077802
495,0.0778263
496,0.0778522
497,0.0778829
498,0.0779163
499,0.0779478
500,0.0779822
501,0.078018
502,0.0780539
503,0.0780898
504,0.0781299
505,0.0781688
506,0.0782149
507,0.0782606
508,0.0783096
509,0.0783455
510,0.0783643
511,0.0783727
512,0.0783778
513,0.0783806
514,0.0783863
515,0.0783935
516,0.0784
517,0.078411
518,0.0784213
519,0.0784307
520,0.0784407
521,0.0784536
522,0.078468
523,0.0784844
524,0.0785008
525,0.0785201
526,0.0785393
527,0.0785592
528,0.0785787
529,0.0786021
530,0.0786231
531,0.0786447
532,0.0786669
533,0.0786902
534,0.0787128
535,0.0787389
536,0.0787622
537,0.0787834
538,0.0788092
539,0.0788284
540,0.0788517
541,0.0788698
542,0.0788902
543,0.0789121
544,0.0789327
545,0.0789534
546,0.0789733
547,0.0789953
548,0.0790166
549,0.0790369
550,0.079057
551,0.0790806
552,0.0791002
553,0.0791227
554,0.0791429
555,0.0791637
556,0.0791835
557,0.0792062
558,0.0792265
559,0.0792511
560,0.0792759
561,0.0793013
562,0.0793299
563,0.0793561
564,0.0793868
565,0.0794177
566,0.0794503
567,0.079488
568,0.0795269
569,0.079565
570,0.0796019
571,0.0796233
572,0.0796392
573,0.0796515
574,0.079661
575,0.0796698
576,0.0796785
577,0.0796891
578,0.0796992
579,0.0797127
580,0.0797244
581,0.0797363
582,0.0797522
583,0.0797655
584,0.0797771
585,0.0797916
586,0.0798034
587,0.0798152
588,0.0798244
589,0.0798336
590,0.0798442
591,0.0798503
592,0.0798612
593,0.079868
594,0.0798745
595,0.0798792
596,0.0798885
597,0.0798916
598,0.0798936
599,0.0798954
