2,0.00198568
3,0.00599621
4,0.00977045
5,0.0130778
6,0.0159261
7,0.0183216
8,0.0203476
9,0.0220255
10,0.0234425
11,0.0246757
12,0.0257339
13,0.0266402
14,0.0274373
15,0.0281716
16,0.0288575
17,0.0295215
18,0.0302004
19,0.0309264
20,0.0316727
21,0.0324602
22,0.0333114
23,0.0342165
24,0.0351686
25,0.0361985
26,0.037275
27,0.0383922
28,0.0395374
29,0.0407109
30,0.0418959
31,0.0430677
32,0.0442173
33,0.0453321
34,0.0464058
35,0.0474243
36,0.0483809
37,0.0492716
38,0.0500907
39,0.0508421
40,0.0515266
41,0.0521526
42,0.052712
43,0.0532165
44,0.0536673
45,0.0540624
46,0.0544112
47,0.0547194
48,0.0549971
49,0.0552464
50,0.0554792
51,0.0556941
52,0.0559028
53,0.0560992
54,0.0562966
55,0.0564827
56,0.0566706
57,0.0568501
58,0.0570266
59,0.0572006
60,0.0573701
61,0.0575319
62,0.057692
63,0.0578484
64,0.0579958
65,0.058145
66,0.0582838
67,0.0584208
68,0.0585541
69,0.0586838
70,0.0588118
71,0.0589364
72,0.0590593
73,0.0591773
74,0.0592922
75,0.0594071
76,0.059516
77,0.0596243
78,0.0597298
79,0.0598329
80,0.0599375
81,0.060039
82,0.0601407
83,0.0602439
84,0.0603415
85,0.0604434
86,0.0605408
87,0.0606404
88,0.0607363
89,0.0608369
90,0.0609328
91,0.06103
92,0.061127
93,0.0612215
94,0.0613178
95,0.0614091
96,0.0615054
97,0.0615933
98,0.0616914
99,0.0617793
100,0.0618743
101,0.0619617
102,0.0620519
103,0.0621413
104,0.0622268
105,0.0623122
106,0.0623962
107,0.0624848
108,0.0625735
109,0.0626659
110,0.0627557
111,0.0628417
112,0.0629306
113,0.0630155
114,0.0631007
115,0.063185
116,0.0632659
117,0.0633479
118,0.0634297
119,0.0635098
120,0.0635885
121,0.0636684
122,0.0637473
123,0.0638237
124,0.0639032
125,0.0639805
126,0.0640551
127,0.0641319
128,0.064203
129,0.0642764
130,0.0643454
131,0.0644164
132,0.0644887
133,0.0645586
134,0.0646305
135,0.0647013
136,0.0647691
137,0.0648382
138,0.0649086
139,0.0649771
140,0.0650447
141,0.0651113
142,0.0651761
143,0.0652444
144,0.065305
145,0.065372
146,0.0654366
147,0.0655022
148,0.0655662
149,0.0656305
150,0.0656933
151,0.0657569
152,0.0658166
153,0.0658807
154,0.0659406
155,0.0660022
156,0.066063
157,0.0661301
158,0.0661917
159,0.0662564
160,0.0663193
161,0.0663801
162,0.0664417
163,0.0665015
164,0.0665631
165,0.0666236
166,0.0666815
167,0.0667437
168,0.0668032
169,0.0668625
170,0.0669225
171,0.0669833
172,0.0670452
173,0.067104
174,0.0671684
175,0.067229
176,0.0672928
177,0.0673576
178,0.0674245
179,0.0674919
180,0.0675583
181,0.067612
182,0.0676585
183,0.0676997
184,0.0677423
185,0.0677839
186,0.0678274
187,0.067868
188,0.0679137
189,0.0679566
190,0.0680005
191,0.0680466
192,0.0680935
193,0.0681394
194,0.0681874
195,0.0682348
196,0.0682823
197,0.0683301
198,0.0683775
199,0.0684213
200,0.0684695
201,0.0685172
202,0.0685653
203,0.0686089
204,0.068655
205,0.068698
206,0.0687419
207,0.0687854
208,0.0688284
209,0.0688738
210,0.0689173
211,0.06896
212,0.0690043
213,0.0690458
214,0.0690862
215,0.069128
216,0.0691648
217,0.0692095
218,0.0692611
219,0.0693194
220,0.0693741
221,0.0694312
222,0.0694856
223,0.0695375
224,0.0695896
225,0.0696399
226,0.0696888
227,0.0697356
228,0.0697828
229,0.0698273
230,0.069872
231,0.069915
232,0.0699563
233,0.0699985
234,0.0700378
235,0.0700804
236,0.0701233
237,0.070163
238,0.0702084
239,0.0702508
240,0.0702986
241,0.0703417
242,0.0703884
243,0.0704335
244,0.0704774
245,0.0705179
246,0.0705591
247,0.0705991
248,0.0706378
249,0.0706794
250,0.0707183
251,0.0707603
252,0.0707993
253,0.0708386
254,0.0708762
255,0.0709126
256,0.0709496
257,0.070988
258,0.0710282
259,0.0710703
260,0.0711107
261,0.0711538
262,0.071194
263,0.0712354
264,0.0712765
265,0.0713191
266,0.0713628
267,0.0714044
268,0.0714498
269,0.0714921
270,0.0715356
271,0.071579
272,0.0716223
273,0.0716675
274,0.0717077
275,0.0717495
276,0.0717825
277,0.0718118
278,0.0718387
279,0.0718671
280,0.0718957
281,0.0719242
282,0.0719545
283,0.0719838
284,0.0720115
285,0.0720428
286,0.0720708
287,0.0720999
288,0.0721291
289,0.07216
290,0.072192
291,0.0722232
292,0.0722572
293,0.072289
294,0.0723234
295,0.0723552
296,0.0723868
297,0.0724183
298,0.0724485
299,0.0724774
300,0.0725046
301,0.0725347
302,0.0725665
303,0.0726009
304,0.0726386
305,0.0726751
306,0.0727112
307,0.0727459
308,0.0727818
309,0.0728159
310,0.0728511
311,0.0728884
312,0.0729243
313,0.0729643
314,0.0730014
315,0.0730364
316,0.073071
317,0.0731074
318,0.0731388
319,0.0731732
320,0.073204
321,0.0732336
322,0.0732635
323,0.0732895
324,0.0733141
325,0.0733393
326,0.0733618
327,0.0733843
328,0.0734103
329,0.0734305
330,0.0734534
331,0.0734746
332,0.0734975
333,0.0735202
334,0.0735439
335,0.0735638
336,0.0735844
337,0.0736033
338,0.0736295
339,0.0736729
340,0.0737169
341,0.0737667
342,0.0738108
343,0.0738543
344,0.0738989
345,0.0739413
346,0.0739842
347,0.0740249
348,0.0740655
349,0.0741007
350,0.0741364
351,0.0741723
352,0.0742047
353,0.0742384
354,0.0742715
355,0.0743034
356,0.0743319
357,0.0743608
358,0.0743914
359,0.0744209
360,0.0744487
361,0.074478
362,0.0745069
363,0.0745342
364,0.0745601
365,0.0745893
366,0.0746138
367,0.074639
368,0.0746663
369,0.0746945
370,0.0747222
371,0.074754
372,0.0747812
373,0.0748112
374,0.0748424
375,0.0748676
376,0.0749003
377,0.0749279
378,0.0749579
379,0.074986
380,0.0750154
381,0.0750448
382,0.0750707
383,0.0750983
384,0.075129
385,0.0751552
386,0.0751837
387,0.0752075
388,0.0752327
389,0.0752566
390,0.0752798
391,0.0753019
392,0.0753259
393,0.0753487
394,0.0753722
395,0.0753967
396,0.0754178
397,0.0754406
398,0.075464
399,0.0754864
400,0.0755092
401,0.0755349
402,0.0755567
403,0.0755803
404,0.0756039
405,0.075625
406,0.0756487
407,0.0756815
408,0.0757169
409,0.0757535
410,0.0757885
411,0.0758237
412,0.0758579
413,0.0758875
414,0.0759206
415,0.07595
416,0.0759798
417,0.0760075
418,0.0760361
419,0.0760645
420,0.0760915
421,0.0761207
422,0.0761482
423,0.0761756
424,0.0761998
425,0.0762257
426,0.0762514
427,0.0762751
428,0.0763014
429,0.076325
430,0.0763539
431,0.0763783
432,0.0764044
433,0.0764296
434,0.0764536
435,0.0764817
436,0.0765064
437,0.0765366
438,0.0765621
439,0.0765896
440,0.0766136
441,0.076638
442,0.076662
443,0.0766887
444,0.0767146
445,0.076741
446,0.0767652
447,0.076789
448,0.0768102
449,0.076831
450,0.0768462
451,0.0768609
452,0.0768784
453,0.0769007
454,0.0769248
455,0.0769496
456,0.0769728
457,0.0769954
458,0.0770191
459,0.0770406
460,0.0770663
461,0.0770895
462,0.0771167
463,0.077142
464,0.0771679
465,0.0771885
466,0.0772107
467,0.0772321
468,0.0772505
469,0.0772687
470,0.0772903
471,0.0773087
472,0.0773278
473,0.0773503
474,0.0773707
475,0.0773956
476,0.0774223
477,0.0774477
478,0.0774708
479,0.0774904
480,0.0775112
481,0.0775311
482,0.0775485
483,0.0775699
484,0.0775927
485,0.0776136
486,0.0776357
487,0.0776587
488,0.0776779
489,0.0777032
490,0.0777245
491,0.0777417
492,0.0777622
493,0.0777849
494,0.0778056
495,0.0778292
496,0.0778579
497,0.0778886
498,0.077921
499,0.0779555
500,0.0779909
501,0.0780257
502,0.0780634
503,0.0781007
504,0.0781407
505,0.0781831
506,0.0782288
507,0.0782748
508,0.0783235
509,0.0783525
510,0.0783675
511,0.0783735
512,0.0783777
513,0.078383
514,0.078387
515,0.0783952
516,0.0784018
517,0.0784128
518,0.078422
519,0.0784316
520,0.0784435
521,0.0784557
522,0.078469
523,0.0784848
524,0.0785039
525,0.0785211
526,0.0785403
527,0.0785602
528,0.0785797
529,0.0786029
530,0.0786238
531,0.0786458
532,0.078668
533,0.0786922
534,0.0787147
535,0.0787394
536,0.0787627
537,0.0787863
538,0.0788071
539,0.0788284
540,0.078851
541,0.078869
542,0.0788903
543,0.078912
544,0.0789315
545,0.078954
546,0.078974
547,0.0789947
548,0.079016
549,0.0790361
550,0.079057
551,0.0790775
552,0.0790996
553,0.0791208
554,0.0791408
555,0.0791626
556,0.0791848
557,0.0792068
558,0.0792311
559,0.0792555
560,0.079283
561,0.0793083
562,0.0793383
563,0.079369
564,0.0793984
565,0.0794327
566,0.0794687
567,0.0795069
568,0.0795449
569,0.0795795
570,0.0796115
571,0.079631
572,0.0796446
573,0.0796559
574,0.0796639
575,0.0796726
576,0.0796839
577,0.0796917
578,0.0797053
579,0.0797177
580,0.0797298
581,0.0797415
582,0.0797575
583,0.0797697
584,0.0797816
585,0.0797959
586,0.0798055
587,0.079817
588,0.0798277
589,0.0798361
590,0.0798439
591,0.0798548
592,0.0798597
593,0.0798681
594,0.0798744
595,0.0798829
596,0.0798868
597,0.07989
598,0.0798935
599,0.0798931
