2,0.916658
3,0.769387
4,0.642312
5,0.530545
6,0.431605
7,0.34119
8,0.258806
9,0.184947
10,0.11958
11,0.0634392
12,0.0260982
13,0.0112278
14,0.00802816
15,0.00677007
16,0.00670364
17,0.00608652
18,0.00621864
19,0.00578742
20,0.0055508
21,0.00526805
22,0.00519691
23,0.00493165
24,0.00468651
25,0.00456582
26,0.0044066
27,0.00419827
28,0.00407709
29,0.00389183
30,0.00369314
31,0.00346562
32,0.00335963
33,0.00307847
34,0.00299231
35,0.00269556
36,0.00261616
37,0.00244573
38,0.00236563
39,0.00224067
40,0.0021935
41,0.00202781
42,0.0021234
43,0.00194143
44,0.00209146
45,0.00185587
46,0.002006
47,0.00174881
48,0.00187744
49,0.00165846
50,0.00170128
51,0.00151566
52,0.00158068
53,0.00141744
54,0.0014836
55,0.00134708
56,0.00136597
57,0.00126544
58,0.00129069
59,0.00120965
60,0.00126064
61,0.00121018
62,0.00121257
63,0.00118697
64,0.00114235
65,0.00112117
66,0.00106699
67,0.00110798
68,0.00109521
69,0.00119844
70,0.00113804
71,0.00119168
72,0.00104503
73,0.00101501
74,0.00100552
75,0.00087098
76,0.000896693
77,0.000792004
78,0.0010002
79,0.0010562
80,0.00109769
81,0.0010923
82,0.00111315
83,0.00108719
84,0.00105524
85,0.00103557
86,0.00102837
87,0.000969262
88,0.00101342
89,0.000950217
90,0.000970028
91,0.000885978
92,0.000909385
93,0.000734918
94,0.000741381
95,0.000816829
96,0.0008106
97,0.000966226
98,0.00097627
99,0.00111235
100,0.00112249
101,0.001145
102,0.00113737
103,0.0011891
104,0.00117097
105,0.00117713
106,0.00114055
107,0.00117319
108,0.0010486
109,0.0010747
110,0.000904006
111,0.000970567
112,0.000830815
113,0.00106285
114,0.000943916
115,0.00112982
116,0.000992464
117,0.00111771
118,0.00106826
119,0.00103565
120,0.00114691
121,0.000964906
122,0.00115751
123,0.000852481
124,0.00110974
125,0.000767558
126,0.00110858
127,0.000883153
128,0.00111361
129,0.00107966
130,0.00119004
131,0.00111239
132,0.00107603
133,0.00102568
134,0.00105824
135,0.00103527
136,0.00114307
137,0.00102416
138,0.0011391
139,0.00102583
140,0.0010745
141,0.00095933
142,0.000938743
143,0.000932046
144,0.000759054
145,0.00102134
146,0.00081992
147,0.00105022
148,0.000804181
149,0.00105243
150,0.000814807
151,0.000945862
152,0.000830529
153,0.000881387
154,0.000949975
155,0.000943428
156,0.00101425
157,0.00101941
158,0.000945623
159,0.0010122
160,0.000927199
161,0.000866582
162,0.000922863
163,0.000879289
164,0.00103005
165,0.00100539
166,0.0010757
167,0.00106913
168,0.00109108
169,0.000954824
170,0.0010599
171,0.000780131
172,0.00111985
173,0.000760621
174,0.00125009
175,0.000878603
176,0.00128722
177,0.00103615
178,0.00126527
179,0.00108523
180,0.00120105
181,0.00109794
182,0.00108932
183,0.00107501
184,0.000974008
185,0.00104753
186,0.000922256
187,0.0011074
188,0.000929912
189,0.00120296
190,0.000994414
191,0.00130421
192,0.000992763
193,0.00135586
194,0.000956268
195,0.00124991
196,0.00108289
197,0.00117043
198,0.00126069
199,0.00115497
200,0.00128168
201,0.00115915
202,0.00124401
203,0.00115173
204,0.0011374
205,0.00112169
206,0.0010846
207,0.00103474
208,0.00105868
209,0.00112108
210,0.00108201
211,0.00119421
212,0.00114432
213,0.0012365
214,0.00118254
215,0.0011471
216,0.00116313
217,0.00107787
218,0.00108357
219,0.0010109
220,0.000851029
221,0.000888553
222,0.000828846
223,0.00104691
224,0.000935655
225,0.00109897
226,0.000977372
227,0.00116083
228,0.000998349
229,0.00110083
230,0.000958133
231,0.00100886
232,0.000955466
233,0.000971879
234,0.000860216
235,0.000904799
236,0.000932867
237,0.000920428
238,0.00106796
239,0.000967142
240,0.00108944
241,0.0010197
242,0.0009873
243,0.00108932
244,0.000947296
245,0.00115786
246,0.000960729
247,0.0011072
248,0.000860779
249,0.00108652
250,0.000820184
251,0.000962774
252,0.000756144
253,0.000941056
254,0.000779852
255,0.000970385
256,0.000787193
257,0.00104461
258,0.000780944
259,0.000981134
260,0.000884692
261,0.00095583
262,0.00102489
263,0.000923483
264,0.00100411
265,0.000854274
266,0.00089907
267,0.000732806
268,0.000871289
269,0.000632979
270,0.0010074
271,0.000731798
272,0.00102522
273,0.000764253
274,0.000974171
275,0.000769863
276,0.000888891
277,0.000928551
278,0.000838707
279,0.00103556
280,0.000815457
281,0.00116966
282,0.000778615
283,0.00127052
284,0.000793569
285,0.00121596
286,0.000752258
287,0.00101125
288,0.000761832
289,0.000877452
290,0.000856008
291,0.000956569
292,0.000892591
293,0.000978138
294,0.000868323
295,0.00100438
296,0.000882431
297,0.00108453
298,0.000971137
299,0.0011327
300,0.00100771
301,0.00124111
302,0.00100814
303,0.00136538
304,0.00101271
305,0.00145053
306,0.000994003
307,0.0014425
308,0.000992571
309,0.00132688
310,0.000938297
311,0.00113823
312,0.000901315
313,0.00103457
314,0.000909805
315,0.000864067
316,0.000911152
317,0.00081889
318,0.000927635
319,0.000873487
320,0.000911534
321,0.000904595
322,0.000864482
323,0.000895602
324,0.000918958
325,0.000922681
326,0.000937168
327,0.000950132
328,0.000926231
329,0.000979644
330,0.000999337
331,0.00100137
332,0.000967928
333,0.000959446
334,0.000931952
335,0.000942046
336,0.000964267
337,0.000917297
338,0.00104337
339,0.000934483
340,0.00114044
341,0.000993578
342,0.00125326
343,0.00107559
344,0.00132223
345,0.00103581
346,0.00129199
347,0.000962473
348,0.00124614
349,0.000929579
350,0.00127935
351,0.000864231
352,0.00136699
353,0.000826642
354,0.00140558
355,0.000867625
356,0.00144976
357,0.000951595
358,0.00145118
359,0.00099032
360,0.00137453
361,0.00109519
362,0.00134272
363,0.0011209
364,0.00135101
365,0.00112817
366,0.00131795
367,0.00113448
368,0.00123129
369,0.0011025
370,0.00115965
371,0.00108343
372,0.00115687
373,0.00105753
374,0.00117227
375,0.00110165
376,0.00116955
377,0.00111593
378,0.00119983
379,0.00112397
380,0.00122617
381,0.00115978
382,0.00127464
383,0.00120789
384,0.00119714
385,0.00121599
386,0.00116462
387,0.00112787
388,0.00112441
389,0.000932245
390,0.00115396
391,0.00088851
392,0.00120279
393,0.000868971
394,0.00137229
395,0.000948995
396,0.00152178
397,0.00101507
398,0.00157155
399,0.00110273
400,0.00155901
401,0.00117216
402,0.00150677
403,0.00121144
404,0.00141885
405,0.00124566
406,0.00137876
407,0.00131154
408,0.00134518
409,0.00131244
410,0.0013635
411,0.0012194
412,0.00140429
413,0.00107026
414,0.00134096
415,0.000988871
416,0.00132324
417,0.00104333
418,0.00126531
419,0.00113416
420,0.00109373
421,0.00114774
422,0.000923367
423,0.00108362
424,0.000953331
425,0.00110837
426,0.00106935
427,0.00110309
428,0.00113576
429,0.00105377
430,0.00115554
431,0.000970002
432,0.00110994
433,0.000989329
434,0.001033
435,0.00103552
436,0.000974542
437,0.00105121
438,0.000943841
439,0.00107129
440,0.00092112
441,0.00107096
442,0.000839562
443,0.00111946
444,0.000843844
445,0.00124931
446,0.000935942
447,0.00128464
448,0.00100285
449,0.00126317
450,0.00102157
451,0.00118644
452,0.000943575
453,0.00109144
454,0.000924383
455,0.00100386
456,0.000898005
457,0.000923243
458,0.000952524
459,0.000860163
460,0.00100739
461,0.000822532
462,0.00103515
463,0.00083543
464,0.00103622
465,0.000915091
466,0.00103955
467,0.000990457
468,0.000984554
469,0.00101139
470,0.000891733
471,0.000959551
472,0.000829704
473,0.000902413
474,0.000833737
475,0.000946348
476,0.000926434
477,0.00105895
478,0.00102536
479,0.00114909
480,0.00109717
481,0.00116641
482,0.00109524
483,0.00117006
484,0.00102691
485,0.00111358
486,0.000938238
487,0.00113876
488,0.000931189
489,0.0012353
490,0.00104717
491,0.00137844
492,0.00109267
493,0.00144677
494,0.00105443
495,0.00143681
496,0.001039
497,0.00136618
498,0.00105364
499,0.00123141
500,0.00112248
501,0.00110478
502,0.00112315
503,0.00106382
504,0.00109434
505,0.00109367
506,0.00112929
507,0.00111195
508,0.00131254
509,0.00112701
510,0.00142316
511,0.00119314
512,0.00141338
513,0.00120604
514,0.00128891
515,0.00104459
516,0.00114938
517,0.00090147
518,0.00109315
519,0.00100203
520,0.00111196
521,0.00107297
522,0.00109667
523,0.0011275
524,0.00104799
525,0.00113463
526,0.000952428
527,0.00106582
528,0.000893999
529,0.000983481
530,0.000976135
531,0.000941532
532,0.00105703
533,0.000884067
534,0.00105912
535,0.000938861
536,0.00105082
537,0.000966769
538,0.00108654
539,0.00100065
540,0.00116878
541,0.00102176
542,0.00119608
543,0.00109236
544,0.00121784
545,0.00116953
546,0.00124873
547,0.00123475
548,0.00131001
549,0.00121513
550,0.00132246
551,0.00112572
552,0.00130411
553,0.00105434
554,0.00132983
555,0.00106862
556,0.00133196
557,0.000954922
558,0.00130374
559,0.000936898
560,0.00131334
561,0.00101282
562,0.00129719
563,0.00102631
564,0.00129067
565,0.000920802
566,0.00127187
567,0.000798928
568,0.0012654
569,0.000706377
570,0.00122205
571,0.000796242
572,0.00124635
573,0.000919858
574,0.00136224
575,0.00101512
576,0.00146948
577,0.00103139
578,0.00143348
579,0.00107835
580,0.00132253
581,0.00106444
582,0.00130315
583,0.00110589
584,0.00122552
585,0.00119041
586,0.00117491
587,0.00126937
588,0.00123968
589,0.00133527
590,0.00123709
591,0.00130527
592,0.00117205
593,0.00118605
594,0.00106658
595,0.00113783
596,0.00108402
597,0.00119415
598,0.00117604
599,0.0011228
