2,0.943948
3,0.840243
4,0.75017
5,0.676096
6,0.615703
7,0.567547
8,0.528825
9,0.498519
10,0.474264
11,0.454159
12,0.437851
13,0.42477
14,0.413911
15,0.40426
16,0.39555
17,0.387157
18,0.37841
19,0.368627
20,0.358398
21,0.347383
22,0.335073
23,0.321734
24,0.307531
25,0.291863
26,0.275422
27,0.258244
28,0.240662
29,0.222613
30,0.204463
31,0.186719
32,0.169481
33,0.153003
34,0.137333
35,0.122921
36,0.109656
37,0.0977963
38,0.0873394
39,0.0783001
40,0.0706709
41,0.0646702
42,0.0600453
43,0.0563068
44,0.0530391
45,0.0502287
46,0.0474258
47,0.044954
48,0.042353
49,0.0398477
50,0.0374638
51,0.0351485
52,0.0329001
53,0.0308376
54,0.0288216
55,0.0269715
56,0.0252223
57,0.0235999
58,0.02204
59,0.0206788
60,0.0193044
61,0.0181058
62,0.0169053
63,0.0158608
64,0.0148703
65,0.0139403
66,0.0130472
67,0.0122376
68,0.0114705
69,0.0107015
70,0.0100741
71,0.00940863
72,0.00886118
73,0.00830699
74,0.00776371
75,0.00727957
76,0.00682753
77,0.00642533
78,0.00602271
79,0.0056937
80,0.00532596
81,0.00501565
82,0.00469043
83,0.00443121
84,0.00418991
85,0.00389967
86,0.00368954
87,0.00347913
88,0.0033057
89,0.0030726
90,0.00295561
91,0.00268283
92,0.00263852
93,0.00240714
94,0.00236257
95,0.0021618
96,0.00210065
97,0.00194759
98,0.00192182
99,0.00183608
100,0.00188279
101,0.00198232
102,0.0020537
103,0.00210677
104,0.00217213
105,0.00222303
106,0.00220187
107,0.00213696
108,0.0020632
109,0.00198686
110,0.00190801
111,0.00185122
112,0.00175601
113,0.00168684
114,0.00161123
115,0.00157098
116,0.00149186
117,0.00146416
118,0.00143892
119,0.00137277
120,0.00136015
121,0.00133374
122,0.00132951
123,0.00130308
124,0.00131888
125,0.00129587
126,0.00132601
127,0.00134565
128,0.00131185
129,0.00132966
130,0.00129264
131,0.00126448
132,0.00130834
133,0.00126214
134,0.00128695
135,0.00131874
136,0.00130555
137,0.00134116
138,0.00133516
139,0.00134108
140,0.0013563
141,0.00136548
142,0.00137168
143,0.00139813
144,0.00135037
145,0.00137405
146,0.00135945
147,0.00136874
148,0.00138635
149,0.00139885
150,0.00140602
151,0.00140848
152,0.0013642
153,0.00141021
154,0.00137547
155,0.00137772
156,0.00138553
157,0.00148004
158,0.001494
159,0.00155997
160,0.00159131
161,0.00159301
162,0.00165107
163,0.00165043
164,0.00165026
165,0.00150965
166,0.00152507
167,0.00170689
168,0.00181327
169,0.00184349
170,0.00190165
171,0.00198504
172,0.00204249
173,0.00209096
174,0.00220627
175,0.0022845
176,0.00241997
177,0.00257104
178,0.00274227
179,0.00292451
180,0.00310205
181,0.00311137
182,0.00301539
183,0.00284259
184,0.00269674
185,0.00254363
186,0.00243848
187,0.00227402
188,0.00218588
189,0.00207403
190,0.00198458
191,0.00191571
192,0.00185557
193,0.00180665
194,0.00179342
195,0.00175791
196,0.00169947
197,0.0017155
198,0.00168658
199,0.00161608
200,0.00157077
201,0.00158158
202,0.001572
203,0.00150546
204,0.00148106
205,0.00143313
206,0.00137553
207,0.00134057
208,0.00129122
209,0.00126576
210,0.00124896
211,0.00120912
212,0.00115407
213,0.0011418
214,0.00108789
215,0.00108361
216,0.000995429
217,0.000989982
218,0.00101814
219,0.00113311
220,0.00122393
221,0.00134151
222,0.00144065
223,0.00151736
224,0.00161094
225,0.00167283
226,0.00173375
227,0.00177045
228,0.00181632
229,0.00182562
230,0.00183345
231,0.00183838
232,0.00183115
233,0.00181523
234,0.00174851
235,0.00177372
236,0.00175903
237,0.00171833
238,0.00177123
239,0.00178495
240,0.00184137
241,0.00185903
242,0.00192289
243,0.0019777
244,0.001992
245,0.00198676
246,0.00199737
247,0.00198768
248,0.00195749
249,0.00197113
250,0.0019574
251,0.00198131
252,0.00195857
253,0.00193561
254,0.00192164
255,0.00187732
256,0.00184037
257,0.00181144
258,0.00183258
259,0.00188634
260,0.00188393
261,0.00192733
262,0.00194819
263,0.00197503
264,0.00201254
265,0.00196534
266,0.00196859
267,0.00209724
268,0.00224276
269,0.00231688
270,0.00241374
271,0.00248296
272,0.00255016
273,0.00264592
274,0.0026875
275,0.00273618
276,0.00269599
277,0.00259021
278,0.00245601
279,0.00233856
280,0.00223766
281,0.00211893
282,0.00205156
283,0.00195897
284,0.00185124
285,0.00179794
286,0.00169761
287,0.00161482
288,0.00154021
289,0.00148312
290,0.00145779
291,0.00140667
292,0.00138851
293,0.0013287
294,0.00132288
295,0.00130586
296,0.00126107
297,0.00122074
298,0.00119631
299,0.00112328
300,0.00103945
301,0.00102776
302,0.00100565
303,0.00101001
304,0.0010383
305,0.00104087
306,0.00106626
307,0.0010735
308,0.00110505
309,0.0011164
310,0.0011209
311,0.00114446
312,0.00118369
313,0.00123414
314,0.00126605
315,0.00128962
316,0.00132488
317,0.00132549
318,0.00131133
319,0.00133094
320,0.00131635
321,0.00127812
322,0.00125498
323,0.001196
324,0.000911604
325,0.000729696
326,0.000848126
327,0.000869722
328,0.000875531
329,0.000865979
330,0.000851844
331,0.000852213
332,0.000868142
333,0.000913803
334,0.000945335
335,0.00102266
336,0.00113215
337,0.0012251
338,0.00127333
339,0.00116443
340,0.00107209
341,0.000908541
342,0.000842161
343,0.000824861
344,0.000844773
345,0.000883597
346,0.000937488
347,0.00101403
348,0.00111733
349,0.00115196
350,0.00121675
351,0.00126986
352,0.00129934
353,0.00133966
354,0.00136394
355,0.00136419
356,0.00135708
357,0.00135642
358,0.00133949
359,0.00135037
360,0.00133774
361,0.00133888
362,0.0013014
363,0.00131482
364,0.00127876
365,0.00128634
366,0.001235
367,0.0011855
368,0.00117952
369,0.00116724
370,0.00116095
371,0.00121297
372,0.0011487
373,0.00116728
374,0.00119169
375,0.00116519
376,0.0012059
377,0.00119232
378,0.00121098
379,0.00121802
380,0.00122164
381,0.00123033
382,0.00120875
383,0.00118378
384,0.00124403
385,0.00124307
386,0.00124141
387,0.00118561
388,0.00115709
389,0.00114048
390,0.00109002
391,0.00103113
392,0.00102269
393,0.00099156
394,0.000949222
395,0.000932597
396,0.000855775
397,0.000856573
398,0.000853596
399,0.000807246
400,0.000803972
401,0.000799779
402,0.00082646
403,0.000810769
404,0.000811368
405,0.000825985
406,0.00083576
407,0.00080958
408,0.000816182
409,0.000851275
410,0.000871927
411,0.00087064
412,0.00071562
413,0.000664419
414,0.000900568
415,0.0010072
416,0.00107088
417,0.00112473
418,0.00113724
419,0.00116412
420,0.0011921
421,0.00119482
422,0.00123573
423,0.00123171
424,0.00122314
425,0.00122742
426,0.00123432
427,0.00121628
428,0.00122279
429,0.00119679
430,0.00124211
431,0.00122874
432,0.00124981
433,0.00123962
434,0.00121102
435,0.00125862
436,0.00124254
437,0.00127905
438,0.00112537
439,0.00113415
440,0.00122439
441,0.00128922
442,0.00130289
443,0.00131612
444,0.00132651
445,0.00135007
446,0.00134946
447,0.00136368
448,0.00132235
449,0.00127225
450,0.00118622
451,0.00111272
452,0.00102617
453,0.00102743
454,0.00102962
455,0.000961153
456,0.000722004
457,0.00069048
458,0.000872717
459,0.00096086
460,0.000975255
461,0.000959282
462,0.00102253
463,0.00101978
464,0.00103232
465,0.0010006
466,0.00101865
467,0.000984698
468,0.000948746
469,0.000901698
470,0.000879933
471,0.000884435
472,0.000861008
473,0.00083614
474,0.000843629
475,0.000840137
476,0.000841727
477,0.000836057
478,0.000862475
479,0.000817513
480,0.000841929
481,0.000830776
482,0.000789611
483,0.000775926
484,0.000797535
485,0.000798894
486,0.000811296
487,0.000794917
488,0.000770299
489,0.000780536
490,0.000813187
491,0.00077699
492,0.000775102
493,0.000787823
494,0.000759994
495,0.000806997
496,0.000769617
497,0.000789843
498,0.000822467
499,0.000895563
500,0.00100454
501,0.00110069
502,0.00124445
503,0.00138807
504,0.00160399
505,0.00182886
506,0.0021052
507,0.00239172
508,0.00272137
509,0.00280398
510,0.00272153
511,0.00252975
512,0.00231862
513,0.00213157
514,0.00192146
515,0.00176475
516,0.00160475
517,0.00150873
518,0.00137602
519,0.00126657
520,0.00118334
521,0.00110955
522,0.00106901
523,0.000999663
524,0.000984558
525,0.000957242
526,0.000989287
527,0.000936632
528,0.000961686
529,0.000904393
530,0.000923695
531,0.00081779
532,0.000942492
533,0.000779009
534,0.0010133
535,0.00081718
536,0.00109933
537,0.000881084
538,0.00115673
539,0.000915493
540,0.00123833
541,0.000931439
542,0.00128812
543,0.00100806
544,0.00136301
545,0.00106631
546,0.00137764
547,0.00117312
548,0.00142642
549,0.00126816
550,0.00142118
551,0.00133485
552,0.00143531
553,0.00137465
554,0.00148703
555,0.00142165
556,0.00150957
557,0.0014613
558,0.00158401
559,0.00152321
560,0.00159662
561,0.00159511
562,0.00157407
563,0.00178931
564,0.00166992
565,0.00202945
566,0.00193378
567,0.00234438
568,0.00243318
569,0.00273197
570,0.00288715
571,0.002961
572,0.00295513
573,0.00289812
574,0.00278152
575,0.00269054
576,0.002618
577,0.0025154
578,0.0024564
579,0.00239324
580,0.00230942
581,0.00228372
582,0.0022214
583,0.00215168
584,0.00205542
585,0.0020502
586,0.00194425
587,0.00192635
588,0.00185374
589,0.00184982
590,0.00177166
591,0.00180034
592,0.00174146
593,0.00174854
594,0.00173769
595,0.00178418
596,0.00181795
597,0.00189792
598,0.00192167
599,0.00193637
