2,0.00295202
3,0.00865508
4,0.0139875
5,0.0189528
6,0.0235527
7,0.027907
8,0.0320017
9,0.035788
10,0.0392451
11,0.0423216
12,0.044567
13,0.0457762
14,0.0464675
15,0.0469902
16,0.0474523
17,0.0478858
18,0.0482893
19,0.0486807
20,0.0490658
21,0.0494208
22,0.0497514
23,0.0500858
24,0.0504052
25,0.050697
26,0.0509883
27,0.0512779
28,0.051549
29,0.0518056
30,0.0520663
31,0.0523169
32,0.0525569
33,0.0527917
34,0.0530254
35,0.0532508
36,0.0534636
37,0.0536765
38,0.0538821
39,0.0540822
40,0.0542829
41,0.0544742
42,0.0546637
43,0.0548517
44,0.0550364
45,0.0552176
46,0.0553955
47,0.0555727
48,0.0557434
49,0.0559134
50,0.0560795
51,0.0562387
52,0.056397
53,0.0565536
54,0.0567048
55,0.0568564
56,0.0570067
57,0.0571533
58,0.0572987
59,0.0574361
60,0.0575743
61,0.0577078
62,0.0578394
63,0.0579715
64,0.0580985
65,0.0582271
66,0.0583526
67,0.0584807
68,0.0586083
69,0.0587346
70,0.0588604
71,0.0589847
72,0.0591083
73,0.0592288
74,0.0593429
75,0.0594542
76,0.0595632
77,0.0596692
78,0.0597758
79,0.0598806
80,0.0599863
81,0.0600933
82,0.0601984
83,0.0603008
84,0.0604051
85,0.0605076
86,0.0606081
87,0.0607102
88,0.0608089
89,0.0609087
90,0.0610076
91,0.0611021
92,0.0611978
93,0.061291
94,0.0613792
95,0.0614699
96,0.0615576
97,0.061646
98,0.0617349
99,0.0618241
100,0.0619128
101,0.062004
102,0.0620937
103,0.0621811
104,0.0622686
105,0.0623543
106,0.0624365
107,0.0625191
108,0.0626014
109,0.0626827
110,0.0627682
111,0.0628524
112,0.0629358
113,0.0630215
114,0.0631038
115,0.063186
116,0.0632644
117,0.0633418
118,0.063421
119,0.0634945
120,0.0635703
121,0.0636437
122,0.0637132
123,0.0637844
124,0.0638547
125,0.0639282
126,0.0640007
127,0.0640769
128,0.06415
129,0.0642225
130,0.0642953
131,0.0643664
132,0.0644378
133,0.0645083
134,0.0645789
135,0.0646476
136,0.06472
137,0.0647893
138,0.064858
139,0.0649296
140,0.0649983
141,0.0650658
142,0.0651332
143,0.0651971
144,0.0652627
145,0.065326
146,0.0653855
147,0.0654475
148,0.0655056
149,0.065565
150,0.0656228
151,0.0656806
152,0.0657402
153,0.0657968
154,0.0658551
155,0.0659142
156,0.0659744
157,0.0660342
158,0.0660969
159,0.06616
160,0.0662227
161,0.066289
162,0.0663509
163,0.0664148
164,0.0664823
165,0.0665451
166,0.0666052
167,0.0666681
168,0.0667241
169,0.0667776
170,0.0668307
171,0.0668834
172,0.066936
173,0.06699
174,0.0670462
175,0.0671025
176,0.0671585
177,0.0672149
178,0.0672684
179,0.067322
180,0.0673781
181,0.0674332
182,0.0674869
183,0.0675392
184,0.0675892
185,0.067633
186,0.0676798
187,0.0677262
188,0.0677754
189,0.0678276
190,0.067881
191,0.0679314
192,0.0679887
193,0.0680391
194,0.0680897
195,0.0681399
196,0.068186
197,0.0682311
198,0.0682788
199,0.0683258
200,0.0683759
201,0.0684289
202,0.0684809
203,0.0685323
204,0.0685836
205,0.0686305
206,0.0686761
207,0.0687229
208,0.0687631
209,0.0688076
210,0.0688499
211,0.0688914
212,0.0689335
213,0.0689796
214,0.0690237
215,0.0690689
216,0.0691107
217,0.069158
218,0.069206
219,0.0692581
220,0.0693112
221,0.0693656
222,0.0694214
223,0.0694717
224,0.0695216
225,0.069568
226,0.0696164
227,0.0696621
228,0.0697069
229,0.0697516
230,0.0697979
231,0.0698433
232,0.0698869
233,0.069931
234,0.0699705
235,0.0700117
236,0.0700486
237,0.0700877
238,0.0701247
239,0.0701624
240,0.0702031
241,0.0702418
242,0.0702846
243,0.0703255
244,0.0703681
245,0.0704099
246,0.070452
247,0.0704894
248,0.0705297
249,0.0705664
250,0.0706033
251,0.0706423
252,0.0706811
253,0.0707175
254,0.0707588
255,0.0708005
256,0.0708346
257,0.0708739
258,0.0709103
259,0.0709443
260,0.0709821
261,0.0710214
262,0.0710613
263,0.0711024
264,0.0711431
265,0.0711841
266,0.071226
267,0.0712683
268,0.0713081
269,0.0713471
270,0.0713904
271,0.0714256
272,0.0714625
273,0.0715
274,0.0715336
275,0.0715718
276,0.0716048
277,0.0716438
278,0.0716844
279,0.0717217
280,0.0717588
281,0.0717936
282,0.0718272
283,0.0718597
284,0.0718903
285,0.0719241
286,0.0719567
287,0.0719908
288,0.0720257
289,0.0720611
290,0.0720982
291,0.0721314
292,0.0721699
293,0.0722093
294,0.0722496
295,0.0722902
296,0.0723308
297,0.0723714
298,0.0724097
299,0.0724412
300,0.0724733
301,0.0725034
302,0.072532
303,0.0725613
304,0.0725937
305,0.0726271
306,0.0726622
307,0.0726958
308,0.0727299
309,0.0727656
310,0.0727993
311,0.0728346
312,0.0728704
313,0.0729069
314,0.0729448
315,0.0729823
316,0.0730182
317,0.0730544
318,0.0730901
319,0.073126
320,0.073157
321,0.0731894
322,0.0732214
323,0.0732489
324,0.0732796
325,0.0733081
326,0.0733349
327,0.0733663
328,0.0733938
329,0.0734271
330,0.0734563
331,0.0734852
332,0.0735174
333,0.073545
334,0.0735717
335,0.0736022
336,0.0736352
337,0.0736682
338,0.0737078
339,0.0737437
340,0.0737821
341,0.0738146
342,0.0738481
343,0.073878
344,0.0739096
345,0.0739413
346,0.0739717
347,0.0739986
348,0.0740256
349,0.0740538
350,0.0740801
351,0.0741091
352,0.0741349
353,0.0741672
354,0.0741976
355,0.0742307
356,0.0742634
357,0.0742931
358,0.0743238
359,0.074352
360,0.0743773
361,0.0744042
362,0.0744336
363,0.0744628
364,0.0744918
365,0.0745226
366,0.0745523
367,0.0745793
368,0.0746059
369,0.0746325
370,0.0746584
371,0.0746885
372,0.0747159
373,0.0747481
374,0.0747809
375,0.0748116
376,0.0748425
377,0.0748752
378,0.0749055
379,0.0749366
380,0.0749677
381,0.0749975
382,0.0750268
383,0.075052
384,0.0750778
385,0.0751003
386,0.0751251
387,0.0751476
388,0.0751714
389,0.0751975
390,0.0752242
391,0.0752531
392,0.0752821
393,0.0753123
394,0.0753414
395,0.075371
396,0.0754
397,0.0754303
398,0.0754608
399,0.0754888
400,0.0755165
401,0.0755434
402,0.0755693
403,0.0755929
404,0.0756148
405,0.0756362
406,0.0756596
407,0.0756839
408,0.0757099
409,0.0757366
410,0.0757639
411,0.0757904
412,0.0758185
413,0.0758442
414,0.0758685
415,0.0758954
416,0.0759176
417,0.075939
418,0.075963
419,0.075984
420,0.0760081
421,0.0760348
422,0.0760604
423,0.0760888
424,0.0761176
425,0.076147
426,0.0761743
427,0.0762017
428,0.0762253
429,0.0762495
430,0.0762751
431,0.0762983
432,0.0763219
433,0.0763472
434,0.0763716
435,0.0763986
436,0.0764246
437,0.0764511
438,0.0764785
439,0.0765043
440,0.0765339
441,0.0765611
442,0.0765889
443,0.0766187
444,0.0766452
445,0.0766732
446,0.0767011
447,0.0767316
448,0.0767575
449,0.0767853
450,0.0768117
451,0.0768316
452,0.0768525
453,0.0768717
454,0.0768879
455,0.0769038
456,0.0769186
457,0.0769348
458,0.0769543
459,0.0769747
460,0.0770004
461,0.0770234
462,0.0770481
463,0.0770802
464,0.0771111
465,0.0771386
466,0.0771664
467,0.0771935
468,0.0772225
469,0.0772419
470,0.0772645
471,0.0772875
472,0.0773072
473,0.0773303
474,0.0773505
475,0.0773744
476,0.0773977
477,0.0774191
478,0.0774431
479,0.0774684
480,0.0774908
481,0.0775149
482,0.0775383
483,0.0775619
484,0.0775844
485,0.0776078
486,0.07763
487,0.0776525
488,0.0776781
489,0.0777006
490,0.077723
491,0.0777459
492,0.0777683
493,0.0777855
494,0.0778033
495,0.0778213
496,0.077838
497,0.0778564
498,0.0778776
499,0.0778994
500,0.0779252
501,0.0779544
502,0.077981
503,0.0780084
504,0.0780343
505,0.0780573
506,0.0780756
507,0.0780951
508,0.0781123
509,0.0781277
510,0.0781449
511,0.0781635
512,0.078185
513,0.0782069
514,0.0782329
515,0.0782634
516,0.0782904
517,0.0783201
518,0.0783493
519,0.0783677
520,0.0783871
521,0.0784048
522,0.0784226
523,0.0784439
524,0.0784662
525,0.0784878
526,0.0785103
527,0.078533
528,0.0785556
529,0.0785753
530,0.0785923
531,0.0786131
532,0.0786308
533,0.0786481
534,0.0786689
535,0.0786889
536,0.0787108
537,0.078738
538,0.0787636
539,0.0787897
540,0.0788133
541,0.078839
542,0.0788614
543,0.0788826
544,0.0789067
545,0.0789269
546,0.0789466
547,0.0789674
548,0.0789866
549,0.0790061
550,0.0790231
551,0.0790425
552,0.0790624
553,0.0790775
554,0.0790961
555,0.0791152
556,0.0791357
557,0.0791573
558,0.0791778
559,0.0792003
560,0.0792232
561,0.0792424
562,0.0792634
563,0.0792808
564,0.0792988
565,0.0793155
566,0.0793332
567,0.0793518
568,0.0793739
569,0.0793945
570,0.079419
571,0.0794443
572,0.0794695
573,0.0794963
574,0.0795219
575,0.0795488
576,0.0795723
577,0.0795919
578,0.0796113
579,0.0796283
580,0.0796402
581,0.0796542
582,0.0796711
583,0.0796857
584,0.0797024
585,0.0797178
586,0.0797348
587,0.0797568
588,0.0797718
589,0.0797914
590,0.0798105
591,0.0798287
592,0.0798467
593,0.0798649
594,0.0798822
595,0.0798955
596,0.0799125
597,0.0799232
598,0.079931
599,0.079934
