2,0.00199919
3,0.00599162
4,0.00976693
5,0.0130977
6,0.0159249
7,0.0183134
8,0.0203498
9,0.0220305
10,0.0234568
11,0.0247027
12,0.0257429
13,0.026629
14,0.0274019
15,0.0281013
16,0.028748
17,0.0293794
18,0.030019
19,0.0306896
20,0.0313672
21,0.032114
22,0.0329125
23,0.0337564
24,0.0346784
25,0.0356456
26,0.0366712
27,0.0377561
28,0.0388714
29,0.0400145
30,0.0411688
31,0.0423327
32,0.0434752
33,0.0446038
34,0.0456953
35,0.0467437
36,0.0477344
37,0.0486677
38,0.0495383
39,0.0503357
40,0.0510629
41,0.0517292
42,0.0523319
43,0.0528793
44,0.0533751
45,0.053817
46,0.0542062
47,0.0545491
48,0.0548538
49,0.0551267
50,0.0553768
51,0.0556077
52,0.0558295
53,0.0560389
54,0.0562412
55,0.056441
56,0.0566311
57,0.0568172
58,0.0569972
59,0.0571736
60,0.0573418
61,0.0575089
62,0.0576669
63,0.057821
64,0.0579737
65,0.0581197
66,0.0582612
67,0.0584004
68,0.0585338
69,0.0586656
70,0.0587957
71,0.0589187
72,0.0590455
73,0.0591623
74,0.0592821
75,0.0593941
76,0.0595066
77,0.0596147
78,0.0597214
79,0.0598288
80,0.0599308
81,0.0600336
82,0.0601337
83,0.0602365
84,0.0603352
85,0.0604364
86,0.0605318
87,0.0606309
88,0.0607289
89,0.0608225
90,0.0609234
91,0.061018
92,0.0611149
93,0.0612113
94,0.0613054
95,0.0613992
96,0.0614952
97,0.0615889
98,0.0616811
99,0.0617757
100,0.0618673
101,0.0619587
102,0.0620489
103,0.0621356
104,0.0622229
105,0.0623097
106,0.0623934
107,0.0624806
108,0.0625751
109,0.0626621
110,0.0627537
111,0.0628414
112,0.0629289
113,0.063013
114,0.0631004
115,0.063183
116,0.0632667
117,0.0633485
118,0.0634299
119,0.0635106
120,0.0635886
121,0.0636707
122,0.0637481
123,0.0638249
124,0.0639041
125,0.0639794
126,0.0640592
127,0.0641321
128,0.0642043
129,0.0642754
130,0.0643476
131,0.0644179
132,0.0644905
133,0.0645624
134,0.0646324
135,0.0647029
136,0.0647743
137,0.0648426
138,0.0649128
139,0.0649786
140,0.0650484
141,0.0651134
142,0.0651802
143,0.0652445
144,0.0653087
145,0.0653743
146,0.0654408
147,0.0655045
148,0.0655699
149,0.0656355
150,0.0656981
151,0.0657596
152,0.0658243
153,0.0658837
154,0.0659437
155,0.066006
156,0.0660706
157,0.0661345
158,0.0661968
159,0.0662603
160,0.0663223
161,0.0663839
162,0.0664447
163,0.0665037
164,0.0665664
165,0.0666256
166,0.0666873
167,0.0667496
168,0.0668091
169,0.0668685
170,0.0669301
171,0.0669897
172,0.0670502
173,0.0671126
174,0.067174
175,0.0672379
176,0.0672983
177,0.0673666
178,0.0674316
179,0.067502
180,0.0675669
181,0.0676207
182,0.0676647
183,0.0677081
184,0.0677487
185,0.0677926
186,0.0678342
187,0.0678759
188,0.0679206
189,0.0679643
190,0.0680075
191,0.0680525
192,0.0680982
193,0.0681456
194,0.0681926
195,0.0682412
196,0.0682864
197,0.0683348
198,0.0683797
199,0.0684276
200,0.0684738
201,0.0685216
202,0.0685682
203,0.0686148
204,0.0686578
205,0.0687037
206,0.0687471
207,0.0687894
208,0.0688326
209,0.0688779
210,0.0689195
211,0.0689633
212,0.0690065
213,0.0690492
214,0.069089
215,0.0691287
216,0.0691665
217,0.0692108
218,0.069265
219,0.0693216
220,0.0693774
221,0.0694333
222,0.0694895
223,0.0695434
224,0.0695933
225,0.0696436
226,0.0696924
227,0.0697384
228,0.0697863
229,0.0698313
230,0.069875
231,0.0699181
232,0.069959
233,0.0699994
234,0.0700426
235,0.0700828
236,0.0701247
237,0.0701678
238,0.0702117
239,0.0702564
240,0.0703026
241,0.0703492
242,0.0703934
243,0.0704406
244,0.070482
245,0.0705231
246,0.0705656
247,0.0706034
248,0.0706453
249,0.0706837
250,0.0707264
251,0.070764
252,0.0708059
253,0.0708442
254,0.0708816
255,0.0709178
256,0.0709565
257,0.0709944
258,0.0710359
259,0.0710759
260,0.0711203
261,0.0711617
262,0.0712006
263,0.071241
264,0.0712835
265,0.0713263
266,0.071369
267,0.0714131
268,0.0714578
269,0.0715019
270,0.0715431
271,0.0715865
272,0.071631
273,0.0716761
274,0.0717182
275,0.0717568
276,0.071788
277,0.0718172
278,0.0718444
279,0.0718742
280,0.0719013
281,0.0719313
282,0.0719593
283,0.0719924
284,0.0720161
285,0.0720463
286,0.0720743
287,0.0721033
288,0.0721347
289,0.072163
290,0.072195
291,0.0722266
292,0.0722604
293,0.0722932
294,0.0723253
295,0.0723601
296,0.0723916
297,0.0724209
298,0.0724506
299,0.0724806
300,0.0725076
301,0.072537
302,0.0725691
303,0.0726052
304,0.0726397
305,0.0726784
306,0.072711
307,0.0727483
308,0.0727834
309,0.0728181
310,0.072852
311,0.0728873
312,0.0729284
313,0.0729655
314,0.0730039
315,0.0730376
316,0.0730764
317,0.0731084
318,0.0731422
319,0.0731764
320,0.0732061
321,0.0732347
322,0.073263
323,0.0732873
324,0.0733147
325,0.0733375
326,0.0733608
327,0.0733859
328,0.0734076
329,0.07343
330,0.0734533
331,0.0734745
332,0.0734965
333,0.0735193
334,0.0735425
335,0.0735627
336,0.0735858
337,0.0736028
338,0.0736311
339,0.0736709
340,0.0737187
341,0.0737659
342,0.0738087
343,0.0738559
344,0.0738977
345,0.0739417
346,0.0739847
347,0.0740254
348,0.0740648
349,0.0741028
350,0.0741375
351,0.0741724
352,0.0742075
353,0.0742423
354,0.0742741
355,0.0743057
356,0.0743352
357,0.0743659
358,0.0743946
359,0.0744252
360,0.0744517
361,0.074482
362,0.0745118
363,0.0745377
364,0.0745647
365,0.0745914
366,0.0746173
367,0.0746425
368,0.0746679
369,0.0746963
370,0.0747265
371,0.0747543
372,0.0747846
373,0.0748139
374,0.0748441
375,0.0748723
376,0.0749015
377,0.0749314
378,0.0749614
379,0.0749896
380,0.0750187
381,0.0750465
382,0.0750723
383,0.0751002
384,0.0751297
385,0.0751575
386,0.0751828
387,0.0752094
388,0.075234
389,0.075258
390,0.0752813
391,0.075303
392,0.0753267
393,0.0753504
394,0.075374
395,0.0753967
396,0.075419
397,0.0754438
398,0.0754649
399,0.0754875
400,0.075511
401,0.0755335
402,0.0755589
403,0.0755817
404,0.0756024
405,0.0756243
406,0.0756509
407,0.0756821
408,0.0757165
409,0.0757529
410,0.0757871
411,0.0758233
412,0.0758585
413,0.0758902
414,0.075922
415,0.0759529
416,0.0759833
417,0.0760106
418,0.0760388
419,0.0760671
420,0.0760957
421,0.0761243
422,0.0761536
423,0.076177
424,0.0762031
425,0.0762296
426,0.0762532
427,0.0762802
428,0.0763031
429,0.0763303
430,0.076354
431,0.0763838
432,0.0764086
433,0.0764306
434,0.076459
435,0.0764852
436,0.0765105
437,0.0765382
438,0.076566
439,0.0765933
440,0.076617
441,0.0766414
442,0.0766664
443,0.0766936
444,0.0767189
445,0.0767447
446,0.0767687
447,0.0767903
448,0.0768135
449,0.0768323
450,0.0768488
451,0.0768634
452,0.0768808
453,0.0769025
454,0.0769268
455,0.0769503
456,0.0769743
457,0.0769977
458,0.0770221
459,0.0770458
460,0.077069
461,0.0770926
462,0.0771191
463,0.0771441
464,0.0771695
465,0.0771905
466,0.0772123
467,0.0772318
468,0.0772525
469,0.0772718
470,0.077291
471,0.0773082
472,0.0773307
473,0.0773505
474,0.0773739
475,0.0773981
476,0.0774225
477,0.0774485
478,0.0774727
479,0.0774935
480,0.0775117
481,0.0775324
482,0.0775489
483,0.0775712
484,0.0775908
485,0.0776145
486,0.0776351
487,0.0776592
488,0.0776797
489,0.0777021
490,0.0777231
491,0.0777448
492,0.0777635
493,0.0777835
494,0.0778091
495,0.0778331
496,0.077861
497,0.0778944
498,0.077927
499,0.0779632
500,0.077999
501,0.0780343
502,0.078073
503,0.0781101
504,0.0781516
505,0.0781936
506,0.0782386
507,0.0782888
508,0.0783311
509,0.0783581
510,0.0783685
511,0.0783721
512,0.0783783
513,0.0783813
514,0.0783877
515,0.0783966
516,0.0784037
517,0.0784126
518,0.0784241
519,0.0784328
520,0.0784446
521,0.0784549
522,0.0784702
523,0.0784886
524,0.0785043
525,0.078523
526,0.0785426
527,0.0785619
528,0.0785848
529,0.0786052
530,0.0786248
531,0.0786482
532,0.0786702
533,0.0786932
534,0.0787154
535,0.0787402
536,0.0787662
537,0.0787864
538,0.0788099
539,0.078831
540,0.0788511
541,0.0788724
542,0.0788926
543,0.0789123
544,0.078933
545,0.0789549
546,0.0789768
547,0.0789962
548,0.0790147
549,0.0790387
550,0.0790582
551,0.0790789
552,0.0791022
553,0.0791219
554,0.0791454
555,0.0791652
556,0.0791872
557,0.0792124
558,0.0792331
559,0.0792596
560,0.0792862
561,0.0793132
562,0.0793451
563,0.0793735
564,0.0794081
565,0.0794417
566,0.0794771
567,0.0795165
568,0.0795539
569,0.0795911
570,0.0796163
571,0.0796375
572,0.0796491
573,0.0796616
574,0.0796693
575,0.079678
576,0.0796876
577,0.0796956
578,0.0797063
579,0.079717
580,0.0797304
581,0.0797412
582,0.0797573
583,0.0797707
584,0.0797818
585,0.0797971
586,0.0798088
587,0.0798176
588,0.079828
589,0.0798391
590,0.0798456
591,0.0798546
592,0.0798623
593,0.0798695
594,0.0798755
595,0.0798829
596,0.0798882
597,0.0798919
598,0.079893
599,0.0798952
