2,0.00199213
3,0.00597139
4,0.00972862
5,0.0130411
6,0.0158818
7,0.0182927
8,0.0203448
9,0.0220554
10,0.0234758
11,0.0246957
12,0.0257285
13,0.0266102
14,0.0273653
15,0.0280404
16,0.0286609
17,0.0292531
18,0.0298418
19,0.0304651
20,0.0311112
21,0.0318054
22,0.0325625
23,0.0333742
24,0.034249
25,0.0351884
26,0.0361779
27,0.037212
28,0.0382984
29,0.0394073
30,0.0405434
31,0.0416876
32,0.0428231
33,0.0439418
34,0.0450396
35,0.046104
36,0.0471212
37,0.0480897
38,0.0489934
39,0.0498351
40,0.0506117
41,0.0513173
42,0.0519656
43,0.05255
44,0.053075
45,0.0535466
46,0.0539677
47,0.0543488
48,0.0546812
49,0.0549822
50,0.0552564
51,0.0555039
52,0.0557426
53,0.0559623
54,0.0561745
55,0.0563781
56,0.0565742
57,0.0567622
58,0.0569475
59,0.0571228
60,0.0572979
61,0.0574636
62,0.0576261
63,0.0577842
64,0.0579386
65,0.0580845
66,0.0582313
67,0.0583729
68,0.0585069
69,0.0586433
70,0.05877
71,0.0589016
72,0.0590211
73,0.0591442
74,0.0592595
75,0.0593806
76,0.0594872
77,0.0595995
78,0.0597056
79,0.0598141
80,0.0599146
81,0.0600215
82,0.0601221
83,0.0602229
84,0.0603244
85,0.0604211
86,0.0605216
87,0.0606198
88,0.0607161
89,0.060814
90,0.0609123
91,0.0610079
92,0.0611061
93,0.0612007
94,0.0612993
95,0.0613933
96,0.0614899
97,0.0615824
98,0.0616781
99,0.0617693
100,0.0618637
101,0.0619527
102,0.0620444
103,0.0621316
104,0.0622188
105,0.0623065
106,0.0623913
107,0.0624784
108,0.0625694
109,0.0626611
110,0.0627502
111,0.0628387
112,0.0629275
113,0.0630133
114,0.063098
115,0.0631871
116,0.0632677
117,0.0633524
118,0.0634312
119,0.0635117
120,0.0635933
121,0.0636707
122,0.0637492
123,0.0638279
124,0.0639025
125,0.0639818
126,0.064056
127,0.0641322
128,0.0642035
129,0.0642751
130,0.0643477
131,0.0644189
132,0.0644916
133,0.0645623
134,0.0646345
135,0.0647055
136,0.0647753
137,0.064842
138,0.0649139
139,0.0649813
140,0.0650484
141,0.0651144
142,0.0651822
143,0.0652455
144,0.0653108
145,0.0653765
146,0.0654407
147,0.065507
148,0.0655719
149,0.0656365
150,0.0656999
151,0.0657619
152,0.0658273
153,0.0658867
154,0.0659494
155,0.06601
156,0.066075
157,0.0661361
158,0.0662025
159,0.0662604
160,0.066325
161,0.0663845
162,0.0664466
163,0.066507
164,0.066569
165,0.06663
166,0.0666919
167,0.0667546
168,0.0668128
169,0.0668738
170,0.0669344
171,0.0669961
172,0.0670565
173,0.0671188
174,0.0671818
175,0.0672426
176,0.0673074
177,0.0673721
178,0.0674388
179,0.0675093
180,0.0675717
181,0.0676266
182,0.0676699
183,0.0677132
184,0.0677554
185,0.0677979
186,0.0678381
187,0.0678845
188,0.0679252
189,0.06797
190,0.0680121
191,0.0680594
192,0.0681052
193,0.0681488
194,0.0681959
195,0.0682442
196,0.0682907
197,0.0683369
198,0.0683835
199,0.0684303
200,0.0684775
201,0.0685248
202,0.0685732
203,0.0686182
204,0.0686628
205,0.0687071
206,0.0687504
207,0.0687947
208,0.0688348
209,0.0688812
210,0.0689215
211,0.0689665
212,0.0690078
213,0.0690491
214,0.0690911
215,0.0691274
216,0.0691679
217,0.069212
218,0.0692664
219,0.0693215
220,0.0693804
221,0.069437
222,0.069493
223,0.0695447
224,0.0695961
225,0.0696467
226,0.0696934
227,0.0697424
228,0.0697889
229,0.069834
230,0.0698762
231,0.0699209
232,0.0699611
233,0.0700038
234,0.0700436
235,0.0700859
236,0.0701283
237,0.0701721
238,0.0702143
239,0.0702607
240,0.0703065
241,0.0703524
242,0.070398
243,0.070444
244,0.0704884
245,0.0705268
246,0.0705688
247,0.0706091
248,0.0706491
249,0.070688
250,0.07073
251,0.0707681
252,0.0708113
253,0.0708462
254,0.0708859
255,0.0709214
256,0.0709618
257,0.0710012
258,0.0710419
259,0.0710836
260,0.0711241
261,0.071165
262,0.0712062
263,0.0712478
264,0.0712909
265,0.0713341
266,0.0713775
267,0.0714202
268,0.0714643
269,0.0715074
270,0.07155
271,0.0715929
272,0.0716392
273,0.0716825
274,0.0717233
275,0.0717607
276,0.0717935
277,0.0718219
278,0.0718503
279,0.0718787
280,0.071906
281,0.0719364
282,0.0719662
283,0.0719929
284,0.0720239
285,0.072051
286,0.0720783
287,0.0721068
288,0.0721373
289,0.0721653
290,0.0721966
291,0.0722301
292,0.072263
293,0.0722951
294,0.0723274
295,0.0723612
296,0.0723919
297,0.0724235
298,0.0724531
299,0.0724812
300,0.0725087
301,0.0725402
302,0.0725705
303,0.0726061
304,0.072642
305,0.0726785
306,0.0727148
307,0.0727483
308,0.0727833
309,0.0728187
310,0.0728534
311,0.0728902
312,0.0729272
313,0.0729668
314,0.073003
315,0.0730427
316,0.0730748
317,0.0731121
318,0.0731432
319,0.0731737
320,0.0732053
321,0.0732349
322,0.0732611
323,0.0732885
324,0.0733142
325,0.0733357
326,0.0733618
327,0.0733851
328,0.0734058
329,0.0734294
330,0.0734509
331,0.0734723
332,0.0734952
333,0.0735179
334,0.0735412
335,0.0735619
336,0.0735846
337,0.0736026
338,0.0736299
339,0.0736706
340,0.0737184
341,0.073765
342,0.0738101
343,0.0738542
344,0.0738965
345,0.0739408
346,0.0739827
347,0.074023
348,0.0740655
349,0.0741002
350,0.0741379
351,0.0741726
352,0.0742076
353,0.0742432
354,0.074277
355,0.0743062
356,0.0743386
357,0.0743683
358,0.0743947
359,0.0744276
360,0.0744551
361,0.0744847
362,0.074514
363,0.0745399
364,0.0745681
365,0.0745935
366,0.0746187
367,0.0746458
368,0.0746699
369,0.0747005
370,0.0747267
371,0.0747584
372,0.0747859
373,0.0748167
374,0.0748452
375,0.0748759
376,0.0749037
377,0.0749331
378,0.0749649
379,0.074992
380,0.0750192
381,0.07505
382,0.0750758
383,0.0751026
384,0.0751303
385,0.0751584
386,0.0751839
387,0.0752101
388,0.0752359
389,0.0752577
390,0.0752821
391,0.0753031
392,0.0753261
393,0.0753506
394,0.0753741
395,0.0753944
396,0.0754225
397,0.0754412
398,0.0754658
399,0.0754886
400,0.0755113
401,0.0755351
402,0.075558
403,0.0755797
404,0.0756048
405,0.0756251
406,0.0756501
407,0.0756793
408,0.075716
409,0.0757524
410,0.0757857
411,0.0758235
412,0.0758578
413,0.0758932
414,0.0759234
415,0.0759544
416,0.0759838
417,0.0760117
418,0.0760432
419,0.07607
420,0.0760981
421,0.0761295
422,0.0761535
423,0.0761812
424,0.0762058
425,0.0762307
426,0.0762559
427,0.076282
428,0.0763058
429,0.076331
430,0.076358
431,0.076385
432,0.0764078
433,0.0764332
434,0.0764603
435,0.0764871
436,0.0765127
437,0.0765415
438,0.0765683
439,0.0765969
440,0.0766193
441,0.0766449
442,0.0766689
443,0.0766961
444,0.0767227
445,0.0767486
446,0.0767709
447,0.0767946
448,0.0768169
449,0.0768338
450,0.0768503
451,0.0768628
452,0.0768825
453,0.0769017
454,0.0769283
455,0.0769524
456,0.076978
457,0.0769993
458,0.0770236
459,0.0770464
460,0.0770694
461,0.0770954
462,0.0771217
463,0.0771475
464,0.07717
465,0.0771923
466,0.0772124
467,0.077232
468,0.0772533
469,0.0772728
470,0.0772911
471,0.07731
472,0.0773327
473,0.0773516
474,0.0773749
475,0.0773977
476,0.0774239
477,0.0774481
478,0.0774717
479,0.0774931
480,0.077512
481,0.0775313
482,0.0775501
483,0.0775709
484,0.0775922
485,0.077615
486,0.0776352
487,0.0776592
488,0.0776807
489,0.0777024
490,0.0777248
491,0.0777446
492,0.0777643
493,0.0777863
494,0.0778101
495,0.0778365
496,0.077864
497,0.0778991
498,0.0779306
499,0.0779686
500,0.0780035
501,0.0780404
502,0.0780813
503,0.0781177
504,0.0781618
505,0.0782045
506,0.0782498
507,0.0782977
508,0.0783378
509,0.07836
510,0.0783716
511,0.0783768
512,0.0783798
513,0.0783834
514,0.0783899
515,0.0783947
516,0.0784043
517,0.0784144
518,0.0784238
519,0.0784333
520,0.0784458
521,0.0784578
522,0.0784721
523,0.0784908
524,0.0785055
525,0.0785277
526,0.0785439
527,0.0785677
528,0.078586
529,0.0786063
530,0.0786296
531,0.0786487
532,0.0786707
533,0.0786949
534,0.0787178
535,0.0787425
536,0.0787667
537,0.0787875
538,0.0788105
539,0.0788316
540,0.0788523
541,0.0788728
542,0.0788944
543,0.078913
544,0.0789351
545,0.0789565
546,0.0789776
547,0.078999
548,0.079019
549,0.0790413
550,0.0790617
551,0.0790847
552,0.0791052
553,0.0791263
554,0.0791505
555,0.0791709
556,0.079193
557,0.0792173
558,0.0792413
559,0.0792673
560,0.0792948
561,0.079323
562,0.0793517
563,0.0793853
564,0.0794146
565,0.0794499
566,0.0794859
567,0.0795266
568,0.0795663
569,0.0795992
570,0.0796256
571,0.0796377
572,0.0796511
573,0.079658
574,0.0796678
575,0.079676
576,0.0796845
577,0.079695
578,0.0797055
579,0.0797163
580,0.0797301
581,0.0797436
582,0.0797573
583,0.0797718
584,0.0797843
585,0.0797958
586,0.0798108
587,0.0798171
588,0.0798282
589,0.0798364
590,0.0798452
591,0.0798538
592,0.0798609
593,0.0798685
594,0.0798754
595,0.0798822
596,0.079887
597,0.0798921
598,0.0798938
599,0.0798944
