2,0.943764
3,0.840904
4,0.751238
5,0.677002
6,0.616765
7,0.568225
8,0.528874
9,0.497818
10,0.473498
11,0.453684
12,0.437929
13,0.425367
14,0.415384
15,0.406959
16,0.399566
17,0.392604
18,0.385655
19,0.377889
20,0.369597
21,0.3603
22,0.349752
23,0.338109
24,0.325268
25,0.311184
26,0.296231
27,0.280454
28,0.263755
29,0.24673
30,0.229269
31,0.211782
32,0.194546
33,0.177726
34,0.161365
35,0.145795
36,0.131141
37,0.117494
38,0.105188
39,0.0940609
40,0.084248
41,0.0758259
42,0.0686665
43,0.0631565
44,0.058575
45,0.0549987
46,0.0517024
47,0.0488678
48,0.0460145
49,0.0432971
50,0.0406979
51,0.0382875
52,0.0358623
53,0.033641
54,0.0315269
55,0.0295221
56,0.0276713
57,0.0258927
58,0.0242605
59,0.0227245
60,0.0213114
61,0.0199476
62,0.0187325
63,0.0175167
64,0.0164676
65,0.0154125
66,0.0144304
67,0.0135385
68,0.0127051
69,0.0118988
70,0.0111774
71,0.0104604
72,0.00981878
73,0.00921872
74,0.00861261
75,0.00810518
76,0.0076116
77,0.00718186
78,0.00671301
79,0.0063344
80,0.00594804
81,0.00561064
82,0.00529311
83,0.00499719
84,0.00472274
85,0.00448413
86,0.00421571
87,0.00401109
88,0.00378793
89,0.0035926
90,0.00344186
91,0.00321461
92,0.00311116
93,0.00290493
94,0.00282055
95,0.00263863
96,0.00255265
97,0.00244411
98,0.00242934
99,0.00241022
100,0.0023852
101,0.00250344
102,0.00245185
103,0.00257973
104,0.00252193
105,0.00258899
106,0.00246851
107,0.00249379
108,0.0023655
109,0.00228407
110,0.00216882
111,0.00212623
112,0.00200508
113,0.00193809
114,0.00188446
115,0.00178474
116,0.00174441
117,0.00167451
118,0.00168042
119,0.00157777
120,0.0016102
121,0.0015283
122,0.00154038
123,0.00147673
124,0.00147845
125,0.00147128
126,0.00150607
127,0.00146663
128,0.00149365
129,0.00141069
130,0.00145173
131,0.00143318
132,0.00142417
133,0.00140354
134,0.00146334
135,0.00143858
136,0.00146889
137,0.00140597
138,0.00148073
139,0.00147698
140,0.00149001
141,0.00146243
142,0.00149244
143,0.00143458
144,0.00145203
145,0.00145497
146,0.00145256
147,0.00146475
148,0.00148973
149,0.00148832
150,0.00150136
151,0.00149614
152,0.00152632
153,0.0014678
154,0.00150531
155,0.00150198
156,0.0015596
157,0.00154444
158,0.00155319
159,0.00133092
160,0.00145173
161,0.00158748
162,0.00166767
163,0.00172413
164,0.0017801
165,0.0018313
166,0.00186812
167,0.00195191
168,0.00197265
169,0.00202782
170,0.00207754
171,0.0021517
172,0.00220739
173,0.00231409
174,0.00240922
175,0.00249212
176,0.00263067
177,0.00277944
178,0.00294786
179,0.00318086
180,0.00330429
181,0.00332406
182,0.00318125
183,0.00304004
184,0.0028878
185,0.00275404
186,0.00259338
187,0.00250422
188,0.00235127
189,0.00227268
190,0.00215051
191,0.00209519
192,0.00202448
193,0.00194675
194,0.00189698
195,0.00187637
196,0.00183107
197,0.00179545
198,0.00175569
199,0.00171947
200,0.00170191
201,0.00168477
202,0.00166935
203,0.00163903
204,0.00158237
205,0.00153973
206,0.00149728
207,0.00144479
208,0.00135261
209,0.00137051
210,0.00131071
211,0.00128031
212,0.00121692
213,0.00117693
214,0.00114527
215,0.00108331
216,0.00103015
217,0.00102858
218,0.00107939
219,0.00114102
220,0.00127813
221,0.00140372
222,0.0015268
223,0.00161297
224,0.00168593
225,0.00177488
226,0.0017995
227,0.00186518
228,0.00189558
229,0.00192547
230,0.00190738
231,0.00193276
232,0.0018865
233,0.00188464
234,0.0018428
235,0.00184951
236,0.00183699
237,0.00185335
238,0.00184955
239,0.00189681
240,0.00194316
241,0.00199529
242,0.00205783
243,0.00210825
244,0.00214879
245,0.0021191
246,0.0021259
247,0.00212522
248,0.00210849
249,0.00209932
250,0.00211076
251,0.00208704
252,0.00211894
253,0.00204535
254,0.00204936
255,0.00198914
256,0.00200057
257,0.00200029
258,0.0019952
259,0.0019239
260,0.00188419
261,0.00199207
262,0.00208183
263,0.00213742
264,0.00220634
265,0.00226808
266,0.00232972
267,0.00239086
268,0.0024792
269,0.00253235
270,0.00260281
271,0.00266711
272,0.00278349
273,0.0028481
274,0.00290128
275,0.00289338
276,0.00284085
277,0.00272135
278,0.0026099
279,0.0024901
280,0.00237489
281,0.00229463
282,0.00220338
283,0.00207941
284,0.00200765
285,0.00190918
286,0.0018036
287,0.00170501
288,0.00164641
289,0.00155704
290,0.00151377
291,0.00148111
292,0.00146072
293,0.00141013
294,0.00137913
295,0.00137379
296,0.00132538
297,0.00127555
298,0.00123277
299,0.00116864
300,0.0010985
301,0.00105728
302,0.0010437
303,0.00105752
304,0.00108486
305,0.0010844
306,0.00113108
307,0.00110821
308,0.00113946
309,0.00113029
310,0.00116367
311,0.00116286
312,0.00121632
313,0.00126332
314,0.00129055
315,0.00136749
316,0.00134597
317,0.00135481
318,0.00115729
319,0.00113678
320,0.00124641
321,0.00125696
322,0.00123277
323,0.00119896
324,0.00112934
325,0.00104803
326,0.00100346
327,0.000961014
328,0.000893094
329,0.000886049
330,0.000846054
331,0.000867403
332,0.000891431
333,0.000923178
334,0.000976021
335,0.00104805
336,0.00113524
337,0.00124078
338,0.00128859
339,0.0011971
340,0.00103913
341,0.000920723
342,0.000874239
343,0.000838553
344,0.000868065
345,0.000899234
346,0.000967444
347,0.00102447
348,0.00110794
349,0.0011671
350,0.00123741
351,0.00128991
352,0.00132162
353,0.00138993
354,0.00141156
355,0.00141095
356,0.00143359
357,0.00143698
358,0.00139191
359,0.00142801
360,0.00140284
361,0.00142054
362,0.00142254
363,0.0013637
364,0.0013579
365,0.00133121
366,0.00128728
367,0.00126765
368,0.00121997
369,0.00124279
370,0.00120495
371,0.00123032
372,0.00121593
373,0.00123512
374,0.00123446
375,0.00124977
376,0.00124751
377,0.001248
378,0.00129039
379,0.00128307
380,0.00126141
381,0.00129274
382,0.00128376
383,0.00127043
384,0.00125116
385,0.00126698
386,0.00123488
387,0.00122549
388,0.00119023
389,0.00115539
390,0.00110973
391,0.0010584
392,0.00102353
393,0.00100408
394,0.000952209
395,0.000913991
396,0.000908692
397,0.00087712
398,0.000863732
399,0.000840445
400,0.000823615
401,0.000819249
402,0.000836044
403,0.000822062
404,0.000823505
405,0.000562304
406,0.000345731
407,0.000551227
408,0.000721865
409,0.000821723
410,0.000866154
411,0.000923684
412,0.000968722
413,0.00102926
414,0.0010839
415,0.00111145
416,0.00115161
417,0.00116022
418,0.00121021
419,0.00120702
420,0.00124187
421,0.00129138
422,0.00129402
423,0.00130643
424,0.00130529
425,0.0012885
426,0.00129298
427,0.00128734
428,0.00127071
429,0.00127737
430,0.00128356
431,0.00130903
432,0.00117286
433,0.00105013
434,0.00111374
435,0.00123362
436,0.00128838
437,0.0013492
438,0.00137002
439,0.0014171
440,0.00137759
441,0.00138985
442,0.00138374
443,0.00141399
444,0.0014249
445,0.00144345
446,0.00141941
447,0.00140891
448,0.00138963
449,0.00131277
450,0.00112483
451,0.000800833
452,0.000870425
453,0.000976531
454,0.0010325
455,0.00103526
456,0.00104902
457,0.00102629
458,0.00105116
459,0.00101568
460,0.00102333
461,0.00102274
462,0.00106594
463,0.00108055
464,0.00105588
465,0.00104656
466,0.00103194
467,0.000970455
468,0.000972724
469,0.000957259
470,0.000915957
471,0.00089374
472,0.000886666
473,0.000838503
474,0.000860311
475,0.000841106
476,0.000864903
477,0.000875839
478,0.00086763
479,0.000855113
480,0.000832978
481,0.000821589
482,0.000816092
483,0.000807677
484,0.000802639
485,0.000805949
486,0.000827219
487,0.000798909
488,0.000798895
489,0.00082059
490,0.00081932
491,0.00081142
492,0.000804773
493,0.000812763
494,0.000808733
495,0.000815654
496,0.000820459
497,0.000879544
498,0.000920787
499,0.00102296
500,0.00115661
501,0.00128211
502,0.00147031
503,0.0016181
504,0.0018789
505,0.00212707
506,0.00239614
507,0.00270433
508,0.00292782
509,0.00293393
510,0.00280827
511,0.00262769
512,0.00240273
513,0.00220001
514,0.00202096
515,0.00184827
516,0.00171931
517,0.00160859
518,0.00148505
519,0.00139701
520,0.00131534
521,0.00126572
522,0.00122258
523,0.00122012
524,0.00119129
525,0.00120171
526,0.00115094
527,0.00110811
528,0.0010488
529,0.000898851
530,0.00108628
531,0.000809888
532,0.00112431
533,0.000856372
534,0.00114517
535,0.00100836
536,0.00130462
537,0.00118269
538,0.00141653
539,0.0013263
540,0.00147048
541,0.00139321
542,0.00149511
543,0.00142737
544,0.00152508
545,0.00145063
546,0.00155425
547,0.00147096
548,0.00153217
549,0.00148749
550,0.00155407
551,0.00152201
552,0.00153452
553,0.00149912
554,0.00152992
555,0.00142974
556,0.00152986
557,0.00142652
558,0.00160455
559,0.00146039
560,0.00177814
561,0.001612
562,0.00204499
563,0.00186528
564,0.00235646
565,0.00216592
566,0.00262685
567,0.00257733
568,0.00299235
569,0.00294325
570,0.00316715
571,0.0029675
572,0.00300878
573,0.00285307
574,0.00282156
575,0.00269302
576,0.00265046
577,0.00255218
578,0.00252701
579,0.00242069
580,0.00239856
581,0.00231386
582,0.00230909
583,0.00222365
584,0.00219273
585,0.00208122
586,0.00206028
587,0.00193078
588,0.0019013
589,0.00179287
590,0.00175723
591,0.00169333
592,0.0016926
593,0.00169789
594,0.00167782
595,0.0017272
596,0.00178777
597,0.00188871
598,0.00192918
599,0.00196234
