2,0.944048
3,0.842517
4,0.754035
5,0.679998
6,0.619148
7,0.569575
8,0.529611
9,0.498252
10,0.472661
11,0.45216
12,0.436205
13,0.423644
14,0.41352
15,0.404977
16,0.397649
17,0.391183
18,0.384639
19,0.377477
20,0.369635
21,0.360946
22,0.351108
23,0.340221
24,0.328278
25,0.31521
26,0.300842
27,0.285798
28,0.269931
29,0.253566
30,0.236756
31,0.219731
32,0.202652
33,0.185776
34,0.169349
35,0.153625
36,0.138654
37,0.124712
38,0.111811
39,0.100118
40,0.0896326
41,0.0804224
42,0.0724066
43,0.0657754
44,0.0604017
45,0.0560557
46,0.052438
47,0.0492174
48,0.0463187
49,0.0435201
50,0.0409076
51,0.0384096
52,0.0360696
53,0.0338468
54,0.0316978
55,0.0297345
56,0.0278448
57,0.0260538
58,0.0244128
59,0.0228229
60,0.021388
61,0.0200005
62,0.0187466
63,0.017585
64,0.0164741
65,0.0154069
66,0.0144585
67,0.0135502
68,0.0127236
69,0.0119631
70,0.0111968
71,0.0105577
72,0.00988493
73,0.00928268
74,0.00873828
75,0.00822095
76,0.00774362
77,0.00730432
78,0.00689696
79,0.00651429
80,0.0061121
81,0.0058123
82,0.00545567
83,0.00521775
84,0.00491637
85,0.00470516
86,0.00448886
87,0.00425943
88,0.00408562
89,0.00388387
90,0.00372922
91,0.00352382
92,0.00341296
93,0.00322294
94,0.00310117
95,0.00297092
96,0.0028595
97,0.00281111
98,0.00271999
99,0.0027788
100,0.00269983
101,0.00283287
102,0.00272472
103,0.002882
104,0.00271985
105,0.00283656
106,0.00267782
107,0.00271808
108,0.00253587
109,0.00252052
110,0.00236734
111,0.00233767
112,0.00223369
113,0.00218242
114,0.00210062
115,0.00202597
116,0.00199424
117,0.00187094
118,0.00185929
119,0.00178887
120,0.0018172
121,0.00169072
122,0.00173213
123,0.00165941
124,0.00168894
125,0.00161904
126,0.00167717
127,0.00155964
128,0.0015625
129,0.0014731
130,0.00147004
131,0.00141999
132,0.00145927
133,0.00140429
134,0.00146341
135,0.00140337
136,0.0014834
137,0.00144824
138,0.00152147
139,0.0014981
140,0.00154094
141,0.00150931
142,0.00154199
143,0.00148807
144,0.00154045
145,0.00147901
146,0.00156098
147,0.00149055
148,0.00151153
149,0.00148712
150,0.0015346
151,0.00148275
152,0.00150273
153,0.0014994
154,0.00149835
155,0.00145912
156,0.00133885
157,0.00127371
158,0.00141754
159,0.00160817
160,0.00166767
161,0.00172191
162,0.00175965
163,0.00182091
164,0.00185953
165,0.00191903
166,0.00196998
167,0.00202544
168,0.00206663
169,0.00211111
170,0.00216424
171,0.00223403
172,0.00229177
173,0.00239567
174,0.00247876
175,0.00258117
176,0.00269688
177,0.00286258
178,0.00302403
179,0.00323455
180,0.00338698
181,0.00336027
182,0.00324237
183,0.00313766
184,0.00296019
185,0.00283752
186,0.00270289
187,0.00257607
188,0.00245713
189,0.00235489
190,0.0022386
191,0.002182
192,0.00208297
193,0.00201695
194,0.00194282
195,0.00192065
196,0.00190764
197,0.0018504
198,0.00178527
199,0.00179929
200,0.00173342
201,0.00177232
202,0.00171805
203,0.00170012
204,0.0016274
205,0.00159181
206,0.00153478
207,0.00147597
208,0.00142356
209,0.00136871
210,0.00132089
211,0.00127205
212,0.0012391
213,0.00118976
214,0.00116944
215,0.00107073
216,0.00102526
217,0.00103155
218,0.00107968
219,0.00118009
220,0.00130686
221,0.00141478
222,0.00154195
223,0.00165348
224,0.00174355
225,0.00180815
226,0.0018659
227,0.00190034
228,0.00193644
229,0.00195189
230,0.0019336
231,0.00193218
232,0.00193177
233,0.00191201
234,0.00187502
235,0.00189644
236,0.00188423
237,0.00191856
238,0.00189759
239,0.00198561
240,0.00201222
241,0.00206492
242,0.00210513
243,0.00217828
244,0.0021976
245,0.00219818
246,0.00219342
247,0.00218729
248,0.00217446
249,0.00216906
250,0.00213102
251,0.00216822
252,0.00214957
253,0.00215339
254,0.00207109
255,0.00207405
256,0.00196032
257,0.00186418
258,0.00195783
259,0.00208841
260,0.00212195
261,0.00218745
262,0.00220141
263,0.00226552
264,0.00228253
265,0.00237482
266,0.00242297
267,0.00252472
268,0.0025681
269,0.00265661
270,0.00272271
271,0.00279557
272,0.00291279
273,0.0029409
274,0.00301164
275,0.00298256
276,0.00293898
277,0.00276591
278,0.00270566
279,0.00255099
280,0.00247514
281,0.00234029
282,0.00226572
283,0.00216937
284,0.00206474
285,0.00195652
286,0.00186777
287,0.00174812
288,0.00168813
289,0.00158312
290,0.00157917
291,0.00150393
292,0.0014898
293,0.00145428
294,0.00143782
295,0.001394
296,0.00136987
297,0.00130803
298,0.00126724
299,0.00118096
300,0.00113784
301,0.00106751
302,0.00105478
303,0.00108183
304,0.0010868
305,0.00111521
306,0.00112722
307,0.00113615
308,0.00114416
309,0.0011374
310,0.00115929
311,0.00119508
312,0.00123417
313,0.00127744
314,0.00131048
315,0.00119525
316,0.00108767
317,0.00125124
318,0.00132852
319,0.00136965
320,0.00135336
321,0.00131544
322,0.00127085
323,0.00119567
324,0.00111853
325,0.00105773
326,0.000968524
327,0.000936352
328,0.000884848
329,0.000854626
330,0.00083019
331,0.000861107
332,0.000877564
333,0.000903078
334,0.000990774
335,0.00102743
336,0.0011471
337,0.0012232
338,0.00129351
339,0.00115929
340,0.00103689
341,0.00092427
342,0.00085912
343,0.000831162
344,0.000845216
345,0.000871277
346,0.000972233
347,0.00100906
348,0.0011086
349,0.00118025
350,0.00123418
351,0.00125976
352,0.0013512
353,0.00138005
354,0.00145571
355,0.00142294
356,0.00147105
357,0.00142895
358,0.00146834
359,0.00145746
360,0.00144659
361,0.00146214
362,0.00143385
363,0.00142573
364,0.00139311
365,0.0013689
366,0.0013294
367,0.00128147
368,0.00123685
369,0.00123828
370,0.00124304
371,0.0012366
372,0.00123595
373,0.00123499
374,0.00127636
375,0.00127497
376,0.00127094
377,0.0013023
378,0.00130211
379,0.0013145
380,0.00131228
381,0.00130057
382,0.00128306
383,0.00128871
384,0.0012799
385,0.00128684
386,0.00126907
387,0.00123761
388,0.00119502
389,0.00117626
390,0.00110684
391,0.00108704
392,0.00101481
393,0.0010032
394,0.000944432
395,0.000934856
396,0.000894127
397,0.000881697
398,0.0008565
399,0.00084837
400,0.000821296
401,0.000803479
402,0.000530059
403,0.000287167
404,0.000608599
405,0.00076205
406,0.000803284
407,0.000798132
408,0.000789784
409,0.000833792
410,0.000876126
411,0.000920959
412,0.000991953
413,0.00103665
414,0.00110942
415,0.00112765
416,0.0011663
417,0.00118961
418,0.00123531
419,0.00124563
420,0.00129344
421,0.00130635
422,0.00133003
423,0.0013324
424,0.00132696
425,0.00131964
426,0.00132264
427,0.00131007
428,0.00130999
429,0.00124621
430,0.00109856
431,0.00113796
432,0.0012253
433,0.00128796
434,0.00130798
435,0.00133109
436,0.00136733
437,0.0014027
438,0.00143234
439,0.00143562
440,0.00141686
441,0.00142594
442,0.00143259
443,0.00146605
444,0.00146487
445,0.00147101
446,0.00146275
447,0.00134823
448,0.00116591
449,0.00117961
450,0.00117069
451,0.00111043
452,0.0010859
453,0.00105096
454,0.00105451
455,0.0010696
456,0.0010721
457,0.00105526
458,0.0010642
459,0.00102741
460,0.00106096
461,0.00104717
462,0.0010857
463,0.00107165
464,0.00108737
465,0.00104943
466,0.0010344
467,0.00101153
468,0.000970153
469,0.000939383
470,0.000902036
471,0.000887422
472,0.000862113
473,0.000853551
474,0.000838738
475,0.000844281
476,0.000856091
477,0.000867609
478,0.000877796
479,0.000847384
480,0.000841516
481,0.000802106
482,0.000802224
483,0.000801346
484,0.00078051
485,0.000775349
486,0.000788366
487,0.000790277
488,0.000804121
489,0.000776851
490,0.000794442
491,0.000799702
492,0.000768445
493,0.000787375
494,0.000776003
495,0.000784405
496,0.000802142
497,0.000839634
498,0.000927396
499,0.00102904
500,0.00117099
501,0.0013328
502,0.00152329
503,0.00171585
504,0.00193267
505,0.00220801
506,0.00248999
507,0.00279523
508,0.00299814
509,0.00292348
510,0.0027536
511,0.00254071
512,0.00234404
513,0.00212801
514,0.00195831
515,0.00180196
516,0.00166772
517,0.00152551
518,0.00143627
519,0.00131967
520,0.00124845
521,0.00118898
522,0.00116972
523,0.00113127
524,0.0011373
525,0.00111117
526,0.0010947
527,0.00102166
528,0.00105415
529,0.000970087
530,0.0011014
531,0.00095674
532,0.00117212
533,0.00102248
534,0.00127564
535,0.00108541
536,0.00137866
537,0.00112627
538,0.00145283
539,0.00113223
540,0.00143741
541,0.0011686
542,0.00145423
543,0.00124749
544,0.0014938
545,0.00129134
546,0.00152126
547,0.00129156
548,0.00154512
549,0.00128831
550,0.00154576
551,0.00133905
552,0.00155778
553,0.0013864
554,0.0015585
555,0.00144988
556,0.00158499
557,0.00150735
558,0.00162374
559,0.00162682
560,0.00173986
561,0.00182573
562,0.0018952
563,0.00204816
564,0.00204146
565,0.00229817
566,0.00231445
567,0.00275341
568,0.00285577
569,0.0031806
570,0.00314378
571,0.00313303
572,0.00303481
573,0.00294535
574,0.00284051
575,0.00276613
576,0.00266969
577,0.00260146
578,0.00252169
579,0.00245588
580,0.00241021
581,0.00234513
582,0.00229205
583,0.00225175
584,0.00218068
585,0.00208796
586,0.00204573
587,0.00192942
588,0.00187558
589,0.00177658
590,0.00174676
591,0.00169033
592,0.00170621
593,0.00171352
594,0.00173038
595,0.00178546
596,0.00182091
597,0.00189759
598,0.00192817
599,0.0019894
