2,0.94413
3,0.842797
4,0.754612
5,0.681119
6,0.620129
7,0.570172
8,0.529887
9,0.497608
10,0.471949
11,0.451164
12,0.434307
13,0.421762
14,0.411238
15,0.40247
16,0.395282
17,0.389103
18,0.382631
19,0.376028
20,0.368903
21,0.360897
22,0.351827
23,0.341811
24,0.330433
25,0.318271
26,0.304627
27,0.290326
28,0.275104
29,0.25938
30,0.242945
31,0.226314
32,0.209489
33,0.192794
34,0.176373
35,0.160598
36,0.145528
37,0.131314
38,0.118006
39,0.105867
40,0.0947449
41,0.0849602
42,0.0761957
43,0.0687304
44,0.0622818
45,0.0570953
46,0.05292
47,0.0494237
48,0.0462872
49,0.0433912
50,0.0407005
51,0.0381551
52,0.0357726
53,0.0335635
54,0.031462
55,0.0295069
56,0.0276791
57,0.0258788
58,0.0242695
59,0.0226977
60,0.0212552
61,0.0198886
62,0.0186581
63,0.0175116
64,0.0164008
65,0.0153854
66,0.0143782
67,0.013494
68,0.0126392
69,0.0119026
70,0.0111888
71,0.01051
72,0.00985978
73,0.00924404
74,0.00868755
75,0.00819407
76,0.00771745
77,0.00729722
78,0.00691361
79,0.0065653
80,0.00617942
81,0.00591307
82,0.00560521
83,0.00532627
84,0.00506772
85,0.00490173
86,0.00466591
87,0.00450031
88,0.00427157
89,0.00412552
90,0.00389344
91,0.00377207
92,0.00359153
93,0.00346729
94,0.00328844
95,0.00319914
96,0.00308922
97,0.00304493
98,0.00294743
99,0.00303488
100,0.00291527
101,0.00308091
102,0.00292025
103,0.00307033
104,0.00288847
105,0.00298581
106,0.0028088
107,0.00282031
108,0.00264942
109,0.00259256
110,0.00245102
111,0.00238496
112,0.00228485
113,0.00220905
114,0.00215234
115,0.00206095
116,0.00202546
117,0.00195237
118,0.00191296
119,0.00184596
120,0.00186258
121,0.00177912
122,0.0017828
123,0.00174505
124,0.00174903
125,0.00167847
126,0.00167824
127,0.00157806
128,0.00155163
129,0.00144884
130,0.00142301
131,0.00138649
132,0.00136049
133,0.00133193
134,0.00135781
135,0.00134237
136,0.00137007
137,0.00137588
138,0.0014212
139,0.00144572
140,0.00152833
141,0.00152669
142,0.00158241
143,0.00153606
144,0.0015915
145,0.00156333
146,0.00158979
147,0.00154671
148,0.00157087
149,0.00153536
150,0.0015504
151,0.00148457
152,0.00151371
153,0.00135111
154,0.0011785
155,0.0012208
156,0.00138856
157,0.00149571
158,0.00160885
159,0.00166016
160,0.00171728
161,0.001783
162,0.00182314
163,0.00188012
164,0.0019309
165,0.00200328
166,0.00206718
167,0.00214233
168,0.00215538
169,0.00223914
170,0.00225695
171,0.00233086
172,0.00241645
173,0.00249049
174,0.00257847
175,0.00268684
176,0.00279454
177,0.00293605
178,0.00311462
179,0.00331282
180,0.00343606
181,0.0034064
182,0.00330902
183,0.00317929
184,0.00305508
185,0.00292303
186,0.00279307
187,0.0026706
188,0.00256499
189,0.0024362
190,0.00234795
191,0.00224811
192,0.00217287
193,0.00210052
194,0.00205634
195,0.00199461
196,0.00195024
197,0.00191614
198,0.00185598
199,0.00185887
200,0.00178813
201,0.00184508
202,0.00178734
203,0.00175125
204,0.00168127
205,0.00167108
206,0.00156433
207,0.0015135
208,0.00146521
209,0.00139842
210,0.00137453
211,0.00130448
212,0.00126457
213,0.00122425
214,0.00116702
215,0.00111278
216,0.00107167
217,0.00109076
218,0.00115223
219,0.00123146
220,0.00135301
221,0.00147531
222,0.00158611
223,0.0017144
224,0.0017724
225,0.0018746
226,0.00191207
227,0.00197057
228,0.00198706
229,0.00199495
230,0.00198117
231,0.00201501
232,0.00197064
233,0.00196654
234,0.00197516
235,0.00194215
236,0.0019634
237,0.00195421
238,0.00202053
239,0.00202103
240,0.00209651
241,0.00212125
242,0.00222012
243,0.00224001
244,0.00227337
245,0.00229944
246,0.00228665
247,0.00225701
248,0.00225663
249,0.00222603
250,0.00223672
251,0.00223759
252,0.00222805
253,0.0021451
254,0.00199489
255,0.00198396
256,0.0020527
257,0.00210593
258,0.00214998
259,0.0022372
260,0.00224982
261,0.00229849
262,0.00231799
263,0.00239284
264,0.00241139
265,0.00249494
266,0.00255679
267,0.00266321
268,0.00268949
269,0.00278666
270,0.00279827
271,0.00297097
272,0.0029933
273,0.00309374
274,0.00309919
275,0.0031115
276,0.00299282
277,0.00289938
278,0.00276095
279,0.00266202
280,0.00255702
281,0.00246957
282,0.00235852
283,0.00223457
284,0.00214623
285,0.00201667
286,0.00193099
287,0.00181504
288,0.0017565
289,0.00166184
290,0.001598
291,0.00156545
292,0.00153309
293,0.00147754
294,0.00150192
295,0.00143498
296,0.00140159
297,0.00133713
298,0.00130439
299,0.00121116
300,0.00116384
301,0.00109544
302,0.00109203
303,0.00110627
304,0.00112796
305,0.00114131
306,0.00116009
307,0.00116852
308,0.00117464
309,0.00117655
310,0.0011828
311,0.00121263
312,0.00115958
313,0.00099465
314,0.00117307
315,0.0012876
316,0.00136321
317,0.00138471
318,0.00139197
319,0.00139775
320,0.00136637
321,0.00134112
322,0.00128102
323,0.00122169
324,0.00114038
325,0.00105391
326,0.00097553
327,0.000944006
328,0.000887661
329,0.000837728
330,0.000829392
331,0.000851062
332,0.000863089
333,0.000903426
334,0.000950373
335,0.00103573
336,0.00109938
337,0.00123623
338,0.00126726
339,0.00117094
340,0.00101993
341,0.000894337
342,0.000865854
343,0.000818482
344,0.000842884
345,0.000884902
346,0.000952113
347,0.00103705
348,0.00110998
349,0.00119672
350,0.00125615
351,0.00131016
352,0.0013843
353,0.00143466
354,0.00148643
355,0.00148156
356,0.00149301
357,0.0015057
358,0.00150173
359,0.00151572
360,0.00149404
361,0.0015113
362,0.00149339
363,0.0014947
364,0.00143255
365,0.00141736
366,0.00135237
367,0.00134073
368,0.00127276
369,0.0012826
370,0.00126649
371,0.00126896
372,0.00127121
373,0.00127881
374,0.00129639
375,0.00132855
376,0.0013097
377,0.00133054
378,0.00136275
379,0.00135487
380,0.00136485
381,0.00131803
382,0.00134666
383,0.00130554
384,0.00132139
385,0.00132092
386,0.00129071
387,0.00128513
388,0.00124005
389,0.00119758
390,0.00114278
391,0.00109467
392,0.00104607
393,0.000990224
394,0.000976865
395,0.000943808
396,0.000923926
397,0.000882455
398,0.000864537
399,0.000600227
400,0.000348197
401,0.000604615
402,0.000756055
403,0.000797633
404,0.000815739
405,0.000789948
406,0.000816554
407,0.000786951
408,0.000813402
409,0.000842472
410,0.000874923
411,0.000951354
412,0.00100459
413,0.00106999
414,0.00113389
415,0.00116062
416,0.00121352
417,0.00121225
418,0.00126036
419,0.00128693
420,0.0013453
421,0.00134727
422,0.00138512
423,0.00136206
424,0.00138979
425,0.00135864
426,0.0012967
427,0.00113341
428,0.00115123
429,0.00125211
430,0.00130842
431,0.00134934
432,0.00133401
433,0.00136665
434,0.00136038
435,0.00139833
436,0.00140706
437,0.00144885
438,0.0014821
439,0.00148935
440,0.00147674
441,0.00145963
442,0.00147868
443,0.00150815
444,0.00140825
445,0.00130633
446,0.00138724
447,0.00144022
448,0.00142763
449,0.00132536
450,0.00126048
451,0.00115289
452,0.00112138
453,0.00108639
454,0.00110317
455,0.00111035
456,0.00111532
457,0.00107404
458,0.00106952
459,0.00108471
460,0.00107582
461,0.0010841
462,0.00110465
463,0.00111164
464,0.00110952
465,0.00108629
466,0.00106543
467,0.00101234
468,0.000994027
469,0.000943185
470,0.000913329
471,0.00088431
472,0.000866664
473,0.000859603
474,0.000854827
475,0.000854817
476,0.000871356
477,0.000888276
478,0.000879462
479,0.000860897
480,0.000837399
481,0.000813561
482,0.000799272
483,0.000791403
484,0.000804727
485,0.000788137
486,0.000804241
487,0.000782896
488,0.000792352
489,0.000785336
490,0.000804051
491,0.000781354
492,0.000768729
493,0.000779115
494,0.000782651
495,0.000789931
496,0.000826539
497,0.000890684
498,0.000960538
499,0.00110233
500,0.00124663
501,0.0014286
502,0.00162961
503,0.00184597
504,0.00210198
505,0.00237713
506,0.00271547
507,0.00303219
508,0.00308825
509,0.00296301
510,0.00275978
511,0.002544
512,0.00233203
513,0.00215319
514,0.00197485
515,0.00180214
516,0.00168074
517,0.00155556
518,0.00144445
519,0.00133931
520,0.00126761
521,0.00118855
522,0.00118848
523,0.00113464
524,0.00114823
525,0.00111419
526,0.00113404
527,0.00112586
528,0.00112329
529,0.0010469
530,0.00109449
531,0.000973516
532,0.00112186
533,0.00097917
534,0.00120174
535,0.00113212
536,0.00137055
537,0.00127646
538,0.00146738
539,0.00130793
540,0.00149535
541,0.00125118
542,0.00147775
543,0.00121033
544,0.00149158
545,0.00118588
546,0.00152965
547,0.00117718
548,0.00156645
549,0.00121509
550,0.00157837
551,0.00131113
552,0.00158757
553,0.00140638
554,0.00162637
555,0.00153864
556,0.0016564
557,0.00168439
558,0.00172347
559,0.00182755
560,0.00180082
561,0.00203179
562,0.00199139
563,0.00227148
564,0.00228394
565,0.00259109
566,0.00266242
567,0.00298577
568,0.00305299
569,0.00326519
570,0.00311753
571,0.00314457
572,0.00297889
573,0.00294216
574,0.00284033
575,0.00274407
576,0.00266929
577,0.00258821
578,0.00250341
579,0.00240978
580,0.00235113
581,0.0023016
582,0.00222504
583,0.00213544
584,0.00207307
585,0.00196747
586,0.00190767
587,0.00183765
588,0.0017607
589,0.00171307
590,0.00170017
591,0.00167159
592,0.00167787
593,0.00168939
594,0.0016913
595,0.00174592
596,0.00179307
597,0.0018708
598,0.00193097
599,0.00197614
