2,0.0019792
3,0.00590031
4,0.00959647
5,0.0128746
6,0.0157419
7,0.0182092
8,0.0202999
9,0.0220629
10,0.0235424
11,0.0248063
12,0.0258899
13,0.0267711
14,0.027552
15,0.0282431
16,0.0288531
17,0.0294077
18,0.0299704
19,0.0305341
20,0.0311201
21,0.0317458
22,0.0324235
23,0.0331476
24,0.0339405
25,0.034775
26,0.0356865
27,0.036635
28,0.0376344
29,0.0386628
30,0.0397338
31,0.0408187
32,0.041919
33,0.0430147
34,0.0441023
35,0.0451579
36,0.0461811
37,0.0471615
38,0.0480948
39,0.0489704
40,0.0497909
41,0.0505433
42,0.0512398
43,0.0518682
44,0.052445
45,0.0529612
46,0.0534244
47,0.0538399
48,0.054208
49,0.054542
50,0.0548447
51,0.0551232
52,0.0553809
53,0.0556218
54,0.0558465
55,0.0560642
56,0.0562666
57,0.0564702
58,0.0566601
59,0.0568532
60,0.0570345
61,0.0572163
62,0.0573881
63,0.057555
64,0.0577183
65,0.0578766
66,0.0580338
67,0.0581848
68,0.0583334
69,0.0584743
70,0.0586088
71,0.0587425
72,0.0588722
73,0.0590009
74,0.0591272
75,0.0592491
76,0.059368
77,0.0594801
78,0.05959
79,0.0597002
80,0.0598102
81,0.0599185
82,0.0600266
83,0.0601345
84,0.0602358
85,0.0603377
86,0.0604383
87,0.0605412
88,0.0606447
89,0.0607446
90,0.0608519
91,0.0609482
92,0.061052
93,0.0611498
94,0.0612512
95,0.0613483
96,0.0614479
97,0.061543
98,0.061639
99,0.0617289
100,0.0618226
101,0.0619142
102,0.0620081
103,0.0620984
104,0.0621908
105,0.0622836
106,0.0623709
107,0.0624666
108,0.0625552
109,0.0626549
110,0.062745
111,0.0628376
112,0.0629243
113,0.0630129
114,0.063097
115,0.0631848
116,0.0632656
117,0.0633537
118,0.0634324
119,0.0635191
120,0.0635998
121,0.063683
122,0.0637589
123,0.063841
124,0.0639132
125,0.0639888
126,0.0640598
127,0.0641275
128,0.0641941
129,0.0642598
130,0.0643264
131,0.0643969
132,0.0644643
133,0.0645389
134,0.0646088
135,0.0646838
136,0.0647546
137,0.0648307
138,0.0649037
139,0.0649776
140,0.0650495
141,0.0651197
142,0.0651894
143,0.0652546
144,0.0653232
145,0.0653871
146,0.0654526
147,0.0655157
148,0.0655792
149,0.0656409
150,0.0657034
151,0.0657629
152,0.0658277
153,0.0658849
154,0.0659484
155,0.0660073
156,0.0660725
157,0.0661341
158,0.0662021
159,0.0662646
160,0.0663294
161,0.0663938
162,0.0664555
163,0.0665183
164,0.0665811
165,0.0666441
166,0.0667069
167,0.0667694
168,0.0668276
169,0.0668896
170,0.0669478
171,0.067009
172,0.0670721
173,0.0671327
174,0.067195
175,0.0672571
176,0.0673198
177,0.0673842
178,0.0674515
179,0.0675189
180,0.0675813
181,0.0676329
182,0.0676794
183,0.0677233
184,0.0677671
185,0.0678104
186,0.0678537
187,0.0678966
188,0.0679412
189,0.0679831
190,0.0680278
191,0.0680712
192,0.0681163
193,0.0681612
194,0.0682088
195,0.0682536
196,0.068301
197,0.0683472
198,0.0683935
199,0.0684418
200,0.0684858
201,0.0685381
202,0.0685837
203,0.0686287
204,0.0686717
205,0.0687178
206,0.0687574
207,0.0688006
208,0.068845
209,0.0688848
210,0.0689303
211,0.0689699
212,0.0690139
213,0.0690548
214,0.0690952
215,0.0691345
216,0.0691769
217,0.069223
218,0.0692783
219,0.069331
220,0.0693887
221,0.0694445
222,0.0694987
223,0.0695539
224,0.0696029
225,0.0696552
226,0.0697021
227,0.0697509
228,0.0697964
229,0.0698402
230,0.0698831
231,0.0699282
232,0.0699691
233,0.0700111
234,0.0700543
235,0.0700944
236,0.0701396
237,0.0701803
238,0.0702285
239,0.0702709
240,0.0703185
241,0.0703621
242,0.0704118
243,0.0704541
244,0.0704981
245,0.0705411
246,0.0705812
247,0.0706204
248,0.0706611
249,0.0706995
250,0.0707404
251,0.0707808
252,0.0708207
253,0.0708572
254,0.0708952
255,0.070931
256,0.0709697
257,0.0710117
258,0.0710537
259,0.071099
260,0.0711396
261,0.0711824
262,0.0712225
263,0.0712672
264,0.0713072
265,0.0713523
266,0.0713947
267,0.0714414
268,0.0714812
269,0.0715268
270,0.0715656
271,0.0716166
272,0.0716558
273,0.071701
274,0.0717388
275,0.071777
276,0.0718051
277,0.0718357
278,0.0718623
279,0.0718916
280,0.0719206
281,0.0719506
282,0.071978
283,0.0720054
284,0.0720345
285,0.0720605
286,0.0720896
287,0.0721164
288,0.0721471
289,0.0721756
290,0.0722051
291,0.0722387
292,0.0722704
293,0.0723026
294,0.0723382
295,0.0723687
296,0.0724003
297,0.0724296
298,0.0724608
299,0.0724868
300,0.0725174
301,0.0725436
302,0.072578
303,0.0726148
304,0.0726487
305,0.0726855
306,0.0727205
307,0.0727558
308,0.0727901
309,0.0728253
310,0.0728589
311,0.0728948
312,0.0729339
313,0.0729689
314,0.0730079
315,0.0730413
316,0.0730785
317,0.0731126
318,0.0731455
319,0.0731783
320,0.0732089
321,0.0732388
322,0.0732656
323,0.0732922
324,0.073316
325,0.0733399
326,0.073363
327,0.0733857
328,0.073409
329,0.0734307
330,0.0734521
331,0.0734738
332,0.0734967
333,0.0735177
334,0.0735427
335,0.0735626
336,0.0735855
337,0.0736029
338,0.0736319
339,0.0736727
340,0.0737203
341,0.0737693
342,0.0738107
343,0.0738574
344,0.073899
345,0.0739424
346,0.0739854
347,0.0740266
348,0.0740675
349,0.0741056
350,0.0741424
351,0.0741773
352,0.0742146
353,0.0742494
354,0.0742836
355,0.0743137
356,0.0743454
357,0.0743749
358,0.0744047
359,0.0744354
360,0.0744641
361,0.0744947
362,0.0745222
363,0.074551
364,0.0745759
365,0.0746031
366,0.0746258
367,0.0746544
368,0.0746773
369,0.0747063
370,0.0747347
371,0.0747642
372,0.0747928
373,0.0748223
374,0.0748519
375,0.0748837
376,0.074912
377,0.0749413
378,0.0749726
379,0.0749995
380,0.0750296
381,0.0750532
382,0.0750842
383,0.075108
384,0.0751382
385,0.075165
386,0.0751911
387,0.0752168
388,0.075241
389,0.0752641
390,0.0752861
391,0.0753083
392,0.0753309
393,0.0753523
394,0.0753782
395,0.0754004
396,0.0754245
397,0.0754469
398,0.0754701
399,0.0754928
400,0.0755137
401,0.0755388
402,0.0755602
403,0.0755847
404,0.075604
405,0.0756271
406,0.0756521
407,0.0756851
408,0.0757196
409,0.0757578
410,0.0757926
411,0.0758307
412,0.0758635
413,0.0758992
414,0.0759305
415,0.0759604
416,0.0759908
417,0.0760183
418,0.0760487
419,0.0760777
420,0.0761086
421,0.076136
422,0.076164
423,0.0761874
424,0.0762153
425,0.0762393
426,0.0762646
427,0.076288
428,0.0763116
429,0.076336
430,0.076364
431,0.0763912
432,0.0764155
433,0.0764426
434,0.0764676
435,0.0764964
436,0.0765224
437,0.0765515
438,0.0765795
439,0.0766047
440,0.0766284
441,0.0766514
442,0.0766786
443,0.0767057
444,0.0767308
445,0.0767553
446,0.0767777
447,0.076801
448,0.0768218
449,0.0768378
450,0.0768542
451,0.0768688
452,0.0768883
453,0.0769103
454,0.0769361
455,0.0769601
456,0.0769856
457,0.0770065
458,0.0770294
459,0.077055
460,0.0770778
461,0.0771025
462,0.0771283
463,0.0771543
464,0.0771759
465,0.0771978
466,0.077218
467,0.0772369
468,0.0772573
469,0.0772757
470,0.0772945
471,0.0773149
472,0.0773338
473,0.0773565
474,0.0773798
475,0.0774028
476,0.0774296
477,0.077454
478,0.0774758
479,0.0774972
480,0.0775151
481,0.0775338
482,0.0775511
483,0.0775714
484,0.0775942
485,0.0776162
486,0.0776393
487,0.0776605
488,0.0776857
489,0.0777069
490,0.0777303
491,0.0777492
492,0.0777704
493,0.0777923
494,0.0778177
495,0.0778454
496,0.0778742
497,0.0779112
498,0.0779438
499,0.0779833
500,0.0780195
501,0.0780596
502,0.0780989
503,0.0781404
504,0.0781844
505,0.0782295
506,0.0782791
507,0.0783273
508,0.0783536
509,0.0783652
510,0.0783703
511,0.0783744
512,0.0783783
513,0.0783847
514,0.0783899
515,0.0783967
516,0.0784069
517,0.0784164
518,0.078425
519,0.0784372
520,0.0784492
521,0.0784605
522,0.0784795
523,0.0784938
524,0.0785134
525,0.078532
526,0.0785518
527,0.0785717
528,0.0785922
529,0.0786122
530,0.0786327
531,0.0786555
532,0.0786768
533,0.0787
534,0.0787232
535,0.0787488
536,0.0787686
537,0.0787944
538,0.0788138
539,0.0788362
540,0.0788565
541,0.0788763
542,0.0788988
543,0.078917
544,0.0789422
545,0.078961
546,0.0789829
547,0.0790046
548,0.0790264
549,0.0790477
550,0.0790704
551,0.0790932
552,0.0791153
553,0.0791363
554,0.0791597
555,0.0791806
556,0.0792048
557,0.0792273
558,0.0792541
559,0.0792791
560,0.079307
561,0.0793372
562,0.0793675
563,0.0794005
564,0.0794352
565,0.0794715
566,0.0795106
567,0.0795505
568,0.079587
569,0.079618
570,0.0796339
571,0.0796469
572,0.0796547
573,0.079665
574,0.0796728
575,0.0796815
576,0.0796915
577,0.0797009
578,0.0797119
579,0.0797238
580,0.0797371
581,0.0797502
582,0.0797631
583,0.079774
584,0.0797885
585,0.0797968
586,0.0798085
587,0.0798196
588,0.0798279
589,0.0798365
590,0.0798464
591,0.0798539
592,0.0798624
593,0.0798684
594,0.0798749
595,0.0798815
596,0.0798852
597,0.0798895
598,0.0798919
599,0.0798932
