2,0.00199545
3,0.00593499
4,0.00961179
5,0.0128803
6,0.0157562
7,0.0182236
8,0.0203247
9,0.0220746
10,0.0235671
11,0.0248481
12,0.0259171
13,0.0268345
14,0.0276148
15,0.0282919
16,0.0289171
17,0.0294769
18,0.0300255
19,0.0305722
20,0.0311403
21,0.0317315
22,0.0323805
23,0.0330784
24,0.0338229
25,0.0346215
26,0.0354843
27,0.0363932
28,0.0373551
29,0.0383559
30,0.0393924
31,0.0404506
32,0.0415222
33,0.0425995
34,0.0436701
35,0.0447211
36,0.0457394
37,0.0467265
38,0.0476608
39,0.0485534
40,0.0493841
41,0.0501619
42,0.0508719
43,0.0515246
44,0.0521168
45,0.0526523
46,0.053135
47,0.0535699
48,0.0539563
49,0.0543058
50,0.0546225
51,0.0549127
52,0.0551818
53,0.0554359
54,0.055668
55,0.0558937
56,0.056107
57,0.0563086
58,0.0565101
59,0.0567049
60,0.0568942
61,0.0570815
62,0.057256
63,0.0574321
64,0.0575966
65,0.057764
66,0.0579216
67,0.0580833
68,0.0582316
69,0.0583825
70,0.0585196
71,0.0586578
72,0.0587897
73,0.0589238
74,0.0590503
75,0.0591801
76,0.0592983
77,0.0594181
78,0.0595295
79,0.0596441
80,0.0597546
81,0.059865
82,0.059977
83,0.0600841
84,0.060191
85,0.0602906
86,0.0603991
87,0.0604993
88,0.0606062
89,0.0607078
90,0.0608167
91,0.0609173
92,0.0610214
93,0.0611235
94,0.0612252
95,0.0613258
96,0.0614248
97,0.0615196
98,0.0616182
99,0.0617068
100,0.0618034
101,0.0618936
102,0.0619903
103,0.0620835
104,0.062177
105,0.0622697
106,0.0623635
107,0.0624535
108,0.0625526
109,0.0626469
110,0.0627425
111,0.0628336
112,0.0629232
113,0.0630106
114,0.0630974
115,0.0631825
116,0.063268
117,0.0633527
118,0.0634356
119,0.0635211
120,0.0636026
121,0.0636873
122,0.0637663
123,0.063844
124,0.0639212
125,0.0639943
126,0.064064
127,0.0641295
128,0.0641935
129,0.064256
130,0.0643217
131,0.0643881
132,0.0644573
133,0.0645275
134,0.0645996
135,0.0646728
136,0.0647461
137,0.0648228
138,0.064896
139,0.0649742
140,0.0650467
141,0.0651205
142,0.0651909
143,0.0652611
144,0.0653261
145,0.0653927
146,0.0654589
147,0.0655226
148,0.0655851
149,0.0656465
150,0.0657086
151,0.0657681
152,0.0658264
153,0.0658867
154,0.0659464
155,0.0660093
156,0.0660713
157,0.066139
158,0.066202
159,0.0662668
160,0.0663324
161,0.0663955
162,0.0664601
163,0.0665236
164,0.0665856
165,0.0666488
166,0.0667151
167,0.0667741
168,0.0668366
169,0.0668977
170,0.0669564
171,0.0670181
172,0.0670803
173,0.0671412
174,0.067202
175,0.0672666
176,0.0673266
177,0.0673927
178,0.0674592
179,0.0675265
180,0.0675869
181,0.06764
182,0.0676842
183,0.0677284
184,0.0677737
185,0.0678171
186,0.0678601
187,0.0679036
188,0.0679467
189,0.0679894
190,0.0680363
191,0.068076
192,0.0681243
193,0.0681679
194,0.0682153
195,0.0682606
196,0.0683072
197,0.0683543
198,0.0683989
199,0.0684471
200,0.0684948
201,0.0685431
202,0.0685889
203,0.068634
204,0.0686782
205,0.0687192
206,0.0687648
207,0.0688055
208,0.0688488
209,0.0688896
210,0.0689341
211,0.0689748
212,0.0690185
213,0.06906
214,0.0691004
215,0.0691371
216,0.0691819
217,0.0692304
218,0.0692845
219,0.0693395
220,0.0693935
221,0.06945
222,0.0695045
223,0.0695578
224,0.0696097
225,0.0696591
226,0.0697079
227,0.0697542
228,0.0698011
229,0.0698453
230,0.0698886
231,0.0699307
232,0.0699755
233,0.0700167
234,0.0700568
235,0.0701043
236,0.0701428
237,0.070191
238,0.0702323
239,0.0702802
240,0.0703236
241,0.0703724
242,0.0704163
243,0.0704623
244,0.0705055
245,0.0705465
246,0.0705891
247,0.0706271
248,0.0706676
249,0.0707082
250,0.0707466
251,0.0707862
252,0.0708248
253,0.0708629
254,0.0708994
255,0.0709381
256,0.0709781
257,0.071019
258,0.0710632
259,0.0711066
260,0.0711477
261,0.0711909
262,0.0712315
263,0.0712757
264,0.0713171
265,0.071363
266,0.0714048
267,0.0714507
268,0.0714925
269,0.071535
270,0.0715769
271,0.0716235
272,0.071669
273,0.0717099
274,0.0717499
275,0.0717838
276,0.0718143
277,0.0718415
278,0.0718694
279,0.0719004
280,0.0719275
281,0.0719578
282,0.071986
283,0.0720125
284,0.0720414
285,0.0720658
286,0.0720964
287,0.072122
288,0.0721512
289,0.072179
290,0.0722134
291,0.0722418
292,0.0722774
293,0.0723087
294,0.0723423
295,0.0723753
296,0.0724034
297,0.072436
298,0.0724638
299,0.0724927
300,0.0725189
301,0.0725485
302,0.0725824
303,0.0726189
304,0.0726536
305,0.0726896
306,0.0727241
307,0.0727603
308,0.0727948
309,0.0728273
310,0.0728614
311,0.0728951
312,0.0729339
313,0.0729725
314,0.0730102
315,0.0730455
316,0.0730822
317,0.0731171
318,0.0731496
319,0.0731822
320,0.0732124
321,0.073242
322,0.0732671
323,0.0732945
324,0.0733151
325,0.0733415
326,0.0733646
327,0.0733872
328,0.0734106
329,0.0734324
330,0.0734531
331,0.0734755
332,0.0734973
333,0.0735196
334,0.0735435
335,0.0735645
336,0.0735855
337,0.0736047
338,0.0736314
339,0.0736743
340,0.073724
341,0.0737701
342,0.0738148
343,0.0738589
344,0.0739026
345,0.0739447
346,0.0739897
347,0.0740289
348,0.0740724
349,0.0741085
350,0.0741456
351,0.0741825
352,0.0742187
353,0.0742559
354,0.0742879
355,0.0743179
356,0.0743498
357,0.0743799
358,0.0744118
359,0.0744401
360,0.0744698
361,0.074502
362,0.074528
363,0.0745554
364,0.0745806
365,0.0746074
366,0.0746321
367,0.0746564
368,0.0746843
369,0.0747093
370,0.0747402
371,0.0747694
372,0.074798
373,0.0748278
374,0.0748579
375,0.074887
376,0.0749198
377,0.0749461
378,0.0749766
379,0.0750062
380,0.0750328
381,0.0750618
382,0.0750861
383,0.0751145
384,0.0751415
385,0.0751691
386,0.0751956
387,0.0752212
388,0.0752438
389,0.0752662
390,0.0752891
391,0.075312
392,0.075331
393,0.0753585
394,0.0753791
395,0.0754051
396,0.0754262
397,0.0754478
398,0.0754704
399,0.0754924
400,0.0755185
401,0.0755384
402,0.0755656
403,0.0755858
404,0.0756068
405,0.0756305
406,0.0756531
407,0.0756877
408,0.0757249
409,0.0757602
410,0.0757957
411,0.075834
412,0.07587
413,0.075903
414,0.0759347
415,0.0759637
416,0.0759954
417,0.0760222
418,0.0760528
419,0.0760821
420,0.0761134
421,0.0761411
422,0.0761686
423,0.0761927
424,0.0762182
425,0.0762418
426,0.0762672
427,0.0762923
428,0.0763162
429,0.0763443
430,0.0763679
431,0.0763957
432,0.0764212
433,0.0764472
434,0.0764746
435,0.076501
436,0.0765289
437,0.076557
438,0.0765842
439,0.0766095
440,0.0766305
441,0.0766561
442,0.0766809
443,0.0767084
444,0.0767343
445,0.076759
446,0.0767833
447,0.0768059
448,0.0768258
449,0.0768424
450,0.0768582
451,0.076873
452,0.0768927
453,0.0769163
454,0.076941
455,0.076967
456,0.0769881
457,0.0770121
458,0.0770345
459,0.0770584
460,0.0770811
461,0.0771072
462,0.0771342
463,0.077158
464,0.0771826
465,0.0772004
466,0.0772226
467,0.0772402
468,0.0772608
469,0.0772787
470,0.0772973
471,0.0773182
472,0.0773379
473,0.077359
474,0.0773827
475,0.0774057
476,0.0774321
477,0.0774557
478,0.0774785
479,0.0774984
480,0.0775168
481,0.0775357
482,0.0775527
483,0.0775754
484,0.0775962
485,0.0776198
486,0.0776389
487,0.0776666
488,0.0776856
489,0.0777126
490,0.0777317
491,0.0777527
492,0.077775
493,0.077796
494,0.0778232
495,0.07785
496,0.077884
497,0.0779159
498,0.0779539
499,0.0779925
500,0.0780282
501,0.0780713
502,0.0781113
503,0.0781536
504,0.0781986
505,0.0782441
506,0.0782991
507,0.0783371
508,0.0783611
509,0.0783664
510,0.078371
511,0.078374
512,0.0783786
513,0.0783848
514,0.0783915
515,0.0783994
516,0.0784081
517,0.0784175
518,0.0784282
519,0.0784393
520,0.0784508
521,0.0784633
522,0.0784806
523,0.0784977
524,0.0785146
525,0.0785352
526,0.0785534
527,0.0785737
528,0.0785946
529,0.0786139
530,0.0786362
531,0.0786576
532,0.0786795
533,0.078703
534,0.0787272
535,0.0787511
536,0.0787748
537,0.0787976
538,0.078819
539,0.0788401
540,0.0788603
541,0.0788808
542,0.0789
543,0.0789222
544,0.0789418
545,0.0789637
546,0.0789862
547,0.0790057
548,0.0790292
549,0.0790517
550,0.0790733
551,0.0790955
552,0.0791185
553,0.07914
554,0.0791632
555,0.0791877
556,0.0792095
557,0.0792366
558,0.0792618
559,0.0792888
560,0.0793185
561,0.0793475
562,0.0793802
563,0.0794134
564,0.079448
565,0.0794861
566,0.0795247
567,0.079563
568,0.0795992
569,0.0796226
570,0.0796375
571,0.079649
572,0.0796569
573,0.0796666
574,0.0796737
575,0.0796829
576,0.0796919
577,0.0797012
578,0.0797124
579,0.0797256
580,0.0797362
581,0.0797517
582,0.0797626
583,0.0797779
584,0.0797885
585,0.0798008
586,0.0798107
587,0.0798196
588,0.0798307
589,0.0798384
590,0.0798487
591,0.0798567
592,0.0798645
593,0.0798704
594,0.0798781
595,0.079882
596,0.0798863
597,0.0798907
598,0.0798915
599,0.0798911
