2,0.943671
3,0.841873
4,0.754221
5,0.680977
6,0.619782
7,0.569833
8,0.529306
9,0.497334
10,0.471379
11,0.450216
12,0.433678
13,0.420349
14,0.409834
15,0.401365
16,0.393841
17,0.387543
18,0.381345
19,0.375068
20,0.368285
21,0.360945
22,0.352406
23,0.342858
24,0.332389
25,0.320859
26,0.308096
27,0.294502
28,0.279906
29,0.264628
30,0.248748
31,0.232524
32,0.21613
33,0.199698
34,0.183459
35,0.16766
36,0.152542
37,0.138051
38,0.124622
39,0.111984
40,0.100542
41,0.0900582
42,0.0808645
43,0.072717
44,0.0656737
45,0.0596685
46,0.0546188
47,0.0505246
48,0.0470391
49,0.0439221
50,0.0411335
51,0.0385553
52,0.0360931
53,0.0338411
54,0.0317808
55,0.0297696
56,0.027931
57,0.0261801
58,0.0245045
59,0.022982
60,0.0215041
61,0.0201268
62,0.0188989
63,0.0176947
64,0.0166004
65,0.0155502
66,0.0145684
67,0.0136541
68,0.0128002
69,0.0120288
70,0.0113044
71,0.0106439
72,0.00997815
73,0.00941835
74,0.00886981
75,0.00837708
76,0.00794065
77,0.00751241
78,0.00712981
79,0.00677402
80,0.00644994
81,0.00617608
82,0.00586279
83,0.00561117
84,0.00537346
85,0.00520532
86,0.00495988
87,0.00481947
88,0.0045717
89,0.00442332
90,0.00416848
91,0.00404112
92,0.00381098
93,0.00366455
94,0.00350763
95,0.00342161
96,0.00330006
97,0.00335371
98,0.00318849
99,0.00332637
100,0.00316675
101,0.00332993
102,0.00312087
103,0.00322871
104,0.00302013
105,0.00309566
106,0.00285278
107,0.00290827
108,0.00267839
109,0.0026158
110,0.00243864
111,0.00241724
112,0.00230641
113,0.00223034
114,0.00216317
115,0.00209153
116,0.00201074
117,0.00194228
118,0.00193494
119,0.0018526
120,0.00186821
121,0.00178728
122,0.00182441
123,0.00173854
124,0.00178031
125,0.00168323
126,0.00170629
127,0.00157103
128,0.00150746
129,0.00140103
130,0.00137795
131,0.00131867
132,0.00129987
133,0.00125794
134,0.00126786
135,0.00126231
136,0.0012751
137,0.00127222
138,0.00133943
139,0.00139135
140,0.00146341
141,0.00150608
142,0.00157241
143,0.00159782
144,0.00161929
145,0.00162638
146,0.00166245
147,0.00162762
148,0.00162239
149,0.00158796
150,0.00157766
151,0.00138655
152,0.00118644
153,0.00129209
154,0.00136866
155,0.00145385
156,0.00146647
157,0.00158459
158,0.00161115
159,0.00168529
160,0.00175087
161,0.00180735
162,0.00187538
163,0.00195288
164,0.00198236
165,0.00206098
166,0.00217744
167,0.00220273
168,0.00227642
169,0.0023448
170,0.00236753
171,0.0024464
172,0.00252831
173,0.00261065
174,0.00267558
175,0.00281282
176,0.00288367
177,0.00305191
178,0.00322916
179,0.00342246
180,0.00351124
181,0.00350431
182,0.00337605
183,0.0032501
184,0.00314002
185,0.00301521
186,0.00287847
187,0.00276299
188,0.00263809
189,0.00252256
190,0.00245593
191,0.00231338
192,0.00227467
193,0.00218578
194,0.00213594
195,0.00208023
196,0.00202464
197,0.00199959
198,0.00192632
199,0.00192144
200,0.00190173
201,0.00190177
202,0.00185581
203,0.00181548
204,0.00175673
205,0.00167453
206,0.0016439
207,0.00157077
208,0.00151286
209,0.00143416
210,0.00140468
211,0.00134732
212,0.00130885
213,0.00127163
214,0.0012091
215,0.00111933
216,0.00110671
217,0.0011483
218,0.00119758
219,0.00130813
220,0.00140419
221,0.00153624
222,0.00164731
223,0.0017654
224,0.00184999
225,0.00192233
226,0.00197543
227,0.00201026
228,0.00204298
229,0.00205448
230,0.00204764
231,0.00203685
232,0.00205418
233,0.00203131
234,0.00199721
235,0.0020588
236,0.00200038
237,0.00208432
238,0.00206658
239,0.00214141
240,0.00216313
241,0.00224967
242,0.00227908
243,0.00233932
244,0.00236267
245,0.00236494
246,0.00238694
247,0.00234372
248,0.00233746
249,0.00234509
250,0.00227007
251,0.0021505
252,0.00217567
253,0.00221025
254,0.00219876
255,0.00218751
256,0.00220108
257,0.00221156
258,0.00227413
259,0.00233179
260,0.00236052
261,0.00241004
262,0.00243556
263,0.00250578
264,0.00254203
265,0.00263463
266,0.00268486
267,0.00278744
268,0.00283697
269,0.00288994
270,0.00294837
271,0.00306648
272,0.00317239
273,0.00321476
274,0.00325011
275,0.00320038
276,0.00310949
277,0.00297515
278,0.00285393
279,0.00277503
280,0.00264945
281,0.00256445
282,0.00245811
283,0.00232501
284,0.00223357
285,0.00207774
286,0.0020181
287,0.00187951
288,0.0018027
289,0.00169435
290,0.00168635
291,0.00159751
292,0.00160903
293,0.00155512
294,0.00153112
295,0.00151472
296,0.00143478
297,0.00139574
298,0.00133525
299,0.00126709
300,0.00117534
301,0.00113978
302,0.00113611
303,0.00113937
304,0.00115333
305,0.00117509
306,0.00119067
307,0.00121173
308,0.00121906
309,0.00110542
310,0.000900834
311,0.00100926
312,0.00119672
313,0.00129405
314,0.00135058
315,0.00137559
316,0.0014165
317,0.00144254
318,0.00143696
319,0.00143789
320,0.0014068
321,0.00137
322,0.00128557
323,0.00124245
324,0.00112461
325,0.00106612
326,0.0010009
327,0.000939622
328,0.00087886
329,0.000844012
330,0.000837332
331,0.000836891
332,0.000853428
333,0.000889583
334,0.000933279
335,0.0010029
336,0.0011072
337,0.00121363
338,0.00126642
339,0.00113944
340,0.000987649
341,0.000878586
342,0.000846875
343,0.000818857
344,0.000845438
345,0.00089179
346,0.000978128
347,0.00105387
348,0.00116257
349,0.00121827
350,0.00129476
351,0.00136479
352,0.00142206
353,0.00150856
354,0.0015288
355,0.00153075
356,0.00154675
357,0.00155003
358,0.0015818
359,0.00156627
360,0.00156633
361,0.00159651
362,0.00155492
363,0.0015338
364,0.00148188
365,0.00146203
366,0.00142101
367,0.00136891
368,0.0013387
369,0.00130991
370,0.00131232
371,0.00133386
372,0.00132369
373,0.00133851
374,0.00134765
375,0.00134809
376,0.00140574
377,0.0013856
378,0.00140829
379,0.00142029
380,0.00139501
381,0.00141006
382,0.00136994
383,0.00137316
384,0.00136055
385,0.00136266
386,0.00133668
387,0.00132377
388,0.00126897
389,0.00121721
390,0.00116067
391,0.00112108
392,0.00103937
393,0.00104293
394,0.000983707
395,0.000997586
396,0.00080731
397,0.000455188
398,0.000626864
399,0.000766913
400,0.00083183
401,0.000805264
402,0.000827174
403,0.000804199
404,0.000803939
405,0.000799567
406,0.000795388
407,0.000803809
408,0.000813693
409,0.00083262
410,0.000891955
411,0.00096734
412,0.00105342
413,0.00110361
414,0.00117094
415,0.00118381
416,0.00124981
417,0.00125257
418,0.00129559
419,0.00133559
420,0.00140027
421,0.00140893
422,0.0014295
423,0.00132992
424,0.00120228
425,0.0012534
426,0.00134143
427,0.00137601
428,0.00136474
429,0.00139219
430,0.00136544
431,0.00140118
432,0.0014074
433,0.00141158
434,0.00142544
435,0.00144738
436,0.00147457
437,0.00150994
438,0.00153392
439,0.0015443
440,0.00149664
441,0.00137213
442,0.00131503
443,0.00144944
444,0.00152956
445,0.0015391
446,0.00154593
447,0.00151413
448,0.00147611
449,0.00137828
450,0.00129613
451,0.00119956
452,0.00115011
453,0.00113986
454,0.0011549
455,0.0011593
456,0.00113393
457,0.00113488
458,0.0011216
459,0.00111434
460,0.00109914
461,0.00112272
462,0.00115533
463,0.00115217
464,0.00117212
465,0.00110868
466,0.00109525
467,0.00102586
468,0.00100935
469,0.000964497
470,0.000942031
471,0.000913686
472,0.000884024
473,0.000872337
474,0.000865763
475,0.000864212
476,0.000881652
477,0.000890853
478,0.000899237
479,0.000870813
480,0.000845213
481,0.000819265
482,0.000811646
483,0.000788402
484,0.000801047
485,0.000790019
486,0.000785914
487,0.000795113
488,0.000786703
489,0.000787981
490,0.000791845
491,0.000788198
492,0.000785152
493,0.000780031
494,0.000779557
495,0.000803229
496,0.00086428
497,0.000918554
498,0.00103869
499,0.00118869
500,0.00133605
501,0.00156173
502,0.00176233
503,0.0019852
504,0.00227162
505,0.00255205
506,0.00295512
507,0.00315085
508,0.00317756
509,0.00296975
510,0.00275648
511,0.00252782
512,0.00231267
513,0.0021302
514,0.00195341
515,0.00178594
516,0.00164836
517,0.00150541
518,0.00140128
519,0.00128371
520,0.00121013
521,0.00111964
522,0.00111627
523,0.00106969
524,0.0010712
525,0.00103982
526,0.00101031
527,0.000965464
528,0.000975694
529,0.000895776
530,0.00101543
531,0.000906109
532,0.00106032
533,0.000961714
534,0.00116401
535,0.00107867
536,0.0013199
537,0.00122014
538,0.00141375
539,0.00124904
540,0.00142629
541,0.00121697
542,0.00145335
543,0.00125043
544,0.00147547
545,0.00126414
546,0.0015032
547,0.00129879
548,0.00152544
549,0.00136458
550,0.00153514
551,0.00141636
552,0.00157024
553,0.00144706
554,0.00160534
555,0.00151634
556,0.00168327
557,0.00159997
558,0.00179448
559,0.0016864
560,0.00196634
561,0.00188062
562,0.00227138
563,0.00219566
564,0.00259347
565,0.00258058
566,0.00296032
567,0.00300653
568,0.00329077
569,0.00324642
570,0.00325419
571,0.00319128
572,0.00308847
573,0.00301159
574,0.00287018
575,0.00279051
576,0.00266348
577,0.00256506
578,0.00246427
579,0.00241368
580,0.00231479
581,0.00227487
582,0.00219269
583,0.00215508
584,0.00207623
585,0.00200858
586,0.00192659
587,0.00183082
588,0.00179234
589,0.00171927
590,0.00170528
591,0.00169308
592,0.00169314
593,0.00171694
594,0.0017263
595,0.00181009
596,0.00184781
597,0.00191991
598,0.00195765
599,0.00199453
