2,0.943205
3,0.841231
4,0.753699
5,0.680155
6,0.619325
7,0.569589
8,0.52897
9,0.496519
10,0.470311
11,0.449387
12,0.432498
13,0.419225
14,0.408612
15,0.399912
16,0.392592
17,0.38634
18,0.380556
19,0.37466
20,0.368567
21,0.361509
22,0.353637
23,0.344578
24,0.334496
25,0.32354
26,0.311434
27,0.298437
28,0.284425
29,0.269791
30,0.254534
31,0.23857
32,0.222593
33,0.206288
34,0.190303
35,0.174463
36,0.159352
37,0.144723
38,0.131079
39,0.1182
40,0.106302
41,0.0954686
42,0.085731
43,0.0770678
44,0.0694961
45,0.0628202
46,0.0572276
47,0.0523648
48,0.0483945
49,0.0449127
50,0.0418856
51,0.0391409
52,0.03661
53,0.0343358
54,0.0321996
55,0.0302181
56,0.0283583
57,0.0266399
58,0.0249262
59,0.0234186
60,0.0218912
61,0.0205593
62,0.0192193
63,0.0180989
64,0.016963
65,0.0159288
66,0.0149224
67,0.0140039
68,0.0131085
69,0.0123204
70,0.0115878
71,0.0109171
72,0.0102623
73,0.00966811
74,0.00913197
75,0.00861613
76,0.00816356
77,0.00777816
78,0.00740337
79,0.00705236
80,0.00674874
81,0.00646426
82,0.00616711
83,0.00596174
84,0.0057128
85,0.00555003
86,0.00528881
87,0.00513804
88,0.00492997
89,0.0047505
90,0.00447841
91,0.00436394
92,0.00411571
93,0.00403311
94,0.00380511
95,0.00377809
96,0.00359198
97,0.00362391
98,0.003499
99,0.00359256
100,0.00343748
101,0.00357434
102,0.00335222
103,0.00336808
104,0.00316583
105,0.00317414
106,0.00294227
107,0.00296762
108,0.00269167
109,0.00262446
110,0.00241087
111,0.00239133
112,0.0022525
113,0.002216
114,0.00213301
115,0.00206819
116,0.00200681
117,0.00191773
118,0.0019161
119,0.0018448
120,0.00187631
121,0.00177958
122,0.00184215
123,0.00175709
124,0.00176713
125,0.00169376
126,0.00169294
127,0.00156927
128,0.00149987
129,0.00138032
130,0.00130729
131,0.00126788
132,0.00122353
133,0.00121404
134,0.00119329
135,0.00120578
136,0.00122172
137,0.0012115
138,0.00129122
139,0.00133638
140,0.00145873
141,0.00148387
142,0.00157247
143,0.00161386
144,0.00163731
145,0.00167604
146,0.0017082
147,0.0016957
148,0.00168254
149,0.00143314
150,0.00132349
151,0.00137026
152,0.00149773
153,0.00145204
154,0.00152015
155,0.00147553
156,0.00153963
157,0.00157459
158,0.0016417
159,0.00171317
160,0.0017958
161,0.00186028
162,0.00192546
163,0.00199006
164,0.00207524
165,0.00216609
166,0.00225598
167,0.00231584
168,0.00238038
169,0.00244655
170,0.00251218
171,0.00255567
172,0.00265339
173,0.00270242
174,0.00281409
175,0.00290681
176,0.00303152
177,0.00321252
178,0.00333589
179,0.00360129
180,0.00364408
181,0.00362915
182,0.00345382
183,0.00337983
184,0.00318882
185,0.00311233
186,0.00297391
187,0.00286111
188,0.00274981
189,0.00264524
190,0.0025608
191,0.00243093
192,0.00236933
193,0.00228931
194,0.00221745
195,0.00219339
196,0.00213291
197,0.00207102
198,0.00201043
199,0.00202048
200,0.00196782
201,0.00197261
202,0.00192787
203,0.00191162
204,0.00181786
205,0.00178238
206,0.00170168
207,0.00164319
208,0.00154888
209,0.00153767
210,0.00145516
211,0.00142835
212,0.00134987
213,0.00132389
214,0.00122876
215,0.00115221
216,0.00112187
217,0.00116985
218,0.00127923
219,0.00135801
220,0.00148727
221,0.00158994
222,0.00173395
223,0.0018237
224,0.001912
225,0.00197612
226,0.00205686
227,0.00206611
228,0.00213239
229,0.00212669
230,0.00212096
231,0.00211246
232,0.00212288
233,0.00211581
234,0.00210127
235,0.0021184
236,0.0021025
237,0.00214653
238,0.00217128
239,0.00221473
240,0.00228271
241,0.00235393
242,0.0024189
243,0.00243355
244,0.00245405
245,0.00247173
246,0.00246516
247,0.00240379
248,0.00228642
249,0.00227492
250,0.00236399
251,0.00236009
252,0.00238154
253,0.00235071
254,0.00231546
255,0.00228988
256,0.00229794
257,0.0023454
258,0.00237974
259,0.00246506
260,0.00248638
261,0.00252943
262,0.0025673
263,0.00262788
264,0.00269747
265,0.00274646
266,0.00282759
267,0.00291854
268,0.00298469
269,0.00304842
270,0.00313151
271,0.00318615
272,0.00329657
273,0.00337617
274,0.00337017
275,0.00330639
276,0.00319385
277,0.0030868
278,0.00296184
279,0.00284118
280,0.00273415
281,0.00264223
282,0.00253359
283,0.00241641
284,0.00230788
285,0.00218172
286,0.00208184
287,0.00194719
288,0.00185544
289,0.00178995
290,0.00173557
291,0.00168696
292,0.00164577
293,0.00160266
294,0.00161445
295,0.00153606
296,0.00151789
297,0.00142286
298,0.0014026
299,0.00128762
300,0.00121065
301,0.00116698
302,0.00118068
303,0.00118744
304,0.00119982
305,0.001227
306,0.0011336
307,0.000939879
308,0.000996017
309,0.00117168
310,0.00119612
311,0.00125964
312,0.00130397
313,0.00136075
314,0.00139174
315,0.00144942
316,0.00144517
317,0.00149178
318,0.00148812
319,0.00148295
320,0.00144485
321,0.00139358
322,0.00133213
323,0.00124672
324,0.00116915
325,0.00108784
326,0.0010156
327,0.000930599
328,0.000881877
329,0.000851726
330,0.000812889
331,0.000829757
332,0.000849173
333,0.000859363
334,0.000946686
335,0.000992429
336,0.0010888
337,0.00119866
338,0.00123846
339,0.0011191
340,0.000965046
341,0.000856609
342,0.000827014
343,0.000823957
344,0.000846214
345,0.000919117
346,0.00100926
347,0.00107872
348,0.00118608
349,0.00128621
350,0.00133457
351,0.00141545
352,0.00147167
353,0.00154907
354,0.00158453
355,0.00160662
356,0.00161699
357,0.00161399
358,0.00164234
359,0.00162591
360,0.001648
361,0.00163334
362,0.00161735
363,0.00157983
364,0.00156387
365,0.00150056
366,0.00148028
367,0.00141556
368,0.00138164
369,0.00138317
370,0.00137234
371,0.00138683
372,0.00138159
373,0.00139195
374,0.00140516
375,0.00142485
376,0.00143663
377,0.0014509
378,0.00145149
379,0.00147787
380,0.0014524
381,0.00144719
382,0.00143573
383,0.00141005
384,0.00141723
385,0.00140742
386,0.00139137
387,0.00136179
388,0.00129998
389,0.00126752
390,0.00118053
391,0.00114221
392,0.00109027
393,0.00101538
394,0.000697464
395,0.000692221
396,0.000829781
397,0.000872619
398,0.000864348
399,0.000856909
400,0.000849543
401,0.000820129
402,0.000822985
403,0.000825038
404,0.000806433
405,0.000777482
406,0.000791358
407,0.000796057
408,0.000825643
409,0.000857168
410,0.000938963
411,0.000985753
412,0.00108947
413,0.00114414
414,0.0012352
415,0.00122649
416,0.00129067
417,0.00130422
418,0.00134098
419,0.00140879
420,0.00134137
421,0.00124164
422,0.0013187
423,0.00142528
424,0.00143524
425,0.00145268
426,0.00143899
427,0.00143574
428,0.00143252
429,0.00143363
430,0.00144562
431,0.00146679
432,0.00145872
433,0.00148455
434,0.00148932
435,0.00151887
436,0.0015288
437,0.0015932
438,0.00148387
439,0.00137922
440,0.00142859
441,0.00150162
442,0.00155458
443,0.00159808
444,0.00159734
445,0.00162574
446,0.00161072
447,0.00158265
448,0.0015288
449,0.00141159
450,0.00134074
451,0.00124032
452,0.00120165
453,0.00118254
454,0.00121657
455,0.00119697
456,0.00119554
457,0.00116956
458,0.00115735
459,0.0011602
460,0.00114559
461,0.00116447
462,0.00121175
463,0.00121809
464,0.00118685
465,0.00116478
466,0.00112197
467,0.0010803
468,0.00105829
469,0.000995084
470,0.000973016
471,0.000941775
472,0.000905187
473,0.000896128
474,0.000881214
475,0.000897256
476,0.000902296
477,0.000925668
478,0.000916599
479,0.00088082
480,0.000852773
481,0.000829977
482,0.000798434
483,0.000799636
484,0.000804929
485,0.00080037
486,0.00081098
487,0.000791702
488,0.000809062
489,0.000811105
490,0.000802581
491,0.000782463
492,0.000794234
493,0.00078088
494,0.000798255
495,0.000827909
496,0.000895224
497,0.000978539
498,0.00112924
499,0.00127142
500,0.00145293
501,0.0016616
502,0.00191044
503,0.00215835
504,0.00246797
505,0.00277595
506,0.00312011
507,0.0032815
508,0.00320661
509,0.00297068
510,0.00277342
511,0.00253486
512,0.00233381
513,0.00214894
514,0.00195466
515,0.00180739
516,0.0016583
517,0.00153638
518,0.00141271
519,0.0012913
520,0.00118822
521,0.00113776
522,0.00106857
523,0.00106767
524,0.00104463
525,0.00102967
526,0.00104092
527,0.00102728
528,0.00101671
529,0.000974054
530,0.000977087
531,0.000930725
532,0.00103935
533,0.000940852
534,0.00111228
535,0.00100166
536,0.00118636
537,0.00106053
538,0.00126329
539,0.00110877
540,0.00133315
541,0.00116741
542,0.00136732
543,0.00120388
544,0.00140617
545,0.00123377
546,0.00143755
547,0.00127232
548,0.00147887
549,0.00134157
550,0.00149805
551,0.00140599
552,0.0015475
553,0.0014871
554,0.00159277
555,0.0015728
556,0.00167233
557,0.001703
558,0.00177287
559,0.00189111
560,0.00195855
561,0.00213179
562,0.00221688
563,0.0024331
564,0.00250828
565,0.00282208
566,0.00291801
567,0.0032336
568,0.00328652
569,0.00340793
570,0.00332706
571,0.00328782
572,0.00316631
573,0.00308994
574,0.00294351
575,0.00286975
576,0.00276039
577,0.00266742
578,0.00258417
579,0.0025041
580,0.00245268
581,0.00236032
582,0.00229519
583,0.00220448
584,0.00213545
585,0.00206243
586,0.00199643
587,0.00191823
588,0.00185251
589,0.00179789
590,0.00175603
591,0.00171596
592,0.00169817
593,0.00170084
594,0.00172638
595,0.00176693
596,0.00181468
597,0.00188489
598,0.00190239
599,0.00198926
