2,0.942996
3,0.840715
4,0.753176
5,0.679696
6,0.618691
7,0.568752
8,0.528283
9,0.496094
10,0.469856
11,0.44851
12,0.431638
13,0.418024
14,0.4076
15,0.398967
16,0.391988
17,0.385888
18,0.380323
19,0.374619
20,0.368917
21,0.362269
22,0.354696
23,0.346392
24,0.337016
25,0.326429
26,0.314987
27,0.30239
28,0.288895
29,0.274624
30,0.259807
31,0.244432
32,0.22868
33,0.212684
34,0.19675
35,0.181051
36,0.165794
37,0.151216
38,0.137213
39,0.124189
40,0.111958
41,0.100862
42,0.090655
43,0.0816627
44,0.0736095
45,0.0665734
46,0.0603857
47,0.0551286
48,0.0505243
49,0.0467755
50,0.0433652
51,0.0404013
52,0.0377181
53,0.0353099
54,0.03311
55,0.0310749
56,0.0291193
57,0.0273898
58,0.0256878
59,0.0241154
60,0.02262
61,0.0212067
62,0.0198992
63,0.0186458
64,0.0175227
65,0.0164212
66,0.0154304
67,0.0144142
68,0.0135357
69,0.0127076
70,0.0120375
71,0.0112892
72,0.0106997
73,0.0100898
74,0.00955644
75,0.00901194
76,0.00857889
77,0.00818199
78,0.00784026
79,0.00750795
80,0.00723747
81,0.00689064
82,0.00665019
83,0.00634069
84,0.00615845
85,0.0059389
86,0.00578093
87,0.00557195
88,0.00533914
89,0.00515502
90,0.00489383
91,0.00472711
92,0.00451591
93,0.00437604
94,0.0041619
95,0.00410057
96,0.00392025
97,0.00396954
98,0.00377269
99,0.00389671
100,0.00368323
101,0.00376211
102,0.00352732
103,0.00356751
104,0.00329401
105,0.0032936
106,0.00303315
107,0.00302462
108,0.00273386
109,0.00267539
110,0.0024519
111,0.00239282
112,0.00223797
113,0.00219744
114,0.0021111
115,0.0020133
116,0.00199374
117,0.00190382
118,0.00189852
119,0.00181791
120,0.00185696
121,0.00177274
122,0.0018285
123,0.00173514
124,0.00179672
125,0.00167708
126,0.00171924
127,0.00155981
128,0.00149445
129,0.00135444
130,0.00130296
131,0.00122714
132,0.00122089
133,0.00118094
134,0.00116312
135,0.00115946
136,0.0011681
137,0.00115352
138,0.00124032
139,0.00128143
140,0.00140732
141,0.00144525
142,0.00155832
143,0.00160312
144,0.00165471
145,0.00169155
146,0.00171824
147,0.00152345
148,0.00147035
149,0.00156286
150,0.00161916
151,0.00160845
152,0.00158773
153,0.00157441
154,0.00155055
155,0.00157603
156,0.00158569
157,0.00166375
158,0.00168012
159,0.00177336
160,0.00182785
161,0.00191263
162,0.00197338
163,0.00209487
164,0.00214663
165,0.00225856
166,0.00233119
167,0.00243499
168,0.00249456
169,0.00254499
170,0.00261255
171,0.0026799
172,0.00275699
173,0.00282599
174,0.002936
175,0.00303919
176,0.00319365
177,0.00335586
178,0.00360542
179,0.00377886
180,0.00388118
181,0.00371016
182,0.00363389
183,0.00345308
184,0.00332731
185,0.00320331
186,0.00308305
187,0.00298107
188,0.00287071
189,0.00274355
190,0.00266506
191,0.0025522
192,0.00249587
193,0.00239304
194,0.00232603
195,0.00228779
196,0.00222104
197,0.00218234
198,0.00212018
199,0.00211188
200,0.00206262
201,0.00204754
202,0.00201637
203,0.00195845
204,0.00191986
205,0.00183075
206,0.00179068
207,0.00170167
208,0.00166164
209,0.00159602
210,0.00154024
211,0.00148406
212,0.00142051
213,0.00136498
214,0.00126844
215,0.00119737
216,0.00111833
217,0.00122496
218,0.00128075
219,0.0014351
220,0.00153259
221,0.00167084
222,0.00179288
223,0.00189999
224,0.00199857
225,0.00205946
226,0.0021026
227,0.00218813
228,0.00216036
229,0.00221114
230,0.00218809
231,0.00221782
232,0.00218547
233,0.0022078
234,0.00216848
235,0.00219619
236,0.00220054
237,0.00221706
238,0.00226958
239,0.00234647
240,0.00237181
241,0.00246034
242,0.00250568
243,0.00255188
244,0.00253323
245,0.00240554
246,0.00238788
247,0.00247368
248,0.00247302
249,0.00250204
250,0.00247853
251,0.00251165
252,0.00246811
253,0.00246804
254,0.00242385
255,0.00241937
256,0.00242464
257,0.00246626
258,0.00253906
259,0.00256522
260,0.00264344
261,0.00264584
262,0.00272722
263,0.0027502
264,0.00286033
265,0.002901
266,0.0029857
267,0.00307239
268,0.00313448
269,0.00321432
270,0.00330015
271,0.003393
272,0.00349175
273,0.00350782
274,0.00351358
275,0.0034392
276,0.00329671
277,0.0031932
278,0.00306467
279,0.00295389
280,0.00281305
281,0.00275389
282,0.00261624
283,0.00250621
284,0.00238653
285,0.00226971
286,0.00213935
287,0.00202578
288,0.0019524
289,0.00185072
290,0.00181971
291,0.00174908
292,0.00173277
293,0.00169645
294,0.00166121
295,0.00163405
296,0.00156076
297,0.00152023
298,0.00143771
299,0.00135372
300,0.00127749
301,0.001196
302,0.0012402
303,0.00113022
304,0.000948194
305,0.00102772
306,0.00118089
307,0.00122083
308,0.0012556
309,0.00125652
310,0.00127058
311,0.00130793
312,0.00137652
313,0.0014244
314,0.00146062
315,0.00149523
316,0.00150411
317,0.00153371
318,0.00152293
319,0.0015297
320,0.00147055
321,0.00144269
322,0.00136312
323,0.00126882
324,0.00121045
325,0.0010985
326,0.00103605
327,0.000950327
328,0.000894078
329,0.000867026
330,0.00081833
331,0.00082245
332,0.000844968
333,0.000848079
334,0.000920232
335,0.000988043
336,0.00107971
337,0.00118877
338,0.00121771
339,0.00110599
340,0.000933207
341,0.000849741
342,0.000812124
343,0.000814494
344,0.00086913
345,0.000947942
346,0.00103324
347,0.00113091
348,0.00125001
349,0.00131856
350,0.00140869
351,0.00147596
352,0.00154519
353,0.00162229
354,0.00164625
355,0.00166503
356,0.00168031
357,0.00169822
358,0.00168371
359,0.00169933
360,0.00170489
361,0.00170703
362,0.00167433
363,0.00166036
364,0.00158969
365,0.00158338
366,0.00149779
367,0.00147945
368,0.00142264
369,0.00145476
370,0.00142778
371,0.00145866
372,0.00142122
373,0.00146449
374,0.00147297
375,0.00148764
376,0.00149192
377,0.00151512
378,0.00151152
379,0.00152808
380,0.00151638
381,0.0014912
382,0.001501
383,0.00145305
384,0.0014826
385,0.00144742
386,0.00145959
387,0.00141224
388,0.00135753
389,0.00129431
390,0.00124432
391,0.000985642
392,0.000803654
393,0.000893071
394,0.000996643
395,0.000947478
396,0.00095201
397,0.000907436
398,0.000892544
399,0.000860602
400,0.000850357
401,0.000827918
402,0.000831821
403,0.000817134
404,0.000817147
405,0.0007981
406,0.000801552
407,0.000792843
408,0.000836467
409,0.000892917
410,0.00097346
411,0.00106943
412,0.00111889
413,0.0012011
414,0.00125408
415,0.00129519
416,0.00133948
417,0.00132369
418,0.00114653
419,0.00128309
420,0.00139975
421,0.00147582
422,0.00148439
423,0.00151318
424,0.00150428
425,0.00152261
426,0.00150962
427,0.00150257
428,0.00149131
429,0.00149955
430,0.00151945
431,0.00152459
432,0.00152604
433,0.00154682
434,0.00155631
435,0.00155521
436,0.00139042
437,0.00148154
438,0.00158491
439,0.00159819
440,0.00159967
441,0.00158032
442,0.00165259
443,0.00166101
444,0.00168641
445,0.0016924
446,0.00169144
447,0.00165747
448,0.00157408
449,0.00147618
450,0.00137698
451,0.00128691
452,0.00126897
453,0.00125678
454,0.00125544
455,0.00124762
456,0.00123404
457,0.00122619
458,0.00120252
459,0.00120468
460,0.00122159
461,0.00121948
462,0.00126154
463,0.001275
464,0.00125777
465,0.00119105
466,0.00118678
467,0.00112493
468,0.00107767
469,0.00102482
470,0.000994627
471,0.000956989
472,0.000923073
473,0.000901884
474,0.000904608
475,0.0009119
476,0.000921769
477,0.000954204
478,0.000935182
479,0.000885083
480,0.0008724
481,0.000849423
482,0.000829607
483,0.000804102
484,0.000816091
485,0.000806643
486,0.000809802
487,0.000814225
488,0.00081269
489,0.000812345
490,0.000802233
491,0.000797791
492,0.000816335
493,0.000794053
494,0.000820917
495,0.000857834
496,0.000964257
497,0.00104523
498,0.00119998
499,0.00138093
500,0.00157994
501,0.00180059
502,0.00205476
503,0.00233685
504,0.00265381
505,0.00303801
506,0.00331907
507,0.00339286
508,0.00321253
509,0.00299804
510,0.00274357
511,0.00254974
512,0.00232124
513,0.00215877
514,0.00199129
515,0.00182773
516,0.00169579
517,0.00154635
518,0.00145687
519,0.00131947
520,0.00127605
521,0.00119861
522,0.00117575
523,0.00115843
524,0.00116257
525,0.0011354
526,0.00115931
527,0.0010991
528,0.0010881
529,0.00099647
530,0.00110069
531,0.000970994
532,0.0011213
533,0.000982185
534,0.00120467
535,0.00110217
536,0.00131573
537,0.00122525
538,0.00141495
539,0.00130571
540,0.00145566
541,0.00126835
542,0.00146894
543,0.00125036
544,0.00147097
545,0.00127215
546,0.00149305
547,0.00132333
548,0.00151788
549,0.00138615
550,0.00151848
551,0.00147673
552,0.00157179
553,0.00158254
554,0.00164849
555,0.00168467
556,0.00175281
557,0.00181342
558,0.00191008
559,0.00199766
560,0.00212487
561,0.00224289
562,0.00241451
563,0.00257218
564,0.00276934
565,0.0029724
566,0.00316566
567,0.00335211
568,0.00345142
569,0.00342109
570,0.00341607
571,0.00327164
572,0.00323621
573,0.00305827
574,0.00300995
575,0.0028391
576,0.00279943
577,0.0026495
578,0.00259185
579,0.00250743
580,0.00246397
581,0.0023788
582,0.00230201
583,0.00224856
584,0.00216603
585,0.00211476
586,0.00202933
587,0.00196763
588,0.00190514
589,0.00183481
590,0.0017869
591,0.00175127
592,0.00171368
593,0.00169945
594,0.00172063
595,0.00175652
596,0.00180255
597,0.00187718
598,0.00192065
599,0.00197601
