2,0.00201938
3,0.00597842
4,0.0096526
5,0.0129319
6,0.0158013
7,0.018269
8,0.0203684
9,0.0221284
10,0.0236341
11,0.0249239
12,0.0260089
13,0.0269396
14,0.027716
15,0.0284006
16,0.0289998
17,0.029549
18,0.0300657
19,0.0305829
20,0.0310949
21,0.0316483
22,0.0322456
23,0.032877
24,0.0335612
25,0.0343056
26,0.0350952
27,0.0359451
28,0.0368427
29,0.0377841
30,0.0387555
31,0.0397596
32,0.0407867
33,0.0418311
34,0.0428739
35,0.0439088
36,0.0449222
37,0.045903
38,0.046853
39,0.047754
40,0.0486124
41,0.0494097
42,0.0501596
43,0.0508413
44,0.0514708
45,0.052042
46,0.0525633
47,0.0530279
48,0.0534528
49,0.0538256
50,0.0541704
51,0.0544853
52,0.0547767
53,0.0550487
54,0.0553025
55,0.0555432
56,0.0557702
57,0.0559857
58,0.0562
59,0.0564052
60,0.0566078
61,0.0568042
62,0.0569942
63,0.0571797
64,0.0573553
65,0.0575312
66,0.0576976
67,0.0578728
68,0.0580302
69,0.0581922
70,0.0583372
71,0.0584896
72,0.0586271
73,0.0587695
74,0.0589035
75,0.0590399
76,0.059165
77,0.0592888
78,0.0594086
79,0.0595265
80,0.0596413
81,0.0597607
82,0.0598727
83,0.0599878
84,0.060095
85,0.0602059
86,0.0603114
87,0.0604206
88,0.0605283
89,0.060637
90,0.0607448
91,0.0608532
92,0.0609582
93,0.0610671
94,0.0611705
95,0.061276
96,0.0613738
97,0.0614742
98,0.0615716
99,0.0616665
100,0.0617624
101,0.061859
102,0.0619545
103,0.0620506
104,0.0621473
105,0.0622441
106,0.0623402
107,0.0624342
108,0.0625338
109,0.0626343
110,0.0627288
111,0.0628247
112,0.0629172
113,0.0630064
114,0.0630953
115,0.063182
116,0.0632689
117,0.063354
118,0.0634408
119,0.0635258
120,0.0636097
121,0.0636931
122,0.0637751
123,0.0638508
124,0.0639314
125,0.0640018
126,0.0640745
127,0.0641364
128,0.0641989
129,0.0642572
130,0.0643203
131,0.0643824
132,0.0644508
133,0.0645178
134,0.0645888
135,0.0646604
136,0.064736
137,0.0648101
138,0.0648889
139,0.0649651
140,0.0650442
141,0.0651161
142,0.0651919
143,0.0652624
144,0.0653314
145,0.0654009
146,0.0654681
147,0.0655321
148,0.0655944
149,0.0656546
150,0.0657174
151,0.065776
152,0.0658362
153,0.0658953
154,0.0659559
155,0.0660176
156,0.0660802
157,0.0661457
158,0.0662081
159,0.066274
160,0.0663391
161,0.0664045
162,0.0664679
163,0.0665347
164,0.0665978
165,0.0666638
166,0.0667266
167,0.0667915
168,0.0668529
169,0.0669129
170,0.0669744
171,0.067035
172,0.0670964
173,0.0671572
174,0.0672204
175,0.0672827
176,0.0673482
177,0.067414
178,0.0674859
179,0.0675519
180,0.0676128
181,0.0676546
182,0.0677027
183,0.067743
184,0.0677871
185,0.0678306
186,0.0678746
187,0.0679191
188,0.0679637
189,0.0680059
190,0.0680514
191,0.0680939
192,0.0681408
193,0.0681839
194,0.0682298
195,0.0682769
196,0.0683218
197,0.0683685
198,0.0684133
199,0.0684621
200,0.0685079
201,0.0685552
202,0.0686016
203,0.0686461
204,0.068691
205,0.0687315
206,0.0687762
207,0.0688169
208,0.0688611
209,0.0689028
210,0.068946
211,0.0689876
212,0.0690289
213,0.0690701
214,0.0691078
215,0.0691457
216,0.0691852
217,0.0692393
218,0.0692929
219,0.0693515
220,0.0694054
221,0.0694618
222,0.0695162
223,0.0695691
224,0.0696216
225,0.0696705
226,0.0697181
227,0.0697679
228,0.0698103
229,0.0698573
230,0.0698996
231,0.0699448
232,0.0699857
233,0.0700308
234,0.0700701
235,0.0701153
236,0.0701583
237,0.070202
238,0.070248
239,0.0702958
240,0.07034
241,0.0703885
242,0.0704332
243,0.070478
244,0.0705198
245,0.0705595
246,0.0705977
247,0.0706402
248,0.0706786
249,0.0707211
250,0.0707597
251,0.0708023
252,0.0708395
253,0.0708793
254,0.0709155
255,0.0709555
256,0.0709958
257,0.0710384
258,0.0710832
259,0.0711242
260,0.0711698
261,0.0712088
262,0.0712537
263,0.0712944
264,0.0713411
265,0.071383
266,0.0714273
267,0.0714722
268,0.0715149
269,0.071559
270,0.0716034
271,0.0716478
272,0.0716929
273,0.071732
274,0.0717697
275,0.0718015
276,0.0718284
277,0.071858
278,0.0718847
279,0.0719138
280,0.0719402
281,0.0719723
282,0.0719986
283,0.0720264
284,0.0720534
285,0.0720808
286,0.0721066
287,0.0721338
288,0.0721641
289,0.0721919
290,0.0722246
291,0.0722545
292,0.0722887
293,0.0723208
294,0.0723526
295,0.0723862
296,0.0724154
297,0.0724464
298,0.072474
299,0.072501
300,0.0725281
301,0.0725556
302,0.0725927
303,0.0726253
304,0.0726621
305,0.0726935
306,0.0727307
307,0.072764
308,0.0728
309,0.0728332
310,0.0728692
311,0.072905
312,0.0729458
313,0.0729832
314,0.07302
315,0.0730561
316,0.0730903
317,0.0731253
318,0.0731579
319,0.0731903
320,0.0732187
321,0.0732487
322,0.0732746
323,0.0732975
324,0.0733243
325,0.0733444
326,0.0733704
327,0.0733927
328,0.073415
329,0.0734366
330,0.0734573
331,0.0734799
332,0.0735004
333,0.0735254
334,0.0735456
335,0.0735674
336,0.0735878
337,0.0736069
338,0.0736359
339,0.0736784
340,0.073729
341,0.0737769
342,0.0738232
343,0.073866
344,0.0739109
345,0.0739548
346,0.0739975
347,0.0740389
348,0.074081
349,0.0741188
350,0.0741566
351,0.074193
352,0.0742298
353,0.0742662
354,0.0742985
355,0.0743293
356,0.0743608
357,0.0743926
358,0.074421
359,0.0744523
360,0.074482
361,0.0745116
362,0.0745387
363,0.0745661
364,0.0745901
365,0.0746181
366,0.0746402
367,0.0746677
368,0.0746917
369,0.0747235
370,0.0747502
371,0.0747813
372,0.0748079
373,0.0748403
374,0.0748691
375,0.074899
376,0.0749279
377,0.0749582
378,0.0749871
379,0.0750158
380,0.0750438
381,0.0750694
382,0.0750982
383,0.0751225
384,0.0751533
385,0.0751781
386,0.0752062
387,0.0752296
388,0.0752532
389,0.0752745
390,0.0752975
391,0.0753155
392,0.0753378
393,0.075358
394,0.0753846
395,0.0754036
396,0.075431
397,0.0754511
398,0.075477
399,0.0754987
400,0.0755221
401,0.0755457
402,0.0755686
403,0.0755929
404,0.0756124
405,0.0756347
406,0.0756635
407,0.0756968
408,0.0757353
409,0.0757711
410,0.0758074
411,0.0758456
412,0.0758783
413,0.0759135
414,0.0759441
415,0.0759749
416,0.0760035
417,0.0760339
418,0.0760592
419,0.0760902
420,0.0761179
421,0.0761476
422,0.0761743
423,0.0762019
424,0.0762262
425,0.0762545
426,0.0762781
427,0.0763033
428,0.0763288
429,0.0763538
430,0.0763814
431,0.0764073
432,0.0764329
433,0.0764598
434,0.0764853
435,0.0765143
436,0.0765377
437,0.0765658
438,0.076592
439,0.0766153
440,0.0766394
441,0.0766636
442,0.0766944
443,0.0767196
444,0.0767467
445,0.0767721
446,0.0767959
447,0.0768185
448,0.0768354
449,0.0768515
450,0.0768661
451,0.0768825
452,0.0769048
453,0.0769275
454,0.0769524
455,0.0769764
456,0.0769987
457,0.0770217
458,0.0770431
459,0.0770683
460,0.0770933
461,0.0771171
462,0.0771456
463,0.0771701
464,0.0771924
465,0.0772101
466,0.0772319
467,0.0772502
468,0.0772687
469,0.0772868
470,0.0773056
471,0.0773245
472,0.077345
473,0.0773643
474,0.077389
475,0.077414
476,0.077438
477,0.0774644
478,0.0774841
479,0.0775032
480,0.0775223
481,0.0775412
482,0.0775601
483,0.0775811
484,0.0776015
485,0.077627
486,0.077646
487,0.0776724
488,0.077694
489,0.0777187
490,0.0777388
491,0.0777605
492,0.077783
493,0.0778049
494,0.0778339
495,0.0778623
496,0.0778992
497,0.077932
498,0.0779709
499,0.0780109
500,0.0780507
501,0.0780929
502,0.0781365
503,0.0781826
504,0.0782304
505,0.0782836
506,0.0783282
507,0.0783566
508,0.0783639
509,0.0783686
510,0.0783701
511,0.0783759
512,0.078379
513,0.0783875
514,0.0783953
515,0.0784029
516,0.0784121
517,0.0784206
518,0.0784329
519,0.0784403
520,0.0784553
521,0.0784685
522,0.0784848
523,0.0785024
524,0.0785217
525,0.0785408
526,0.0785623
527,0.0785821
528,0.0786034
529,0.0786222
530,0.0786455
531,0.0786655
532,0.078688
533,0.078711
534,0.0787363
535,0.0787613
536,0.0787818
537,0.0788066
538,0.0788246
539,0.0788483
540,0.0788666
541,0.0788855
542,0.0789075
543,0.0789247
544,0.0789497
545,0.078968
546,0.0789906
547,0.0790117
548,0.079035
549,0.0790577
550,0.0790794
551,0.0791042
552,0.0791255
553,0.0791498
554,0.079173
555,0.079197
556,0.0792225
557,0.079249
558,0.0792747
559,0.0793061
560,0.0793337
561,0.0793673
562,0.0793998
563,0.079435
564,0.0794728
565,0.0795108
566,0.0795508
567,0.0795871
568,0.0796172
569,0.0796343
570,0.0796489
571,0.0796557
572,0.0796663
573,0.0796723
574,0.0796819
575,0.0796894
576,0.0796998
577,0.0797096
578,0.0797199
579,0.0797337
580,0.0797449
581,0.0797599
582,0.0797687
583,0.0797849
584,0.0797917
585,0.0798056
586,0.079813
587,0.0798239
588,0.0798328
589,0.0798407
590,0.0798506
591,0.0798571
592,0.0798658
593,0.0798722
594,0.0798793
595,0.0798826
596,0.0798883
597,0.0798899
598,0.0798924
599,0.0798925
