2,0.942873
3,0.840603
4,0.752748
5,0.679156
6,0.618321
7,0.568478
8,0.527985
9,0.495698
10,0.469366
11,0.447753
12,0.430664
13,0.417561
14,0.407269
15,0.398383
16,0.391185
17,0.385255
18,0.379672
19,0.374524
20,0.368962
21,0.36271
22,0.35597
23,0.348156
24,0.339276
25,0.329327
26,0.318361
27,0.306303
28,0.29327
29,0.279555
30,0.265051
31,0.249935
32,0.2344
33,0.218658
34,0.20302
35,0.187369
36,0.172168
37,0.157444
38,0.143407
39,0.130189
40,0.117756
41,0.10634
42,0.0959109
43,0.0865457
44,0.0781145
45,0.0706286
46,0.0641469
47,0.0584602
48,0.0535373
49,0.0492404
50,0.0455935
51,0.0422795
52,0.039426
53,0.0368285
54,0.0345267
55,0.0324091
56,0.030488
57,0.0286955
58,0.0269552
59,0.0253221
60,0.0237358
61,0.0223129
62,0.0209747
63,0.0196918
64,0.0185379
65,0.0174059
66,0.0163512
67,0.0152969
68,0.0143982
69,0.013498
70,0.0127308
71,0.0119971
72,0.0113696
73,0.0107526
74,0.0101732
75,0.00965446
76,0.00920041
77,0.00878882
78,0.00843472
79,0.00810815
80,0.00777928
81,0.00749962
82,0.00716882
83,0.00694692
84,0.00670139
85,0.00650059
86,0.00626429
87,0.00608332
88,0.00583886
89,0.00563531
90,0.00534524
91,0.00521095
92,0.00490373
93,0.00484935
94,0.00451739
95,0.00454047
96,0.00427005
97,0.004282
98,0.00410047
99,0.00413591
100,0.00399968
101,0.00395024
102,0.00373364
103,0.00369764
104,0.0034376
105,0.00338161
106,0.00311834
107,0.00306686
108,0.00278299
109,0.00270623
110,0.00243818
111,0.00238791
112,0.00224084
113,0.00217276
114,0.00206236
115,0.0020184
116,0.00195503
117,0.00187613
118,0.00188204
119,0.00182174
120,0.00185867
121,0.0017754
122,0.00183461
123,0.00175807
124,0.00180436
125,0.00172004
126,0.00170743
127,0.00157273
128,0.00149972
129,0.00134635
130,0.00128025
131,0.00120563
132,0.00118803
133,0.0011619
134,0.00113967
135,0.00112883
136,0.00114607
137,0.00114429
138,0.0012111
139,0.00125439
140,0.00137748
141,0.00142778
142,0.00154289
143,0.00158374
144,0.0016093
145,0.00147691
146,0.00148543
147,0.00165515
148,0.00169896
149,0.00177417
150,0.00172093
151,0.00171693
152,0.00167265
153,0.00166374
154,0.00163819
155,0.00163248
156,0.00165892
157,0.00172138
158,0.0017553
159,0.00185691
160,0.00188148
161,0.00200283
162,0.0020324
163,0.00216822
164,0.00221323
165,0.00235436
166,0.00242868
167,0.00249895
168,0.00259449
169,0.00265126
170,0.00273054
171,0.00279538
172,0.00287818
173,0.00296245
174,0.00308535
175,0.00319406
176,0.00336121
177,0.00355652
178,0.00379519
179,0.00394485
180,0.00397355
181,0.00386286
182,0.0037454
183,0.00357909
184,0.00345238
185,0.00332569
186,0.00319785
187,0.00307297
188,0.00296561
189,0.00286125
190,0.00278184
191,0.00265754
192,0.00260501
193,0.0025111
194,0.00246086
195,0.00241128
196,0.00234858
197,0.00227771
198,0.00222838
199,0.00220902
200,0.00216227
201,0.00214092
202,0.00212109
203,0.00204216
204,0.0020042
205,0.00191543
206,0.00186089
207,0.00180179
208,0.00172304
209,0.00166826
210,0.00161524
211,0.00155062
212,0.00147106
213,0.00142632
214,0.00129689
215,0.00121594
216,0.00114949
217,0.00122745
218,0.00133482
219,0.00149296
220,0.00160087
221,0.00175768
222,0.00186354
223,0.00197815
224,0.0020866
225,0.00215356
226,0.00219861
227,0.00224956
228,0.00225415
229,0.00228863
230,0.00228044
231,0.00229701
232,0.00229554
233,0.00227593
234,0.00227198
235,0.0022941
236,0.00227937
237,0.00232736
238,0.00236004
239,0.00242763
240,0.00249201
241,0.00253077
242,0.00250807
243,0.00247006
244,0.00253216
245,0.00259271
246,0.00261134
247,0.00260401
248,0.00261553
249,0.00261038
250,0.00259953
251,0.0026295
252,0.00260418
253,0.00258046
254,0.00254773
255,0.00251526
256,0.00257143
257,0.00260781
258,0.00268074
259,0.00272147
260,0.00276019
261,0.00281119
262,0.00284989
263,0.00291268
264,0.00302509
265,0.00304366
266,0.00317041
267,0.00320271
268,0.00332134
269,0.00335301
270,0.00350425
271,0.00356214
272,0.00363956
273,0.0036938
274,0.00363494
275,0.00355309
276,0.00338467
277,0.00329973
278,0.00314989
279,0.00305831
280,0.00292593
281,0.00282902
282,0.00271179
283,0.0025926
284,0.00249738
285,0.00234043
286,0.00224684
287,0.00211295
288,0.00205139
289,0.00194952
290,0.00192411
291,0.0018404
292,0.00181484
293,0.00179355
294,0.00174368
295,0.00171006
296,0.00164234
297,0.00157103
298,0.00148127
299,0.00140599
300,0.00124983
301,0.000968109
302,0.000977488
303,0.0011867
304,0.00122225
305,0.00128633
306,0.00128108
307,0.00131348
308,0.0013126
309,0.00131931
310,0.00131461
311,0.00136439
312,0.00144508
313,0.00149314
314,0.00150276
315,0.00156203
316,0.00155765
317,0.00160029
318,0.00157098
319,0.00156893
320,0.00152047
321,0.00148004
322,0.00139598
323,0.00132708
324,0.00122474
325,0.00112989
326,0.00106708
327,0.000973948
328,0.000911304
329,0.000861078
330,0.000832923
331,0.000806053
332,0.000826017
333,0.000862417
334,0.000883726
335,0.000969708
336,0.00105929
337,0.00118247
338,0.00118851
339,0.00108534
340,0.000934358
341,0.000819544
342,0.000811303
343,0.000828792
344,0.000874658
345,0.000989793
346,0.00107036
347,0.00120448
348,0.0012937
349,0.00138208
350,0.00144011
351,0.00154209
352,0.0016096
353,0.00170009
354,0.00170769
355,0.0017646
356,0.00174326
357,0.00177732
358,0.00177124
359,0.00178104
360,0.00178372
361,0.00177407
362,0.00175823
363,0.00171292
364,0.00167468
365,0.001613
366,0.00158227
367,0.00152954
368,0.00152122
369,0.00150364
370,0.00150003
371,0.00151726
372,0.0015197
373,0.00152378
374,0.00155035
375,0.00155959
376,0.00157468
377,0.00159547
378,0.00158947
379,0.00159157
380,0.00157422
381,0.00156371
382,0.00155183
383,0.00152841
384,0.001549
385,0.00151115
386,0.00148745
387,0.00146319
388,0.00130394
389,0.00106354
390,0.00109736
391,0.00113258
392,0.00112682
393,0.00107011
394,0.00103411
395,0.000994675
396,0.0009722
397,0.000937496
398,0.000910074
399,0.000882995
400,0.00085822
401,0.000854708
402,0.000830119
403,0.00081991
404,0.00080146
405,0.000783376
406,0.000807134
407,0.000826568
408,0.000874625
409,0.000933016
410,0.00102941
411,0.00110182
412,0.00118649
413,0.00126874
414,0.00130331
415,0.00115195
416,0.00116158
417,0.00131996
418,0.00139339
419,0.00144733
420,0.00150647
421,0.0015499
422,0.00156572
423,0.00157163
424,0.00158677
425,0.00160083
426,0.00157532
427,0.00156167
428,0.00156947
429,0.0015835
430,0.00160391
431,0.00158241
432,0.00161205
433,0.00145915
434,0.00139181
435,0.00152462
436,0.00160769
437,0.00168214
438,0.00167041
439,0.00168329
440,0.00164486
441,0.00169454
442,0.00170523
443,0.00175415
444,0.00176712
445,0.00176982
446,0.00176425
447,0.00171516
448,0.00163264
449,0.0015053
450,0.0014244
451,0.00132902
452,0.00132744
453,0.00129108
454,0.00131625
455,0.00130242
456,0.00130949
457,0.00127124
458,0.00126558
459,0.00127183
460,0.00129782
461,0.00130526
462,0.00133093
463,0.00134143
464,0.00130229
465,0.00125622
466,0.00121929
467,0.00117753
468,0.00112028
469,0.00107322
470,0.00102363
471,0.000974872
472,0.000958186
473,0.000947669
474,0.000931452
475,0.00094489
476,0.000960792
477,0.000959747
478,0.000945235
479,0.000916335
480,0.000877494
481,0.000855911
482,0.0008358
483,0.000825816
484,0.000841106
485,0.000820705
486,0.00083328
487,0.000826053
488,0.000835147
489,0.00084176
490,0.000823342
491,0.000826943
492,0.000818523
493,0.000829274
494,0.000858599
495,0.000928254
496,0.00101284
497,0.00113284
498,0.00131229
499,0.00148434
500,0.00170925
501,0.00194558
502,0.00222991
503,0.00249777
504,0.00284587
505,0.00317187
506,0.00342211
507,0.00343611
508,0.00318523
509,0.00299468
510,0.00271635
511,0.00250943
512,0.00233148
513,0.00213266
514,0.00201148
515,0.00184564
516,0.00169844
517,0.00157335
518,0.00143766
519,0.00133138
520,0.00125322
521,0.00117187
522,0.00116571
523,0.0011406
524,0.00116719
525,0.00115417
526,0.00116901
527,0.00114911
528,0.00115265
529,0.00109023
530,0.0011114
531,0.00102456
532,0.00115278
533,0.00104762
534,0.00122289
535,0.00113521
536,0.00134388
537,0.00124351
538,0.00146371
539,0.00131183
540,0.00148379
541,0.00127797
542,0.00147217
543,0.00128537
544,0.00148343
545,0.00133175
546,0.00151167
547,0.00138432
548,0.00150303
549,0.00144614
550,0.00157577
551,0.00152082
552,0.00162629
553,0.00159568
554,0.00169493
555,0.0016942
556,0.00182385
557,0.00180488
558,0.0019603
559,0.00196814
560,0.00223154
561,0.00227638
562,0.00253636
563,0.00264428
564,0.00292619
565,0.00308234
566,0.00332707
567,0.00347523
568,0.00354938
569,0.00355131
570,0.00347252
571,0.0034102
572,0.00328268
573,0.00316121
574,0.00302545
575,0.00290714
576,0.00279356
577,0.00268324
578,0.00264106
579,0.00252425
580,0.00250236
581,0.00238919
582,0.00235267
583,0.00223333
584,0.00218749
585,0.00211382
586,0.00202416
587,0.00195192
588,0.00187977
589,0.00181015
590,0.00175548
591,0.00171421
592,0.00168574
593,0.0016992
594,0.00171205
595,0.00176057
596,0.00180931
597,0.00187512
598,0.00190418
599,0.0019459
