2,0.00202372
3,0.00598262
4,0.00966928
5,0.0129537
6,0.0158166
7,0.0182806
8,0.0203813
9,0.0221454
10,0.0236557
11,0.0249578
12,0.0260526
13,0.0269602
14,0.0277302
15,0.028427
16,0.0290359
17,0.0295766
18,0.0300943
19,0.0305831
20,0.0310873
21,0.0316204
22,0.0321745
23,0.0327792
24,0.0334359
25,0.0341466
26,0.0349086
27,0.0357279
28,0.0365986
29,0.0375065
30,0.0384585
31,0.0394451
32,0.040457
33,0.0414825
34,0.0425059
35,0.0435333
36,0.0445393
37,0.045522
38,0.0464696
39,0.0473759
40,0.0482391
41,0.0490492
42,0.0498046
43,0.0505018
44,0.0511458
45,0.0517343
46,0.0522669
47,0.052749
48,0.0531869
49,0.0535808
50,0.0539369
51,0.0542663
52,0.0545669
53,0.0548504
54,0.055113
55,0.0553612
56,0.0555961
57,0.0558222
58,0.0560395
59,0.0562539
60,0.0564633
61,0.0566652
62,0.0568618
63,0.0570524
64,0.057234
65,0.0574141
66,0.0575863
67,0.0577631
68,0.057928
69,0.0580938
70,0.0582492
71,0.0584017
72,0.0585473
73,0.05869
74,0.0588304
75,0.058966
76,0.0590974
77,0.0592223
78,0.0593467
79,0.0594672
80,0.0595878
81,0.0597043
82,0.0598238
83,0.059938
84,0.0600502
85,0.0601598
86,0.0602702
87,0.0603789
88,0.0604883
89,0.0605993
90,0.0607111
91,0.0608189
92,0.0609293
93,0.061034
94,0.0611449
95,0.0612456
96,0.0613494
97,0.0614508
98,0.0615478
99,0.0616469
100,0.0617405
101,0.0618407
102,0.0619364
103,0.062036
104,0.0621324
105,0.0622316
106,0.0623278
107,0.0624251
108,0.0625245
109,0.0626236
110,0.0627234
111,0.0628181
112,0.0629134
113,0.0630005
114,0.0630944
115,0.0631783
116,0.0632697
117,0.0633533
118,0.0634411
119,0.0635276
120,0.0636128
121,0.0636971
122,0.0637767
123,0.0638568
124,0.063932
125,0.0640086
126,0.064076
127,0.0641428
128,0.0642034
129,0.0642625
130,0.0643231
131,0.0643861
132,0.0644516
133,0.0645191
134,0.0645872
135,0.0646612
136,0.0647331
137,0.0648105
138,0.0648874
139,0.0649624
140,0.0650417
141,0.065116
142,0.0651917
143,0.0652619
144,0.0653319
145,0.065402
146,0.0654676
147,0.0655349
148,0.0655972
149,0.0656633
150,0.0657219
151,0.0657832
152,0.0658427
153,0.0659022
154,0.0659628
155,0.0660228
156,0.0660857
157,0.0661509
158,0.0662142
159,0.0662807
160,0.0663433
161,0.0664115
162,0.0664727
163,0.0665409
164,0.0666033
165,0.0666707
166,0.0667337
167,0.0667961
168,0.0668601
169,0.0669206
170,0.0669829
171,0.0670436
172,0.0671051
173,0.0671667
174,0.0672309
175,0.0672937
176,0.0673602
177,0.0674282
178,0.0674992
179,0.0675636
180,0.0676194
181,0.0676653
182,0.0677103
183,0.0677517
184,0.067796
185,0.0678391
186,0.0678827
187,0.067926
188,0.0679702
189,0.0680144
190,0.0680597
191,0.0681019
192,0.068149
193,0.0681928
194,0.0682398
195,0.068286
196,0.0683314
197,0.0683759
198,0.0684222
199,0.0684692
200,0.0685154
201,0.0685625
202,0.0686098
203,0.0686522
204,0.0686978
205,0.0687383
206,0.0687827
207,0.0688249
208,0.0688666
209,0.0689093
210,0.0689522
211,0.0689931
212,0.0690337
213,0.069075
214,0.0691112
215,0.0691484
216,0.0691873
217,0.0692404
218,0.0692981
219,0.0693566
220,0.0694108
221,0.0694683
222,0.0695222
223,0.0695755
224,0.0696283
225,0.0696774
226,0.0697253
227,0.0697728
228,0.0698172
229,0.0698639
230,0.0699065
231,0.0699509
232,0.0699944
233,0.0700353
234,0.0700785
235,0.0701222
236,0.0701644
237,0.0702099
238,0.0702552
239,0.070302
240,0.070349
241,0.0703936
242,0.0704404
243,0.0704815
244,0.0705223
245,0.0705654
246,0.0706065
247,0.0706469
248,0.0706885
249,0.0707288
250,0.0707685
251,0.0708111
252,0.0708493
253,0.0708875
254,0.0709253
255,0.070963
256,0.0710067
257,0.0710491
258,0.0710937
259,0.071136
260,0.071178
261,0.0712212
262,0.071263
263,0.0713066
264,0.0713531
265,0.0713937
266,0.0714411
267,0.0714817
268,0.0715289
269,0.0715694
270,0.0716183
271,0.0716606
272,0.0717037
273,0.0717453
274,0.0717785
275,0.0718101
276,0.0718349
277,0.0718658
278,0.0718915
279,0.0719218
280,0.0719486
281,0.0719782
282,0.0720057
283,0.0720331
284,0.0720621
285,0.0720865
286,0.072115
287,0.0721408
288,0.0721722
289,0.0721993
290,0.0722328
291,0.072262
292,0.0722954
293,0.072329
294,0.0723601
295,0.0723925
296,0.0724217
297,0.072451
298,0.0724779
299,0.0725047
300,0.0725302
301,0.0725595
302,0.0725895
303,0.0726292
304,0.072663
305,0.0727006
306,0.0727349
307,0.0727701
308,0.0728055
309,0.0728399
310,0.0728731
311,0.0729109
312,0.072952
313,0.0729893
314,0.0730239
315,0.0730617
316,0.0730947
317,0.0731309
318,0.0731618
319,0.0731945
320,0.0732231
321,0.073252
322,0.0732777
323,0.0733034
324,0.073326
325,0.0733487
326,0.0733741
327,0.0733936
328,0.0734183
329,0.0734381
330,0.0734611
331,0.0734801
332,0.073506
333,0.073525
334,0.0735515
335,0.0735689
336,0.073591
337,0.0736076
338,0.0736389
339,0.0736804
340,0.0737323
341,0.0737813
342,0.0738255
343,0.0738719
344,0.0739145
345,0.0739612
346,0.0740016
347,0.0740462
348,0.0740859
349,0.0741248
350,0.0741605
351,0.0741991
352,0.0742351
353,0.0742729
354,0.0743035
355,0.0743378
356,0.0743667
357,0.0743986
358,0.0744285
359,0.0744584
360,0.0744887
361,0.0745174
362,0.0745454
363,0.0745712
364,0.0745972
365,0.074621
366,0.074648
367,0.0746718
368,0.0747007
369,0.0747282
370,0.0747564
371,0.0747867
372,0.0748158
373,0.0748457
374,0.0748761
375,0.0749049
376,0.0749351
377,0.074965
378,0.0749934
379,0.0750218
380,0.0750487
381,0.075076
382,0.0751029
383,0.0751293
384,0.0751587
385,0.0751833
386,0.0752098
387,0.075234
388,0.0752559
389,0.0752764
390,0.0752974
391,0.0753182
392,0.0753415
393,0.0753632
394,0.075386
395,0.075409
396,0.0754323
397,0.0754554
398,0.0754788
399,0.075502
400,0.0755242
401,0.0755514
402,0.0755711
403,0.075595
404,0.075614
405,0.0756378
406,0.075668
407,0.0757031
408,0.0757422
409,0.0757769
410,0.0758154
411,0.0758508
412,0.0758852
413,0.0759187
414,0.07595
415,0.0759785
416,0.0760059
417,0.076035
418,0.0760633
419,0.0760934
420,0.0761244
421,0.0761534
422,0.0761804
423,0.0762075
424,0.0762342
425,0.0762609
426,0.0762846
427,0.0763087
428,0.0763351
429,0.0763614
430,0.0763887
431,0.0764128
432,0.07644
433,0.076463
434,0.0764877
435,0.0765154
436,0.0765422
437,0.0765725
438,0.0765961
439,0.0766229
440,0.0766436
441,0.076673
442,0.076699
443,0.076728
444,0.0767531
445,0.0767784
446,0.0768028
447,0.0768234
448,0.0768403
449,0.0768538
450,0.0768702
451,0.0768866
452,0.0769108
453,0.0769319
454,0.0769586
455,0.076981
456,0.0770055
457,0.0770265
458,0.0770499
459,0.0770749
460,0.0771004
461,0.0771257
462,0.0771516
463,0.0771772
464,0.0771964
465,0.0772163
466,0.0772359
467,0.0772556
468,0.077273
469,0.0772911
470,0.07731
471,0.0773281
472,0.0773489
473,0.0773707
474,0.0773925
475,0.0774171
476,0.0774428
477,0.0774661
478,0.0774865
479,0.077507
480,0.0775243
481,0.0775442
482,0.0775621
483,0.0775831
484,0.0776088
485,0.0776286
486,0.077653
487,0.0776748
488,0.0776992
489,0.0777225
490,0.077744
491,0.0777665
492,0.0777888
493,0.077813
494,0.0778399
495,0.0778719
496,0.0779063
497,0.0779427
498,0.0779821
499,0.0780208
500,0.0780624
501,0.0781051
502,0.0781511
503,0.0781956
504,0.0782459
505,0.0782947
506,0.0783365
507,0.0783601
508,0.0783619
509,0.0783686
510,0.078368
511,0.0783731
512,0.07838
513,0.0783855
514,0.0783968
515,0.0784046
516,0.0784132
517,0.0784238
518,0.0784331
519,0.0784446
520,0.0784576
521,0.0784701
522,0.0784881
523,0.0785066
524,0.0785258
525,0.0785453
526,0.078566
527,0.0785869
528,0.078607
529,0.0786281
530,0.0786499
531,0.0786697
532,0.0786929
533,0.0787167
534,0.0787405
535,0.0787645
536,0.0787871
537,0.078808
538,0.0788301
539,0.0788492
540,0.0788695
541,0.0788873
542,0.0789095
543,0.0789286
544,0.0789524
545,0.0789726
546,0.0789955
547,0.0790171
548,0.0790378
549,0.0790616
550,0.0790836
551,0.0791078
552,0.0791288
553,0.0791547
554,0.0791761
555,0.0792041
556,0.0792291
557,0.0792557
558,0.0792851
559,0.0793152
560,0.0793451
561,0.0793792
562,0.0794097
563,0.0794483
564,0.0794846
565,0.0795248
566,0.0795646
567,0.0795994
568,0.079624
569,0.0796397
570,0.0796515
571,0.0796613
572,0.0796703
573,0.0796768
574,0.079685
575,0.0796918
576,0.0797017
577,0.0797098
578,0.0797241
579,0.0797342
580,0.0797492
581,0.0797607
582,0.0797731
583,0.0797845
584,0.0797943
585,0.0798073
586,0.0798146
587,0.0798255
588,0.0798337
589,0.0798424
590,0.0798511
591,0.0798595
592,0.0798662
593,0.0798735
594,0.0798796
595,0.0798842
596,0.079889
597,0.0798904
598,0.0798937
599,0.0798923
