2,0.00202527
3,0.00598931
4,0.00968221
5,0.012962
6,0.0158371
7,0.0183001
8,0.0203902
9,0.0221498
10,0.0236649
11,0.0249669
12,0.0260679
13,0.0269841
14,0.0277589
15,0.0284481
16,0.0290511
17,0.0295863
18,0.0300842
19,0.0305696
20,0.0310622
21,0.031567
22,0.032107
23,0.0326899
24,0.0333202
25,0.0340044
26,0.0347409
27,0.0355311
28,0.036366
29,0.0372535
30,0.0381872
31,0.0391503
32,0.0401389
33,0.0411444
34,0.0421556
35,0.0431739
36,0.0441707
37,0.0451557
38,0.0460954
39,0.0470072
40,0.0478674
41,0.0486884
42,0.0494486
43,0.0501651
44,0.0508206
45,0.0514277
46,0.0519736
47,0.0524722
48,0.0529227
49,0.0533325
50,0.0537008
51,0.0540427
52,0.0543536
53,0.0546487
54,0.0549169
55,0.0551805
56,0.0554188
57,0.0556559
58,0.0558782
59,0.0561016
60,0.0563146
61,0.0565285
62,0.0567279
63,0.0569261
64,0.0571136
65,0.0572949
66,0.0574773
67,0.0576504
68,0.0578301
69,0.0579948
70,0.0581591
71,0.0583132
72,0.058466
73,0.0586102
74,0.058756
75,0.0588934
76,0.0590295
77,0.0591586
78,0.0592831
79,0.0594084
80,0.0595292
81,0.0596517
82,0.0597711
83,0.0598881
84,0.0600035
85,0.0601143
86,0.0602255
87,0.0603384
88,0.0604494
89,0.0605609
90,0.0606752
91,0.0607849
92,0.060896
93,0.0610048
94,0.0611159
95,0.061219
96,0.0613261
97,0.0614239
98,0.0615291
99,0.0616235
100,0.0617242
101,0.0618207
102,0.061921
103,0.0620175
104,0.0621191
105,0.0622159
106,0.0623158
107,0.0624133
108,0.0625143
109,0.0626152
110,0.0627153
111,0.0628119
112,0.0629067
113,0.0629993
114,0.0630877
115,0.0631788
116,0.0632659
117,0.063354
118,0.0634399
119,0.0635279
120,0.0636127
121,0.0636986
122,0.063778
123,0.0638583
124,0.0639352
125,0.0640109
126,0.0640813
127,0.0641473
128,0.0642067
129,0.0642696
130,0.0643271
131,0.0643911
132,0.0644559
133,0.0645219
134,0.0645898
135,0.0646619
136,0.0647336
137,0.0648093
138,0.0648841
139,0.0649625
140,0.0650386
141,0.0651158
142,0.0651906
143,0.06526
144,0.0653325
145,0.0654007
146,0.0654707
147,0.0655371
148,0.0656032
149,0.0656666
150,0.0657295
151,0.0657902
152,0.0658493
153,0.0659082
154,0.0659698
155,0.0660294
156,0.0660929
157,0.066157
158,0.0662202
159,0.066287
160,0.0663485
161,0.0664178
162,0.0664814
163,0.0665463
164,0.0666104
165,0.0666755
166,0.0667401
167,0.0668021
168,0.0668668
169,0.0669268
170,0.0669915
171,0.0670511
172,0.0671151
173,0.0671771
174,0.0672401
175,0.0673049
176,0.0673692
177,0.0674387
178,0.0675065
179,0.067571
180,0.0676241
181,0.0676711
182,0.0677158
183,0.0677596
184,0.0678043
185,0.0678456
186,0.067891
187,0.0679343
188,0.0679791
189,0.0680219
190,0.068068
191,0.0681114
192,0.068157
193,0.0682021
194,0.068247
195,0.0682946
196,0.0683372
197,0.0683871
198,0.0684287
199,0.0684799
200,0.0685222
201,0.0685736
202,0.0686142
203,0.068663
204,0.0687028
205,0.0687486
206,0.0687883
207,0.0688312
208,0.0688731
209,0.068916
210,0.068958
211,0.0689999
212,0.0690391
213,0.0690796
214,0.0691152
215,0.0691491
216,0.0691902
217,0.0692413
218,0.0693021
219,0.0693606
220,0.0694184
221,0.0694743
222,0.0695297
223,0.0695828
224,0.0696342
225,0.069683
226,0.0697333
227,0.0697799
228,0.0698258
229,0.069869
230,0.0699142
231,0.0699566
232,0.0700016
233,0.0700413
234,0.0700864
235,0.0701279
236,0.0701754
237,0.070217
238,0.0702637
239,0.0703072
240,0.0703534
241,0.0703973
242,0.0704443
243,0.070488
244,0.0705311
245,0.0705737
246,0.0706145
247,0.0706544
248,0.0706967
249,0.070737
250,0.0707804
251,0.0708202
252,0.0708591
253,0.0708972
254,0.0709335
255,0.0709749
256,0.0710167
257,0.07106
258,0.071104
259,0.0711475
260,0.0711889
261,0.0712319
262,0.0712747
263,0.0713191
264,0.0713619
265,0.0714075
266,0.0714515
267,0.0714943
268,0.0715381
269,0.0715808
270,0.0716267
271,0.0716727
272,0.071715
273,0.0717554
274,0.0717881
275,0.0718177
276,0.0718453
277,0.0718728
278,0.0719002
279,0.071929
280,0.0719571
281,0.0719847
282,0.0720148
283,0.0720402
284,0.0720687
285,0.0720936
286,0.0721218
287,0.0721481
288,0.0721793
289,0.0722081
290,0.0722386
291,0.0722714
292,0.0723032
293,0.0723367
294,0.0723658
295,0.0724
296,0.0724255
297,0.0724577
298,0.0724794
299,0.0725075
300,0.0725313
301,0.0725612
302,0.0725972
303,0.0726326
304,0.0726685
305,0.072706
306,0.0727402
307,0.0727754
308,0.0728126
309,0.0728424
310,0.0728792
311,0.072917
312,0.0729566
313,0.0729944
314,0.0730313
315,0.0730657
316,0.0731018
317,0.0731342
318,0.0731681
319,0.0731983
320,0.0732278
321,0.0732564
322,0.073281
323,0.0733053
324,0.0733285
325,0.073352
326,0.0733748
327,0.0733977
328,0.0734205
329,0.073442
330,0.0734625
331,0.0734852
332,0.0735073
333,0.0735316
334,0.073552
335,0.0735728
336,0.0735919
337,0.0736105
338,0.073638
339,0.0736839
340,0.0737346
341,0.0737838
342,0.0738301
343,0.0738751
344,0.0739202
345,0.0739653
346,0.0740089
347,0.0740512
348,0.0740919
349,0.0741277
350,0.0741676
351,0.0742047
352,0.0742431
353,0.0742769
354,0.0743109
355,0.0743429
356,0.0743726
357,0.0744051
358,0.0744345
359,0.074465
360,0.0744948
361,0.0745223
362,0.0745499
363,0.0745763
364,0.0746026
365,0.074627
366,0.0746533
367,0.0746786
368,0.0747069
369,0.0747347
370,0.0747643
371,0.0747937
372,0.0748209
373,0.0748516
374,0.0748821
375,0.0749108
376,0.0749422
377,0.0749698
378,0.0750004
379,0.0750279
380,0.0750548
381,0.0750828
382,0.075108
383,0.0751363
384,0.0751619
385,0.0751887
386,0.0752106
387,0.075236
388,0.075255
389,0.0752802
390,0.0753005
391,0.0753232
392,0.075345
393,0.0753673
394,0.0753906
395,0.0754142
396,0.0754359
397,0.0754592
398,0.0754822
399,0.0755045
400,0.0755296
401,0.0755529
402,0.0755762
403,0.0755972
404,0.0756196
405,0.0756405
406,0.0756721
407,0.0757085
408,0.0757466
409,0.075783
410,0.0758201
411,0.0758571
412,0.075889
413,0.075921
414,0.0759505
415,0.0759812
416,0.0760111
417,0.07604
418,0.0760702
419,0.0761
420,0.0761313
421,0.0761591
422,0.0761871
423,0.0762141
424,0.0762404
425,0.0762657
426,0.0762924
427,0.0763166
428,0.0763428
429,0.0763679
430,0.0763931
431,0.0764177
432,0.0764407
433,0.0764673
434,0.0764949
435,0.076522
436,0.0765503
437,0.076578
438,0.0766036
439,0.0766283
440,0.0766519
441,0.07668
442,0.0767063
443,0.0767349
444,0.0767587
445,0.0767857
446,0.0768076
447,0.0768287
448,0.0768439
449,0.0768594
450,0.0768731
451,0.076892
452,0.0769165
453,0.07694
454,0.0769659
455,0.0769879
456,0.0770099
457,0.077033
458,0.0770576
459,0.0770799
460,0.0771072
461,0.0771329
462,0.077158
463,0.0771809
464,0.0772015
465,0.0772214
466,0.0772408
467,0.077258
468,0.077279
469,0.0772939
470,0.077314
471,0.0773313
472,0.0773541
473,0.0773714
474,0.0773982
475,0.0774219
476,0.0774465
477,0.0774693
478,0.0774887
479,0.0775094
480,0.0775277
481,0.0775473
482,0.0775645
483,0.0775886
484,0.0776119
485,0.0776329
486,0.0776555
487,0.0776799
488,0.0777043
489,0.0777281
490,0.0777491
491,0.0777709
492,0.0777946
493,0.0778203
494,0.0778473
495,0.0778797
496,0.0779145
497,0.0779537
498,0.0779901
499,0.0780336
500,0.0780756
501,0.0781174
502,0.0781628
503,0.0782086
504,0.078256
505,0.078304
506,0.0783419
507,0.0783607
508,0.0783637
509,0.0783664
510,0.0783681
511,0.0783729
512,0.0783781
513,0.0783875
514,0.0783949
515,0.0784062
516,0.0784148
517,0.0784243
518,0.0784361
519,0.0784463
520,0.078458
521,0.0784759
522,0.0784903
523,0.0785108
524,0.0785301
525,0.0785503
526,0.0785712
527,0.0785904
528,0.0786132
529,0.0786329
530,0.078655
531,0.0786755
532,0.0786993
533,0.0787208
534,0.078747
535,0.0787684
536,0.0787915
537,0.0788115
538,0.0788328
539,0.0788533
540,0.0788722
541,0.0788927
542,0.0789133
543,0.0789326
544,0.0789546
545,0.0789761
546,0.0789977
547,0.0790204
548,0.0790428
549,0.079065
550,0.0790895
551,0.0791129
552,0.079136
553,0.0791598
554,0.0791846
555,0.07921
556,0.0792371
557,0.0792642
558,0.079294
559,0.0793243
560,0.0793556
561,0.0793883
562,0.0794232
563,0.0794595
564,0.0794976
565,0.0795373
566,0.0795774
567,0.0796087
568,0.0796306
569,0.0796432
570,0.0796546
571,0.0796614
572,0.0796715
573,0.079678
574,0.0796861
575,0.0796942
576,0.0797046
577,0.0797153
578,0.0797259
579,0.0797392
580,0.0797507
581,0.0797654
582,0.0797742
583,0.0797876
584,0.0797972
585,0.0798083
586,0.0798163
587,0.0798267
588,0.0798334
589,0.0798454
590,0.0798508
591,0.0798615
592,0.0798665
593,0.0798764
594,0.0798781
595,0.0798856
596,0.0798884
597,0.0798932
598,0.0798927
599,0.0798939
