2,0.942829
3,0.840425
4,0.752418
5,0.678949
6,0.617826
7,0.568014
8,0.527776
9,0.495596
10,0.469151
11,0.447539
12,0.430317
13,0.417024
14,0.406634
15,0.397903
16,0.390824
17,0.385005
18,0.379806
19,0.37472
20,0.369369
21,0.363667
22,0.357182
23,0.349773
24,0.341386
25,0.331904
26,0.321399
27,0.309853
28,0.297469
29,0.284089
30,0.26987
31,0.255137
32,0.239974
33,0.224541
34,0.209057
35,0.193498
36,0.178395
37,0.163539
38,0.149585
39,0.136158
40,0.123721
41,0.112003
42,0.101388
43,0.0915943
44,0.0828601
45,0.0749944
46,0.0681666
47,0.0621269
48,0.0568835
49,0.05229
50,0.0483632
51,0.0448264
52,0.0418003
53,0.0389565
54,0.0365525
55,0.0342128
56,0.032226
57,0.0302676
58,0.0285558
59,0.0268056
60,0.0252326
61,0.0236375
62,0.0222841
63,0.0209275
64,0.0197453
65,0.0186296
66,0.0175048
67,0.0165197
68,0.0154328
69,0.0145494
70,0.0137089
71,0.0129641
72,0.0122288
73,0.0116214
74,0.0109708
75,0.0104393
76,0.00995637
77,0.00953918
78,0.00918075
79,0.00879863
80,0.00849807
81,0.00813158
82,0.00782221
83,0.0075593
84,0.00727473
85,0.00709598
86,0.00685673
87,0.00663199
88,0.00636687
89,0.00617576
90,0.00583482
91,0.0057021
92,0.00537653
93,0.00526553
94,0.00491765
95,0.00490194
96,0.00460877
97,0.00468307
98,0.00437192
99,0.00445624
100,0.00419727
101,0.00419158
102,0.00391284
103,0.00389487
104,0.00356649
105,0.00353208
106,0.00320786
107,0.00315331
108,0.00283212
109,0.00272596
110,0.00245993
111,0.00240067
112,0.00221109
113,0.00215611
114,0.00204538
115,0.00194974
116,0.00190699
117,0.00183113
118,0.00183875
119,0.00177428
120,0.00180549
121,0.00175632
122,0.00179747
123,0.00174186
124,0.0017983
125,0.0017172
126,0.0017194
127,0.00156484
128,0.00150191
129,0.0013661
130,0.00128188
131,0.00119
132,0.00118152
133,0.0011369
134,0.00112171
135,0.00110923
136,0.00112525
137,0.00112829
138,0.00117226
139,0.00122835
140,0.00133888
141,0.0014139
142,0.00145181
143,0.0012761
144,0.00141356
145,0.001589
146,0.00171979
147,0.00177843
148,0.00181131
149,0.00182971
150,0.00182016
151,0.00180596
152,0.00175823
153,0.00172676
154,0.00172438
155,0.00171657
156,0.0017447
157,0.00179472
158,0.00183408
159,0.00192566
160,0.00194345
161,0.00208734
162,0.00214867
163,0.00223611
164,0.00231864
165,0.00241841
166,0.00251472
167,0.00258191
168,0.00268723
169,0.00273874
170,0.00285621
171,0.00290369
172,0.00301383
173,0.0031097
174,0.00321393
175,0.00335444
176,0.00348655
177,0.00370805
178,0.00390382
179,0.00405544
180,0.00404301
181,0.00394565
182,0.00382076
183,0.00369297
184,0.00357248
185,0.00341071
186,0.00331432
187,0.00319172
188,0.00309167
189,0.00296632
190,0.00289446
191,0.00279013
192,0.0027176
193,0.00263822
194,0.00256312
195,0.00253225
196,0.00242087
197,0.00242295
198,0.00232154
199,0.00234868
200,0.00224896
201,0.00229257
202,0.00217927
203,0.00218801
204,0.00206807
205,0.00204775
206,0.0019408
207,0.00187238
208,0.00180192
209,0.00175454
210,0.00169052
211,0.00162906
212,0.00153594
213,0.00147441
214,0.00134574
215,0.00122119
216,0.00116287
217,0.00122294
218,0.00138119
219,0.00154372
220,0.00169189
221,0.00183027
222,0.00196125
223,0.00206982
224,0.00216251
225,0.00222116
226,0.00230196
227,0.00234367
228,0.00236954
229,0.00236562
230,0.00237754
231,0.00237252
232,0.00239473
233,0.00234625
234,0.0023768
235,0.00236268
236,0.00242898
237,0.002416
238,0.00247947
239,0.00245962
240,0.00241618
241,0.00248582
242,0.0026237
243,0.00267252
244,0.00269906
245,0.00272313
246,0.00271955
247,0.00270077
248,0.00272288
249,0.00271923
250,0.00276051
251,0.00275039
252,0.00273542
253,0.00270402
254,0.00265297
255,0.00267708
256,0.00270607
257,0.00275201
258,0.00281278
259,0.0028749
260,0.0029017
261,0.00295576
262,0.00301123
263,0.00308272
264,0.00313749
265,0.00323076
266,0.00331103
267,0.00337111
268,0.00344738
269,0.00350677
270,0.0036169
271,0.00372956
272,0.00379312
273,0.00382755
274,0.00376526
275,0.00365591
276,0.00352628
277,0.00339372
278,0.00326383
279,0.00315819
280,0.00303606
281,0.00291668
282,0.00283335
283,0.00268163
284,0.00258959
285,0.00243309
286,0.00232891
287,0.00220817
288,0.00214446
289,0.00205956
290,0.00198828
291,0.00195502
292,0.00191297
293,0.00189243
294,0.00181224
295,0.0018012
296,0.00168326
297,0.00164217
298,0.00133737
299,0.00120174
300,0.00120583
301,0.00122677
302,0.00126087
303,0.00127545
304,0.00129723
305,0.00133933
306,0.00134069
307,0.00134948
308,0.00138683
309,0.00135037
310,0.00138278
311,0.00143489
312,0.00150064
313,0.00154698
314,0.00159208
315,0.00160064
316,0.00163588
317,0.0016321
318,0.00164104
319,0.00161169
320,0.00157611
321,0.00152517
322,0.00144275
323,0.0013465
324,0.00125058
325,0.00116256
326,0.0010579
327,0.000995326
328,0.000938493
329,0.000870889
330,0.000819098
331,0.000801712
332,0.000820975
333,0.000827753
334,0.000875909
335,0.000944744
336,0.00103541
337,0.00114336
338,0.00119311
339,0.00106332
340,0.000906227
341,0.000832668
342,0.000805584
343,0.000834709
344,0.000911275
345,0.00102248
346,0.00112319
347,0.00125927
348,0.00135593
349,0.00141644
350,0.00152556
351,0.00160929
352,0.0017026
353,0.001752
354,0.00179379
355,0.00182076
356,0.00181721
357,0.00184378
358,0.00184594
359,0.00185628
360,0.00185282
361,0.00182874
362,0.00181087
363,0.0017785
364,0.00174104
365,0.00167627
366,0.00164587
367,0.00161202
368,0.00159324
369,0.0015778
370,0.0015887
371,0.00158691
372,0.00157624
373,0.00159291
374,0.00161741
375,0.00162058
376,0.0016552
377,0.00164781
378,0.00167038
379,0.00166725
380,0.00164529
381,0.00164824
382,0.0016062
383,0.00161222
384,0.00158632
385,0.00151637
386,0.0012944
387,0.00135068
388,0.00134409
389,0.00133808
390,0.00127253
391,0.00121409
392,0.0011679
393,0.00111952
394,0.0010819
395,0.00103273
396,0.000996479
397,0.000961732
398,0.000940289
399,0.000898607
400,0.000896597
401,0.000862687
402,0.00087055
403,0.000816804
404,0.000815938
405,0.000792682
406,0.000799619
407,0.000839047
408,0.000887277
409,0.000974076
410,0.00106653
411,0.00118755
412,0.00115508
413,0.00103731
414,0.00117941
415,0.00133291
416,0.0013968
417,0.00143104
418,0.0014845
419,0.00153795
420,0.00158771
421,0.00160762
422,0.00163542
423,0.00165261
424,0.00166025
425,0.00165489
426,0.00166211
427,0.00165388
428,0.00165145
429,0.00167011
430,0.00159844
431,0.00146217
432,0.00150435
433,0.00159938
434,0.00165389
435,0.00167533
436,0.00171888
437,0.00174868
438,0.00175662
439,0.00175415
440,0.00173942
441,0.00177155
442,0.00179012
443,0.00183693
444,0.00182182
445,0.00185433
446,0.00182529
447,0.00177917
448,0.00167588
449,0.00156054
450,0.00144885
451,0.00138675
452,0.00139187
453,0.00137514
454,0.00139878
455,0.00137662
456,0.00134813
457,0.00134463
458,0.0013455
459,0.00132082
460,0.00136883
461,0.00137727
462,0.00139818
463,0.00138193
464,0.0013501
465,0.00131015
466,0.00126699
467,0.00120176
468,0.00117457
469,0.00108817
470,0.00106214
471,0.00100417
472,0.000993482
473,0.000948026
474,0.000979143
475,0.000980906
476,0.000987893
477,0.00098121
478,0.000959921
479,0.000937154
480,0.000902108
481,0.000878448
482,0.000848334
483,0.000851454
484,0.000858416
485,0.000834777
486,0.000851361
487,0.000846546
488,0.000868926
489,0.000854401
490,0.000853674
491,0.000863605
492,0.000854956
493,0.000867314
494,0.000895782
495,0.000986772
496,0.00108341
497,0.00124849
498,0.00139253
499,0.00163503
500,0.00186139
501,0.0020881
502,0.00236954
503,0.00265619
504,0.00296875
505,0.00328632
506,0.00348908
507,0.00344745
508,0.00320901
509,0.00297039
510,0.00271528
511,0.00250931
512,0.00230444
513,0.00216121
514,0.00198815
515,0.00186531
516,0.0017205
517,0.00158695
518,0.00149006
519,0.00137267
520,0.00129346
521,0.00126392
522,0.00123
523,0.00121748
524,0.00121952
525,0.00120776
526,0.0012151
527,0.00119972
528,0.00121072
529,0.00114543
530,0.00118835
531,0.00107183
532,0.0012112
533,0.00108796
534,0.00130615
535,0.00118019
536,0.00139896
537,0.0012855
538,0.00147693
539,0.00134392
540,0.00145402
541,0.00130737
542,0.00144292
543,0.00132492
544,0.0014623
545,0.00137189
546,0.0014698
547,0.00142767
548,0.00152107
549,0.00147186
550,0.00156855
551,0.00156958
552,0.00162846
553,0.00164773
554,0.00169547
555,0.00178925
556,0.00182659
557,0.00196305
558,0.00202574
559,0.00219984
560,0.00228588
561,0.0024628
562,0.00261247
563,0.00281259
564,0.0029832
565,0.00322872
566,0.00342662
567,0.00360692
568,0.00364479
569,0.00360088
570,0.00352323
571,0.00340113
572,0.0032921
573,0.00317141
574,0.00303607
575,0.00293296
576,0.00280776
577,0.00276597
578,0.00264115
579,0.00259992
580,0.00247225
581,0.0024502
582,0.00232349
583,0.00227789
584,0.00216148
585,0.00210134
586,0.00198054
587,0.00191518
588,0.00182654
589,0.00179284
590,0.00174526
591,0.00170392
592,0.0016653
593,0.00167137
594,0.00168961
595,0.00172569
596,0.00177575
597,0.00182561
598,0.00187363
599,0.0019226
