2,0.00287319
3,0.00839285
4,0.0134114
5,0.0179115
6,0.0219855
7,0.0256688
8,0.0290337
9,0.0321113
10,0.0349336
11,0.0375527
12,0.0399442
13,0.0420788
14,0.0440073
15,0.0456712
16,0.046854
17,0.0475544
18,0.0480373
19,0.0484477
20,0.0488296
21,0.0491872
22,0.049533
23,0.0498649
24,0.0501881
25,0.0504954
26,0.0507958
27,0.0510874
28,0.0513683
29,0.0516447
30,0.05191
31,0.0521705
32,0.052426
33,0.0526716
34,0.0529087
35,0.0531414
36,0.0533688
37,0.0535891
38,0.0538013
39,0.0540116
40,0.0542163
41,0.0544193
42,0.0546118
43,0.0548053
44,0.0549958
45,0.0551821
46,0.0553622
47,0.0555412
48,0.0557153
49,0.0558855
50,0.0560543
51,0.0562155
52,0.0563725
53,0.0565322
54,0.0566864
55,0.0568401
56,0.0569908
57,0.0571413
58,0.0572836
59,0.0574281
60,0.0575636
61,0.0576991
62,0.0578347
63,0.0579628
64,0.0580955
65,0.0582215
66,0.0583511
67,0.0584772
68,0.0586039
69,0.0587295
70,0.0588536
71,0.0589775
72,0.0590974
73,0.0592159
74,0.0593341
75,0.0594459
76,0.0595596
77,0.0596663
78,0.0597756
79,0.0598794
80,0.0599877
81,0.0600902
82,0.0601966
83,0.0603036
84,0.0604027
85,0.0605075
86,0.0606052
87,0.060707
88,0.0608088
89,0.0609055
90,0.061004
91,0.0611013
92,0.0611958
93,0.0612903
94,0.061381
95,0.0614709
96,0.0615605
97,0.0616494
98,0.0617387
99,0.061827
100,0.0619165
101,0.0620067
102,0.0620953
103,0.0621811
104,0.062264
105,0.0623489
106,0.0624298
107,0.0625157
108,0.0626039
109,0.062688
110,0.062773
111,0.0628542
112,0.0629371
113,0.0630188
114,0.0631004
115,0.0631848
116,0.063268
117,0.0633471
118,0.0634261
119,0.0634976
120,0.0635706
121,0.06364
122,0.0637122
123,0.0637855
124,0.0638601
125,0.0639309
126,0.0640117
127,0.064084
128,0.0641579
129,0.0642314
130,0.0643007
131,0.0643718
132,0.064445
133,0.0645139
134,0.0645842
135,0.0646561
136,0.0647246
137,0.0647921
138,0.0648655
139,0.064933
140,0.0649993
141,0.0650696
142,0.0651322
143,0.0651993
144,0.0652611
145,0.0653252
146,0.0653862
147,0.0654487
148,0.0655089
149,0.0655673
150,0.065628
151,0.0656882
152,0.0657452
153,0.065806
154,0.065865
155,0.0659221
156,0.0659843
157,0.0660426
158,0.0661059
159,0.066168
160,0.0662308
161,0.0662935
162,0.0663567
163,0.0664204
164,0.0664814
165,0.0665461
166,0.0666038
167,0.0666693
168,0.0667254
169,0.0667814
170,0.0668355
171,0.0668917
172,0.0669442
173,0.0669982
174,0.0670537
175,0.0671057
176,0.0671633
177,0.0672157
178,0.0672733
179,0.0673287
180,0.0673868
181,0.0674442
182,0.0675033
183,0.0675653
184,0.0676122
185,0.067657
186,0.0676977
187,0.0677402
188,0.0677842
189,0.0678347
190,0.0678832
191,0.0679317
192,0.0679843
193,0.0680338
194,0.0680855
195,0.0681341
196,0.0681864
197,0.068239
198,0.0682876
199,0.0683412
200,0.0683888
201,0.0684371
202,0.0684908
203,0.068538
204,0.0685888
205,0.0686333
206,0.0686824
207,0.0687283
208,0.0687688
209,0.0688123
210,0.0688582
211,0.068901
212,0.0689442
213,0.0689911
214,0.069039
215,0.0690863
216,0.0691293
217,0.069172
218,0.0692167
219,0.0692672
220,0.0693129
221,0.0693639
222,0.0694165
223,0.0694652
224,0.0695172
225,0.0695714
226,0.0696201
227,0.0696705
228,0.0697188
229,0.0697664
230,0.0698085
231,0.0698525
232,0.0698917
233,0.0699325
234,0.0699712
235,0.07001
236,0.0700498
237,0.0700878
238,0.0701302
239,0.0701684
240,0.0702092
241,0.070249
242,0.0702942
243,0.0703341
244,0.0703746
245,0.0704153
246,0.0704564
247,0.0704946
248,0.070532
249,0.070572
250,0.0706098
251,0.070648
252,0.0706875
253,0.0707249
254,0.0707647
255,0.0708062
256,0.070842
257,0.0708755
258,0.0709168
259,0.070952
260,0.0709903
261,0.07103
262,0.0710709
263,0.0711109
264,0.0711514
265,0.071192
266,0.0712316
267,0.0712723
268,0.0713144
269,0.0713531
270,0.0713931
271,0.071434
272,0.0714705
273,0.0715048
274,0.0715422
275,0.0715813
276,0.0716163
277,0.0716554
278,0.0716957
279,0.0717341
280,0.0717677
281,0.0718025
282,0.0718367
283,0.0718659
284,0.0719007
285,0.0719355
286,0.0719706
287,0.0720031
288,0.0720388
289,0.0720733
290,0.0721068
291,0.0721452
292,0.0721784
293,0.0722189
294,0.0722577
295,0.0722946
296,0.0723348
297,0.0723703
298,0.0724059
299,0.07244
300,0.0724715
301,0.0724999
302,0.0725272
303,0.0725589
304,0.0725932
305,0.0726275
306,0.0726639
307,0.0726991
308,0.0727352
309,0.0727704
310,0.0728041
311,0.0728397
312,0.0728735
313,0.0729093
314,0.0729472
315,0.0729855
316,0.0730209
317,0.0730611
318,0.0730915
319,0.0731286
320,0.0731615
321,0.0731916
322,0.0732232
323,0.0732538
324,0.0732816
325,0.0733127
326,0.0733418
327,0.0733702
328,0.0733995
329,0.0734269
330,0.0734551
331,0.0734861
332,0.0735136
333,0.0735401
334,0.0735704
335,0.0735973
336,0.0736279
337,0.0736646
338,0.0737073
339,0.0737454
340,0.0737839
341,0.0738194
342,0.0738519
343,0.0738833
344,0.073911
345,0.0739409
346,0.0739715
347,0.0739974
348,0.0740237
349,0.0740527
350,0.0740802
351,0.0741064
352,0.0741366
353,0.0741627
354,0.0741937
355,0.0742237
356,0.0742524
357,0.0742832
358,0.0743155
359,0.074344
360,0.0743765
361,0.0744085
362,0.0744396
363,0.0744726
364,0.0745028
365,0.0745322
366,0.0745606
367,0.0745877
368,0.0746114
369,0.074641
370,0.0746688
371,0.0746968
372,0.0747248
373,0.0747528
374,0.0747832
375,0.0748123
376,0.0748397
377,0.0748695
378,0.0748972
379,0.0749295
380,0.0749587
381,0.0749846
382,0.0750134
383,0.0750409
384,0.0750691
385,0.0750976
386,0.0751219
387,0.0751503
388,0.0751785
389,0.0752068
390,0.0752356
391,0.0752629
392,0.0752939
393,0.0753195
394,0.0753495
395,0.075375
396,0.0754025
397,0.075429
398,0.0754547
399,0.0754817
400,0.0755085
401,0.0755328
402,0.0755548
403,0.0755822
404,0.0756036
405,0.0756285
406,0.0756552
407,0.07568
408,0.0757096
409,0.0757413
410,0.0757679
411,0.0758003
412,0.0758295
413,0.0758535
414,0.0758804
415,0.0759072
416,0.0759315
417,0.0759537
418,0.0759799
419,0.0760051
420,0.0760289
421,0.0760566
422,0.07608
423,0.0761059
424,0.0761339
425,0.0761589
426,0.0761863
427,0.0762069
428,0.0762348
429,0.0762575
430,0.0762836
431,0.0763067
432,0.0763311
433,0.076357
434,0.076381
435,0.0764077
436,0.0764305
437,0.0764592
438,0.076485
439,0.0765102
440,0.076541
441,0.0765681
442,0.076596
443,0.0766233
444,0.0766509
445,0.0766786
446,0.0767066
447,0.0767355
448,0.0767604
449,0.0767887
450,0.0768082
451,0.0768309
452,0.0768503
453,0.0768674
454,0.0768819
455,0.0769007
456,0.0769197
457,0.0769397
458,0.0769596
459,0.0769801
460,0.0770029
461,0.077028
462,0.0770533
463,0.0770828
464,0.0771095
465,0.077139
466,0.077169
467,0.077193
468,0.077219
469,0.0772409
470,0.0772641
471,0.0772822
472,0.0773085
473,0.0773262
474,0.0773515
475,0.0773761
476,0.0773985
477,0.0774226
478,0.0774479
479,0.0774735
480,0.0774948
481,0.0775192
482,0.0775387
483,0.0775616
484,0.0775842
485,0.0776091
486,0.0776318
487,0.0776542
488,0.0776809
489,0.0777018
490,0.0777241
491,0.0777467
492,0.0777627
493,0.0777811
494,0.0778015
495,0.0778175
496,0.0778392
497,0.0778589
498,0.0778811
499,0.077905
500,0.0779296
501,0.0779577
502,0.0779813
503,0.0780051
504,0.0780289
505,0.0780536
506,0.0780725
507,0.0780948
508,0.0781126
509,0.0781316
510,0.0781506
511,0.0781721
512,0.0781935
513,0.0782189
514,0.0782463
515,0.0782767
516,0.0783141
517,0.0783416
518,0.0783645
519,0.0783782
520,0.0783967
521,0.078411
522,0.0784287
523,0.0784481
524,0.0784661
525,0.0784875
526,0.0785052
527,0.0785285
528,0.0785488
529,0.0785667
530,0.0785887
531,0.0786078
532,0.0786278
533,0.078647
534,0.0786674
535,0.0786918
536,0.0787146
537,0.0787387
538,0.0787674
539,0.0787923
540,0.0788134
541,0.0788398
542,0.0788632
543,0.0788849
544,0.0789081
545,0.078927
546,0.078948
547,0.0789686
548,0.0789888
549,0.0790075
550,0.0790277
551,0.0790469
552,0.0790685
553,0.0790874
554,0.0791076
555,0.0791296
556,0.0791494
557,0.0791698
558,0.0791889
559,0.079209
560,0.0792252
561,0.0792451
562,0.0792672
563,0.0792876
564,0.0793081
565,0.0793279
566,0.079349
567,0.0793717
568,0.0793908
569,0.0794104
570,0.0794343
571,0.0794566
572,0.0794821
573,0.07951
574,0.079539
575,0.0795682
576,0.0795926
577,0.0796153
578,0.0796327
579,0.0796473
580,0.0796604
581,0.0796708
582,0.0796805
583,0.0796928
584,0.0797054
585,0.0797199
586,0.0797371
587,0.0797546
588,0.0797734
589,0.0797933
590,0.0798105
591,0.0798315
592,0.0798454
593,0.0798641
594,0.0798821
595,0.0798959
596,0.0799088
597,0.0799181
598,0.0799276
599,0.0799262
