2,0.918884
3,0.776377
4,0.65705
5,0.556342
6,0.469436
7,0.394046
8,0.327564
9,0.268699
10,0.216315
11,0.168962
12,0.126979
13,0.0907889
14,0.0592009
15,0.0332709
16,0.0177289
17,0.0116556
18,0.0102976
19,0.00920441
20,0.00903437
21,0.00826793
22,0.00818543
23,0.00744962
24,0.00740647
25,0.00680938
26,0.00671108
27,0.00598069
28,0.00602746
29,0.00539966
30,0.00541562
31,0.00470516
32,0.00469934
33,0.00414162
34,0.00430931
35,0.003763
36,0.00393888
37,0.00347197
38,0.00364278
39,0.00324736
40,0.00335431
41,0.00293624
42,0.00302602
43,0.00267323
44,0.00269179
45,0.00234514
46,0.00238771
47,0.00209378
48,0.00214706
49,0.00190584
50,0.0019126
51,0.0017349
52,0.00176515
53,0.00157809
54,0.00161918
55,0.00146557
56,0.00145586
57,0.00135057
58,0.00133419
59,0.00127916
60,0.00127534
61,0.00124555
62,0.00125241
63,0.00122754
64,0.00119478
65,0.00120199
66,0.00114738
67,0.00112043
68,0.00105545
69,0.00110793
70,0.00100791
71,0.000934403
72,0.000522869
73,0.000592048
74,0.000868336
75,0.00102752
76,0.0010727
77,0.00109557
78,0.00110434
79,0.00107968
80,0.00109355
81,0.00110025
82,0.00109022
83,0.00109592
84,0.00108005
85,0.0010875
86,0.00107701
87,0.00110277
88,0.00107034
89,0.000998199
90,0.000767664
91,0.000720072
92,0.000608327
93,0.000802084
94,0.000944554
95,0.00107962
96,0.00112401
97,0.0011491
98,0.00118269
99,0.00120684
100,0.00118676
101,0.00117055
102,0.00112554
103,0.00111546
104,0.00103844
105,0.00115053
106,0.0010518
107,0.00117757
108,0.00100959
109,0.00116844
110,0.000924058
111,0.00115508
112,0.000876878
113,0.0011301
114,0.000832957
115,0.00102845
116,0.000899761
117,0.000812009
118,0.00074684
119,0.000755212
120,0.00102432
121,0.00112717
122,0.00120104
123,0.00118093
124,0.00123211
125,0.0012044
126,0.001189
127,0.0012115
128,0.00116325
129,0.00112971
130,0.00108065
131,0.00104561
132,0.00105501
133,0.000995772
134,0.000983571
135,0.00100205
136,0.00102385
137,0.00100461
138,0.000985282
139,0.000933865
140,0.000856269
141,0.000865611
142,0.000862264
143,0.000892096
144,0.000861726
145,0.000817312
146,0.000803391
147,0.000781883
148,0.000829352
149,0.000874349
150,0.000786175
151,0.000808865
152,0.000782911
153,0.000855298
154,0.000856832
155,0.000928918
156,0.000865557
157,0.00084916
158,0.000889298
159,0.000719348
160,0.000782588
161,0.000717578
162,0.000904045
163,0.000863208
164,0.00088516
165,0.000860266
166,0.000861259
167,0.000893368
168,0.000927987
169,0.000928018
170,0.000962465
171,0.00101367
172,0.000972022
173,0.00101792
174,0.00103176
175,0.00104585
176,0.00099931
177,0.00103621
178,0.00101586
179,0.000967126
180,0.000930286
181,0.000998115
182,0.0010293
183,0.00113139
184,0.00100108
185,0.00100141
186,0.000724336
187,0.000846142
188,0.000678934
189,0.000861228
190,0.000806826
191,0.000760139
192,0.000955979
193,0.000732792
194,0.00108728
195,0.000720478
196,0.00114194
197,0.00076091
198,0.00113714
199,0.000724051
200,0.00108379
201,0.000657202
202,0.00108515
203,0.000725536
204,0.00108628
205,0.000798387
206,0.00113848
207,0.000854113
208,0.00121306
209,0.000920015
210,0.00129277
211,0.0010172
212,0.00134379
213,0.00100828
214,0.00143325
215,0.000965804
216,0.00142003
217,0.000892993
218,0.00133479
219,0.000694957
220,0.00122887
221,0.000884633
222,0.00114574
223,0.00102042
224,0.00106365
225,0.00112729
226,0.00107622
227,0.00122983
228,0.0011619
229,0.00129516
230,0.00122239
231,0.00124181
232,0.00112787
233,0.000980175
234,0.001078
235,0.000933486
236,0.00102893
237,0.00093619
238,0.000970095
239,0.000974909
240,0.000945127
241,0.00101215
242,0.000925244
243,0.00100293
244,0.00108585
245,0.00111846
246,0.00115519
247,0.00116383
248,0.00114701
249,0.00110364
250,0.0010642
251,0.00106589
252,0.000874975
253,0.000975222
254,0.000803763
255,0.000919658
256,0.000875748
257,0.000925061
258,0.000879806
259,0.000936321
260,0.000783287
261,0.000911833
262,0.000636084
263,0.000871088
264,0.000675063
265,0.000941304
266,0.000811612
267,0.000960934
268,0.000826358
269,0.000754401
270,0.000891019
271,0.000665602
272,0.000999323
273,0.000793441
274,0.00105379
275,0.000918448
276,0.00109641
277,0.000945274
278,0.00104506
279,0.000906574
280,0.00101555
281,0.000784409
282,0.00106956
283,0.000858847
284,0.00125719
285,0.000984467
286,0.00136629
287,0.00108356
288,0.00135365
289,0.00108908
290,0.00125093
291,0.00113257
292,0.00119449
293,0.00113821
294,0.00126756
295,0.00111607
296,0.00119042
297,0.00111022
298,0.00109948
299,0.00109184
300,0.00100892
301,0.00101748
302,0.00093396
303,0.00102034
304,0.00085181
305,0.00100882
306,0.000783088
307,0.000911689
308,0.000737678
309,0.000901889
310,0.000693458
311,0.000907497
312,0.00068444
313,0.000995015
314,0.000726814
315,0.00108654
316,0.000812024
317,0.00110701
318,0.000854096
319,0.00110819
320,0.00093747
321,0.00108852
322,0.000962968
323,0.00109561
324,0.00102544
325,0.0010105
326,0.00104262
327,0.000910105
328,0.00107127
329,0.000807529
330,0.00124125
331,0.000951431
332,0.00134979
333,0.0010354
334,0.00135367
335,0.00125402
336,0.00142295
337,0.00144482
338,0.00141351
339,0.00159786
340,0.00144108
341,0.00170503
342,0.00149221
343,0.00166569
344,0.00136044
345,0.00140676
346,0.00125222
347,0.00104682
348,0.00106249
349,0.000922702
350,0.00106168
351,0.000895513
352,0.00104807
353,0.000891482
354,0.00105552
355,0.000919936
356,0.00105563
357,0.000865324
358,0.00109234
359,0.000842893
360,0.00113087
361,0.000908987
362,0.00116206
363,0.0010507
364,0.00121134
365,0.00116479
366,0.00118551
367,0.00116747
368,0.001066
369,0.00103604
370,0.000911979
371,0.0008338
372,0.000900432
373,0.000767058
374,0.000877358
375,0.000674149
376,0.000844678
377,0.000632761
378,0.000829294
379,0.000659281
380,0.000808485
381,0.000659843
382,0.000746295
383,0.00060016
384,0.000699879
385,0.000652641
386,0.000703891
387,0.00073778
388,0.000698515
389,0.000857047
390,0.000706949
391,0.000864469
392,0.000724962
393,0.000924149
394,0.000777242
395,0.00100263
396,0.000875704
397,0.00103901
398,0.000919688
399,0.00106807
400,0.00101305
401,0.00109224
402,0.00103521
403,0.00108952
404,0.00104449
405,0.00112997
406,0.00117452
407,0.00115714
408,0.00124936
409,0.0011425
410,0.0013255
411,0.00102177
412,0.00147464
413,0.00101892
414,0.00154588
415,0.00104801
416,0.00156719
417,0.00101721
418,0.00142962
419,0.000963818
420,0.00121933
421,0.001116
422,0.00112685
423,0.00118373
424,0.00104059
425,0.00114766
426,0.000975302
427,0.00108782
428,0.000906413
429,0.00103855
430,0.000782692
431,0.000934327
432,0.000750552
433,0.000936844
434,0.000783543
435,0.000897827
436,0.000745608
437,0.000868354
438,0.000796904
439,0.000868023
440,0.000859833
441,0.000904617
442,0.000959842
443,0.000898355
444,0.00103539
445,0.000918133
446,0.00111903
447,0.000962727
448,0.00115681
449,0.00101094
450,0.00118332
451,0.000953654
452,0.00112918
453,0.000873558
454,0.00103283
455,0.00093246
456,0.00101957
457,0.00109149
458,0.000996526
459,0.00126939
460,0.00108692
461,0.00133574
462,0.00104493
463,0.00125096
464,0.00101723
465,0.00111493
466,0.000910996
467,0.00095406
468,0.000997661
469,0.00089616
470,0.00111659
471,0.000906334
472,0.00114559
473,0.000941653
474,0.00119329
475,0.000990531
476,0.00117756
477,0.00104507
478,0.00113671
479,0.00101343
480,0.00111389
481,0.000872043
482,0.00105726
483,0.000904929
484,0.00119281
485,0.0010197
486,0.00131365
487,0.0010746
488,0.00135171
489,0.00117143
490,0.00131399
491,0.00117287
492,0.00114216
493,0.00107088
494,0.00109552
495,0.000961505
496,0.00102544
497,0.000965866
498,0.000921973
499,0.000911346
500,0.00080766
501,0.000837727
502,0.000889489
503,0.000820565
504,0.000922674
505,0.000888811
506,0.000857843
507,0.000931994
508,0.000825075
509,0.000919721
510,0.000845937
511,0.000865091
512,0.000912919
513,0.00085688
514,0.000983614
515,0.000914232
516,0.00107321
517,0.000996028
518,0.00104931
519,0.000918437
520,0.00098788
521,0.000916542
522,0.000925348
523,0.000966153
524,0.000845943
525,0.000942444
526,0.000819147
527,0.000933071
528,0.000871163
529,0.000921772
530,0.000904118
531,0.000901591
532,0.000902335
533,0.000835017
534,0.00102957
535,0.000834041
536,0.000971218
537,0.000837843
538,0.000951115
539,0.000804232
540,0.000910731
541,0.000801664
542,0.00102813
543,0.000796092
544,0.0011231
545,0.000835201
546,0.00116373
547,0.000904996
548,0.00117821
549,0.000994396
550,0.00108762
551,0.00107413
552,0.00104261
553,0.00115703
554,0.00108957
555,0.00127989
556,0.00115614
557,0.00138719
558,0.00117237
559,0.00136463
560,0.00118552
561,0.00136595
562,0.00126071
563,0.00143583
564,0.00137925
565,0.00148991
566,0.00143624
567,0.00158001
568,0.00144231
569,0.00153132
570,0.00144445
571,0.00145339
572,0.0014159
573,0.00153778
574,0.00145883
575,0.00165734
576,0.00144744
577,0.00175372
578,0.00147466
579,0.00173594
580,0.00141702
581,0.00155409
582,0.00133226
583,0.00130594
584,0.00122713
585,0.00117885
586,0.00114184
587,0.00114747
588,0.00116974
589,0.00112005
590,0.00109959
591,0.00102698
592,0.0009869
593,0.00103862
594,0.00102652
595,0.00108517
596,0.00116672
597,0.00118222
598,0.00116031
599,0.00117381
