2,0.942462
3,0.839878
4,0.752017
5,0.67869
6,0.617834
7,0.56813
8,0.527406
9,0.495043
10,0.46919
11,0.447508
12,0.430367
13,0.417104
14,0.406485
15,0.397841
16,0.391033
17,0.385207
18,0.380154
19,0.374876
20,0.369851
21,0.364566
22,0.358588
23,0.351541
24,0.343646
25,0.334677
26,0.324562
27,0.313428
28,0.301303
29,0.288261
30,0.274591
31,0.260245
32,0.245382
33,0.23015
34,0.214809
35,0.199521
36,0.184466
37,0.169805
38,0.155669
39,0.142276
40,0.129578
41,0.117798
42,0.106828
43,0.0968704
44,0.0878084
45,0.0797033
46,0.0725366
47,0.0662056
48,0.0606754
49,0.0558329
50,0.0516223
51,0.0478678
52,0.0446139
53,0.04165
54,0.0390335
55,0.0366453
56,0.0344663
57,0.0324711
58,0.0305888
59,0.0287847
60,0.0270982
61,0.0254507
62,0.0239826
63,0.0225476
64,0.0213152
65,0.020065
66,0.0189507
67,0.0177947
68,0.0167552
69,0.0157346
70,0.0148532
71,0.0139932
72,0.0133069
73,0.0126221
74,0.0119758
75,0.0114147
76,0.0108567
77,0.0104304
78,0.0100193
79,0.0096268
80,0.0092708
81,0.00891323
82,0.00857324
83,0.00826009
84,0.0079717
85,0.00776024
86,0.0074582
87,0.00726052
88,0.00694638
89,0.00673477
90,0.00637934
91,0.00619827
92,0.00588363
93,0.00570014
94,0.00538834
95,0.00529629
96,0.00499197
97,0.00497925
98,0.00472395
99,0.00471545
100,0.00446066
101,0.00439576
102,0.00412479
103,0.00402846
104,0.00371468
105,0.00361653
106,0.00331377
107,0.00321008
108,0.00288783
109,0.00274305
110,0.00247446
111,0.00236936
112,0.0021905
113,0.00212499
114,0.00199114
115,0.00192449
116,0.00186786
117,0.0017913
118,0.00179727
119,0.00173801
120,0.00178533
121,0.00175671
122,0.00178831
123,0.00174572
124,0.00177014
125,0.00172704
126,0.00171315
127,0.00158556
128,0.00151711
129,0.0013515
130,0.00129238
131,0.00119289
132,0.00118292
133,0.00112557
134,0.00111695
135,0.00110074
136,0.00112457
137,0.00111602
138,0.00120195
139,0.00119248
140,0.00121183
141,0.00100076
142,0.00122813
143,0.00143604
144,0.00160935
145,0.00168628
146,0.00178259
147,0.00184298
148,0.00187098
149,0.00189433
150,0.00187625
151,0.00188613
152,0.00184997
153,0.00180971
154,0.00179005
155,0.00181564
156,0.00181232
157,0.0018948
158,0.00190178
159,0.00199517
160,0.00206918
161,0.00214907
162,0.00223253
163,0.00233538
164,0.00241163
165,0.00252669
166,0.00262792
167,0.00270471
168,0.00277562
169,0.00286117
170,0.00295074
171,0.00304092
172,0.00314796
173,0.00324388
174,0.00335613
175,0.00349434
176,0.00361015
177,0.00383062
178,0.00396416
179,0.00414051
180,0.00410312
181,0.00400779
182,0.00393726
183,0.00376541
184,0.00368942
185,0.00352676
186,0.00343518
187,0.00330437
188,0.00319414
189,0.00309901
190,0.00298831
191,0.00291186
192,0.00282656
193,0.00275735
194,0.00269718
195,0.00262741
196,0.00256426
197,0.00251724
198,0.00246279
199,0.00244271
200,0.00241165
201,0.00236857
202,0.00233578
203,0.00226193
204,0.00218675
205,0.00211535
206,0.00203265
207,0.0019304
208,0.0019082
209,0.00180922
210,0.00176693
211,0.00166574
212,0.00160243
213,0.0014996
214,0.00139249
215,0.00125439
216,0.001159
217,0.00125586
218,0.00141503
219,0.00160983
220,0.00174422
221,0.00191507
222,0.00203359
223,0.00215368
224,0.00223061
225,0.00233303
226,0.00238378
227,0.00242745
228,0.00244833
229,0.00245745
230,0.0024837
231,0.0024868
232,0.00247673
233,0.00246901
234,0.00248512
235,0.00251025
236,0.00251642
237,0.00242344
238,0.00241241
239,0.0025032
240,0.00262069
241,0.00267017
242,0.00275843
243,0.00277973
244,0.00281985
245,0.00282053
246,0.00284179
247,0.00283134
248,0.00285185
249,0.00287485
250,0.00287019
251,0.00287964
252,0.0028609
253,0.002847
254,0.00279839
255,0.00282573
256,0.00283387
257,0.00290536
258,0.00295921
259,0.0030126
260,0.00306105
261,0.00310868
262,0.00316066
263,0.00324711
264,0.00329622
265,0.00341465
266,0.00348077
267,0.00354202
268,0.00363986
269,0.00371833
270,0.00379752
271,0.00390817
272,0.00396436
273,0.0039816
274,0.00388821
275,0.0037467
276,0.00362617
277,0.00350607
278,0.0033531
279,0.00324238
280,0.00312999
281,0.00303802
282,0.00291075
283,0.00278651
284,0.00267384
285,0.00252597
286,0.00240455
287,0.00231046
288,0.00222921
289,0.00214438
290,0.00210158
291,0.00205856
292,0.00201609
293,0.00195342
294,0.00193282
295,0.00178896
296,0.0015478
297,0.00151531
298,0.00150778
299,0.00143539
300,0.00137319
301,0.00133267
302,0.00133608
303,0.00136968
304,0.00138589
305,0.00139455
306,0.00142161
307,0.00142908
308,0.00142453
309,0.00144459
310,0.00146397
311,0.00149726
312,0.00157143
313,0.00162177
314,0.00164608
315,0.00166399
316,0.0017063
317,0.0017011
318,0.00169279
319,0.00166946
320,0.00163523
321,0.00157344
322,0.00147763
323,0.00140085
324,0.0012755
325,0.00120134
326,0.00109436
327,0.00104156
328,0.000933131
329,0.000882495
330,0.000830379
331,0.000815911
332,0.000810438
333,0.000821287
334,0.000860674
335,0.000929528
336,0.00102056
337,0.00114572
338,0.00117147
339,0.00104194
340,0.000880805
341,0.000801627
342,0.000801731
343,0.000851793
344,0.000957987
345,0.00108034
346,0.00117809
347,0.00130477
348,0.00141332
349,0.0015143
350,0.00157236
351,0.00169158
352,0.00175239
353,0.00184089
354,0.00185859
355,0.00188381
356,0.00190344
357,0.00191514
358,0.00191894
359,0.00190861
360,0.00192701
361,0.001889
362,0.00189371
363,0.00182404
364,0.00181047
365,0.00175033
366,0.00171683
367,0.00168193
368,0.00167617
369,0.00166744
370,0.00166534
371,0.00166312
372,0.00165404
373,0.00167235
374,0.00169085
375,0.00168916
376,0.00172222
377,0.00174059
378,0.00173954
379,0.00173771
380,0.00172464
381,0.00169497
382,0.00163297
383,0.00145956
384,0.00150195
385,0.00153958
386,0.00155395
387,0.00150177
388,0.00144747
389,0.00140529
390,0.00132887
391,0.00126134
392,0.0012088
393,0.00117367
394,0.00112777
395,0.00103892
396,0.00104906
397,0.000971265
398,0.000970665
399,0.000927456
400,0.00091957
401,0.000880357
402,0.000860201
403,0.000848619
404,0.000823058
405,0.000794977
406,0.000806156
407,0.000878426
408,0.000927519
409,0.000998089
410,0.000830021
411,0.000961325
412,0.00115731
413,0.00132262
414,0.00136219
415,0.0014436
416,0.00145137
417,0.0015243
418,0.00155978
419,0.00161393
420,0.00165583
421,0.00169409
422,0.00169366
423,0.00174182
424,0.00170909
425,0.00174833
426,0.00173241
427,0.00169623
428,0.0015448
429,0.00156842
430,0.00165778
431,0.00167417
432,0.0016975
433,0.00170437
434,0.00173107
435,0.00176537
436,0.0018163
437,0.00182984
438,0.00185887
439,0.00180789
440,0.00184713
441,0.00182983
442,0.00188884
443,0.00190547
444,0.00191074
445,0.00190909
446,0.00188314
447,0.00181626
448,0.00170143
449,0.00159763
450,0.00149957
451,0.00142405
452,0.00145857
453,0.001458
454,0.00145692
455,0.00143496
456,0.00142758
457,0.00139122
458,0.00140514
459,0.00139892
460,0.00143116
461,0.00144448
462,0.00147001
463,0.00141836
464,0.0013947
465,0.00133931
466,0.0013219
467,0.00125276
468,0.00120359
469,0.00113443
470,0.00107693
471,0.00105135
472,0.000997616
473,0.00101544
474,0.000990631
475,0.0010169
476,0.00102311
477,0.0010195
478,0.000998752
479,0.000948572
480,0.000920803
481,0.000894086
482,0.000880264
483,0.000863771
484,0.000865571
485,0.000869747
486,0.000872665
487,0.000874204
488,0.000896304
489,0.000881587
490,0.000886592
491,0.000879312
492,0.000888771
493,0.000919658
494,0.000971171
495,0.0010268
496,0.00118803
497,0.00132972
498,0.00153738
499,0.00175047
500,0.00197724
501,0.00225663
502,0.00251517
503,0.00283614
504,0.00320263
505,0.00353641
506,0.00360925
507,0.00344116
508,0.0032024
509,0.00293349
510,0.0026971
511,0.00249113
512,0.00229108
513,0.00217189
514,0.0020146
515,0.00187602
516,0.00175325
517,0.00162538
518,0.00150692
519,0.00139154
520,0.00133386
521,0.00126613
522,0.00124617
523,0.00122536
524,0.00123528
525,0.00121248
526,0.00124434
527,0.00123791
528,0.00126441
529,0.00125075
530,0.00126869
531,0.00123117
532,0.0012534
533,0.00119666
534,0.00134946
535,0.00128693
536,0.00145745
537,0.00136116
538,0.00153434
539,0.00139192
540,0.0015443
541,0.00136591
542,0.00152157
543,0.00137474
544,0.00153666
545,0.00137996
546,0.00155275
547,0.00141164
548,0.00157818
549,0.00148041
550,0.00161732
551,0.00157976
552,0.00167817
553,0.00171884
554,0.00177945
555,0.00181861
556,0.00192473
557,0.00199505
558,0.00214674
559,0.00223647
560,0.00238383
561,0.00253098
562,0.00271558
563,0.0028842
564,0.00309239
565,0.00331887
566,0.00351635
567,0.00362678
568,0.00364179
569,0.00356043
570,0.00346988
571,0.0033497
572,0.00323269
573,0.00307864
574,0.00298594
575,0.00285225
576,0.00276898
577,0.00267243
578,0.00262726
579,0.00252841
580,0.00248538
581,0.00240639
582,0.00233694
583,0.00224281
584,0.00217213
585,0.00207491
586,0.00198776
587,0.00190064
588,0.00181435
589,0.00175386
590,0.00171667
591,0.00168741
592,0.0016909
593,0.00170348
594,0.00170957
595,0.00173779
596,0.00178619
597,0.00184615
598,0.0018816
599,0.00192075
