2,0.00203629
3,0.00601632
4,0.00971232
5,0.0129855
6,0.0158438
7,0.0182981
8,0.0203946
9,0.0221618
10,0.0236676
11,0.0249596
12,0.0260601
13,0.0269733
14,0.0277416
15,0.0284328
16,0.0290375
17,0.0295566
18,0.0300523
19,0.0305226
20,0.0309868
21,0.0314516
22,0.031956
23,0.0324965
24,0.0330781
25,0.0337057
26,0.0344035
27,0.0351441
28,0.0359386
29,0.0367805
30,0.0376648
31,0.0385852
32,0.039538
33,0.0405077
34,0.0414928
35,0.0424854
36,0.0434662
37,0.044436
38,0.0453776
39,0.0462891
40,0.0471625
41,0.0479904
42,0.0487733
43,0.0495043
44,0.0501835
45,0.0508106
46,0.0513869
47,0.0519109
48,0.052388
49,0.0528238
50,0.0532229
51,0.0535867
52,0.0539248
53,0.0542381
54,0.0545305
55,0.0548089
56,0.0550706
57,0.0553211
58,0.0555628
59,0.0557983
60,0.056028
61,0.0562509
62,0.0564668
63,0.0566737
64,0.0568726
65,0.0570659
66,0.0572569
67,0.057445
68,0.0576287
69,0.0578092
70,0.0579777
71,0.0581437
72,0.0583013
73,0.0584547
74,0.058605
75,0.0587482
76,0.0588917
77,0.0590264
78,0.0591595
79,0.0592895
80,0.0594164
81,0.0595413
82,0.0596657
83,0.0597873
84,0.0599058
85,0.060023
86,0.0601393
87,0.0602551
88,0.0603724
89,0.0604859
90,0.0606049
91,0.0607181
92,0.0608319
93,0.060943
94,0.0610562
95,0.0611659
96,0.0612741
97,0.0613776
98,0.0614836
99,0.0615838
100,0.0616858
101,0.0617851
102,0.06189
103,0.0619889
104,0.0620917
105,0.0621923
106,0.0622929
107,0.0623916
108,0.0624924
109,0.0625966
110,0.0626979
111,0.0627974
112,0.0628948
113,0.0629863
114,0.0630801
115,0.0631705
116,0.0632608
117,0.0633491
118,0.0634383
119,0.0635266
120,0.0636139
121,0.0636998
122,0.0637802
123,0.0638627
124,0.0639411
125,0.0640161
126,0.0640889
127,0.0641551
128,0.0642183
129,0.0642788
130,0.064341
131,0.064402
132,0.0644674
133,0.0645327
134,0.0646026
135,0.0646693
136,0.0647421
137,0.0648128
138,0.064891
139,0.0649618
140,0.0650378
141,0.0651121
142,0.0651868
143,0.065261
144,0.0653331
145,0.0654044
146,0.065475
147,0.0655439
148,0.0656111
149,0.0656759
150,0.065741
151,0.0658011
152,0.0658629
153,0.0659226
154,0.0659817
155,0.0660437
156,0.0661068
157,0.0661707
158,0.0662363
159,0.0662995
160,0.0663659
161,0.0664308
162,0.0664958
163,0.0665619
164,0.0666256
165,0.0666919
166,0.0667536
167,0.066819
168,0.0668807
169,0.0669443
170,0.0670065
171,0.0670713
172,0.0671339
173,0.067198
174,0.067259
175,0.0673243
176,0.0673865
177,0.0674534
178,0.0675191
179,0.0675803
180,0.0676339
181,0.0676833
182,0.0677271
183,0.067775
184,0.0678185
185,0.0678641
186,0.0679068
187,0.0679525
188,0.0679943
189,0.0680402
190,0.0680848
191,0.0681305
192,0.0681728
193,0.0682215
194,0.0682639
195,0.0683133
196,0.0683542
197,0.068403
198,0.0684474
199,0.0684958
200,0.0685418
201,0.0685885
202,0.0686333
203,0.0686763
204,0.0687179
205,0.0687618
206,0.0688013
207,0.0688445
208,0.0688847
209,0.0689281
210,0.0689687
211,0.069009
212,0.0690487
213,0.0690863
214,0.0691212
215,0.0691529
216,0.0691923
217,0.0692448
218,0.0693088
219,0.0693674
220,0.069431
221,0.0694864
222,0.0695438
223,0.0695948
224,0.0696485
225,0.0696966
226,0.0697482
227,0.0697937
228,0.0698419
229,0.0698844
230,0.069931
231,0.0699729
232,0.0700161
233,0.0700593
234,0.070102
235,0.0701431
236,0.0701862
237,0.0702301
238,0.0702767
239,0.0703235
240,0.0703684
241,0.070415
242,0.0704599
243,0.0705057
244,0.0705474
245,0.0705909
246,0.070631
247,0.0706749
248,0.0707151
249,0.0707583
250,0.0707991
251,0.0708393
252,0.0708788
253,0.0709163
254,0.0709558
255,0.0709954
256,0.0710393
257,0.0710823
258,0.0711261
259,0.0711698
260,0.0712131
261,0.0712553
262,0.0712988
263,0.0713428
264,0.0713872
265,0.071432
266,0.0714778
267,0.0715195
268,0.0715669
269,0.0716099
270,0.0716572
271,0.0716988
272,0.0717388
273,0.0717761
274,0.0718057
275,0.0718306
276,0.0718618
277,0.0718871
278,0.0719157
279,0.0719443
280,0.0719719
281,0.0720009
282,0.0720271
283,0.0720558
284,0.072081
285,0.0721096
286,0.072133
287,0.0721656
288,0.072192
289,0.0722245
290,0.072254
291,0.0722868
292,0.0723182
293,0.0723479
294,0.0723765
295,0.0724065
296,0.0724342
297,0.0724621
298,0.0724901
299,0.0725153
300,0.0725434
301,0.0725761
302,0.0726115
303,0.072646
304,0.0726837
305,0.0727185
306,0.0727547
307,0.0727891
308,0.0728253
309,0.0728577
310,0.0728948
311,0.0729323
312,0.0729699
313,0.0730069
314,0.0730429
315,0.0730778
316,0.0731137
317,0.0731449
318,0.0731792
319,0.0732082
320,0.0732368
321,0.073265
322,0.0732895
323,0.0733126
324,0.073336
325,0.0733587
326,0.0733823
327,0.0734052
328,0.073427
329,0.0734479
330,0.0734712
331,0.0734898
332,0.0735144
333,0.0735356
334,0.0735566
335,0.073577
336,0.0735943
337,0.0736136
338,0.0736406
339,0.0736877
340,0.0737397
341,0.0737901
342,0.0738367
343,0.0738856
344,0.0739299
345,0.0739781
346,0.07402
347,0.0740636
348,0.0741034
349,0.0741431
350,0.07418
351,0.0742182
352,0.0742548
353,0.0742902
354,0.074322
355,0.074354
356,0.074385
357,0.0744167
358,0.074446
359,0.0744776
360,0.0745056
361,0.0745338
362,0.0745623
363,0.0745875
364,0.0746142
365,0.0746398
366,0.0746653
367,0.0746917
368,0.0747218
369,0.0747483
370,0.0747784
371,0.074806
372,0.0748356
373,0.0748657
374,0.074893
375,0.0749249
376,0.0749544
377,0.0749838
378,0.0750111
379,0.0750411
380,0.0750638
381,0.0750891
382,0.0751162
383,0.0751422
384,0.0751704
385,0.0751961
386,0.0752203
387,0.0752438
388,0.0752667
389,0.0752887
390,0.0753115
391,0.075332
392,0.0753551
393,0.0753762
394,0.0753997
395,0.0754211
396,0.0754438
397,0.0754658
398,0.0754901
399,0.0755121
400,0.0755374
401,0.075559
402,0.0755829
403,0.0756046
404,0.0756251
405,0.0756487
406,0.0756801
407,0.0757158
408,0.0757506
409,0.0757875
410,0.0758249
411,0.0758623
412,0.0758967
413,0.0759302
414,0.0759608
415,0.0759927
416,0.0760232
417,0.0760518
418,0.0760849
419,0.0761128
420,0.0761442
421,0.0761716
422,0.0762
423,0.0762258
424,0.076253
425,0.0762771
426,0.0762998
427,0.0763252
428,0.0763506
429,0.0763785
430,0.076401
431,0.0764293
432,0.0764542
433,0.076482
434,0.0765081
435,0.0765364
436,0.0765648
437,0.0765927
438,0.0766179
439,0.076641
440,0.0766663
441,0.0766936
442,0.0767215
443,0.0767477
444,0.0767716
445,0.0767957
446,0.0768181
447,0.0768355
448,0.0768499
449,0.0768656
450,0.0768818
451,0.0769039
452,0.0769272
453,0.0769526
454,0.0769769
455,0.0769984
456,0.0770232
457,0.0770448
458,0.0770692
459,0.0770931
460,0.0771194
461,0.077145
462,0.077169
463,0.0771892
464,0.0772091
465,0.0772299
466,0.0772483
467,0.077267
468,0.077285
469,0.0773019
470,0.0773221
471,0.0773406
472,0.077362
473,0.0773819
474,0.0774074
475,0.077431
476,0.0774551
477,0.0774762
478,0.0774975
479,0.0775157
480,0.0775335
481,0.0775516
482,0.0775746
483,0.0775951
484,0.0776196
485,0.0776412
486,0.077665
487,0.0776903
488,0.0777144
489,0.077739
490,0.0777583
491,0.0777825
492,0.0778059
493,0.0778342
494,0.0778625
495,0.077897
496,0.0779348
497,0.0779725
498,0.0780132
499,0.0780536
500,0.0780984
501,0.0781433
502,0.0781907
503,0.0782416
504,0.0782926
505,0.078337
506,0.0783583
507,0.0783615
508,0.0783618
509,0.0783637
510,0.0783643
511,0.0783708
512,0.0783764
513,0.0783898
514,0.0783972
515,0.0784096
516,0.0784181
517,0.0784303
518,0.0784403
519,0.0784523
520,0.0784656
521,0.0784809
522,0.078499
523,0.0785177
524,0.0785391
525,0.0785572
526,0.0785804
527,0.0785999
528,0.0786236
529,0.0786441
530,0.0786652
531,0.0786864
532,0.0787094
533,0.078734
534,0.0787565
535,0.0787788
536,0.0788014
537,0.0788203
538,0.0788416
539,0.0788604
540,0.0788806
541,0.0789004
542,0.0789201
543,0.0789432
544,0.0789629
545,0.0789856
546,0.0790079
547,0.0790306
548,0.0790506
549,0.0790774
550,0.0790981
551,0.0791257
552,0.0791485
553,0.0791744
554,0.0791997
555,0.0792257
556,0.079254
557,0.0792824
558,0.0793138
559,0.0793441
560,0.0793784
561,0.0794101
562,0.0794487
563,0.0794831
564,0.0795257
565,0.0795625
566,0.0796
567,0.0796234
568,0.079639
569,0.0796512
570,0.0796592
571,0.0796692
572,0.0796743
573,0.0796832
574,0.0796896
575,0.0796981
576,0.0797087
577,0.0797166
578,0.0797302
579,0.0797413
580,0.0797541
581,0.0797685
582,0.0797783
583,0.079793
584,0.0798006
585,0.079814
586,0.0798199
587,0.0798309
588,0.079836
589,0.0798457
590,0.0798546
591,0.0798597
592,0.0798709
593,0.0798738
594,0.0798837
595,0.0798847
596,0.0798918
597,0.0798932
598,0.0798951
599,0.079895
