2,0.00204072
3,0.00601521
4,0.00970508
5,0.0129865
6,0.0158454
7,0.0182909
8,0.0203888
9,0.0221451
10,0.0236505
11,0.0249452
12,0.0260399
13,0.0269562
14,0.0277377
15,0.0284145
16,0.0290026
17,0.0295264
18,0.0300076
19,0.0304727
20,0.0309212
21,0.0313815
22,0.0318726
23,0.0323962
24,0.0329579
25,0.0335725
26,0.0342411
27,0.0349674
28,0.0357372
29,0.0365603
30,0.0374244
31,0.0383165
32,0.0392516
33,0.0402062
34,0.0411803
35,0.0421577
36,0.0431307
37,0.0440935
38,0.0450322
39,0.0459458
40,0.0468216
41,0.0476578
42,0.0484493
43,0.0491851
44,0.0498755
45,0.0505102
46,0.0510964
47,0.051631
48,0.0521203
49,0.0525689
50,0.0529803
51,0.0533568
52,0.0537063
53,0.05403
54,0.0543355
55,0.054623
56,0.0548928
57,0.0551553
58,0.055404
59,0.055649
60,0.0558851
61,0.0561161
62,0.0563369
63,0.0565493
64,0.0567532
65,0.0569524
66,0.0571483
67,0.0573416
68,0.0575307
69,0.0577138
70,0.0578883
71,0.0580583
72,0.0582186
73,0.0583766
74,0.0585276
75,0.0586777
76,0.0588221
77,0.0589603
78,0.0590959
79,0.0592281
80,0.0593589
81,0.059485
82,0.0596129
83,0.0597362
84,0.0598581
85,0.0599774
86,0.0600969
87,0.0602141
88,0.060333
89,0.060449
90,0.0605698
91,0.0606844
92,0.0607987
93,0.0609143
94,0.0610271
95,0.061137
96,0.0612486
97,0.0613552
98,0.061462
99,0.0615637
100,0.0616678
101,0.0617696
102,0.0618732
103,0.0619758
104,0.0620775
105,0.0621806
106,0.0622796
107,0.0623806
108,0.0624824
109,0.0625864
110,0.062688
111,0.062789
112,0.062887
113,0.0629802
114,0.0630759
115,0.063165
116,0.0632585
117,0.0633455
118,0.0634377
119,0.0635249
120,0.0636129
121,0.0636988
122,0.0637824
123,0.0638644
124,0.0639416
125,0.0640198
126,0.0640906
127,0.0641607
128,0.0642224
129,0.0642861
130,0.0643467
131,0.0644102
132,0.0644746
133,0.06454
134,0.0646081
135,0.0646752
136,0.064746
137,0.0648179
138,0.0648885
139,0.0649645
140,0.0650397
141,0.065114
142,0.0651893
143,0.0652612
144,0.0653337
145,0.0654064
146,0.0654779
147,0.0655474
148,0.0656147
149,0.0656807
150,0.0657444
151,0.0658072
152,0.0658687
153,0.0659283
154,0.0659863
155,0.0660518
156,0.0661146
157,0.0661801
158,0.0662429
159,0.0663082
160,0.0663733
161,0.066438
162,0.0665043
163,0.0665677
164,0.0666348
165,0.0666976
166,0.0667649
167,0.0668256
168,0.06689
169,0.0669532
170,0.0670175
171,0.0670806
172,0.0671433
173,0.0672066
174,0.0672682
175,0.0673325
176,0.0673978
177,0.067462
178,0.0675281
179,0.0675901
180,0.0676443
181,0.0676891
182,0.0677382
183,0.0677819
184,0.0678258
185,0.067872
186,0.0679147
187,0.0679608
188,0.0680039
189,0.0680506
190,0.0680922
191,0.0681402
192,0.0681824
193,0.0682302
194,0.0682763
195,0.0683199
196,0.0683669
197,0.0684101
198,0.0684577
199,0.0685031
200,0.0685512
201,0.068596
202,0.0686396
203,0.0686843
204,0.0687248
205,0.0687678
206,0.0688096
207,0.0688502
208,0.0688927
209,0.0689337
210,0.068974
211,0.0690149
212,0.0690537
213,0.0690899
214,0.0691223
215,0.0691553
216,0.0691935
217,0.069246
218,0.069311
219,0.0693737
220,0.0694355
221,0.0694928
222,0.0695497
223,0.0696031
224,0.0696539
225,0.0697053
226,0.0697532
227,0.0698028
228,0.0698488
229,0.0698941
230,0.0699373
231,0.0699803
232,0.0700214
233,0.0700604
234,0.0701061
235,0.0701486
236,0.0701941
237,0.0702413
238,0.0702882
239,0.0703336
240,0.0703806
241,0.0704277
242,0.070471
243,0.0705165
244,0.0705582
245,0.0706006
246,0.0706412
247,0.0706836
248,0.0707258
249,0.0707677
250,0.0708104
251,0.070849
252,0.0708881
253,0.0709276
254,0.0709657
255,0.0710092
256,0.0710511
257,0.071096
258,0.071139
259,0.0711819
260,0.0712252
261,0.071268
262,0.0713124
263,0.0713559
264,0.071402
265,0.071445
266,0.0714911
267,0.071532
268,0.0715763
269,0.0716217
270,0.071668
271,0.0717122
272,0.0717525
273,0.0717851
274,0.0718145
275,0.0718422
276,0.0718689
277,0.0718965
278,0.071926
279,0.0719525
280,0.0719816
281,0.0720083
282,0.072035
283,0.0720632
284,0.0720873
285,0.072117
286,0.0721401
287,0.0721709
288,0.0721992
289,0.0722302
290,0.072261
291,0.0722891
292,0.0723206
293,0.0723521
294,0.0723833
295,0.0724125
296,0.0724435
297,0.0724678
298,0.0724967
299,0.0725205
300,0.0725514
301,0.0725821
302,0.0726197
303,0.0726557
304,0.0726904
305,0.0727267
306,0.0727614
307,0.0727969
308,0.0728308
309,0.0728666
310,0.0729011
311,0.0729404
312,0.0729774
313,0.0730142
314,0.073049
315,0.0730838
316,0.0731182
317,0.0731522
318,0.0731841
319,0.0732126
320,0.0732434
321,0.0732677
322,0.0732943
323,0.0733152
324,0.0733404
325,0.0733632
326,0.0733846
327,0.0734082
328,0.0734308
329,0.0734506
330,0.0734744
331,0.0734938
332,0.0735168
333,0.0735393
334,0.0735589
335,0.0735799
336,0.0735962
337,0.0736147
338,0.0736441
339,0.0736905
340,0.073743
341,0.0737934
342,0.0738425
343,0.0738894
344,0.0739344
345,0.0739829
346,0.0740249
347,0.0740707
348,0.0741092
349,0.0741491
350,0.0741872
351,0.0742253
352,0.0742617
353,0.0742965
354,0.0743285
355,0.0743609
356,0.0743913
357,0.0744235
358,0.0744527
359,0.0744833
360,0.0745135
361,0.0745416
362,0.0745685
363,0.0745945
364,0.0746205
365,0.0746464
366,0.0746705
367,0.0746993
368,0.0747274
369,0.0747564
370,0.0747849
371,0.0748126
372,0.0748426
373,0.0748721
374,0.0749034
375,0.0749301
376,0.074961
377,0.0749871
378,0.0750139
379,0.0750398
380,0.0750685
381,0.0750945
382,0.0751214
383,0.0751496
384,0.0751749
385,0.0752024
386,0.0752254
387,0.0752512
388,0.075272
389,0.0752945
390,0.0753135
391,0.0753391
392,0.0753582
393,0.0753821
394,0.0754039
395,0.0754253
396,0.0754472
397,0.0754715
398,0.075493
399,0.0755161
400,0.0755412
401,0.0755633
402,0.0755864
403,0.0756059
404,0.0756283
405,0.075646
406,0.0756791
407,0.0757147
408,0.0757554
409,0.0757913
410,0.0758312
411,0.0758691
412,0.0759027
413,0.0759366
414,0.075967
415,0.0760003
416,0.076028
417,0.0760599
418,0.0760899
419,0.0761218
420,0.0761511
421,0.0761765
422,0.0762052
423,0.0762285
424,0.0762558
425,0.0762776
426,0.076308
427,0.0763307
428,0.0763598
429,0.076384
430,0.076412
431,0.0764353
432,0.0764624
433,0.0764896
434,0.076515
435,0.0765449
436,0.0765719
437,0.0765996
438,0.0766233
439,0.0766476
440,0.0766724
441,0.0767015
442,0.076728
443,0.0767555
444,0.0767781
445,0.0768028
446,0.0768231
447,0.0768389
448,0.076854
449,0.0768698
450,0.0768865
451,0.0769094
452,0.0769334
453,0.0769586
454,0.0769819
455,0.0770049
456,0.0770272
457,0.0770515
458,0.0770733
459,0.077099
460,0.0771251
461,0.0771507
462,0.0771729
463,0.0771946
464,0.0772138
465,0.077233
466,0.0772527
467,0.0772712
468,0.077289
469,0.0773069
470,0.0773244
471,0.0773457
472,0.0773634
473,0.0773871
474,0.0774107
475,0.0774364
476,0.0774591
477,0.0774817
478,0.0775007
479,0.0775201
480,0.0775364
481,0.0775562
482,0.0775771
483,0.0775988
484,0.0776224
485,0.0776462
486,0.0776701
487,0.0776955
488,0.0777197
489,0.0777417
490,0.077766
491,0.0777869
492,0.0778151
493,0.0778396
494,0.0778745
495,0.0779067
496,0.0779469
497,0.0779826
498,0.0780262
499,0.0780651
500,0.0781125
501,0.0781566
502,0.0782035
503,0.0782539
504,0.0783031
505,0.0783431
506,0.0783598
507,0.0783618
508,0.0783614
509,0.0783629
510,0.0783633
511,0.078368
512,0.0783779
513,0.078386
514,0.078399
515,0.0784081
516,0.0784217
517,0.07843
518,0.0784432
519,0.0784536
520,0.0784684
521,0.0784855
522,0.0785028
523,0.0785233
524,0.0785415
525,0.0785629
526,0.0785838
527,0.0786073
528,0.0786253
529,0.0786497
530,0.0786686
531,0.0786922
532,0.0787146
533,0.0787401
534,0.0787601
535,0.0787859
536,0.0788037
537,0.0788242
538,0.0788448
539,0.0788643
540,0.0788839
541,0.0789048
542,0.0789246
543,0.0789478
544,0.078967
545,0.0789912
546,0.0790128
547,0.0790344
548,0.0790591
549,0.0790825
550,0.0791069
551,0.0791311
552,0.0791557
553,0.079181
554,0.0792061
555,0.0792314
556,0.0792627
557,0.0792898
558,0.0793237
559,0.0793528
560,0.0793889
561,0.0794213
562,0.0794599
563,0.0794969
564,0.079535
565,0.0795766
566,0.0796077
567,0.079632
568,0.0796441
569,0.0796567
570,0.0796637
571,0.0796702
572,0.079679
573,0.0796852
574,0.0796933
575,0.0797001
576,0.0797106
577,0.0797208
578,0.0797322
579,0.0797446
580,0.0797569
581,0.0797695
582,0.0797815
583,0.0797927
584,0.0798038
585,0.0798138
586,0.0798219
587,0.0798306
588,0.0798386
589,0.0798457
590,0.0798543
591,0.0798622
592,0.0798689
593,0.0798779
594,0.0798826
595,0.0798886
596,0.0798923
597,0.079895
598,0.0798957
599,0.0798957
