2,0.942393
3,0.839735
4,0.751833
5,0.678341
6,0.617622
7,0.568229
8,0.527802
9,0.495696
10,0.469462
11,0.448002
12,0.430902
13,0.417594
14,0.407038
15,0.398548
16,0.391763
17,0.386146
18,0.381255
19,0.376539
20,0.372039
21,0.367173
22,0.361592
23,0.355286
24,0.348168
25,0.339956
26,0.330674
27,0.320241
28,0.308988
29,0.296709
30,0.283679
31,0.27014
32,0.255828
33,0.24119
34,0.226231
35,0.211256
36,0.196407
37,0.181786
38,0.167651
39,0.154009
40,0.141089
41,0.128917
42,0.117562
43,0.107219
44,0.0976944
45,0.0891578
46,0.0814638
47,0.0746749
48,0.0686515
49,0.0633225
50,0.0586088
51,0.0544768
52,0.050793
53,0.0475119
54,0.044549
55,0.0418394
56,0.0394467
57,0.0371312
58,0.0350619
59,0.0330272
60,0.0311382
61,0.0293095
62,0.0276527
63,0.0260953
64,0.0246928
65,0.0233312
66,0.0220456
67,0.0207488
68,0.0195353
69,0.0183843
70,0.0173884
71,0.0164353
72,0.0156282
73,0.0148236
74,0.0141458
75,0.0134615
76,0.0128579
77,0.0123306
78,0.0118441
79,0.011393
80,0.0109506
81,0.0105792
82,0.0101437
83,0.00980777
84,0.00944033
85,0.00914069
86,0.00878349
87,0.00851128
88,0.00813482
89,0.0078767
90,0.00744707
91,0.00721189
92,0.00686318
93,0.00661371
94,0.00626986
95,0.00609892
96,0.00575951
97,0.00562797
98,0.00532684
99,0.00522365
100,0.00493111
101,0.0048135
102,0.00448597
103,0.00432757
104,0.00400786
105,0.00383086
106,0.00354495
107,0.00338736
108,0.00304892
109,0.00286157
110,0.00253011
111,0.00240005
112,0.00216311
113,0.00209211
114,0.00190651
115,0.00187475
116,0.00179537
117,0.00170262
118,0.00171706
119,0.0016692
120,0.00172532
121,0.00168145
122,0.001755
123,0.00172109
124,0.00177407
125,0.00174633
126,0.00174216
127,0.00164246
128,0.00157666
129,0.00142608
130,0.00135522
131,0.00123918
132,0.00120459
133,0.00115077
134,0.00115632
135,0.00109689
136,0.000977355
137,0.000657008
138,0.000780765
139,0.00110256
140,0.00125207
141,0.0013707
142,0.00146254
143,0.00156622
144,0.00165025
145,0.00175961
146,0.00183101
147,0.00192228
148,0.00196845
149,0.00200898
150,0.00201837
151,0.00202677
152,0.00200024
153,0.00198339
154,0.00193511
155,0.0020016
156,0.00201921
157,0.00209384
158,0.002126
159,0.00220946
160,0.00228188
161,0.00236082
162,0.00245733
163,0.00253312
164,0.002655
165,0.0027265
166,0.00286245
167,0.00291211
168,0.00301447
169,0.00311016
170,0.00321879
171,0.00332193
172,0.003417
173,0.00352865
174,0.00361829
175,0.00375216
176,0.00390116
177,0.0040436
178,0.0042128
179,0.00433076
180,0.00433436
181,0.00420586
182,0.00414786
183,0.00400979
184,0.00387973
185,0.00379094
186,0.00365
187,0.0035671
188,0.00344332
189,0.00337192
190,0.00322967
191,0.00319172
192,0.00306988
193,0.00303147
194,0.0029662
195,0.00287703
196,0.00283444
197,0.00274691
198,0.00271928
199,0.00266183
200,0.00264473
201,0.00259393
202,0.00252163
203,0.00247318
204,0.00236395
205,0.00230112
206,0.0022165
207,0.0021219
208,0.00205419
209,0.00197279
210,0.00188815
211,0.0018209
212,0.0017075
213,0.00158901
214,0.00141444
215,0.00127995
216,0.00119759
217,0.00126829
218,0.00148351
219,0.00169338
220,0.00190464
221,0.00206729
222,0.00222825
223,0.00233828
224,0.00242537
225,0.00251988
226,0.0025727
227,0.00264649
228,0.00267118
229,0.00269975
230,0.00269104
231,0.00267247
232,0.00254514
233,0.00249253
234,0.00259976
235,0.00262735
236,0.00267591
237,0.00274148
238,0.00280704
239,0.00285091
240,0.00291779
241,0.00299007
242,0.00301567
243,0.00306229
244,0.00307201
245,0.00308514
246,0.00307779
247,0.00310004
248,0.00311884
249,0.00313295
250,0.00316344
251,0.00313884
252,0.00312407
253,0.00311401
254,0.00308687
255,0.00314057
256,0.00316527
257,0.00323798
258,0.00328791
259,0.00333619
260,0.0033931
261,0.0034426
262,0.00351655
263,0.00358417
264,0.00368574
265,0.00374208
266,0.00385036
267,0.00388365
268,0.0039679
269,0.00406842
270,0.00418013
271,0.00426847
272,0.00430394
273,0.00423445
274,0.00412361
275,0.00399028
276,0.00384685
277,0.00371409
278,0.00361226
279,0.00346922
280,0.00337145
281,0.00323685
282,0.00310006
283,0.00299144
284,0.00283041
285,0.00273952
286,0.00257028
287,0.00250199
288,0.00240105
289,0.00234944
290,0.00221724
291,0.00202789
292,0.00204452
293,0.00205618
294,0.00202142
295,0.00195537
296,0.00190632
297,0.00177376
298,0.00170265
299,0.00156262
300,0.00152357
301,0.00147922
302,0.00151861
303,0.0015351
304,0.00154077
305,0.00157464
306,0.00157905
307,0.00159972
308,0.00159581
309,0.00161998
310,0.00162951
311,0.00170105
312,0.0017375
313,0.00177865
314,0.00180349
315,0.00182161
316,0.00183821
317,0.00184976
318,0.00183761
319,0.0017883
320,0.00176134
321,0.00165576
322,0.001582
323,0.00145615
324,0.00137624
325,0.00126988
326,0.00114881
327,0.00108459
328,0.00099685
329,0.000912263
330,0.000859064
331,0.000820615
332,0.000801794
333,0.000807469
334,0.000835866
335,0.000901822
336,0.00100504
337,0.00111208
338,0.00112823
339,0.000981172
340,0.000851886
341,0.000810823
342,0.000836236
343,0.000903768
344,0.00100543
345,0.00117567
346,0.00128896
347,0.00146169
348,0.0015543
349,0.00166322
350,0.00175379
351,0.00184792
352,0.00192538
353,0.00198557
354,0.00201018
355,0.00204078
356,0.00204733
357,0.00207884
358,0.00206284
359,0.00207691
360,0.00208516
361,0.00206902
362,0.00203931
363,0.00199589
364,0.00195117
365,0.00191632
366,0.00184718
367,0.00184528
368,0.00183093
369,0.00183805
370,0.00183153
371,0.0018168
372,0.00182863
373,0.00184055
374,0.00187119
375,0.00184304
376,0.00187576
377,0.00172348
378,0.00168741
379,0.00174796
380,0.00179359
381,0.00177625
382,0.00176465
383,0.00177268
384,0.00172867
385,0.00172369
386,0.0016709
387,0.0016473
388,0.00156838
389,0.00150214
390,0.00141215
391,0.00139533
392,0.00130074
393,0.00125849
394,0.00120765
395,0.00113963
396,0.00108611
397,0.00106574
398,0.00101817
399,0.000986404
400,0.000970873
401,0.000930913
402,0.000902982
403,0.000877977
404,0.000672964
405,0.000284584
406,0.000613996
407,0.000827732
408,0.000961867
409,0.00104402
410,0.00116642
411,0.00129246
412,0.0013656
413,0.00145248
414,0.0014971
415,0.00157727
416,0.00159267
417,0.00166694
418,0.00170861
419,0.00178081
420,0.00181576
421,0.00181287
422,0.00173049
423,0.00167426
424,0.00178612
425,0.00178045
426,0.00184564
427,0.00181178
428,0.00186141
429,0.00184239
430,0.00187025
431,0.00184975
432,0.00186848
433,0.00188714
434,0.00189231
435,0.00195269
436,0.00197281
437,0.00200123
438,0.00198527
439,0.00198667
440,0.00198165
441,0.00202877
442,0.00204825
443,0.00208539
444,0.00205891
445,0.00205681
446,0.00200741
447,0.00190086
448,0.00178765
449,0.00168389
450,0.00159835
451,0.00157833
452,0.00157798
453,0.00158765
454,0.00157295
455,0.00155167
456,0.00154544
457,0.00154642
458,0.00151251
459,0.00153333
460,0.00156005
461,0.00157696
462,0.00155965
463,0.00153039
464,0.00148646
465,0.00142902
466,0.00138983
467,0.00133945
468,0.00127753
469,0.00120936
470,0.00114517
471,0.00113275
472,0.00108257
473,0.00108498
474,0.00107623
475,0.00110212
476,0.00109909
477,0.00109611
478,0.00105586
479,0.00102845
480,0.00097236
481,0.000931587
482,0.000917676
483,0.000909479
484,0.000915625
485,0.000928685
486,0.00094069
487,0.000950923
488,0.000962818
489,0.000950095
490,0.000973706
491,0.000954949
492,0.00100936
493,0.00101912
494,0.00113193
495,0.00122145
496,0.00141642
497,0.00155673
498,0.0018032
499,0.00199717
500,0.00229793
501,0.0025625
502,0.00286765
503,0.00321806
504,0.00355583
505,0.00377752
506,0.00370796
507,0.00345812
508,0.00317774
509,0.0029238
510,0.00265721
511,0.00244464
512,0.0023007
513,0.00214089
514,0.00203269
515,0.00188397
516,0.00178671
517,0.00163017
518,0.00154071
519,0.00141956
520,0.00134789
521,0.00128941
522,0.00126797
523,0.00125755
524,0.00124732
525,0.00125114
526,0.00126254
527,0.00129138
528,0.00126977
529,0.00126618
530,0.00126672
531,0.00123406
532,0.00130697
533,0.00125886
534,0.00135338
535,0.00131518
536,0.00142835
537,0.00134117
538,0.0014987
539,0.00137212
540,0.0014949
541,0.00137309
542,0.0014849
543,0.00137867
544,0.00149468
545,0.00140998
546,0.00154881
547,0.00143913
548,0.00158836
549,0.00154447
550,0.00165336
551,0.00165633
552,0.00174201
553,0.00176743
554,0.00184159
555,0.00188476
556,0.00200512
557,0.00208781
558,0.0022636
559,0.00238872
560,0.00260327
561,0.00275588
562,0.00296803
563,0.00317101
564,0.00337047
565,0.00365148
566,0.00380252
567,0.00386793
568,0.00381184
569,0.00372212
570,0.00358944
571,0.00342321
572,0.00331859
573,0.0031591
574,0.00304091
575,0.00290489
576,0.00280549
577,0.00272011
578,0.00261144
579,0.00255939
580,0.00246599
581,0.00241132
582,0.00232953
583,0.00226289
584,0.0021653
585,0.00207039
586,0.00195659
587,0.00187098
588,0.00178374
589,0.00169725
590,0.00163899
591,0.00158481
592,0.00155055
593,0.00154697
594,0.00159429
595,0.00165499
596,0.0017111
597,0.00178465
598,0.00182999
599,0.00189822
