2,0.942771
3,0.840356
4,0.752574
5,0.679064
6,0.618188
7,0.568323
8,0.528215
9,0.495783
10,0.469601
11,0.448356
12,0.431579
13,0.418122
14,0.407526
15,0.398967
16,0.392187
17,0.386813
18,0.381772
19,0.37714
20,0.372742
21,0.36819
22,0.362942
23,0.35708
24,0.350416
25,0.342451
26,0.333403
27,0.323528
28,0.312609
29,0.30089
30,0.288047
31,0.274735
32,0.260649
33,0.246308
34,0.231524
35,0.216717
36,0.201918
37,0.187463
38,0.173299
39,0.159775
40,0.146811
41,0.134576
42,0.123112
43,0.112512
44,0.102851
45,0.0940932
46,0.0862138
47,0.0792066
48,0.072931
49,0.067392
50,0.0624586
51,0.0580948
52,0.054213
53,0.0507375
54,0.0476065
55,0.0447464
56,0.0421392
57,0.0397288
58,0.037479
59,0.0353897
60,0.0333242
61,0.0314596
62,0.0296636
63,0.0280227
64,0.0265049
65,0.025081
66,0.0237306
67,0.0223388
68,0.0210884
69,0.0198277
70,0.0187738
71,0.0177132
72,0.0169119
73,0.0160653
74,0.0153224
75,0.0145843
76,0.0139802
77,0.013346
78,0.0128853
79,0.0123097
80,0.0119192
81,0.0114175
82,0.0110096
83,0.01059
84,0.010223
85,0.00985746
86,0.00949776
87,0.00915163
88,0.00879027
89,0.00845333
90,0.00802143
91,0.00775554
92,0.00733605
93,0.00710777
94,0.00669311
95,0.0065228
96,0.00612291
97,0.00597999
98,0.00562005
99,0.00552547
100,0.00519676
101,0.00501989
102,0.00471402
103,0.00451005
104,0.00420269
105,0.00400467
106,0.00367375
107,0.00348895
108,0.00316414
109,0.00292668
110,0.00260378
111,0.00245198
112,0.00218101
113,0.00210625
114,0.00190895
115,0.00183784
116,0.00173306
117,0.00168802
118,0.00166301
119,0.00163026
120,0.00167738
121,0.00165367
122,0.00171419
123,0.00170339
124,0.00176484
125,0.00173619
126,0.00176495
127,0.00166586
128,0.00160599
129,0.0014655
130,0.00138931
131,0.00128824
132,0.00126129
133,0.00119135
134,0.00106197
135,0.000640192
136,0.000701811
137,0.000989102
138,0.00111065
139,0.00121714
140,0.00133572
141,0.00141835
142,0.00150489
143,0.00160911
144,0.00169244
145,0.00177886
146,0.0018937
147,0.00196445
148,0.00200845
149,0.00205747
150,0.00207541
151,0.00209316
152,0.00208853
153,0.00207325
154,0.00206664
155,0.00209172
156,0.00213853
157,0.00219658
158,0.00224906
159,0.00232818
160,0.00238506
161,0.00247504
162,0.00255326
163,0.00265494
164,0.00277209
165,0.00286285
166,0.00298144
167,0.00304011
168,0.00316603
169,0.00322879
170,0.00335748
171,0.00344958
172,0.00356064
173,0.00363189
174,0.003785
175,0.0039046
176,0.00407805
177,0.00429931
178,0.00454639
179,0.0045864
180,0.00453241
181,0.00438459
182,0.00428623
183,0.00410661
184,0.00403493
185,0.00390375
186,0.00380977
187,0.00369076
188,0.00359889
189,0.00350705
190,0.00339472
191,0.00331502
192,0.00322686
193,0.00317314
194,0.00311692
195,0.00302212
196,0.00296004
197,0.00289963
198,0.00284176
199,0.0027809
200,0.0027577
201,0.00272177
202,0.00263416
203,0.00257156
204,0.00247922
205,0.00239318
206,0.00231288
207,0.00222874
208,0.00214108
209,0.00204872
210,0.00196447
211,0.00185361
212,0.00176772
213,0.00160223
214,0.00147264
215,0.00130181
216,0.00119763
217,0.00130244
218,0.00151717
219,0.00176213
220,0.00196251
221,0.00213901
222,0.00229543
223,0.00243335
224,0.00251529
225,0.00263747
226,0.00266384
227,0.00275937
228,0.00273498
229,0.00270939
230,0.0025919
231,0.00267717
232,0.00268695
233,0.0027356
234,0.00272088
235,0.00277108
236,0.00276794
237,0.00286647
238,0.00293389
239,0.00299929
240,0.00308262
241,0.00312931
242,0.00319099
243,0.00318122
244,0.00322161
245,0.00322611
246,0.0032332
247,0.00324676
248,0.00329447
249,0.00331167
250,0.00333923
251,0.00331435
252,0.0032792
253,0.00325854
254,0.00327117
255,0.00329485
256,0.003343
257,0.00341134
258,0.00345412
259,0.00352173
260,0.00354525
261,0.00361976
262,0.00368951
263,0.00376738
264,0.00385367
265,0.00392676
266,0.00401607
267,0.00406711
268,0.00416926
269,0.00423145
270,0.00437639
271,0.00442556
272,0.00445756
273,0.00437703
274,0.0042381
275,0.00409988
276,0.00398154
277,0.00383017
278,0.00371626
279,0.00360816
280,0.0034813
281,0.00335417
282,0.00321069
283,0.00308247
284,0.00295701
285,0.00280278
286,0.00269321
287,0.00256002
288,0.00230181
289,0.00229136
290,0.00227535
291,0.00225111
292,0.00221416
293,0.00219545
294,0.002118
295,0.00205292
296,0.00197171
297,0.00186763
298,0.00177597
299,0.00165075
300,0.00159132
301,0.00157964
302,0.00160396
303,0.00161599
304,0.00164088
305,0.0016481
306,0.00167863
307,0.00166984
308,0.0016733
309,0.00166717
310,0.00170946
311,0.00177706
312,0.00183986
313,0.00187094
314,0.00189151
315,0.00191885
316,0.00192684
317,0.00191601
318,0.00189707
319,0.00186195
320,0.001809
321,0.0017204
322,0.00162168
323,0.00150626
324,0.00140295
325,0.00131585
326,0.00121404
327,0.00111999
328,0.00102236
329,0.00093914
330,0.000869681
331,0.000827692
332,0.000811447
333,0.000800506
334,0.000837374
335,0.000881184
336,0.000986989
337,0.00109881
338,0.00109996
339,0.000962253
340,0.000838706
341,0.000801273
342,0.000840732
343,0.000938305
344,0.00107206
345,0.00122596
346,0.00137178
347,0.00154158
348,0.00162425
349,0.00174405
350,0.00182615
351,0.00194503
352,0.00201846
353,0.00207295
354,0.00209107
355,0.0021193
356,0.00213274
357,0.00214226
358,0.00217208
359,0.00215709
360,0.00216409
361,0.00215889
362,0.00210247
363,0.00206767
364,0.00202995
365,0.00198971
366,0.00194711
367,0.00193664
368,0.0019272
369,0.00191324
370,0.00192096
371,0.00189751
372,0.00192288
373,0.00193651
374,0.00187307
375,0.00175355
376,0.00179761
377,0.00187502
378,0.00189646
379,0.00188365
380,0.00187211
381,0.00186187
382,0.00183328
383,0.00183064
384,0.00181011
385,0.00178826
386,0.00173402
387,0.00170198
388,0.00162502
389,0.0015805
390,0.00147767
391,0.00141413
392,0.00136564
393,0.00130564
394,0.00125001
395,0.00118516
396,0.00114186
397,0.00109217
398,0.00103446
399,0.00101114
400,0.00102719
401,0.000848965
402,0.000514142
403,0.000630087
404,0.000763879
405,0.000809624
406,0.000853265
407,0.000907346
408,0.00101599
409,0.00111634
410,0.00122715
411,0.00136294
412,0.00143959
413,0.00152038
414,0.00158599
415,0.00163872
416,0.00168354
417,0.00173071
418,0.00180122
419,0.00175461
420,0.00169539
421,0.00177642
422,0.00185882
423,0.00187476
424,0.00189285
425,0.00190972
426,0.00189056
427,0.00192243
428,0.00191977
429,0.00196321
430,0.00194518
431,0.0019372
432,0.00196364
433,0.00198018
434,0.00199567
435,0.00204646
436,0.00207137
437,0.00206258
438,0.0020643
439,0.00205148
440,0.00208971
441,0.00210543
442,0.00214734
443,0.0021568
444,0.00216592
445,0.00212928
446,0.00207775
447,0.00197299
448,0.00184567
449,0.00173212
450,0.00164495
451,0.00166138
452,0.00165774
453,0.00166116
454,0.00163808
455,0.00163458
456,0.00161367
457,0.00159544
458,0.00158587
459,0.00161137
460,0.00161436
461,0.00164709
462,0.00163814
463,0.00157554
464,0.00154315
465,0.00147049
466,0.00145042
467,0.00137788
468,0.00133875
469,0.00124424
470,0.00121049
471,0.00114244
472,0.00113154
473,0.00111542
474,0.00113151
475,0.00113164
476,0.00115578
477,0.00112501
478,0.00108696
479,0.00104653
480,0.00101732
481,0.000959956
482,0.000958188
483,0.000961001
484,0.000955891
485,0.00096846
486,0.000963895
487,0.00100374
488,0.00100185
489,0.00101558
490,0.000992202
491,0.00104607
492,0.00105864
493,0.00112175
494,0.0012122
495,0.00134009
496,0.0015051
497,0.00170121
498,0.00192753
499,0.00218091
500,0.00245395
501,0.00273272
502,0.00306432
503,0.00344132
504,0.00379407
505,0.00388282
506,0.00371775
507,0.00346297
508,0.00317617
509,0.00290749
510,0.00266495
511,0.0024324
512,0.00227576
513,0.00214296
514,0.00203233
515,0.00189712
516,0.00179103
517,0.00166037
518,0.00154335
519,0.0014477
520,0.00137213
521,0.00134455
522,0.00131296
523,0.00129247
524,0.00130746
525,0.00131895
526,0.00131923
527,0.00131968
528,0.00132879
529,0.0012991
530,0.00132054
531,0.00125334
532,0.00136081
533,0.00128607
534,0.00143491
535,0.00131864
536,0.00145678
537,0.00134791
538,0.00146776
539,0.00140707
540,0.00150361
541,0.00141843
542,0.00151216
543,0.00145298
544,0.00156818
545,0.0014963
546,0.0015992
547,0.00153592
548,0.00165846
549,0.00161363
550,0.00172649
551,0.00168056
552,0.00183462
553,0.00180084
554,0.00191611
555,0.00195851
556,0.00208098
557,0.00219305
558,0.00236721
559,0.00252938
560,0.00270693
561,0.00287633
562,0.00306294
563,0.00329507
564,0.00355272
565,0.0037845
566,0.0039122
567,0.00390939
568,0.00381827
569,0.00368692
570,0.00357493
571,0.00342605
572,0.00328405
573,0.00316689
574,0.00305095
575,0.00292558
576,0.00284332
577,0.00275125
578,0.0026727
579,0.00261468
580,0.00252316
581,0.00246722
582,0.00237194
583,0.0022888
584,0.00219441
585,0.00209466
586,0.0019897
587,0.00188629
588,0.00179454
589,0.00170252
590,0.00164469
591,0.00160076
592,0.00158222
593,0.00158864
594,0.00160791
595,0.00166956
596,0.00169583
597,0.00176874
598,0.00183516
599,0.00188532
