2,0.00202733
3,0.00599189
4,0.00967608
5,0.0129574
6,0.0158219
7,0.0182869
8,0.0203709
9,0.022141
10,0.023644
11,0.0249289
12,0.0260085
13,0.0269312
14,0.027714
15,0.0283938
16,0.0289811
17,0.0294929
18,0.0299807
19,0.0304411
20,0.0308841
21,0.0313282
22,0.0318016
23,0.0323018
24,0.0328392
25,0.0334403
26,0.0340948
27,0.0347913
28,0.0355416
29,0.036334
30,0.0371857
31,0.0380642
32,0.038985
33,0.0399212
34,0.0408839
35,0.0418494
36,0.0428173
37,0.0437685
38,0.0447066
39,0.0456111
40,0.0464867
41,0.0473233
42,0.0481187
43,0.0488661
44,0.0495622
45,0.0502066
46,0.0508021
47,0.0513473
48,0.0518495
49,0.0523097
50,0.0527335
51,0.0531227
52,0.0534841
53,0.0538193
54,0.0541349
55,0.0544322
56,0.0547153
57,0.0549842
58,0.0552447
59,0.055493
60,0.0557405
61,0.0559746
62,0.0562039
63,0.056422
64,0.0566339
65,0.0568373
66,0.057037
67,0.0572365
68,0.0574289
69,0.057619
70,0.0577972
71,0.0579734
72,0.0581345
73,0.0582958
74,0.0584509
75,0.0586041
76,0.0587492
77,0.0588942
78,0.0590279
79,0.0591685
80,0.0592962
81,0.0594304
82,0.0595574
83,0.0596858
84,0.059808
85,0.0599315
86,0.0600518
87,0.0601729
88,0.0602921
89,0.060412
90,0.0605338
91,0.0606498
92,0.060769
93,0.060882
94,0.0609997
95,0.0611092
96,0.0612243
97,0.0613307
98,0.061441
99,0.0615432
100,0.0616483
101,0.0617539
102,0.061856
103,0.0619609
104,0.0620616
105,0.0621659
106,0.0622672
107,0.0623702
108,0.0624689
109,0.0625767
110,0.0626778
111,0.0627813
112,0.0628787
113,0.0629757
114,0.0630675
115,0.0631617
116,0.0632527
117,0.0633447
118,0.0634328
119,0.0635242
120,0.063612
121,0.063699
122,0.0637811
123,0.0638642
124,0.0639431
125,0.0640205
126,0.0640938
127,0.0641633
128,0.0642268
129,0.064292
130,0.0643529
131,0.0644176
132,0.0644818
133,0.0645492
134,0.0646135
135,0.0646812
136,0.0647484
137,0.0648206
138,0.0648939
139,0.0649671
140,0.0650445
141,0.0651167
142,0.0651917
143,0.0652646
144,0.0653376
145,0.065408
146,0.065482
147,0.0655503
148,0.0656179
149,0.0656843
150,0.065749
151,0.0658121
152,0.0658746
153,0.065935
154,0.0659968
155,0.0660589
156,0.0661236
157,0.0661877
158,0.0662512
159,0.0663172
160,0.0663809
161,0.0664461
162,0.0665109
163,0.0665764
164,0.0666431
165,0.0667073
166,0.0667733
167,0.0668349
168,0.0669006
169,0.0669618
170,0.067027
171,0.0670897
172,0.0671531
173,0.0672137
174,0.0672796
175,0.0673431
176,0.0674099
177,0.0674798
178,0.0675512
179,0.0676079
180,0.0676581
181,0.0677016
182,0.0677481
183,0.0677886
184,0.0678364
185,0.0678799
186,0.0679258
187,0.0679695
188,0.0680149
189,0.06806
190,0.0681038
191,0.068149
192,0.0681938
193,0.0682404
194,0.068287
195,0.0683301
196,0.0683761
197,0.0684211
198,0.0684666
199,0.0685121
200,0.068559
201,0.0686052
202,0.0686478
203,0.0686917
204,0.0687333
205,0.0687745
206,0.0688168
207,0.0688581
208,0.0688991
209,0.0689392
210,0.06898
211,0.0690181
212,0.0690581
213,0.0690914
214,0.0691268
215,0.0691576
216,0.0691942
217,0.0692491
218,0.0693141
219,0.069379
220,0.0694397
221,0.0694984
222,0.0695552
223,0.06961
224,0.0696607
225,0.0697137
226,0.0697601
227,0.0698113
228,0.0698532
229,0.0699007
230,0.0699391
231,0.069984
232,0.0700248
233,0.0700706
234,0.0701121
235,0.0701582
236,0.0702006
237,0.0702503
238,0.0702978
239,0.0703445
240,0.0703925
241,0.070438
242,0.0704841
243,0.0705251
244,0.0705693
245,0.070611
246,0.0706526
247,0.0706944
248,0.0707386
249,0.0707807
250,0.0708231
251,0.0708618
252,0.0708997
253,0.0709381
254,0.0709792
255,0.0710208
256,0.0710639
257,0.0711085
258,0.0711509
259,0.0711954
260,0.0712363
261,0.071281
262,0.0713246
263,0.0713692
264,0.0714144
265,0.0714585
266,0.0715034
267,0.0715454
268,0.0715911
269,0.0716338
270,0.0716821
271,0.0717238
272,0.0717635
273,0.0717955
274,0.071823
275,0.0718504
276,0.0718788
277,0.0719048
278,0.0719337
279,0.0719626
280,0.0719899
281,0.072017
282,0.072043
283,0.0720702
284,0.0720971
285,0.0721217
286,0.0721488
287,0.0721774
288,0.0722016
289,0.0722334
290,0.0722632
291,0.0722951
292,0.0723272
293,0.0723607
294,0.0723904
295,0.0724206
296,0.0724488
297,0.0724755
298,0.0725033
299,0.0725271
300,0.0725572
301,0.0725903
302,0.0726272
303,0.0726622
304,0.0726989
305,0.0727334
306,0.0727699
307,0.072803
308,0.0728374
309,0.0728702
310,0.072908
311,0.0729469
312,0.0729854
313,0.0730215
314,0.0730568
315,0.0730915
316,0.0731258
317,0.0731578
318,0.0731889
319,0.073219
320,0.0732474
321,0.073273
322,0.0732975
323,0.0733197
324,0.0733436
325,0.0733671
326,0.0733904
327,0.0734121
328,0.0734339
329,0.0734553
330,0.0734769
331,0.0734961
332,0.0735212
333,0.0735419
334,0.0735619
335,0.0735807
336,0.0735975
337,0.0736155
338,0.0736476
339,0.0736947
340,0.0737471
341,0.0737977
342,0.0738458
343,0.0738943
344,0.073941
345,0.0739888
346,0.074032
347,0.0740776
348,0.0741153
349,0.074156
350,0.0741931
351,0.0742332
352,0.074269
353,0.0743035
354,0.0743352
355,0.0743669
356,0.0743987
357,0.074429
358,0.0744611
359,0.0744897
360,0.0745201
361,0.0745483
362,0.0745738
363,0.0746005
364,0.0746269
365,0.0746527
366,0.0746784
367,0.0747065
368,0.0747349
369,0.074763
370,0.0747927
371,0.0748192
372,0.0748506
373,0.074879
374,0.0749075
375,0.0749355
376,0.0749618
377,0.0749915
378,0.0750192
379,0.0750469
380,0.0750743
381,0.0751013
382,0.0751273
383,0.075155
384,0.0751812
385,0.0752074
386,0.075231
387,0.0752561
388,0.0752771
389,0.075301
390,0.0753196
391,0.0753414
392,0.0753644
393,0.0753867
394,0.0754089
395,0.0754292
396,0.0754522
397,0.0754747
398,0.0754961
399,0.0755203
400,0.0755448
401,0.0755654
402,0.0755879
403,0.0756059
404,0.0756266
405,0.0756503
406,0.0756837
407,0.0757208
408,0.0757604
409,0.0757991
410,0.075837
411,0.0758756
412,0.0759095
413,0.0759427
414,0.0759747
415,0.0760055
416,0.0760355
417,0.076066
418,0.0760967
419,0.0761261
420,0.076154
421,0.0761798
422,0.0762076
423,0.0762337
424,0.0762604
425,0.0762875
426,0.0763118
427,0.0763398
428,0.0763651
429,0.0763942
430,0.0764177
431,0.0764428
432,0.0764704
433,0.0764972
434,0.0765235
435,0.0765526
436,0.07658
437,0.0766047
438,0.0766296
439,0.0766535
440,0.0766814
441,0.076708
442,0.076736
443,0.0767614
444,0.0767867
445,0.0768088
446,0.0768292
447,0.0768448
448,0.076859
449,0.0768743
450,0.0768908
451,0.0769165
452,0.0769405
453,0.0769651
454,0.076988
455,0.0770113
456,0.0770333
457,0.0770565
458,0.0770793
459,0.0771056
460,0.0771303
461,0.0771563
462,0.0771797
463,0.0771983
464,0.0772195
465,0.0772368
466,0.0772581
467,0.0772753
468,0.0772946
469,0.07731
470,0.0773307
471,0.0773469
472,0.077369
473,0.0773906
474,0.0774163
475,0.0774399
476,0.0774647
477,0.0774849
478,0.0775049
479,0.0775226
480,0.077542
481,0.0775593
482,0.0775809
483,0.0776055
484,0.0776271
485,0.0776521
486,0.0776735
487,0.0777023
488,0.077724
489,0.0777487
490,0.0777685
491,0.0777973
492,0.0778205
493,0.0778506
494,0.0778836
495,0.0779177
496,0.0779558
497,0.0779955
498,0.0780367
499,0.0780802
500,0.0781254
501,0.0781704
502,0.0782192
503,0.0782719
504,0.0783222
505,0.0783516
506,0.0783604
507,0.0783622
508,0.0783613
509,0.0783617
510,0.0783637
511,0.0783667
512,0.0783761
513,0.0783864
514,0.0783991
515,0.0784096
516,0.0784218
517,0.0784327
518,0.0784435
519,0.0784569
520,0.0784703
521,0.078489
522,0.0785064
523,0.0785258
524,0.0785465
525,0.0785686
526,0.078589
527,0.0786104
528,0.078632
529,0.0786539
530,0.0786744
531,0.0786959
532,0.0787204
533,0.0787432
534,0.0787677
535,0.078789
536,0.0788087
537,0.0788306
538,0.078848
539,0.0788704
540,0.0788877
541,0.0789091
542,0.0789284
543,0.0789509
544,0.0789729
545,0.0789953
546,0.0790187
547,0.0790401
548,0.0790656
549,0.0790881
550,0.0791137
551,0.0791348
552,0.079164
553,0.0791859
554,0.0792142
555,0.079241
556,0.0792698
557,0.0793001
558,0.0793316
559,0.079365
560,0.0793977
561,0.0794338
562,0.0794703
563,0.0795092
564,0.0795498
565,0.0795869
566,0.0796164
567,0.0796358
568,0.0796479
569,0.0796567
570,0.079666
571,0.0796724
572,0.0796794
573,0.0796881
574,0.0796961
575,0.0797038
576,0.0797142
577,0.0797247
578,0.0797358
579,0.0797496
580,0.0797597
581,0.0797735
582,0.0797841
583,0.079796
584,0.0798067
585,0.0798164
586,0.0798254
587,0.0798334
588,0.0798404
589,0.0798482
590,0.0798549
591,0.0798633
592,0.0798707
593,0.0798774
594,0.0798852
595,0.079889
596,0.0798942
597,0.0798958
598,0.0798974
599,0.079897
