2,0.00202656
3,0.00598178
4,0.00966628
5,0.0129487
6,0.0158046
7,0.0182476
8,0.0203416
9,0.0221191
10,0.0236188
11,0.0248984
12,0.0259913
13,0.0269109
14,0.027685
15,0.0283603
16,0.0289474
17,0.0294668
18,0.0299363
19,0.0303869
20,0.0308276
21,0.0312664
22,0.0317156
23,0.0322018
24,0.0327346
25,0.0333118
26,0.0339378
27,0.0346221
28,0.0353511
29,0.0361318
30,0.0369511
31,0.0378207
32,0.0387196
33,0.0396466
34,0.0405878
35,0.041546
36,0.0425004
37,0.0434503
38,0.0443823
39,0.0452893
40,0.0461685
41,0.0470087
42,0.0478048
43,0.0485557
44,0.049256
45,0.0499083
46,0.0505103
47,0.0510666
48,0.0515787
49,0.0520519
50,0.0524855
51,0.0528893
52,0.0532575
53,0.0536087
54,0.0539333
55,0.0542432
56,0.0545341
57,0.0548155
58,0.0550802
59,0.0553421
60,0.0555911
61,0.0558378
62,0.0560684
63,0.0562964
64,0.0565121
65,0.056722
66,0.0569267
67,0.0571318
68,0.0573291
69,0.0575218
70,0.057707
71,0.0578822
72,0.0580529
73,0.0582139
74,0.0583747
75,0.0585275
76,0.0586814
77,0.058823
78,0.0589673
79,0.0591037
80,0.0592397
81,0.0593713
82,0.0595033
83,0.0596319
84,0.0597597
85,0.0598823
86,0.0600084
87,0.0601296
88,0.0602547
89,0.0603755
90,0.0604991
91,0.0606163
92,0.0607375
93,0.0608522
94,0.0609705
95,0.0610842
96,0.0611989
97,0.0613067
98,0.0614189
99,0.0615226
100,0.0616314
101,0.0617341
102,0.0618414
103,0.0619453
104,0.06205
105,0.0621533
106,0.062256
107,0.0623585
108,0.0624594
109,0.0625659
110,0.0626701
111,0.0627729
112,0.0628715
113,0.0629685
114,0.0630632
115,0.0631588
116,0.0632494
117,0.0633408
118,0.0634323
119,0.0635208
120,0.0636113
121,0.0636961
122,0.0637815
123,0.0638626
124,0.0639433
125,0.0640229
126,0.0640956
127,0.0641656
128,0.0642314
129,0.0642952
130,0.0643597
131,0.064423
132,0.0644887
133,0.0645531
134,0.0646184
135,0.0646861
136,0.0647555
137,0.0648272
138,0.064899
139,0.064973
140,0.0650478
141,0.0651205
142,0.0651943
143,0.065267
144,0.0653387
145,0.0654115
146,0.0654829
147,0.065555
148,0.0656219
149,0.0656897
150,0.065755
151,0.0658176
152,0.0658809
153,0.0659422
154,0.066006
155,0.0660676
156,0.0661321
157,0.0661981
158,0.066262
159,0.0663255
160,0.0663919
161,0.0664532
162,0.0665204
163,0.066584
164,0.0666515
165,0.066717
166,0.0667828
167,0.066847
168,0.0669093
169,0.0669741
170,0.0670348
171,0.0671
172,0.06716
173,0.0672285
174,0.0672888
175,0.067359
176,0.0674257
177,0.0675003
178,0.0675642
179,0.0676198
180,0.0676668
181,0.0677132
182,0.0677562
183,0.0678001
184,0.0678456
185,0.067889
186,0.0679336
187,0.0679791
188,0.0680232
189,0.0680688
190,0.0681126
191,0.0681597
192,0.0682038
193,0.0682509
194,0.0682962
195,0.0683407
196,0.0683865
197,0.0684318
198,0.0684775
199,0.0685235
200,0.06857
201,0.0686135
202,0.0686583
203,0.0687009
204,0.0687425
205,0.0687834
206,0.0688233
207,0.0688659
208,0.0689047
209,0.068947
210,0.068985
211,0.069024
212,0.0690621
213,0.0690967
214,0.069131
215,0.0691617
216,0.0691982
217,0.0692533
218,0.0693176
219,0.0693823
220,0.0694445
221,0.0695031
222,0.0695623
223,0.0696159
224,0.0696685
225,0.0697194
226,0.0697677
227,0.0698116
228,0.0698562
229,0.0699024
230,0.0699473
231,0.0699911
232,0.0700344
233,0.070078
234,0.0701224
235,0.0701652
236,0.0702114
237,0.0702578
238,0.0703067
239,0.0703538
240,0.0704024
241,0.0704471
242,0.0704937
243,0.0705364
244,0.0705794
245,0.0706212
246,0.0706641
247,0.0707069
248,0.0707478
249,0.0707911
250,0.0708313
251,0.0708721
252,0.0709108
253,0.0709495
254,0.0709908
255,0.0710325
256,0.0710767
257,0.0711196
258,0.0711645
259,0.071205
260,0.0712504
261,0.0712937
262,0.0713383
263,0.0713825
264,0.0714281
265,0.0714727
266,0.0715174
267,0.0715619
268,0.071608
269,0.0716539
270,0.0716963
271,0.0717369
272,0.0717754
273,0.071804
274,0.0718312
275,0.071859
276,0.0718873
277,0.0719138
278,0.0719409
279,0.0719703
280,0.0719974
281,0.0720259
282,0.0720513
283,0.0720786
284,0.0721039
285,0.0721263
286,0.072152
287,0.0721804
288,0.0722097
289,0.07224
290,0.0722708
291,0.0723036
292,0.072336
293,0.0723664
294,0.0723981
295,0.0724281
296,0.0724558
297,0.072484
298,0.0725075
299,0.0725359
300,0.0725637
301,0.0725981
302,0.0726336
303,0.0726709
304,0.0727055
305,0.0727407
306,0.072776
307,0.0728116
308,0.0728431
309,0.0728765
310,0.0729159
311,0.072953
312,0.0729935
313,0.0730266
314,0.0730651
315,0.0730978
316,0.0731331
317,0.0731636
318,0.0731955
319,0.0732236
320,0.073252
321,0.0732786
322,0.0733006
323,0.0733256
324,0.0733468
325,0.0733715
326,0.0733925
327,0.0734175
328,0.0734373
329,0.0734599
330,0.0734787
331,0.0735036
332,0.0735221
333,0.0735466
334,0.0735637
335,0.0735832
336,0.0735994
337,0.0736186
338,0.0736526
339,0.0736993
340,0.073753
341,0.0738021
342,0.0738522
343,0.0739005
344,0.0739472
345,0.0739945
346,0.0740392
347,0.0740825
348,0.0741232
349,0.0741617
350,0.0742022
351,0.0742394
352,0.0742766
353,0.0743103
354,0.0743433
355,0.0743741
356,0.0744068
357,0.0744349
358,0.0744676
359,0.0744963
360,0.0745257
361,0.0745541
362,0.0745806
363,0.0746084
364,0.0746316
365,0.0746612
366,0.0746835
367,0.0747147
368,0.0747408
369,0.0747702
370,0.0747979
371,0.0748263
372,0.0748544
373,0.0748805
374,0.074911
375,0.0749396
376,0.0749709
377,0.0749983
378,0.0750269
379,0.0750553
380,0.0750812
381,0.075108
382,0.0751349
383,0.0751609
384,0.0751886
385,0.0752113
386,0.0752384
387,0.0752589
388,0.0752831
389,0.0753029
390,0.0753246
391,0.0753476
392,0.0753699
393,0.0753913
394,0.0754127
395,0.0754351
396,0.0754567
397,0.0754786
398,0.0755002
399,0.0755221
400,0.0755427
401,0.075567
402,0.0755882
403,0.0756097
404,0.0756308
405,0.0756583
406,0.0756925
407,0.0757292
408,0.0757678
409,0.075807
410,0.0758432
411,0.0758812
412,0.0759159
413,0.0759499
414,0.0759813
415,0.076012
416,0.0760432
417,0.0760702
418,0.0760995
419,0.0761291
420,0.0761591
421,0.0761859
422,0.0762157
423,0.0762397
424,0.076269
425,0.0762936
426,0.0763204
427,0.0763453
428,0.0763744
429,0.0763991
430,0.0764251
431,0.076452
432,0.0764771
433,0.0765053
434,0.076533
435,0.0765613
436,0.0765899
437,0.0766137
438,0.0766366
439,0.0766609
440,0.0766885
441,0.0767167
442,0.0767443
443,0.0767686
444,0.0767931
445,0.0768166
446,0.0768332
447,0.0768496
448,0.0768629
449,0.0768784
450,0.0768976
451,0.0769217
452,0.0769472
453,0.0769703
454,0.0769956
455,0.077015
456,0.0770399
457,0.0770634
458,0.077086
459,0.0771118
460,0.0771371
461,0.0771647
462,0.0771826
463,0.0772045
464,0.0772235
465,0.0772427
466,0.077262
467,0.0772794
468,0.0772975
469,0.0773146
470,0.0773336
471,0.0773531
472,0.0773739
473,0.077396
474,0.0774226
475,0.0774451
476,0.0774692
477,0.0774883
478,0.0775083
479,0.0775273
480,0.0775425
481,0.0775654
482,0.0775845
483,0.0776101
484,0.0776317
485,0.077657
486,0.0776805
487,0.0777064
488,0.0777301
489,0.0777526
490,0.0777766
491,0.0778022
492,0.0778281
493,0.0778598
494,0.0778919
495,0.0779294
496,0.0779662
497,0.0780071
498,0.0780488
499,0.0780919
500,0.0781404
501,0.0781852
502,0.078238
503,0.0782897
504,0.0783364
505,0.0783568
506,0.0783604
507,0.0783605
508,0.0783612
509,0.078361
510,0.0783616
511,0.0783653
512,0.0783741
513,0.0783855
514,0.0783992
515,0.0784103
516,0.0784237
517,0.0784328
518,0.0784463
519,0.0784606
520,0.0784724
521,0.0784927
522,0.0785106
523,0.0785316
524,0.0785515
525,0.0785729
526,0.0785944
527,0.078617
528,0.0786389
529,0.0786581
530,0.0786801
531,0.0787019
532,0.0787253
533,0.0787502
534,0.078772
535,0.078795
536,0.0788133
537,0.0788338
538,0.0788529
539,0.0788736
540,0.0788926
541,0.0789133
542,0.0789335
543,0.0789561
544,0.0789765
545,0.0789997
546,0.0790232
547,0.0790457
548,0.0790706
549,0.0790938
550,0.0791202
551,0.0791439
552,0.0791695
553,0.0791947
554,0.0792221
555,0.0792488
556,0.0792793
557,0.0793087
558,0.0793421
559,0.0793737
560,0.0794104
561,0.0794452
562,0.0794828
563,0.0795232
564,0.0795612
565,0.0795993
566,0.0796232
567,0.0796414
568,0.0796506
569,0.0796591
570,0.0796659
571,0.0796747
572,0.0796821
573,0.0796889
574,0.0796981
575,0.0797053
576,0.0797152
577,0.0797261
578,0.0797385
579,0.079752
580,0.0797638
581,0.0797774
582,0.079789
583,0.0797996
584,0.0798087
585,0.0798158
586,0.0798253
587,0.0798323
588,0.0798408
589,0.0798475
590,0.0798561
591,0.0798634
592,0.0798718
593,0.0798782
594,0.0798873
595,0.0798906
596,0.0798964
597,0.0798983
598,0.0798993
599,0.079899
