2,0.00202595
3,0.00598374
4,0.00965809
5,0.0129271
6,0.0157859
7,0.0182399
8,0.0203234
9,0.0220746
10,0.0235664
11,0.0248578
12,0.0259428
13,0.0268576
14,0.0276317
15,0.0283107
16,0.0288999
17,0.0294157
18,0.0298799
19,0.0303229
20,0.0307527
21,0.0311744
22,0.0316185
23,0.0320895
24,0.0326105
25,0.0331699
26,0.0337868
27,0.0344437
28,0.0351649
29,0.0359239
30,0.0367315
31,0.0375813
32,0.0384702
33,0.0393827
34,0.0403181
35,0.0412633
36,0.0422099
37,0.0431516
38,0.0440783
39,0.0449808
40,0.045855
41,0.0466927
42,0.0474911
43,0.0482455
44,0.0489524
45,0.0496121
46,0.0502217
47,0.050789
48,0.0513113
49,0.0517958
50,0.0522411
51,0.0526551
52,0.0530391
53,0.0533971
54,0.0537361
55,0.0540549
56,0.0543582
57,0.0546472
58,0.0549253
59,0.0551919
60,0.0554513
61,0.0556989
62,0.0559408
63,0.0561704
64,0.056394
65,0.0566089
66,0.05682
67,0.0570279
68,0.0572315
69,0.0574289
70,0.0576158
71,0.0577975
72,0.0579678
73,0.0581371
74,0.0582957
75,0.0584562
76,0.0586095
77,0.0587564
78,0.0589021
79,0.0590418
80,0.0591814
81,0.0593148
82,0.0594498
83,0.0595794
84,0.0597098
85,0.059837
86,0.0599636
87,0.0600896
88,0.0602147
89,0.0603411
90,0.060463
91,0.0605857
92,0.0607046
93,0.0608228
94,0.0609414
95,0.0610579
96,0.0611721
97,0.0612846
98,0.0613958
99,0.0615026
100,0.0616112
101,0.0617179
102,0.0618252
103,0.0619301
104,0.0620363
105,0.0621402
106,0.0622456
107,0.0623469
108,0.0624513
109,0.0625568
110,0.0626607
111,0.0627639
112,0.0628642
113,0.0629629
114,0.0630578
115,0.0631539
116,0.0632461
117,0.0633387
118,0.0634286
119,0.0635201
120,0.0636077
121,0.0636967
122,0.0637795
123,0.0638626
124,0.063943
125,0.064022
126,0.0640973
127,0.0641684
128,0.0642345
129,0.0643016
130,0.0643632
131,0.0644284
132,0.0644913
133,0.0645595
134,0.0646252
135,0.0646955
136,0.0647627
137,0.0648356
138,0.0649049
139,0.0649801
140,0.0650496
141,0.0651268
142,0.0651976
143,0.0652712
144,0.0653427
145,0.0654164
146,0.0654869
147,0.0655598
148,0.065627
149,0.0656958
150,0.0657601
151,0.0658248
152,0.0658872
153,0.0659503
154,0.0660133
155,0.0660768
156,0.0661423
157,0.066206
158,0.0662711
159,0.0663348
160,0.0664006
161,0.0664618
162,0.0665304
163,0.0665922
164,0.0666618
165,0.0667263
166,0.0667911
167,0.0668568
168,0.0669185
169,0.0669825
170,0.0670444
171,0.0671096
172,0.0671728
173,0.0672367
174,0.0673031
175,0.0673683
176,0.0674375
177,0.067506
178,0.0675698
179,0.0676236
180,0.0676734
181,0.0677188
182,0.0677666
183,0.0678092
184,0.0678561
185,0.0678974
186,0.067946
187,0.0679867
188,0.0680343
189,0.0680779
190,0.0681231
191,0.0681689
192,0.0682131
193,0.0682596
194,0.0683057
195,0.0683501
196,0.0683956
197,0.0684415
198,0.0684891
199,0.0685347
200,0.0685809
201,0.0686237
202,0.0686692
203,0.0687088
204,0.0687522
205,0.0687898
206,0.0688317
207,0.0688727
208,0.0689134
209,0.0689536
210,0.068992
211,0.0690313
212,0.0690669
213,0.0691034
214,0.0691364
215,0.0691697
216,0.0692073
217,0.0692608
218,0.0693228
219,0.0693867
220,0.0694481
221,0.0695094
222,0.0695661
223,0.0696225
224,0.0696701
225,0.0697203
226,0.0697679
227,0.0698167
228,0.0698636
229,0.0699095
230,0.0699545
231,0.0699975
232,0.0700437
233,0.0700869
234,0.0701339
235,0.070179
236,0.0702243
237,0.0702717
238,0.0703178
239,0.0703654
240,0.0704127
241,0.0704593
242,0.0705032
243,0.070549
244,0.0705898
245,0.0706347
246,0.0706732
247,0.0707177
248,0.0707585
249,0.0708017
250,0.0708409
251,0.0708825
252,0.0709219
253,0.0709612
254,0.0710028
255,0.0710462
256,0.0710908
257,0.0711344
258,0.0711788
259,0.07122
260,0.0712644
261,0.0713067
262,0.0713529
263,0.071396
264,0.0714422
265,0.0714861
266,0.0715289
267,0.071574
268,0.0716193
269,0.0716676
270,0.0717108
271,0.0717491
272,0.0717848
273,0.0718134
274,0.0718409
275,0.0718672
276,0.0718967
277,0.0719235
278,0.0719528
279,0.0719789
280,0.0720074
281,0.072033
282,0.072057
283,0.0720826
284,0.0721051
285,0.0721324
286,0.072159
287,0.072188
288,0.0722175
289,0.0722478
290,0.0722804
291,0.0723134
292,0.0723443
293,0.0723764
294,0.0724069
295,0.0724355
296,0.0724636
297,0.0724895
298,0.0725141
299,0.0725416
300,0.0725727
301,0.0726073
302,0.072643
303,0.0726781
304,0.0727129
305,0.0727486
306,0.072783
307,0.0728183
308,0.0728496
309,0.0728862
310,0.0729229
311,0.072962
312,0.0730001
313,0.0730352
314,0.0730714
315,0.0731043
316,0.0731394
317,0.0731711
318,0.0732011
319,0.0732299
320,0.0732576
321,0.0732822
322,0.0733064
323,0.0733288
324,0.0733526
325,0.0733745
326,0.0733986
327,0.0734195
328,0.0734424
329,0.0734618
330,0.0734837
331,0.0735048
332,0.0735268
333,0.0735481
334,0.073568
335,0.073586
336,0.0736019
337,0.0736232
338,0.0736598
339,0.0737072
340,0.0737583
341,0.0738077
342,0.0738577
343,0.0739059
344,0.0739534
345,0.0740006
346,0.074045
347,0.0740891
348,0.0741293
349,0.0741691
350,0.0742081
351,0.0742465
352,0.0742821
353,0.0743177
354,0.0743484
355,0.0743827
356,0.0744128
357,0.074444
358,0.0744738
359,0.074505
360,0.0745333
361,0.0745609
362,0.0745874
363,0.0746131
364,0.0746396
365,0.0746645
366,0.0746924
367,0.0747193
368,0.0747494
369,0.0747756
370,0.0748033
371,0.0748283
372,0.0748572
373,0.0748871
374,0.0749167
375,0.074948
376,0.0749781
377,0.0750068
378,0.0750354
379,0.0750612
380,0.0750884
381,0.0751147
382,0.0751425
383,0.075168
384,0.0751949
385,0.0752185
386,0.0752438
387,0.0752647
388,0.0752868
389,0.0753084
390,0.0753297
391,0.0753518
392,0.075374
393,0.0753971
394,0.0754181
395,0.0754389
396,0.0754602
397,0.0754797
398,0.0755004
399,0.0755241
400,0.0755479
401,0.0755705
402,0.0755932
403,0.0756144
404,0.075636
405,0.0756664
406,0.0757001
407,0.0757396
408,0.0757763
409,0.0758146
410,0.0758513
411,0.0758884
412,0.0759225
413,0.0759553
414,0.0759855
415,0.0760144
416,0.0760432
417,0.0760751
418,0.0761061
419,0.0761377
420,0.0761649
421,0.0761946
422,0.0762214
423,0.0762467
424,0.0762757
425,0.0763005
426,0.0763266
427,0.0763545
428,0.0763808
429,0.0764074
430,0.0764321
431,0.0764597
432,0.0764853
433,0.0765139
434,0.076541
435,0.0765692
436,0.0765961
437,0.0766194
438,0.0766438
439,0.0766681
440,0.0766976
441,0.076725
442,0.0767513
443,0.0767764
444,0.0768002
445,0.0768213
446,0.0768387
447,0.0768523
448,0.0768677
449,0.0768828
450,0.0769044
451,0.0769284
452,0.0769531
453,0.0769773
454,0.0769994
455,0.0770232
456,0.0770458
457,0.0770704
458,0.0770932
459,0.0771191
460,0.0771456
461,0.0771693
462,0.0771896
463,0.0772093
464,0.0772295
465,0.0772482
466,0.0772658
467,0.0772834
468,0.0773005
469,0.0773189
470,0.0773366
471,0.0773564
472,0.0773781
473,0.0774016
474,0.0774263
475,0.0774503
476,0.0774723
477,0.077493
478,0.0775113
479,0.0775296
480,0.0775482
481,0.0775683
482,0.0775902
483,0.0776139
484,0.0776381
485,0.0776608
486,0.077686
487,0.0777114
488,0.0777347
489,0.0777586
490,0.0777811
491,0.0778082
492,0.0778358
493,0.0778673
494,0.077903
495,0.0779389
496,0.07798
497,0.0780172
498,0.0780632
499,0.0781041
500,0.0781523
501,0.0781988
502,0.0782469
503,0.0782965
504,0.078339
505,0.0783576
506,0.0783609
507,0.0783598
508,0.0783605
509,0.0783605
510,0.0783606
511,0.0783637
512,0.0783716
513,0.0783856
514,0.0783971
515,0.0784118
516,0.0784224
517,0.0784356
518,0.0784478
519,0.0784612
520,0.0784787
521,0.0784955
522,0.0785159
523,0.0785361
524,0.0785563
525,0.078577
526,0.0786008
527,0.0786215
528,0.0786428
529,0.0786645
530,0.078685
531,0.0787086
532,0.0787315
533,0.0787564
534,0.0787778
535,0.0787993
536,0.0788177
537,0.0788391
538,0.0788578
539,0.0788789
540,0.0788969
541,0.0789189
542,0.0789376
543,0.0789621
544,0.0789824
545,0.0790077
546,0.0790296
547,0.0790524
548,0.0790757
549,0.0790997
550,0.0791247
551,0.0791484
552,0.0791753
553,0.0792009
554,0.0792306
555,0.0792573
556,0.0792897
557,0.079319
558,0.0793518
559,0.0793844
560,0.0794201
561,0.079455
562,0.0794947
563,0.0795356
564,0.0795762
565,0.0796111
566,0.0796309
567,0.0796444
568,0.0796528
569,0.0796616
570,0.0796675
571,0.0796767
572,0.0796827
573,0.0796912
574,0.0796986
575,0.0797072
576,0.0797176
577,0.0797276
578,0.0797415
579,0.079753
580,0.0797663
581,0.0797791
582,0.0797904
583,0.0798007
584,0.0798099
585,0.0798194
586,0.0798273
587,0.0798345
588,0.0798423
589,0.0798479
590,0.079858
591,0.0798637
592,0.0798736
593,0.0798797
594,0.0798881
595,0.0798922
596,0.0798975
597,0.0799001
598,0.0799025
599,0.0799015
