2,0.942806
3,0.840721
4,0.753011
5,0.679681
6,0.619416
7,0.570122
8,0.529801
9,0.498112
10,0.472301
11,0.451139
12,0.434213
13,0.421004
14,0.410649
15,0.40216
16,0.39524
17,0.389806
18,0.385383
19,0.381114
20,0.377229
21,0.373127
22,0.36868
23,0.363503
24,0.357551
25,0.350498
26,0.342471
27,0.333531
28,0.323638
29,0.31259
30,0.300687
31,0.288002
32,0.27466
33,0.260852
34,0.246633
35,0.232346
36,0.21784
37,0.203631
38,0.189514
39,0.175961
40,0.162862
41,0.150469
42,0.138769
43,0.12795
44,0.117856
45,0.108756
46,0.100344
47,0.0928602
48,0.0859686
49,0.0798547
50,0.0742554
51,0.0693268
52,0.0648076
53,0.0607831
54,0.0570335
55,0.0536555
56,0.0504739
57,0.0475899
58,0.0448795
59,0.0424276
60,0.0400246
61,0.0378488
62,0.0358167
63,0.0338665
64,0.0321021
65,0.0303771
66,0.0287881
67,0.0271783
68,0.0256743
69,0.0242446
70,0.0229646
71,0.0218119
72,0.0207572
73,0.0197972
74,0.0189288
75,0.0180365
76,0.0172765
77,0.0165436
78,0.0158937
79,0.0152538
80,0.0146685
81,0.0141055
82,0.0135696
83,0.013042
84,0.0125391
85,0.0120499
86,0.011548
87,0.0110951
88,0.0105894
89,0.0101526
90,0.00966895
91,0.00925965
92,0.00884919
93,0.00848888
94,0.00806885
95,0.00770066
96,0.0072995
97,0.00699077
98,0.00658332
99,0.00632862
100,0.00595825
101,0.00566045
102,0.00531923
103,0.00501035
104,0.00464739
105,0.00438581
106,0.00402175
107,0.00377497
108,0.00342272
109,0.0031503
110,0.00275795
111,0.0025639
112,0.00221103
113,0.00207349
114,0.00181378
115,0.00174632
116,0.00158005
117,0.00151819
118,0.00148265
119,0.00142374
120,0.00150693
121,0.00146776
122,0.00158087
123,0.0015752
124,0.00168926
125,0.00168691
126,0.00174725
127,0.00168669
128,0.00165128
129,0.00145864
130,0.00110799
131,0.00110854
132,0.00117932
133,0.00128967
134,0.00128366
135,0.00130674
136,0.00130267
137,0.00133942
138,0.0013649
139,0.00142169
140,0.00148111
141,0.00158694
142,0.00164445
143,0.0017504
144,0.00181661
145,0.00194364
146,0.00202112
147,0.0021587
148,0.00220755
149,0.00228228
150,0.00230859
151,0.00237071
152,0.00235312
153,0.00239863
154,0.00239699
155,0.00248604
156,0.0025107
157,0.00259476
158,0.00263111
159,0.00271311
160,0.00278305
161,0.00286734
162,0.00293275
163,0.00304577
164,0.00315088
165,0.0032894
166,0.00335995
167,0.00347065
168,0.00357091
169,0.00364783
170,0.00377512
171,0.00387624
172,0.00400803
173,0.00411296
174,0.0042612
175,0.00440921
176,0.00459933
177,0.00475708
178,0.0048899
179,0.00489519
180,0.00483676
181,0.00476518
182,0.00466256
183,0.00455536
184,0.00444024
185,0.00432381
186,0.0042064
187,0.00409589
188,0.00400595
189,0.00389043
190,0.00382461
191,0.00371898
192,0.00367203
193,0.00358476
194,0.00352976
195,0.0034477
196,0.0033769
197,0.00332463
198,0.00327487
199,0.00326058
200,0.00318499
201,0.00312799
202,0.00302242
203,0.0029276
204,0.00283273
205,0.0027065
206,0.00262129
207,0.00251254
208,0.00242408
209,0.00233476
210,0.00222765
211,0.00214027
212,0.00198223
213,0.00186392
214,0.00169342
215,0.00159725
216,0.00166282
217,0.00173451
218,0.00185215
219,0.00200241
220,0.00217148
221,0.00224273
222,0.00230612
223,0.00249362
224,0.00269358
225,0.00278921
226,0.00292675
227,0.0029298
228,0.00300494
229,0.00301954
230,0.00305334
231,0.00305499
232,0.00308175
233,0.00309599
234,0.003162
235,0.00318738
236,0.00326473
237,0.00332622
238,0.00339118
239,0.00346236
240,0.00352437
241,0.00358235
242,0.00361584
243,0.00364635
244,0.00366348
245,0.00367055
246,0.00369181
247,0.00372503
248,0.00374091
249,0.00379322
250,0.00378132
251,0.00376096
252,0.00375002
253,0.00374225
254,0.00378254
255,0.00383915
256,0.00388191
257,0.00396528
258,0.00397432
259,0.00406596
260,0.00410624
261,0.00417994
262,0.00426766
263,0.00433114
264,0.00442717
265,0.00448621
266,0.0045577
267,0.00462975
268,0.00474518
269,0.00486849
270,0.0049237
271,0.00497503
272,0.00485592
273,0.00477452
274,0.00459005
275,0.00449876
276,0.00433158
277,0.00420661
278,0.00410528
279,0.00390615
280,0.00370158
281,0.00356099
282,0.00345908
283,0.00332447
284,0.00318405
285,0.00305463
286,0.00293346
287,0.0028417
288,0.00275008
289,0.0026753
290,0.00264644
291,0.00260105
292,0.00254862
293,0.00249397
294,0.0024247
295,0.00232704
296,0.00222853
297,0.00212258
298,0.00198558
299,0.00192069
300,0.00186291
301,0.00189089
302,0.0018931
303,0.00191417
304,0.00192443
305,0.00192128
306,0.00195556
307,0.0019473
308,0.00196436
309,0.0019882
310,0.00202147
311,0.00207304
312,0.00211108
313,0.00214517
314,0.00213939
315,0.00218346
316,0.00216145
317,0.00215144
318,0.00211526
319,0.00205981
320,0.00201794
321,0.00189877
322,0.00177807
323,0.00167447
324,0.0015587
325,0.00144963
326,0.00135155
327,0.00122604
328,0.00110919
329,0.00102658
330,0.000943651
331,0.000875148
332,0.00082907
333,0.000804658
334,0.000806283
335,0.000840059
336,0.000943653
337,0.000996873
338,0.000921115
339,0.000831149
340,0.000802648
341,0.000831411
342,0.000939278
343,0.00109795
344,0.0012518
345,0.00142216
346,0.00158342
347,0.0017522
348,0.00185797
349,0.00197522
350,0.00210184
351,0.00218412
352,0.00227685
353,0.00231995
354,0.00237118
355,0.00238636
356,0.00242613
357,0.00241415
358,0.00244979
359,0.00244751
360,0.00241596
361,0.00237882
362,0.00235481
363,0.00231539
364,0.00222824
365,0.00223395
366,0.00216378
367,0.00205019
368,0.00200219
369,0.00210107
370,0.00208965
371,0.00210477
372,0.00210326
373,0.0021146
374,0.00212044
375,0.00213734
376,0.00216761
377,0.00216278
378,0.00217819
379,0.0021571
380,0.00212852
381,0.0020966
382,0.0021076
383,0.00205894
384,0.0020588
385,0.00199821
386,0.00194338
387,0.00188399
388,0.00180945
389,0.00172782
390,0.00165514
391,0.00157854
392,0.00154248
393,0.00139761
394,0.00115549
395,0.00112656
396,0.00119612
397,0.00116019
398,0.00113504
399,0.0010816
400,0.00107327
401,0.00103073
402,0.000988577
403,0.000934615
404,0.000916808
405,0.000932658
406,0.00101286
407,0.00113654
408,0.00122597
409,0.00135847
410,0.00147851
411,0.00154841
412,0.00145492
413,0.00156617
414,0.00171278
415,0.00177732
416,0.00185506
417,0.00191634
418,0.00199608
419,0.00205419
420,0.00207049
421,0.00211096
422,0.00212426
423,0.00215078
424,0.00216304
425,0.00215861
426,0.00216281
427,0.00219189
428,0.00219768
429,0.0022123
430,0.00219204
431,0.00222966
432,0.00223096
433,0.00226884
434,0.00230153
435,0.00233165
436,0.0023467
437,0.00231809
438,0.00233237
439,0.00234358
440,0.00237785
441,0.00244098
442,0.00242602
443,0.00243268
444,0.00239068
445,0.00234826
446,0.00222937
447,0.00210895
448,0.00199514
449,0.00190692
450,0.00187858
451,0.00187518
452,0.00189549
453,0.00186267
454,0.00185248
455,0.00183868
456,0.00181646
457,0.00182965
458,0.00181321
459,0.00186255
460,0.00188227
461,0.00185797
462,0.00183625
463,0.00174467
464,0.00171115
465,0.00165429
466,0.00159815
467,0.00151897
468,0.00143151
469,0.00137684
470,0.00130598
471,0.00128348
472,0.00126428
473,0.00125759
474,0.00128231
475,0.00127873
476,0.00128238
477,0.00122512
478,0.001203
479,0.00114136
480,0.00111112
481,0.0010812
482,0.00107866
483,0.00108374
484,0.00108698
485,0.00109465
486,0.00111904
487,0.00114766
488,0.00114131
489,0.0011665
490,0.0011676
491,0.0012158
492,0.00127252
493,0.0013883
494,0.00152581
495,0.00170189
496,0.00191059
497,0.00212912
498,0.0023817
499,0.00264351
500,0.00290658
501,0.00321674
502,0.00348591
503,0.00382767
504,0.00403681
505,0.00398544
506,0.00370777
507,0.00344376
508,0.00316045
509,0.00288957
510,0.00262011
511,0.00237333
512,0.00221549
513,0.00210089
514,0.00201569
515,0.00191569
516,0.0018131
517,0.00171675
518,0.00161364
519,0.00154261
520,0.00147786
521,0.00145723
522,0.00144526
523,0.00141949
524,0.00144854
525,0.00144828
526,0.00147652
527,0.00148971
528,0.00149914
529,0.0014677
530,0.00149968
531,0.00144352
532,0.00154182
533,0.00147202
534,0.00159062
535,0.00145428
536,0.00160114
537,0.0015055
538,0.00165392
539,0.00156777
540,0.00167029
541,0.00157712
542,0.00164224
543,0.00158584
544,0.00166435
545,0.00160929
546,0.00171025
547,0.00163377
548,0.00180345
549,0.00174566
550,0.001887
551,0.00187103
552,0.00197898
553,0.00201945
554,0.00208654
555,0.00222492
556,0.00232029
557,0.00251757
558,0.00264507
559,0.00283326
560,0.00301665
561,0.00325622
562,0.00349751
563,0.00378117
564,0.00403714
565,0.00413957
566,0.00413628
567,0.00401491
568,0.0038863
569,0.00373088
570,0.00359334
571,0.00342841
572,0.00329006
573,0.00314104
574,0.00302698
575,0.00290952
576,0.00279586
577,0.00269761
578,0.00261722
579,0.0025346
580,0.00244896
581,0.00237492
582,0.00226275
583,0.00217889
584,0.00204969
585,0.00194852
586,0.00181896
587,0.0016955
588,0.00158828
589,0.00150884
590,0.00144367
591,0.00140528
592,0.00141386
593,0.00146954
594,0.00152082
595,0.00159301
596,0.00162711
597,0.00170139
598,0.00174456
599,0.00180605
