2,0.00202611
3,0.00597819
4,0.00965901
5,0.0129324
6,0.015771
7,0.0182106
8,0.0203022
9,0.0220386
10,0.0235235
11,0.0248027
12,0.0258875
13,0.0267968
14,0.0275669
15,0.0282413
16,0.0288335
17,0.0293462
18,0.0298025
19,0.0302429
20,0.0306579
21,0.0310769
22,0.0315078
23,0.0319701
24,0.032468
25,0.0330184
26,0.0336168
27,0.0342603
28,0.0349527
29,0.0357047
30,0.0365022
31,0.0373416
32,0.0382172
33,0.039119
34,0.0400449
35,0.0409763
36,0.0419216
37,0.0428529
38,0.0437816
39,0.044681
40,0.0455574
41,0.0463965
42,0.0471983
43,0.0479525
44,0.0486671
45,0.0493263
46,0.0499475
47,0.0505158
48,0.0510511
49,0.0515414
50,0.0520025
51,0.0524238
52,0.0528217
53,0.0531897
54,0.0535416
55,0.0538705
56,0.054188
57,0.0544863
58,0.0547744
59,0.0550458
60,0.0553142
61,0.0555673
62,0.055812
63,0.05605
64,0.056277
65,0.0564994
66,0.0567141
67,0.0569279
68,0.0571352
69,0.0573363
70,0.0575287
71,0.0577111
72,0.0578879
73,0.0580571
74,0.0582205
75,0.0583837
76,0.0585389
77,0.0586907
78,0.0588367
79,0.0589814
80,0.0591215
81,0.05926
82,0.0593951
83,0.0595301
84,0.0596611
85,0.0597927
86,0.0599221
87,0.0600503
88,0.0601785
89,0.0603049
90,0.0604302
91,0.0605542
92,0.0606739
93,0.0607943
94,0.0609127
95,0.0610325
96,0.0611472
97,0.0612618
98,0.0613748
99,0.0614839
100,0.0615924
101,0.0617027
102,0.0618081
103,0.0619178
104,0.0620232
105,0.0621291
106,0.0622338
107,0.0623374
108,0.0624403
109,0.0625455
110,0.0626522
111,0.0627535
112,0.0628575
113,0.0629552
114,0.0630538
115,0.0631467
116,0.063244
117,0.0633324
118,0.0634258
119,0.0635166
120,0.0636076
121,0.0636916
122,0.0637786
123,0.06386
124,0.0639438
125,0.0640218
126,0.0640986
127,0.06417
128,0.0642374
129,0.0643035
130,0.064366
131,0.0644326
132,0.0644973
133,0.0645659
134,0.0646338
135,0.0647027
136,0.0647723
137,0.0648423
138,0.0649135
139,0.0649853
140,0.0650577
141,0.0651324
142,0.0652033
143,0.0652767
144,0.0653478
145,0.0654207
146,0.065492
147,0.0655647
148,0.0656326
149,0.0657015
150,0.065766
151,0.0658323
152,0.0658939
153,0.0659587
154,0.0660206
155,0.0660874
156,0.0661501
157,0.0662168
158,0.0662792
159,0.0663448
160,0.0664093
161,0.066474
162,0.0665377
163,0.0666043
164,0.0666695
165,0.066737
166,0.0667997
167,0.0668646
168,0.0669287
169,0.0669904
170,0.067056
171,0.0671191
172,0.0671841
173,0.0672471
174,0.0673125
175,0.0673778
176,0.0674457
177,0.0675111
178,0.0675748
179,0.0676291
180,0.0676789
181,0.0677275
182,0.067774
183,0.0678196
184,0.0678646
185,0.0679091
186,0.0679533
187,0.0679978
188,0.0680434
189,0.0680868
190,0.0681336
191,0.0681773
192,0.068225
193,0.0682697
194,0.0683161
195,0.0683605
196,0.0684058
197,0.0684516
198,0.0684977
199,0.0685462
200,0.0685896
201,0.0686346
202,0.0686759
203,0.0687175
204,0.0687592
205,0.0687978
206,0.0688395
207,0.0688792
208,0.0689204
209,0.068961
210,0.069
211,0.0690404
212,0.0690749
213,0.0691126
214,0.0691453
215,0.069183
216,0.0692347
217,0.0692863
218,0.0693412
219,0.0693982
220,0.0694553
221,0.0695119
222,0.0695668
223,0.0696196
224,0.0696748
225,0.0697257
226,0.0697793
227,0.0698237
228,0.0698731
229,0.0699177
230,0.0699638
231,0.0700073
232,0.0700525
233,0.0700967
234,0.0701442
235,0.0701889
236,0.070237
237,0.0702841
238,0.0703311
239,0.0703784
240,0.0704248
241,0.0704708
242,0.0705151
243,0.0705587
244,0.0706013
245,0.0706433
246,0.0706858
247,0.0707293
248,0.0707712
249,0.0708158
250,0.0708553
251,0.0708941
252,0.0709338
253,0.0709737
254,0.0710163
255,0.0710603
256,0.0711032
257,0.0711489
258,0.071189
259,0.071235
260,0.0712773
261,0.0713216
262,0.0713669
263,0.0714103
264,0.071456
265,0.0714992
266,0.0715426
267,0.0715863
268,0.0716329
269,0.0716799
270,0.071722
271,0.0717634
272,0.0717927
273,0.0718244
274,0.0718486
275,0.0718794
276,0.0719041
277,0.0719328
278,0.0719616
279,0.0719869
280,0.0720126
281,0.0720359
282,0.0720626
283,0.0720882
284,0.0721141
285,0.0721406
286,0.0721678
287,0.0721968
288,0.0722257
289,0.0722559
290,0.0722895
291,0.0723216
292,0.0723528
293,0.0723841
294,0.072414
295,0.0724423
296,0.0724693
297,0.072496
298,0.0725196
299,0.0725494
300,0.0725792
301,0.0726162
302,0.072651
303,0.072687
304,0.0727217
305,0.0727557
306,0.0727922
307,0.072826
308,0.0728613
309,0.0728969
310,0.0729331
311,0.0729708
312,0.0730072
313,0.0730432
314,0.0730764
315,0.0731128
316,0.0731441
317,0.0731762
318,0.0732068
319,0.0732352
320,0.073264
321,0.0732872
322,0.0733106
323,0.0733341
324,0.0733566
325,0.0733796
326,0.0734031
327,0.0734236
328,0.0734447
329,0.0734666
330,0.073488
331,0.0735089
332,0.0735316
333,0.0735506
334,0.0735711
335,0.0735887
336,0.073604
337,0.0736281
338,0.0736694
339,0.0737162
340,0.0737676
341,0.0738148
342,0.0738648
343,0.0739125
344,0.0739601
345,0.0740067
346,0.0740516
347,0.0740953
348,0.074135
349,0.074175
350,0.0742155
351,0.0742525
352,0.07429
353,0.0743231
354,0.0743575
355,0.0743885
356,0.0744214
357,0.0744505
358,0.074483
359,0.0745126
360,0.0745397
361,0.0745666
362,0.0745937
363,0.0746204
364,0.0746428
365,0.0746724
366,0.0746971
367,0.0747261
368,0.0747496
369,0.0747809
370,0.0748066
371,0.0748362
372,0.074865
373,0.0748947
374,0.0749237
375,0.074954
376,0.0749843
377,0.0750129
378,0.0750421
379,0.0750692
380,0.0750947
381,0.0751207
382,0.0751494
383,0.075174
384,0.0752018
385,0.0752247
386,0.0752481
387,0.0752712
388,0.0752927
389,0.0753137
390,0.0753349
391,0.0753566
392,0.0753795
393,0.0753991
394,0.0754208
395,0.0754381
396,0.0754613
397,0.075482
398,0.0755064
399,0.0755278
400,0.075554
401,0.0755756
402,0.0755988
403,0.0756183
404,0.0756421
405,0.075671
406,0.0757085
407,0.0757477
408,0.0757836
409,0.0758233
410,0.075859
411,0.0758954
412,0.0759267
413,0.0759567
414,0.0759879
415,0.0760182
416,0.07605
417,0.0760812
418,0.0761137
419,0.0761446
420,0.0761723
421,0.0762016
422,0.076228
423,0.0762559
424,0.0762824
425,0.0763079
426,0.0763344
427,0.0763621
428,0.0763878
429,0.0764148
430,0.0764385
431,0.076467
432,0.0764926
433,0.0765208
434,0.0765485
435,0.0765762
436,0.0766023
437,0.0766253
438,0.0766514
439,0.0766774
440,0.0767052
441,0.0767349
442,0.0767587
443,0.0767841
444,0.0768054
445,0.0768268
446,0.0768418
447,0.0768562
448,0.0768713
449,0.0768887
450,0.0769109
451,0.0769347
452,0.0769607
453,0.0769826
454,0.0770061
455,0.0770289
456,0.0770513
457,0.0770765
458,0.0770991
459,0.0771272
460,0.0771528
461,0.0771753
462,0.0771967
463,0.0772131
464,0.0772338
465,0.0772525
466,0.0772714
467,0.0772882
468,0.0773041
469,0.0773231
470,0.07734
471,0.0773604
472,0.0773817
473,0.0774058
474,0.0774311
475,0.0774541
476,0.0774774
477,0.0774958
478,0.0775161
479,0.0775336
480,0.0775526
481,0.0775729
482,0.0775959
483,0.0776191
484,0.0776422
485,0.0776664
486,0.0776917
487,0.0777175
488,0.0777398
489,0.0777652
490,0.0777879
491,0.0778152
492,0.0778438
493,0.0778772
494,0.0779121
495,0.0779505
496,0.0779906
497,0.0780316
498,0.0780746
499,0.0781185
500,0.0781622
501,0.0782094
502,0.0782532
503,0.0783027
504,0.0783414
505,0.0783596
506,0.0783596
507,0.0783609
508,0.0783602
509,0.0783603
510,0.0783601
511,0.0783622
512,0.0783708
513,0.0783831
514,0.078398
515,0.0784113
516,0.078424
517,0.0784373
518,0.0784498
519,0.0784651
520,0.0784808
521,0.0785002
522,0.0785207
523,0.0785396
524,0.0785619
525,0.0785827
526,0.078605
527,0.0786275
528,0.0786487
529,0.0786697
530,0.0786929
531,0.0787141
532,0.0787383
533,0.0787609
534,0.0787847
535,0.0788024
536,0.0788242
537,0.0788419
538,0.0788638
539,0.0788814
540,0.0789028
541,0.0789222
542,0.0789442
543,0.0789655
544,0.0789898
545,0.0790119
546,0.079035
547,0.0790577
548,0.0790848
549,0.0791066
550,0.079133
551,0.0791564
552,0.0791832
553,0.0792095
554,0.0792357
555,0.0792669
556,0.0792947
557,0.0793297
558,0.0793607
559,0.0793958
560,0.0794291
561,0.0794689
562,0.0795064
563,0.0795499
564,0.0795897
565,0.0796183
566,0.0796374
567,0.0796472
568,0.0796561
569,0.0796629
570,0.0796705
571,0.0796768
572,0.0796846
573,0.0796915
574,0.0797009
575,0.07971
576,0.0797204
577,0.0797313
578,0.079743
579,0.0797565
580,0.0797682
581,0.0797816
582,0.0797915
583,0.0798039
584,0.0798119
585,0.0798225
586,0.0798294
587,0.0798365
588,0.0798425
589,0.0798505
590,0.0798571
591,0.0798653
592,0.0798728
593,0.0798819
594,0.0798865
595,0.0798944
596,0.0798988
597,0.0799007
598,0.0799033
599,0.0799042
