2,0.00201375
3,0.00595445
4,0.00963586
5,0.012895
6,0.0157399
7,0.0181791
8,0.0202497
9,0.021999
10,0.023495
11,0.0247528
12,0.0258369
13,0.0267456
14,0.0275109
15,0.0281858
16,0.0287658
17,0.0292625
18,0.029718
19,0.0301522
20,0.0305755
21,0.0309788
22,0.0313998
23,0.0318504
24,0.0323456
25,0.0328762
26,0.0334525
27,0.0340779
28,0.034766
29,0.0355062
30,0.0362915
31,0.0371151
32,0.0379729
33,0.0388698
34,0.0397827
35,0.0407138
36,0.0416456
37,0.0425765
38,0.0434922
39,0.0443941
40,0.0452619
41,0.0461027
42,0.0468992
43,0.0476585
44,0.0483706
45,0.0490397
46,0.0496611
47,0.0502432
48,0.0507835
49,0.0512898
50,0.0517562
51,0.0521957
52,0.052599
53,0.0529837
54,0.053342
55,0.0536867
56,0.05401
57,0.0543231
58,0.0546151
59,0.0549016
60,0.0551702
61,0.0554352
62,0.0556831
63,0.0559274
64,0.0561598
65,0.0563858
66,0.0566058
67,0.0568255
68,0.0570365
69,0.0572422
70,0.0574369
71,0.0576266
72,0.0578039
73,0.0579771
74,0.0581449
75,0.0583101
76,0.0584676
77,0.0586233
78,0.0587726
79,0.0589195
80,0.059062
81,0.0592028
82,0.0593431
83,0.0594788
84,0.0596143
85,0.0597465
86,0.0598799
87,0.0600102
88,0.0601406
89,0.0602688
90,0.0603976
91,0.0605211
92,0.0606429
93,0.0607653
94,0.0608844
95,0.0610055
96,0.0611222
97,0.0612393
98,0.0613535
99,0.0614651
100,0.0615755
101,0.0616851
102,0.0617944
103,0.0619032
104,0.0620104
105,0.0621181
106,0.0622237
107,0.0623282
108,0.0624309
109,0.0625372
110,0.0626434
111,0.062747
112,0.0628507
113,0.0629494
114,0.0630464
115,0.0631427
116,0.0632369
117,0.063331
118,0.0634214
119,0.0635144
120,0.0636035
121,0.0636904
122,0.0637751
123,0.063859
124,0.0639403
125,0.0640222
126,0.0640975
127,0.0641695
128,0.064237
129,0.0643026
130,0.0643684
131,0.0644357
132,0.0645044
133,0.0645722
134,0.0646419
135,0.0647094
136,0.0647812
137,0.0648495
138,0.0649239
139,0.0649924
140,0.0650666
141,0.0651374
142,0.0652108
143,0.0652808
144,0.0653528
145,0.0654248
146,0.0654978
147,0.0655681
148,0.0656397
149,0.0657062
150,0.0657752
151,0.0658369
152,0.0659032
153,0.0659642
154,0.0660305
155,0.0660945
156,0.06616
157,0.0662241
158,0.0662892
159,0.0663534
160,0.0664192
161,0.0664842
162,0.0665478
163,0.0666148
164,0.0666773
165,0.0667474
166,0.0668076
167,0.0668748
168,0.066936
169,0.0670038
170,0.0670647
171,0.0671316
172,0.067194
173,0.0672585
174,0.0673222
175,0.0673867
176,0.0674531
177,0.0675183
178,0.0675812
179,0.0676367
180,0.0676867
181,0.0677368
182,0.0677817
183,0.0678295
184,0.0678746
185,0.0679201
186,0.0679651
187,0.0680088
188,0.068055
189,0.0680983
190,0.0681445
191,0.068189
192,0.068237
193,0.068283
194,0.0683276
195,0.0683711
196,0.0684154
197,0.0684615
198,0.068509
199,0.0685543
200,0.0686
201,0.0686426
202,0.068686
203,0.0687257
204,0.0687665
205,0.0688083
206,0.0688472
207,0.0688876
208,0.0689286
209,0.068967
210,0.0690081
211,0.0690455
212,0.069082
213,0.0691163
214,0.0691482
215,0.0691872
216,0.0692385
217,0.0692968
218,0.0693516
219,0.0694063
220,0.069459
221,0.0695167
222,0.0695733
223,0.0696288
224,0.069684
225,0.0697352
226,0.0697881
227,0.0698339
228,0.0698817
229,0.0699286
230,0.0699722
231,0.0700187
232,0.0700614
233,0.070108
234,0.0701527
235,0.0701976
236,0.0702466
237,0.0702936
238,0.070345
239,0.0703902
240,0.0704388
241,0.0704821
242,0.0705287
243,0.0705682
244,0.070613
245,0.0706547
246,0.0706987
247,0.0707414
248,0.0707854
249,0.0708272
250,0.0708674
251,0.0709063
252,0.0709453
253,0.0709863
254,0.0710288
255,0.071073
256,0.0711167
257,0.0711596
258,0.0712026
259,0.0712463
260,0.0712906
261,0.0713364
262,0.0713798
263,0.0714262
264,0.0714704
265,0.0715163
266,0.0715603
267,0.071607
268,0.0716508
269,0.0716944
270,0.0717365
271,0.0717748
272,0.0718035
273,0.0718328
274,0.0718584
275,0.0718888
276,0.0719128
277,0.0719384
278,0.071962
279,0.0719913
280,0.0720171
281,0.0720435
282,0.0720704
283,0.0720952
284,0.0721217
285,0.0721474
286,0.0721771
287,0.0722045
288,0.0722359
289,0.0722664
290,0.0722981
291,0.0723289
292,0.0723611
293,0.0723919
294,0.0724221
295,0.0724486
296,0.072477
297,0.0725012
298,0.0725274
299,0.0725538
300,0.072588
301,0.0726235
302,0.0726584
303,0.072695
304,0.0727301
305,0.0727651
306,0.072801
307,0.0728345
308,0.0728674
309,0.0729061
310,0.0729427
311,0.0729805
312,0.073015
313,0.0730519
314,0.0730842
315,0.0731182
316,0.0731508
317,0.0731831
318,0.0732124
319,0.0732417
320,0.0732682
321,0.073293
322,0.0733152
323,0.0733385
324,0.0733616
325,0.0733841
326,0.0734057
327,0.0734272
328,0.073449
329,0.0734685
330,0.0734913
331,0.0735114
332,0.0735339
333,0.0735553
334,0.0735738
335,0.0735909
336,0.0736081
337,0.0736322
338,0.0736759
339,0.0737269
340,0.073775
341,0.073824
342,0.0738706
343,0.0739197
344,0.0739668
345,0.0740138
346,0.074058
347,0.0741016
348,0.0741422
349,0.0741826
350,0.074222
351,0.0742604
352,0.0742972
353,0.0743321
354,0.0743629
355,0.0743969
356,0.0744275
357,0.0744589
358,0.0744893
359,0.0745188
360,0.0745468
361,0.0745746
362,0.0745998
363,0.074626
364,0.0746485
365,0.0746726
366,0.0746972
367,0.0747298
368,0.074757
369,0.0747864
370,0.0748155
371,0.074844
372,0.0748742
373,0.0749015
374,0.0749337
375,0.07496
376,0.0749927
377,0.0750179
378,0.0750489
379,0.075074
380,0.0751027
381,0.0751282
382,0.0751571
383,0.0751815
384,0.075208
385,0.0752313
386,0.0752548
387,0.075275
388,0.0752981
389,0.0753183
390,0.0753405
391,0.0753591
392,0.075381
393,0.0754003
394,0.0754213
395,0.0754436
396,0.0754647
397,0.0754881
398,0.075509
399,0.0755349
400,0.0755562
401,0.0755814
402,0.0756015
403,0.075623
404,0.0756439
405,0.0756758
406,0.0757129
407,0.0757521
408,0.0757902
409,0.0758271
410,0.0758636
411,0.0758953
412,0.0759296
413,0.0759642
414,0.0759939
415,0.0760275
416,0.0760557
417,0.0760908
418,0.0761194
419,0.0761511
420,0.0761786
421,0.0762083
422,0.0762347
423,0.0762617
424,0.0762896
425,0.0763143
426,0.0763431
427,0.0763682
428,0.0763965
429,0.0764195
430,0.0764489
431,0.0764744
432,0.076501
433,0.0765298
434,0.076556
435,0.0765871
436,0.0766094
437,0.0766341
438,0.0766583
439,0.0766857
440,0.0767137
441,0.0767399
442,0.0767661
443,0.0767901
444,0.0768122
445,0.0768307
446,0.0768467
447,0.0768606
448,0.0768759
449,0.076895
450,0.0769171
451,0.0769422
452,0.0769666
453,0.0769891
454,0.0770132
455,0.0770339
456,0.0770601
457,0.077081
458,0.0771078
459,0.0771324
460,0.0771599
461,0.0771811
462,0.0771996
463,0.0772195
464,0.0772379
465,0.0772569
466,0.0772735
467,0.0772915
468,0.0773087
469,0.077326
470,0.0773443
471,0.0773657
472,0.0773855
473,0.0774118
474,0.0774355
475,0.0774605
476,0.077481
477,0.077501
478,0.0775203
479,0.0775377
480,0.0775567
481,0.0775771
482,0.0776023
483,0.0776233
484,0.0776487
485,0.077673
486,0.0776973
487,0.0777228
488,0.0777455
489,0.0777694
490,0.0777955
491,0.0778226
492,0.0778521
493,0.0778863
494,0.0779236
495,0.0779609
496,0.0780024
497,0.0780432
498,0.0780863
499,0.0781294
500,0.0781732
501,0.07822
502,0.0782708
503,0.0783216
504,0.0783497
505,0.07836
506,0.0783596
507,0.0783594
508,0.0783603
509,0.0783597
510,0.0783592
511,0.0783615
512,0.0783692
513,0.0783819
514,0.0783973
515,0.0784112
516,0.0784256
517,0.0784385
518,0.0784525
519,0.0784664
520,0.0784846
521,0.0785035
522,0.0785245
523,0.0785458
524,0.0785657
525,0.0785879
526,0.0786103
527,0.0786328
528,0.0786537
529,0.0786741
530,0.0786978
531,0.0787202
532,0.0787438
533,0.078768
534,0.0787891
535,0.0788098
536,0.0788277
537,0.0788488
538,0.0788671
539,0.0788868
540,0.0789055
541,0.0789274
542,0.0789483
543,0.0789704
544,0.0789944
545,0.0790167
546,0.0790405
547,0.0790639
548,0.07909
549,0.0791145
550,0.0791387
551,0.0791654
552,0.0791889
553,0.0792184
554,0.0792433
555,0.0792763
556,0.079305
557,0.0793392
558,0.0793717
559,0.0794047
560,0.0794422
561,0.0794796
562,0.0795206
563,0.079563
564,0.0796014
565,0.0796267
566,0.0796429
567,0.0796526
568,0.0796589
569,0.0796671
570,0.0796729
571,0.0796806
572,0.0796875
573,0.0796954
574,0.0797033
575,0.0797127
576,0.0797232
577,0.0797324
578,0.0797478
579,0.0797577
580,0.0797729
581,0.079783
582,0.079796
583,0.0798046
584,0.0798141
585,0.0798227
586,0.0798301
587,0.0798381
588,0.0798442
589,0.0798524
590,0.0798589
591,0.0798674
592,0.0798739
593,0.079883
594,0.0798893
595,0.0798949
596,0.0798997
597,0.0799036
598,0.0799049
599,0.0799059
