2,0.943155
3,0.841354
4,0.753603
5,0.680607
6,0.620165
7,0.570864
8,0.531018
9,0.499014
10,0.472937
11,0.45224
12,0.43531
13,0.422107
14,0.411839
15,0.403326
16,0.396647
17,0.391529
18,0.387103
19,0.382942
20,0.378871
21,0.375067
22,0.370802
23,0.365833
24,0.359915
25,0.353231
26,0.345605
27,0.336997
28,0.327153
29,0.316308
30,0.304603
31,0.292193
32,0.279155
33,0.265407
34,0.251396
35,0.237085
36,0.222795
37,0.208563
38,0.194649
39,0.181023
40,0.168047
41,0.155596
42,0.14397
43,0.133029
44,0.122957
45,0.113659
46,0.105224
47,0.0974809
48,0.0904876
49,0.0840818
50,0.0783778
51,0.0731255
52,0.068509
53,0.0641915
54,0.0603362
55,0.0566783
56,0.0533996
57,0.0502627
58,0.047487
59,0.0447777
60,0.0423682
61,0.0399963
62,0.0379103
63,0.0358574
64,0.033994
65,0.0322169
66,0.0305377
67,0.028833
68,0.0272665
69,0.0257696
70,0.0244489
71,0.0231807
72,0.0221129
73,0.0210963
74,0.0201477
75,0.019227
76,0.0184204
77,0.0176264
78,0.0169231
79,0.0162475
80,0.0156263
81,0.0150226
82,0.0144113
83,0.0138592
84,0.0133013
85,0.0127869
86,0.0122344
87,0.0117378
88,0.0112026
89,0.0107359
90,0.0101972
91,0.00979345
92,0.00934876
93,0.00895452
94,0.00852072
95,0.0081151
96,0.00768298
97,0.00730742
98,0.00689376
99,0.00658534
100,0.00619811
101,0.00589797
102,0.00550115
103,0.00519573
104,0.00481128
105,0.00450966
106,0.00413969
107,0.0038748
108,0.00351533
109,0.00322989
110,0.00282512
111,0.00260169
112,0.00223396
113,0.00209617
114,0.00182059
115,0.00172121
116,0.00156251
117,0.00146653
118,0.00141419
119,0.00136147
120,0.00145595
121,0.00142481
122,0.00153576
123,0.00153473
124,0.00164341
125,0.0016786
126,0.00173226
127,0.0016419
128,0.0014065
129,0.00121164
130,0.00126531
131,0.00137104
132,0.00137068
133,0.00139924
134,0.0013728
135,0.00137823
136,0.00139871
137,0.00141973
138,0.00147466
139,0.001496
140,0.00158866
141,0.00165631
142,0.00173099
143,0.00180434
144,0.00189276
145,0.00198841
146,0.0021008
147,0.00219977
148,0.00229965
149,0.00235165
150,0.0024356
151,0.00242514
152,0.00248317
153,0.00246906
154,0.00254386
155,0.00258756
156,0.00264846
157,0.00270509
158,0.00277103
159,0.00283413
160,0.00292375
161,0.00301238
162,0.00308058
163,0.00319934
164,0.00326243
165,0.00343997
166,0.00347566
167,0.00361559
168,0.00367716
169,0.00383872
170,0.00390486
171,0.00405753
172,0.00415148
173,0.00427818
174,0.00439782
175,0.00454068
176,0.00470641
177,0.00486051
178,0.00498418
179,0.00500674
180,0.0049465
181,0.00489753
182,0.004776
183,0.00469896
184,0.00458407
185,0.00448316
186,0.00437729
187,0.00425676
188,0.00417464
189,0.00405327
190,0.00397633
191,0.00388438
192,0.00384074
193,0.00377997
194,0.00369138
195,0.00359917
196,0.00351543
197,0.00346118
198,0.00343241
199,0.00337829
200,0.00332812
201,0.00323991
202,0.00316604
203,0.00304145
204,0.00293932
205,0.00285101
206,0.00272695
207,0.00262833
208,0.00253614
209,0.00241363
210,0.00233362
211,0.00220538
212,0.00207692
213,0.00191622
214,0.00173397
215,0.00164314
216,0.00170119
217,0.00187666
218,0.00197251
219,0.0019587
220,0.00208926
221,0.00234262
222,0.0025333
223,0.00268336
224,0.00283272
225,0.00292576
226,0.00304517
227,0.00306932
228,0.00312625
229,0.00316876
230,0.00316676
231,0.0032072
232,0.00320598
233,0.0032521
234,0.00327553
235,0.00330575
236,0.00339661
237,0.00345939
238,0.00358566
239,0.00362803
240,0.00371744
241,0.00373867
242,0.00380597
243,0.00377736
244,0.00382571
245,0.00383218
246,0.00386867
247,0.00389402
248,0.00393705
249,0.00395191
250,0.00394902
251,0.00392502
252,0.00390884
253,0.00391963
254,0.00395482
255,0.00401167
256,0.00406541
257,0.0041115
258,0.00416305
259,0.00422207
260,0.00429177
261,0.00438488
262,0.00444572
263,0.0045443
264,0.00462423
265,0.00472601
266,0.00480121
267,0.00491473
268,0.00499111
269,0.00506905
270,0.00512603
271,0.00512916
272,0.00500469
273,0.00488971
274,0.0047251
275,0.00463146
276,0.00443527
277,0.004215
278,0.00404908
279,0.00398312
280,0.00384615
281,0.0037082
282,0.00357703
283,0.00342125
284,0.00328389
285,0.00314822
286,0.00305702
287,0.00294379
288,0.00288222
289,0.00281316
290,0.00276071
291,0.00269801
292,0.0026569
293,0.00259585
294,0.00253056
295,0.00241744
296,0.00232691
297,0.00218949
298,0.00207914
299,0.0019753
300,0.00196993
301,0.00198047
302,0.00198714
303,0.00201653
304,0.00202719
305,0.00204021
306,0.0020614
307,0.00205341
308,0.00204157
309,0.00210752
310,0.0021416
311,0.00220143
312,0.00220805
313,0.00225529
314,0.00223979
315,0.00224856
316,0.00224334
317,0.00223624
318,0.00218782
319,0.00214568
320,0.00206825
321,0.00196613
322,0.00183863
323,0.0017218
324,0.00160832
325,0.0014966
326,0.00137645
327,0.00126614
328,0.00115599
329,0.00104424
330,0.000967198
331,0.000886062
332,0.000847009
333,0.000811503
334,0.000795232
335,0.000827296
336,0.000907547
337,0.000959727
338,0.000882121
339,0.000792286
340,0.000810377
341,0.000878565
342,0.000988743
343,0.00115059
344,0.0013224
345,0.00150885
346,0.00166771
347,0.00182091
348,0.0019421
349,0.00207126
350,0.00218681
351,0.00228574
352,0.00236949
353,0.00243101
354,0.00243766
355,0.00249352
356,0.00249972
357,0.00251739
358,0.00252807
359,0.00252766
360,0.0025057
361,0.00248108
362,0.00242602
363,0.00239237
364,0.00221964
365,0.00210749
366,0.00212279
367,0.00220899
368,0.00219615
369,0.0022046
370,0.00220283
371,0.00220008
372,0.00221932
373,0.002202
374,0.00224379
375,0.00221209
376,0.00226695
377,0.002232
378,0.00226148
379,0.00221677
380,0.00222386
381,0.00219063
382,0.0021988
383,0.0021562
384,0.00213445
385,0.00207825
386,0.00202672
387,0.00192378
388,0.00188024
389,0.00178906
390,0.00171494
391,0.00146386
392,0.00138109
393,0.00139703
394,0.00136965
395,0.00132568
396,0.00126288
397,0.00122593
398,0.00115775
399,0.00114901
400,0.00109207
401,0.00108352
402,0.00102253
403,0.000976911
404,0.000930036
405,0.000966744
406,0.00105923
407,0.00116872
408,0.00130049
409,0.00128345
410,0.00132351
411,0.00150012
412,0.00165641
413,0.00176614
414,0.00180243
415,0.00189665
416,0.00192588
417,0.00203173
418,0.00206096
419,0.00212773
420,0.00215339
421,0.00220086
422,0.00220399
423,0.00221876
424,0.00224963
425,0.002234
426,0.00227772
427,0.00226639
428,0.00229773
429,0.00226945
430,0.00232223
431,0.00232401
432,0.00233762
433,0.00237846
434,0.00239344
435,0.00246779
436,0.00242997
437,0.00242883
438,0.00241523
439,0.00244555
440,0.00248577
441,0.00250145
442,0.00251921
443,0.00250961
444,0.00247094
445,0.00239822
446,0.00229201
447,0.0021606
448,0.00204755
449,0.00198126
450,0.00195898
451,0.00196087
452,0.00196191
453,0.00194479
454,0.00194222
455,0.00189795
456,0.00192172
457,0.00188342
458,0.00191599
459,0.00192262
460,0.00196423
461,0.00193
462,0.0018707
463,0.00182075
464,0.00175665
465,0.00170116
466,0.00162032
467,0.00155217
468,0.00148455
469,0.00141257
470,0.0013596
471,0.00133178
472,0.00129277
473,0.00132939
474,0.00132547
475,0.00133912
476,0.00131375
477,0.00128914
478,0.0012483
479,0.0011832
480,0.00113434
481,0.00112097
482,0.00114273
483,0.00112066
484,0.00114924
485,0.00116044
486,0.00118023
487,0.00119643
488,0.00118808
489,0.00120405
490,0.00124574
491,0.00128623
492,0.00135873
493,0.00148826
494,0.00165587
495,0.00182418
496,0.00205208
497,0.0022722
498,0.00252233
499,0.0027804
500,0.00304399
501,0.00334857
502,0.00370663
503,0.00406496
504,0.00414054
505,0.00399054
506,0.00370485
507,0.00342497
508,0.00316514
509,0.00288483
510,0.00260581
511,0.00236814
512,0.00219806
513,0.00207958
514,0.00200798
515,0.00191957
516,0.00182861
517,0.00172586
518,0.00164101
519,0.00155102
520,0.00152328
521,0.00148825
522,0.00148891
523,0.00147085
524,0.00146056
525,0.00147151
526,0.00148114
527,0.00150064
528,0.00150908
529,0.00149453
530,0.00153396
531,0.00151384
532,0.00155017
533,0.00154637
534,0.00163854
535,0.00153732
536,0.00162572
537,0.00150311
538,0.00161682
539,0.00149416
540,0.00159711
541,0.00150894
542,0.00162377
543,0.00151606
544,0.0016643
545,0.00156837
546,0.00171775
547,0.00165653
548,0.00181383
549,0.00178666
550,0.00188849
551,0.00193336
552,0.00197715
553,0.00209277
554,0.00212646
555,0.00230778
556,0.00239211
557,0.00261783
558,0.00276023
559,0.00297387
560,0.00315853
561,0.00340471
562,0.00366811
563,0.00394303
564,0.00416977
565,0.00423326
566,0.00420529
567,0.00407451
568,0.00392404
569,0.00377375
570,0.00361794
571,0.00345525
572,0.003314
573,0.00316426
574,0.00303687
575,0.00291033
576,0.00281092
577,0.00267404
578,0.0026229
579,0.00250117
580,0.00243949
581,0.00232981
582,0.00224885
583,0.0021362
584,0.00202068
585,0.00190605
586,0.00179309
587,0.00168129
588,0.0015719
589,0.00149189
590,0.00141695
591,0.00137495
592,0.00138179
593,0.00144821
594,0.00151914
595,0.00157053
596,0.00162197
597,0.0016772
598,0.00173049
599,0.00180049
