2,0.00199997
3,0.0059268
4,0.00959135
5,0.0128575
6,0.0157089
7,0.0181429
8,0.0202084
9,0.0219585
10,0.0234352
11,0.0247014
12,0.0257774
13,0.0266747
14,0.0274502
15,0.0281255
16,0.0286947
17,0.0291902
18,0.0296506
19,0.0300768
20,0.0304871
21,0.0308863
22,0.0313084
23,0.0317395
24,0.0322201
25,0.0327316
26,0.0333048
27,0.0339205
28,0.0345938
29,0.0353121
30,0.036083
31,0.0368932
32,0.0377448
33,0.0386239
34,0.0395302
35,0.0404477
36,0.0413743
37,0.042297
38,0.0432123
39,0.0441044
40,0.0449748
41,0.0458104
42,0.0466096
43,0.0473671
44,0.0480818
45,0.0487537
46,0.0493828
47,0.0499711
48,0.0505221
49,0.0510351
50,0.0515145
51,0.0519613
52,0.0523788
53,0.0527732
54,0.0531437
55,0.0534982
56,0.0538333
57,0.054153
58,0.0544564
59,0.0547487
60,0.0550283
61,0.0552967
62,0.0555544
63,0.055802
64,0.0560403
65,0.0562713
66,0.0564969
67,0.056719
68,0.0569376
69,0.0571445
70,0.0573469
71,0.057538
72,0.0577218
73,0.0578965
74,0.0580695
75,0.0582355
76,0.0583984
77,0.0585545
78,0.0587078
79,0.0588567
80,0.0590021
81,0.0591471
82,0.0592877
83,0.0594295
84,0.0595645
85,0.059702
86,0.0598348
87,0.0599714
88,0.0601016
89,0.0602335
90,0.0603614
91,0.0604885
92,0.0606108
93,0.0607331
94,0.0608569
95,0.0609757
96,0.0610985
97,0.0612146
98,0.0613323
99,0.061445
100,0.0615567
101,0.0616691
102,0.0617791
103,0.061889
104,0.0619978
105,0.0621054
106,0.0622121
107,0.0623164
108,0.062421
109,0.0625269
110,0.0626351
111,0.0627395
112,0.0628431
113,0.0629426
114,0.0630415
115,0.0631378
116,0.0632334
117,0.0633258
118,0.0634191
119,0.0635092
120,0.0636003
121,0.0636856
122,0.0637728
123,0.0638553
124,0.063939
125,0.0640187
126,0.0640972
127,0.0641688
128,0.0642364
129,0.064306
130,0.0643723
131,0.064442
132,0.0645097
133,0.0645812
134,0.0646486
135,0.064719
136,0.0647881
137,0.0648591
138,0.0649308
139,0.0650011
140,0.0650745
141,0.0651442
142,0.0652183
143,0.0652873
144,0.0653618
145,0.0654317
146,0.0655051
147,0.065575
148,0.0656467
149,0.0657143
150,0.065781
151,0.0658455
152,0.0659088
153,0.0659724
154,0.0660376
155,0.0661037
156,0.0661682
157,0.0662351
158,0.0662967
159,0.0663638
160,0.0664287
161,0.0664956
162,0.066558
163,0.0666251
164,0.0666884
165,0.0667559
166,0.066818
167,0.0668824
168,0.0669476
169,0.0670117
170,0.0670781
171,0.067142
172,0.0672058
173,0.0672687
174,0.0673318
175,0.0673969
176,0.0674604
177,0.0675311
178,0.0675938
179,0.0676515
180,0.0676967
181,0.0677471
182,0.0677912
183,0.0678382
184,0.067885
185,0.0679283
186,0.0679752
187,0.0680182
188,0.0680646
189,0.0681099
190,0.0681555
191,0.068201
192,0.0682476
193,0.0682945
194,0.0683393
195,0.0683833
196,0.0684274
197,0.068474
198,0.0685193
199,0.0685647
200,0.0686106
201,0.0686511
202,0.0686968
203,0.0687349
204,0.0687781
205,0.0688163
206,0.0688582
207,0.0688967
208,0.0689359
209,0.0689755
210,0.069013
211,0.0690509
212,0.0690874
213,0.0691192
214,0.0691527
215,0.0691856
216,0.0692401
217,0.0692952
218,0.0693528
219,0.0694102
220,0.0694711
221,0.0695271
222,0.0695833
223,0.0696382
224,0.0696917
225,0.0697457
226,0.0697947
227,0.0698453
228,0.0698905
229,0.069937
230,0.0699831
231,0.0700272
232,0.0700717
233,0.0701159
234,0.0701622
235,0.070206
236,0.0702553
237,0.0703039
238,0.0703519
239,0.0704032
240,0.0704489
241,0.0704945
242,0.0705377
243,0.0705831
244,0.0706218
245,0.0706679
246,0.0707077
247,0.0707526
248,0.0707933
249,0.0708374
250,0.0708784
251,0.0709181
252,0.0709573
253,0.0710002
254,0.0710423
255,0.0710878
256,0.0711309
257,0.0711752
258,0.0712171
259,0.0712608
260,0.071306
261,0.0713493
262,0.0713961
263,0.0714384
264,0.0714867
265,0.0715278
266,0.0715735
267,0.071618
268,0.0716671
269,0.0717075
270,0.0717497
271,0.071784
272,0.0718135
273,0.0718403
274,0.0718676
275,0.0718908
276,0.0719157
277,0.0719444
278,0.0719714
279,0.0719999
280,0.0720246
281,0.0720527
282,0.0720781
283,0.0721046
284,0.0721289
285,0.0721574
286,0.0721851
287,0.0722156
288,0.0722439
289,0.0722771
290,0.0723069
291,0.0723385
292,0.07237
293,0.0724006
294,0.072429
295,0.0724566
296,0.0724834
297,0.0725076
298,0.0725333
299,0.0725629
300,0.0725954
301,0.0726311
302,0.0726672
303,0.0727016
304,0.0727371
305,0.0727715
306,0.072808
307,0.0728401
308,0.0728728
309,0.0729121
310,0.0729509
311,0.0729874
312,0.0730242
313,0.0730586
314,0.0730934
315,0.0731262
316,0.0731591
317,0.0731894
318,0.0732193
319,0.0732471
320,0.0732737
321,0.0732978
322,0.0733213
323,0.0733419
324,0.0733657
325,0.0733892
326,0.0734096
327,0.0734317
328,0.0734518
329,0.0734727
330,0.0734927
331,0.0735146
332,0.0735385
333,0.0735559
334,0.0735776
335,0.0735909
336,0.0736118
337,0.0736341
338,0.0736813
339,0.073733
340,0.0737834
341,0.0738317
342,0.0738789
343,0.0739273
344,0.073974
345,0.0740219
346,0.0740657
347,0.0741102
348,0.0741491
349,0.0741905
350,0.0742302
351,0.0742682
352,0.0743032
353,0.0743381
354,0.0743693
355,0.0744045
356,0.0744347
357,0.0744656
358,0.0744968
359,0.0745254
360,0.0745539
361,0.0745794
362,0.0746037
363,0.0746279
364,0.0746518
365,0.0746793
366,0.0747078
367,0.0747369
368,0.0747655
369,0.0747935
370,0.0748226
371,0.0748525
372,0.0748815
373,0.0749116
374,0.0749414
375,0.0749703
376,0.0749999
377,0.0750276
378,0.0750564
379,0.0750833
380,0.0751095
381,0.0751365
382,0.0751624
383,0.0751898
384,0.0752122
385,0.0752372
386,0.0752589
387,0.0752807
388,0.075302
389,0.0753208
390,0.0753394
391,0.0753624
392,0.0753843
393,0.0754054
394,0.0754268
395,0.0754484
396,0.0754709
397,0.0754916
398,0.0755162
399,0.0755373
400,0.0755616
401,0.0755842
402,0.0756043
403,0.0756255
404,0.0756472
405,0.0756791
406,0.0757179
407,0.0757533
408,0.0757888
409,0.0758284
410,0.0758656
411,0.0759047
412,0.0759368
413,0.0759709
414,0.0760034
415,0.0760332
416,0.0760654
417,0.0760957
418,0.0761291
419,0.0761559
420,0.0761865
421,0.0762135
422,0.0762427
423,0.0762696
424,0.0762966
425,0.076323
426,0.0763494
427,0.0763783
428,0.0764022
429,0.0764295
430,0.0764544
431,0.0764828
432,0.0765104
433,0.0765365
434,0.0765668
435,0.0765933
436,0.076617
437,0.0766412
438,0.0766662
439,0.0766948
440,0.0767203
441,0.0767481
442,0.0767724
443,0.0767979
444,0.0768177
445,0.0768362
446,0.0768502
447,0.0768652
448,0.0768807
449,0.0768996
450,0.0769246
451,0.0769506
452,0.0769729
453,0.0769963
454,0.0770186
455,0.077041
456,0.0770654
457,0.0770894
458,0.0771155
459,0.0771397
460,0.0771664
461,0.0771847
462,0.0772054
463,0.0772233
464,0.0772433
465,0.0772603
466,0.0772792
467,0.0772936
468,0.0773123
469,0.0773299
470,0.0773497
471,0.0773699
472,0.0773924
473,0.0774164
474,0.0774405
475,0.0774633
476,0.0774855
477,0.0775042
478,0.0775239
479,0.0775417
480,0.077561
481,0.0775825
482,0.077605
483,0.0776283
484,0.0776529
485,0.0776781
486,0.077703
487,0.0777285
488,0.0777511
489,0.0777766
490,0.0778002
491,0.0778303
492,0.0778602
493,0.0778966
494,0.0779322
495,0.0779733
496,0.0780124
497,0.0780537
498,0.078098
499,0.0781405
500,0.0781905
501,0.078239
502,0.0782933
503,0.0783378
504,0.0783561
505,0.078361
506,0.078359
507,0.0783602
508,0.0783598
509,0.0783594
510,0.0783595
511,0.0783609
512,0.0783692
513,0.0783818
514,0.0783968
515,0.0784117
516,0.078426
517,0.07844
518,0.0784538
519,0.0784693
520,0.0784889
521,0.0785076
522,0.0785297
523,0.0785489
524,0.0785704
525,0.0785939
526,0.078616
527,0.0786379
528,0.0786593
529,0.0786797
530,0.0787033
531,0.078726
532,0.0787516
533,0.0787747
534,0.0787952
535,0.0788153
536,0.0788322
537,0.0788531
538,0.0788711
539,0.078891
540,0.0789106
541,0.0789309
542,0.078953
543,0.0789773
544,0.0789993
545,0.0790237
546,0.0790464
547,0.0790707
548,0.079097
549,0.0791226
550,0.0791466
551,0.0791736
552,0.0791977
553,0.0792256
554,0.0792521
555,0.0792826
556,0.0793151
557,0.0793464
558,0.0793803
559,0.0794156
560,0.0794523
561,0.0794931
562,0.079534
563,0.0795769
564,0.0796097
565,0.0796313
566,0.0796435
567,0.0796519
568,0.0796613
569,0.0796669
570,0.0796748
571,0.0796817
572,0.0796892
573,0.0796953
574,0.0797058
575,0.0797138
576,0.0797252
577,0.0797369
578,0.0797497
579,0.0797629
580,0.0797743
581,0.0797853
582,0.0797976
583,0.0798056
584,0.0798162
585,0.0798227
586,0.0798314
587,0.0798378
588,0.0798455
589,0.0798542
590,0.07986
591,0.0798702
592,0.0798758
593,0.0798843
594,0.0798896
595,0.0798958
596,0.0799011
597,0.0799029
598,0.0799071
599,0.0799066
