2,0.943875
3,0.84314
4,0.755996
5,0.682876
6,0.622202
7,0.572891
8,0.533202
9,0.501029
10,0.47538
11,0.454335
12,0.437727
13,0.424696
14,0.414625
15,0.40606
16,0.399465
17,0.39435
18,0.389904
19,0.386114
20,0.382282
21,0.378753
22,0.374551
23,0.369946
24,0.364732
25,0.358362
26,0.350927
27,0.342815
28,0.333612
29,0.323342
30,0.312298
31,0.300191
32,0.287587
33,0.274271
34,0.260618
35,0.24657
36,0.232563
37,0.218506
38,0.204746
39,0.191222
40,0.178292
41,0.165816
42,0.154132
43,0.143151
44,0.132963
45,0.123554
46,0.114887
47,0.106837
48,0.0995231
49,0.0927537
50,0.086693
51,0.0810569
52,0.076021
53,0.0713136
54,0.067073
55,0.0630375
56,0.0594088
57,0.0559481
58,0.0528608
59,0.0498758
60,0.0471665
61,0.0445826
62,0.0422366
63,0.0400082
64,0.0379627
65,0.0359934
66,0.0341609
67,0.0323276
68,0.0305818
69,0.0289615
70,0.0274553
71,0.0260651
72,0.0248366
73,0.0237131
74,0.0226464
75,0.0216502
76,0.0206997
77,0.0198895
78,0.0190233
79,0.0183285
80,0.0175404
81,0.0169019
82,0.0161645
83,0.0155524
84,0.0148899
85,0.0143066
86,0.0136627
87,0.0130908
88,0.0124581
89,0.0119334
90,0.0113681
91,0.0108707
92,0.0103826
93,0.00996189
94,0.00940104
95,0.0090009
96,0.0084314
97,0.00804627
98,0.00752525
99,0.00719007
100,0.00672975
101,0.00636294
102,0.00594235
103,0.00556041
104,0.00517445
105,0.00482806
106,0.00442272
107,0.00413953
108,0.00375423
109,0.00343495
110,0.00297724
111,0.00270924
112,0.00231205
113,0.00211919
114,0.00179203
115,0.0016973
116,0.00148386
117,0.00138304
118,0.00129838
119,0.00126945
120,0.00132262
121,0.00132874
122,0.00141988
123,0.00145268
124,0.00154222
125,0.00140593
126,0.00130685
127,0.00141674
128,0.00151147
129,0.00155121
130,0.00154233
131,0.00155679
132,0.00153853
133,0.00155817
134,0.00156307
135,0.00154685
136,0.00159548
137,0.00160418
138,0.00166173
139,0.00170476
140,0.00176652
141,0.0018442
142,0.00189761
143,0.0020035
144,0.0020704
145,0.00220572
146,0.00225808
147,0.00239652
148,0.00244314
149,0.0025757
150,0.00259812
151,0.00267612
152,0.00264245
153,0.00271119
154,0.00275159
155,0.00286499
156,0.00289028
157,0.00300138
158,0.00303361
159,0.00314654
160,0.0032064
161,0.00330815
162,0.00337925
163,0.00351421
164,0.00361129
165,0.00369256
166,0.00379128
167,0.00388451
168,0.00399949
169,0.00409804
170,0.00425208
171,0.00434956
172,0.0044742
173,0.00457805
174,0.00473946
175,0.00492014
176,0.00518526
177,0.00543602
178,0.00547572
179,0.00541009
180,0.00529582
181,0.00519354
182,0.0050827
183,0.00496668
184,0.00486906
185,0.00473291
186,0.0046765
187,0.00450758
188,0.00446711
189,0.00433635
190,0.00429758
191,0.00420502
192,0.00415117
193,0.00405836
194,0.00399699
195,0.00392139
196,0.00385831
197,0.00382327
198,0.00376216
199,0.00370486
200,0.00361508
201,0.00353522
202,0.00343232
203,0.00332416
204,0.00322488
205,0.00309475
206,0.00299263
207,0.00287568
208,0.0027415
209,0.00262259
210,0.00249706
211,0.00235872
212,0.00218206
213,0.00202152
214,0.00160337
215,0.00145351
216,0.00161616
217,0.00188013
218,0.00209049
219,0.00230758
220,0.00249423
221,0.00265807
222,0.00282551
223,0.00293092
224,0.00308872
225,0.00316172
226,0.00328104
227,0.00331067
228,0.00338111
229,0.00341764
230,0.00343449
231,0.0034616
232,0.0034743
233,0.00351423
234,0.00356066
235,0.00360196
236,0.00369616
237,0.00376761
238,0.00386133
239,0.00392964
240,0.00400053
241,0.00405445
242,0.00406915
243,0.00412039
244,0.0041154
245,0.00415576
246,0.00415315
247,0.00421533
248,0.00423465
249,0.00426279
250,0.00424095
251,0.00425657
252,0.00426011
253,0.00430862
254,0.004343
255,0.00440101
256,0.00445897
257,0.00449528
258,0.00456614
259,0.00461939
260,0.00469368
261,0.00476963
262,0.0048703
263,0.00491949
264,0.00500931
265,0.00504831
266,0.00515102
267,0.00524792
268,0.00539519
269,0.00545106
270,0.00548843
271,0.00537116
272,0.00516818
273,0.00501048
274,0.00488609
275,0.00477282
276,0.00462576
277,0.00452618
278,0.00437058
279,0.00423515
280,0.00407965
281,0.00393051
282,0.00379177
283,0.00365308
284,0.00351634
285,0.00340556
286,0.00328254
287,0.00321182
288,0.00311688
289,0.00306372
290,0.00300639
291,0.00292944
292,0.00288711
293,0.00279523
294,0.00272329
295,0.00259892
296,0.00249064
297,0.00236934
298,0.00224625
299,0.00219892
300,0.00219695
301,0.00218999
302,0.00220613
303,0.00220547
304,0.00222221
305,0.00223564
306,0.00223403
307,0.0022147
308,0.00221705
309,0.00226633
310,0.00234601
311,0.0023921
312,0.00242309
313,0.00243683
314,0.00245721
315,0.00244612
316,0.00245095
317,0.0024107
318,0.00236514
319,0.00230523
320,0.0022087
321,0.0020914
322,0.00197583
323,0.00184107
324,0.00170935
325,0.00161105
326,0.0014807
327,0.00135175
328,0.00121848
329,0.0011216
330,0.00100997
331,0.000929048
332,0.000863744
333,0.000822188
334,0.000803914
335,0.000816226
336,0.000887089
337,0.000902163
338,0.000835739
339,0.00080374
340,0.000861842
341,0.000978222
342,0.00112015
343,0.00131165
344,0.00151203
345,0.00168333
346,0.00187227
347,0.00200333
348,0.00214014
349,0.00226004
350,0.00238502
351,0.00247599
352,0.00255954
353,0.00259911
354,0.00265108
355,0.00266021
356,0.0026968
357,0.00270884
358,0.00270014
359,0.00256884
360,0.00252543
361,0.00254379
362,0.00253148
363,0.00248121
364,0.00244619
365,0.00242492
366,0.00241635
367,0.00241484
368,0.00240146
369,0.00240743
370,0.00238682
371,0.00241082
372,0.00239772
373,0.00240692
374,0.00242128
375,0.00244456
376,0.00246538
377,0.0024449
378,0.00244839
379,0.00240952
380,0.00240121
381,0.00238119
382,0.00235143
383,0.00232644
384,0.00227911
385,0.00220009
386,0.00201899
387,0.00187062
388,0.00185846
389,0.00182066
390,0.00176866
391,0.00170823
392,0.00163776
393,0.00156219
394,0.00150899
395,0.00142646
396,0.00137859
397,0.00132388
398,0.00126924
399,0.00124349
400,0.00118638
401,0.00115197
402,0.00106546
403,0.00102582
404,0.00075707
405,0.000677208
406,0.000961164
407,0.00119975
408,0.00132496
409,0.00148943
410,0.0016267
411,0.00176011
412,0.00185891
413,0.00193049
414,0.00202635
415,0.00205749
416,0.00215233
417,0.0022019
418,0.0022712
419,0.00229462
420,0.00234545
421,0.0023573
422,0.00238847
423,0.00240266
424,0.00240846
425,0.00243284
426,0.00245635
427,0.00246115
428,0.00248539
429,0.00247792
430,0.00250653
431,0.00251305
432,0.00254851
433,0.0025718
434,0.0026083
435,0.00262035
436,0.00261028
437,0.00261328
438,0.00260797
439,0.00266902
440,0.0026681
441,0.00270657
442,0.00267579
443,0.00269076
444,0.00261657
445,0.00253728
446,0.00238659
447,0.00227231
448,0.00215939
449,0.00212833
450,0.00213811
451,0.00212906
452,0.00212389
453,0.00209285
454,0.00209248
455,0.00204857
456,0.00208349
457,0.00204011
458,0.00208307
459,0.00209124
460,0.00207937
461,0.00205521
462,0.0019735
463,0.00194108
464,0.00184694
465,0.00180083
466,0.00171064
467,0.00163713
468,0.001564
469,0.00151617
470,0.00147147
471,0.00142265
472,0.00142492
473,0.00143291
474,0.0014418
475,0.00143843
476,0.00140287
477,0.00136949
478,0.00131685
479,0.00126179
480,0.00124034
481,0.00121205
482,0.0012353
483,0.00123006
484,0.00123839
485,0.00125966
486,0.00127835
487,0.00131546
488,0.00131336
489,0.00134873
490,0.00136973
491,0.00143834
492,0.00158141
493,0.0017018
494,0.00190385
495,0.00209263
496,0.00233081
497,0.00255424
498,0.00282276
499,0.00309816
500,0.00341008
501,0.00371797
502,0.00407429
503,0.00430213
504,0.00425039
505,0.00398431
506,0.003709
507,0.00342866
508,0.00315287
509,0.0028802
510,0.00260313
511,0.00235687
512,0.00217128
513,0.00208636
514,0.00201283
515,0.00193981
516,0.00185667
517,0.00176289
518,0.00167561
519,0.001623
520,0.00158596
521,0.00158435
522,0.001594
523,0.00155618
524,0.00158277
525,0.00158127
526,0.00159341
527,0.00159907
528,0.0015626
529,0.00157634
530,0.0015811
531,0.00165738
532,0.00165753
533,0.00172003
534,0.00167719
535,0.00167519
536,0.00161485
537,0.00158668
538,0.00162148
539,0.00155882
540,0.00162158
541,0.00156434
542,0.0016598
543,0.00163332
544,0.00174672
545,0.00171943
546,0.00180214
547,0.00180715
548,0.00189759
549,0.00191246
550,0.00199707
551,0.00203436
552,0.00211254
553,0.00220008
554,0.00225846
555,0.0024532
556,0.00255906
557,0.00279187
558,0.00300471
559,0.00319976
560,0.00344914
561,0.00369318
562,0.00397016
563,0.00423275
564,0.00431142
565,0.00430535
566,0.00415969
567,0.00400825
568,0.00386105
569,0.00367419
570,0.00351801
571,0.00336291
572,0.00321061
573,0.00307855
574,0.00294133
575,0.00281304
576,0.00272297
577,0.00262317
578,0.00253906
579,0.00245275
580,0.00234706
581,0.00226338
582,0.00213826
583,0.00203606
584,0.00192635
585,0.00179725
586,0.00168928
587,0.00156044
588,0.00146094
589,0.00138549
590,0.00136386
591,0.00134787
592,0.00138223
593,0.00141529
594,0.00146252
595,0.00152122
596,0.00156875
597,0.00164406
598,0.00171568
599,0.00179839
