2,0.00198824
3,0.0058874
4,0.00954231
5,0.0128035
6,0.0156556
7,0.0180933
8,0.0201554
9,0.0219104
10,0.023386
11,0.0246579
12,0.0257263
13,0.0266256
14,0.0273802
15,0.0280561
16,0.0286308
17,0.0291259
18,0.0295811
19,0.0299959
20,0.030406
21,0.030794
22,0.0312101
23,0.0316407
24,0.0320985
25,0.032611
26,0.0331755
27,0.033773
28,0.0344257
29,0.0351334
30,0.0358815
31,0.0366862
32,0.0375179
33,0.0383892
34,0.0392798
35,0.0401938
36,0.0411073
37,0.0420257
38,0.0429299
39,0.043823
40,0.0446856
41,0.0455246
42,0.0463216
43,0.0470804
44,0.0477968
45,0.0484699
46,0.0491025
47,0.0497001
48,0.050257
49,0.0507826
50,0.0512684
51,0.0517288
52,0.0521553
53,0.052562
54,0.0529416
55,0.0533082
56,0.0536512
57,0.053983
58,0.0542929
59,0.0545953
60,0.0548815
61,0.0551587
62,0.0554218
63,0.0556762
64,0.0559196
65,0.056157
66,0.056386
67,0.0566132
68,0.0568348
69,0.0570479
70,0.0572532
71,0.0574502
72,0.0576371
73,0.0578166
74,0.0579918
75,0.0581615
76,0.0583277
77,0.0584846
78,0.0586435
79,0.0587919
80,0.0589442
81,0.0590875
82,0.0592351
83,0.0593755
84,0.0595169
85,0.0596542
86,0.0597924
87,0.0599277
88,0.0600641
89,0.0601954
90,0.0603264
91,0.0604554
92,0.0605798
93,0.0607021
94,0.0608287
95,0.0609484
96,0.0610734
97,0.0611906
98,0.0613112
99,0.0614234
100,0.0615385
101,0.0616513
102,0.0617625
103,0.0618751
104,0.0619829
105,0.0620927
106,0.0622002
107,0.0623049
108,0.0624102
109,0.0625176
110,0.0626265
111,0.0627314
112,0.0628362
113,0.0629362
114,0.0630364
115,0.0631309
116,0.063228
117,0.0633218
118,0.063414
119,0.063506
120,0.0635954
121,0.0636841
122,0.063768
123,0.0638538
124,0.0639362
125,0.0640172
126,0.0640942
127,0.0641662
128,0.0642386
129,0.0643069
130,0.0643774
131,0.0644471
132,0.0645174
133,0.0645862
134,0.0646579
135,0.0647251
136,0.0647978
137,0.0648656
138,0.0649391
139,0.0650088
140,0.065081
141,0.0651526
142,0.0652232
143,0.0652965
144,0.0653663
145,0.0654405
146,0.0655089
147,0.0655823
148,0.06565
149,0.0657221
150,0.0657864
151,0.0658542
152,0.0659144
153,0.0659814
154,0.0660454
155,0.0661142
156,0.0661768
157,0.0662448
158,0.0663077
159,0.0663748
160,0.0664385
161,0.0665049
162,0.0665685
163,0.0666362
164,0.0667013
165,0.0667649
166,0.0668293
167,0.0668931
168,0.0669582
169,0.0670215
170,0.0670888
171,0.0671516
172,0.0672161
173,0.0672788
174,0.0673454
175,0.067413
176,0.0674858
177,0.0675575
178,0.0676146
179,0.0676644
180,0.0677104
181,0.0677569
182,0.0678028
183,0.0678479
184,0.0678941
185,0.0679374
186,0.0679858
187,0.0680262
188,0.0680753
189,0.068118
190,0.0681667
191,0.0682111
192,0.0682582
193,0.0683026
194,0.0683489
195,0.0683939
196,0.0684396
197,0.0684867
198,0.068532
199,0.0685774
200,0.0686204
201,0.0686635
202,0.068705
203,0.0687454
204,0.068787
205,0.0688257
206,0.0688666
207,0.0689057
208,0.0689434
209,0.0689821
210,0.06902
211,0.0690566
212,0.0690902
213,0.0691245
214,0.0691504
215,0.0691881
216,0.0692372
217,0.0692997
218,0.0693596
219,0.069421
220,0.0694802
221,0.0695372
222,0.0695942
223,0.069647
224,0.0697027
225,0.0697522
226,0.0698049
227,0.0698512
228,0.0699002
229,0.0699466
230,0.0699913
231,0.0700369
232,0.0700807
233,0.070127
234,0.0701732
235,0.0702189
236,0.0702682
237,0.0703159
238,0.0703648
239,0.0704119
240,0.0704591
241,0.070505
242,0.0705477
243,0.0705929
244,0.0706338
245,0.0706783
246,0.0707192
247,0.0707646
248,0.0708067
249,0.0708497
250,0.0708886
251,0.0709302
252,0.0709707
253,0.0710143
254,0.0710568
255,0.0711011
256,0.071145
257,0.0711872
258,0.0712318
259,0.0712752
260,0.0713198
261,0.0713642
262,0.0714105
263,0.071453
264,0.071498
265,0.0715397
266,0.0715857
267,0.0716308
268,0.0716798
269,0.0717222
270,0.0717626
271,0.0717929
272,0.0718196
273,0.0718448
274,0.0718711
275,0.0718994
276,0.0719259
277,0.0719559
278,0.0719814
279,0.0720087
280,0.0720339
281,0.0720597
282,0.0720863
283,0.0721125
284,0.0721385
285,0.0721667
286,0.0721936
287,0.0722246
288,0.0722534
289,0.072285
290,0.0723168
291,0.0723464
292,0.0723787
293,0.072407
294,0.0724368
295,0.0724627
296,0.0724895
297,0.072515
298,0.0725405
299,0.072571
300,0.0726061
301,0.0726398
302,0.0726758
303,0.0727099
304,0.0727454
305,0.0727807
306,0.0728147
307,0.0728471
308,0.0728811
309,0.0729185
310,0.0729586
311,0.0729958
312,0.0730313
313,0.0730659
314,0.0731009
315,0.0731335
316,0.073167
317,0.0731971
318,0.073226
319,0.0732538
320,0.0732797
321,0.0733028
322,0.0733263
323,0.0733478
324,0.0733698
325,0.0733936
326,0.0734145
327,0.0734354
328,0.0734555
329,0.0734771
330,0.0734958
331,0.0735185
332,0.0735389
333,0.0735607
334,0.0735785
335,0.0735951
336,0.0736111
337,0.0736399
338,0.0736842
339,0.0737398
340,0.0737899
341,0.0738385
342,0.0738857
343,0.0739352
344,0.0739834
345,0.0740289
346,0.0740749
347,0.0741163
348,0.0741579
349,0.0741978
350,0.0742378
351,0.0742753
352,0.0743119
353,0.0743451
354,0.0743793
355,0.0744104
356,0.0744431
357,0.0744731
358,0.0745036
359,0.0745302
360,0.0745551
361,0.0745814
362,0.0746082
363,0.0746336
364,0.0746602
365,0.0746876
366,0.0747157
367,0.0747449
368,0.0747733
369,0.0748029
370,0.0748297
371,0.0748605
372,0.0748885
373,0.0749183
374,0.0749479
375,0.0749781
376,0.0750082
377,0.0750351
378,0.0750639
379,0.0750892
380,0.0751169
381,0.0751433
382,0.0751692
383,0.0751953
384,0.0752194
385,0.0752412
386,0.075263
387,0.0752807
388,0.0753005
389,0.0753222
390,0.0753453
391,0.0753667
392,0.0753888
393,0.0754099
394,0.075432
395,0.0754526
396,0.0754758
397,0.0754977
398,0.0755194
399,0.0755441
400,0.0755656
401,0.0755884
402,0.0756085
403,0.0756289
404,0.0756502
405,0.0756796
406,0.0757137
407,0.0757569
408,0.0757939
409,0.0758351
410,0.0758732
411,0.0759109
412,0.0759452
413,0.0759778
414,0.0760117
415,0.076041
416,0.0760745
417,0.0761045
418,0.076136
419,0.0761643
420,0.0761942
421,0.0762212
422,0.0762496
423,0.0762766
424,0.0763027
425,0.0763302
426,0.0763579
427,0.0763838
428,0.076411
429,0.0764362
430,0.0764639
431,0.0764896
432,0.076518
433,0.0765453
434,0.0765734
435,0.0765993
436,0.0766239
437,0.0766489
438,0.0766737
439,0.0767036
440,0.0767282
441,0.0767565
442,0.0767789
443,0.0768048
444,0.0768236
445,0.0768417
446,0.0768545
447,0.0768698
448,0.0768852
449,0.076907
450,0.0769323
451,0.0769558
452,0.0769802
453,0.0770018
454,0.0770256
455,0.0770466
456,0.0770735
457,0.0770939
458,0.0771215
459,0.077146
460,0.0771698
461,0.0771915
462,0.0772086
463,0.0772297
464,0.0772454
465,0.0772652
466,0.0772814
467,0.077299
468,0.077316
469,0.0773352
470,0.0773543
471,0.077374
472,0.0773976
473,0.0774221
474,0.0774462
475,0.0774689
476,0.077489
477,0.0775088
478,0.0775274
479,0.077545
480,0.0775662
481,0.0775875
482,0.0776116
483,0.0776345
484,0.0776585
485,0.0776831
486,0.0777082
487,0.0777345
488,0.0777564
489,0.0777826
490,0.0778077
491,0.0778368
492,0.0778718
493,0.0779054
494,0.0779453
495,0.0779834
496,0.0780257
497,0.0780662
498,0.0781106
499,0.0781552
500,0.0782025
501,0.0782493
502,0.0783
503,0.0783404
504,0.0783586
505,0.0783596
506,0.0783598
507,0.0783594
508,0.0783595
509,0.0783594
510,0.0783589
511,0.0783608
512,0.0783674
513,0.078382
514,0.0783975
515,0.0784134
516,0.0784278
517,0.0784417
518,0.0784557
519,0.0784726
520,0.0784907
521,0.0785122
522,0.0785343
523,0.0785525
524,0.0785768
525,0.078598
526,0.0786204
527,0.0786434
528,0.078663
529,0.0786866
530,0.0787082
531,0.0787354
532,0.0787581
533,0.078782
534,0.0788015
535,0.0788201
536,0.0788392
537,0.0788572
538,0.0788779
539,0.0788969
540,0.0789171
541,0.0789382
542,0.0789603
543,0.0789826
544,0.0790063
545,0.0790305
546,0.0790523
547,0.0790789
548,0.0791036
549,0.0791294
550,0.0791546
551,0.0791798
552,0.0792062
553,0.0792338
554,0.0792614
555,0.0792925
556,0.0793222
557,0.0793554
558,0.0793908
559,0.0794265
560,0.0794669
561,0.0795076
562,0.0795508
563,0.0795922
564,0.0796186
565,0.0796368
566,0.0796456
567,0.0796534
568,0.0796623
569,0.0796678
570,0.079675
571,0.079682
572,0.0796895
573,0.0796975
574,0.0797066
575,0.0797148
576,0.0797275
577,0.079738
578,0.0797512
579,0.0797641
580,0.0797762
581,0.0797891
582,0.0797985
583,0.0798084
584,0.0798179
585,0.079825
586,0.0798345
587,0.0798395
588,0.0798483
589,0.0798534
590,0.0798622
591,0.0798685
592,0.0798769
593,0.0798839
594,0.0798924
595,0.0798964
596,0.0799023
597,0.0799053
598,0.0799077
599,0.079908
