2,0.944309
3,0.844201
4,0.757473
5,0.684355
6,0.623818
7,0.574475
8,0.534537
9,0.502413
10,0.476551
11,0.455737
12,0.439091
13,0.426085
14,0.415755
15,0.407579
16,0.400961
17,0.395572
18,0.391434
19,0.387364
20,0.383694
21,0.380224
22,0.376171
23,0.371819
24,0.366436
25,0.360435
26,0.353562
27,0.34572
28,0.336771
29,0.326721
30,0.315651
31,0.303868
32,0.291368
33,0.278357
34,0.264792
35,0.250962
36,0.237004
37,0.223116
38,0.209414
39,0.196058
40,0.183137
41,0.170753
42,0.159085
43,0.148114
44,0.137939
45,0.128445
46,0.119691
47,0.111578
48,0.104073
49,0.097148
50,0.0908899
51,0.0850709
52,0.0798789
53,0.0749497
54,0.0705458
55,0.0663248
56,0.0625197
57,0.0589196
58,0.0556608
59,0.0525788
60,0.0497075
61,0.0470148
62,0.0445233
63,0.0421777
64,0.040023
65,0.0379674
66,0.0360547
67,0.0341534
68,0.0323227
69,0.0306232
70,0.0290234
71,0.027576
72,0.0262433
73,0.0250645
74,0.0239223
75,0.0228778
76,0.0218813
77,0.0209774
78,0.0201329
79,0.0193099
80,0.0185713
81,0.0178106
82,0.0170777
83,0.0163758
84,0.0156977
85,0.0150509
86,0.0143964
87,0.013769
88,0.0131389
89,0.0125821
90,0.0119259
91,0.0114433
92,0.0108985
93,0.0104091
94,0.00989387
95,0.00940568
96,0.0088536
97,0.00841315
98,0.00786112
99,0.00750683
100,0.00698423
101,0.00664042
102,0.00614552
103,0.00580944
104,0.0053411
105,0.00499314
106,0.00456748
107,0.00428238
108,0.00388399
109,0.00352725
110,0.00309127
111,0.00275776
112,0.00238795
113,0.00214492
114,0.00184841
115,0.00170243
116,0.00147786
117,0.00140759
118,0.00131267
119,0.00127315
120,0.00132353
121,0.0013016
122,0.00138695
123,0.00136022
124,0.0012001
125,0.00122025
126,0.00140361
127,0.00157185
128,0.00156874
129,0.00161639
130,0.00158346
131,0.00159541
132,0.00157724
133,0.00162794
134,0.00160429
135,0.00164317
136,0.0016521
137,0.00167525
138,0.00173875
139,0.00178618
140,0.00185202
141,0.00189956
142,0.00199143
143,0.00205116
144,0.00214736
145,0.00222462
146,0.00232422
147,0.00243251
148,0.00252676
149,0.00261397
150,0.00266719
151,0.00270857
152,0.00274567
153,0.0027619
154,0.00286201
155,0.00293816
156,0.00302868
157,0.00310523
158,0.00317273
159,0.00325496
160,0.00331962
161,0.00340577
162,0.00349767
163,0.00361786
164,0.00370707
165,0.00384087
166,0.00391001
167,0.00405359
168,0.00412286
169,0.00425692
170,0.00434129
171,0.00447774
172,0.00460477
173,0.0047512
174,0.00493247
175,0.00515648
176,0.00538148
177,0.00555718
178,0.00554885
179,0.00550941
180,0.0054036
181,0.00533248
182,0.00520872
183,0.00507588
184,0.00498143
185,0.00486014
186,0.00474911
187,0.00466306
188,0.00455229
189,0.00447191
190,0.00440084
191,0.0043048
192,0.00427099
193,0.00416382
194,0.00411703
195,0.00402662
196,0.00400395
197,0.00392598
198,0.00389561
199,0.00381396
200,0.00373584
201,0.00364963
202,0.00353385
203,0.00341239
204,0.00330281
205,0.00317631
206,0.00305515
207,0.00295679
208,0.00280905
209,0.0026967
210,0.0025387
211,0.00235907
212,0.00201564
213,0.00186933
214,0.0017132
215,0.00163983
216,0.00175181
217,0.00197581
218,0.002194
219,0.00241009
220,0.00260016
221,0.00276492
222,0.00290579
223,0.00304303
224,0.00315928
225,0.00325227
226,0.00333657
227,0.00339673
228,0.00345835
229,0.00348718
230,0.00354791
231,0.00355009
232,0.00361601
233,0.0036527
234,0.00371462
235,0.00377239
236,0.00385264
237,0.0039283
238,0.00400449
239,0.00409787
240,0.00413813
241,0.00421137
242,0.00420359
243,0.00424855
244,0.00425601
245,0.00428889
246,0.00433949
247,0.00437087
248,0.0044308
249,0.00441087
250,0.00441682
251,0.00437165
252,0.00440445
253,0.00442869
254,0.00449181
255,0.00454297
256,0.00459649
257,0.00463272
258,0.00472881
259,0.00475888
260,0.00486079
261,0.00493616
262,0.00503892
263,0.00511569
264,0.00522588
265,0.00530748
266,0.00540417
267,0.00549899
268,0.00554558
269,0.00558355
270,0.0054941
271,0.00543186
272,0.00526278
273,0.00516599
274,0.00501078
275,0.00487604
276,0.00472935
277,0.00460647
278,0.00446113
279,0.00433255
280,0.00417235
281,0.00403486
282,0.00390781
283,0.00373879
284,0.00362785
285,0.00347896
286,0.00341999
287,0.003286
288,0.00323046
289,0.00314713
290,0.00310623
291,0.00303923
292,0.00298107
293,0.00288696
294,0.00280323
295,0.00266983
296,0.002571
297,0.00243264
298,0.00232567
299,0.00230045
300,0.00228045
301,0.00229965
302,0.00228148
303,0.00231995
304,0.0022916
305,0.00232196
306,0.0023169
307,0.00234258
308,0.00234367
309,0.00238856
310,0.0024376
311,0.00248112
312,0.00250448
313,0.00252465
314,0.00251845
315,0.00253824
316,0.00251393
317,0.00248825
318,0.00242654
319,0.0023698
320,0.00225199
321,0.00213675
322,0.00201161
323,0.00188025
324,0.0017652
325,0.00164813
326,0.00150899
327,0.00139672
328,0.00124881
329,0.00113103
330,0.00103223
331,0.000971234
332,0.000887904
333,0.000824063
334,0.00079791
335,0.000807855
336,0.000890839
337,0.000883544
338,0.000833463
339,0.00081115
340,0.000883256
341,0.00102832
342,0.00119535
343,0.00138647
344,0.00158375
345,0.00176751
346,0.00196266
347,0.00208457
348,0.00221643
349,0.00234463
350,0.00246903
351,0.00256985
352,0.00263162
353,0.00267667
354,0.00271594
355,0.00274556
356,0.0027054
357,0.00261089
358,0.00267758
359,0.00269218
360,0.00267235
361,0.00265063
362,0.0026011
363,0.00258197
364,0.00251998
365,0.00252002
366,0.00250674
367,0.00249958
368,0.00250297
369,0.00248772
370,0.00249564
371,0.00247477
372,0.00249128
373,0.00247949
374,0.0025136
375,0.00252258
376,0.00253823
377,0.00251727
378,0.00252457
379,0.00248079
380,0.00247143
381,0.00244227
382,0.00243248
383,0.00232982
384,0.00215707
385,0.00214439
386,0.00210223
387,0.00204058
388,0.00196039
389,0.00189609
390,0.00180967
391,0.00177558
392,0.00168333
393,0.00162136
394,0.00155206
395,0.00148
396,0.00141593
397,0.00134968
398,0.00131698
399,0.00125751
400,0.00123914
401,0.00109753
402,0.000766237
403,0.000818946
404,0.000925588
405,0.00100923
406,0.00113122
407,0.00128082
408,0.00141487
409,0.00156548
410,0.00170482
411,0.0018442
412,0.00192656
413,0.00200736
414,0.00206605
415,0.00216502
416,0.00222002
417,0.00228274
418,0.00234853
419,0.00238738
420,0.00241184
421,0.00243954
422,0.00248308
423,0.00248008
424,0.00249871
425,0.00250124
426,0.00253381
427,0.00254091
428,0.00255186
429,0.00256215
430,0.00258062
431,0.00258904
432,0.00263338
433,0.00266196
434,0.0026914
435,0.00270707
436,0.00268265
437,0.00268476
438,0.00272266
439,0.00275493
440,0.00277572
441,0.0027755
442,0.0027736
443,0.00275816
444,0.00266785
445,0.00257307
446,0.00243822
447,0.00231481
448,0.00223777
449,0.00221575
450,0.00220931
451,0.00220718
452,0.00220092
453,0.00216123
454,0.00216676
455,0.0021244
456,0.0021376
457,0.00210509
458,0.00215739
459,0.00213908
460,0.002163
461,0.00207931
462,0.0020475
463,0.00198014
464,0.00190773
465,0.00184754
466,0.00173837
467,0.00169986
468,0.00159435
469,0.00155955
470,0.00150164
471,0.00147413
472,0.00148024
473,0.00148817
474,0.00148603
475,0.00148609
476,0.00144262
477,0.00140232
478,0.00134403
479,0.00130555
480,0.00128
481,0.00127375
482,0.0012751
483,0.00127436
484,0.00130249
485,0.00130402
486,0.00135468
487,0.00134376
488,0.00137802
489,0.0013967
490,0.00145295
491,0.00154323
492,0.00165679
493,0.00183761
494,0.00200201
495,0.00223896
496,0.00244574
497,0.00271464
498,0.00297461
499,0.00322741
500,0.00351416
501,0.00381434
502,0.00416322
503,0.00434068
504,0.00426273
505,0.00396997
506,0.00372099
507,0.00342693
508,0.00316284
509,0.00287018
510,0.00261676
511,0.00236594
512,0.00218315
513,0.00207157
514,0.00202077
515,0.00194294
516,0.00185992
517,0.00178983
518,0.00170324
519,0.0016655
520,0.00163021
521,0.00162837
522,0.00158208
523,0.00163096
524,0.00160931
525,0.00162985
526,0.00160867
527,0.00162552
528,0.00161735
529,0.00162185
530,0.00165171
531,0.00167717
532,0.00171709
533,0.00173774
534,0.00171307
535,0.00170942
536,0.00167867
537,0.00165952
538,0.0016532
539,0.00161928
540,0.00166071
541,0.00161436
542,0.00169766
543,0.00169176
544,0.00176755
545,0.00177009
546,0.00184305
547,0.00187367
548,0.00195841
549,0.00198802
550,0.00204805
551,0.00209506
552,0.00215488
553,0.00224803
554,0.00234216
555,0.00252855
556,0.00271863
557,0.00290788
558,0.00309626
559,0.00330103
560,0.00352254
561,0.00377859
562,0.00408536
563,0.00426488
564,0.00433834
565,0.00419713
566,0.00409322
567,0.00391731
568,0.00378947
569,0.00361497
570,0.00347308
571,0.00332377
572,0.00316822
573,0.00301884
574,0.00288273
575,0.0027734
576,0.00264822
577,0.00256363
578,0.00247795
579,0.00241054
580,0.002321
581,0.00223088
582,0.00211189
583,0.00199256
584,0.00187538
585,0.00174976
586,0.00159868
587,0.00150097
588,0.00138498
589,0.00133306
590,0.00132039
591,0.00135519
592,0.00138305
593,0.00139496
594,0.00140818
595,0.00144642
596,0.00152248
597,0.00161259
598,0.00167873
599,0.00177956
