2,0.0027557
3,0.00798365
4,0.0126707
5,0.0167551
6,0.0203408
7,0.0235855
8,0.0265219
9,0.0291623
10,0.0316033
11,0.0339461
12,0.0361835
13,0.0383097
14,0.0403497
15,0.0423451
16,0.0442169
17,0.0458261
18,0.0470342
19,0.047836
20,0.0484058
21,0.0488547
22,0.0492384
23,0.0495994
24,0.0499446
25,0.0502727
26,0.0505877
27,0.0508959
28,0.0511963
29,0.0514877
30,0.0517692
31,0.0520434
32,0.0523084
33,0.0525618
34,0.052812
35,0.0530532
36,0.0532897
37,0.0535193
38,0.0537414
39,0.053955
40,0.0541688
41,0.0543724
42,0.0545764
43,0.054774
44,0.0549646
45,0.0551574
46,0.0553362
47,0.0555199
48,0.0556931
49,0.0558654
50,0.0560305
51,0.056198
52,0.0563588
53,0.0565155
54,0.0566716
55,0.0568259
56,0.0569799
57,0.0571299
58,0.0572751
59,0.0574169
60,0.0575561
61,0.0576928
62,0.0578288
63,0.0579597
64,0.0580921
65,0.0582172
66,0.0583471
67,0.058476
68,0.0586008
69,0.0587243
70,0.0588497
71,0.0589731
72,0.0590923
73,0.0592103
74,0.059325
75,0.0594366
76,0.0595488
77,0.0596607
78,0.0597707
79,0.0598784
80,0.0599838
81,0.0600918
82,0.0601961
83,0.0602994
84,0.0604019
85,0.0605022
86,0.0606046
87,0.0607035
88,0.0608056
89,0.0609033
90,0.0610003
91,0.0611009
92,0.0611939
93,0.0612896
94,0.0613821
95,0.0614701
96,0.0615623
97,0.061652
98,0.0617408
99,0.06183
100,0.0619196
101,0.0620057
102,0.0620917
103,0.0621794
104,0.0622611
105,0.0623438
106,0.0624268
107,0.0625121
108,0.0625988
109,0.0626842
110,0.062768
111,0.0628505
112,0.0629363
113,0.0630168
114,0.0630999
115,0.0631832
116,0.0632641
117,0.0633414
118,0.0634244
119,0.0634986
120,0.0635736
121,0.0636492
122,0.0637188
123,0.0637932
124,0.0638665
125,0.0639397
126,0.0640153
127,0.0640872
128,0.0641617
129,0.0642321
130,0.064302
131,0.0643734
132,0.064443
133,0.0645174
134,0.0645853
135,0.0646585
136,0.064727
137,0.0647977
138,0.0648661
139,0.0649332
140,0.0650021
141,0.0650682
142,0.0651346
143,0.0651977
144,0.0652608
145,0.0653254
146,0.0653872
147,0.0654476
148,0.065512
149,0.0655702
150,0.0656308
151,0.0656893
152,0.0657514
153,0.0658111
154,0.0658677
155,0.0659263
156,0.0659846
157,0.0660479
158,0.0661097
159,0.0661721
160,0.0662357
161,0.0663003
162,0.0663602
163,0.0664248
164,0.0664849
165,0.0665473
166,0.0666068
167,0.0666682
168,0.0667274
169,0.0667834
170,0.0668397
171,0.066894
172,0.0669485
173,0.067003
174,0.067059
175,0.0671112
176,0.0671683
177,0.0672224
178,0.0672782
179,0.0673334
180,0.0673939
181,0.0674535
182,0.0675159
183,0.0675755
184,0.0676236
185,0.0676667
186,0.0677089
187,0.0677519
188,0.0677984
189,0.0678419
190,0.0678891
191,0.0679373
192,0.0679862
193,0.0680361
194,0.0680873
195,0.0681371
196,0.068186
197,0.0682392
198,0.0682889
199,0.0683395
200,0.0683918
201,0.0684414
202,0.0684896
203,0.0685433
204,0.0685895
205,0.0686353
206,0.0686812
207,0.0687269
208,0.0687684
209,0.0688149
210,0.0688577
211,0.0688997
212,0.0689452
213,0.0689861
214,0.0690302
215,0.0690728
216,0.0691143
217,0.0691607
218,0.0692097
219,0.0692626
220,0.0693242
221,0.0693748
222,0.0694317
223,0.0694812
224,0.0695296
225,0.0695762
226,0.0696268
227,0.0696728
228,0.0697216
229,0.0697659
230,0.0698121
231,0.0698558
232,0.0698949
233,0.0699384
234,0.0699757
235,0.0700148
236,0.0700528
237,0.0700935
238,0.070132
239,0.0701725
240,0.0702115
241,0.0702591
242,0.0702978
243,0.0703398
244,0.0703837
245,0.0704241
246,0.0704645
247,0.0705028
248,0.0705396
249,0.0705784
250,0.0706154
251,0.0706526
252,0.0706891
253,0.0707278
254,0.0707678
255,0.0708049
256,0.0708445
257,0.0708801
258,0.0709159
259,0.0709546
260,0.0709936
261,0.0710337
262,0.0710763
263,0.0711151
264,0.0711598
265,0.0711986
266,0.0712365
267,0.0712773
268,0.0713188
269,0.0713552
270,0.0713963
271,0.0714333
272,0.0714724
273,0.0715112
274,0.0715463
275,0.0715845
276,0.0716247
277,0.071666
278,0.0717061
279,0.0717457
280,0.0717787
281,0.0718118
282,0.0718416
283,0.0718744
284,0.0719048
285,0.0719399
286,0.0719737
287,0.0720088
288,0.0720423
289,0.072078
290,0.0721129
291,0.0721519
292,0.072186
293,0.0722262
294,0.072265
295,0.0723019
296,0.0723405
297,0.0723748
298,0.0724107
299,0.0724412
300,0.0724733
301,0.0725
302,0.0725294
303,0.0725587
304,0.0725933
305,0.0726255
306,0.0726655
307,0.0726964
308,0.0727348
309,0.0727711
310,0.0728021
311,0.0728389
312,0.0728707
313,0.0729114
314,0.0729494
315,0.0729868
316,0.0730238
317,0.0730588
318,0.073095
319,0.0731289
320,0.0731628
321,0.0731954
322,0.073225
323,0.0732589
324,0.0732855
325,0.0733156
326,0.0733431
327,0.0733725
328,0.0734021
329,0.0734275
330,0.0734558
331,0.0734828
332,0.0735091
333,0.0735363
334,0.0735621
335,0.0735878
336,0.0736108
337,0.0736465
338,0.0736881
339,0.0737306
340,0.0737708
341,0.0738086
342,0.0738414
343,0.0738739
344,0.0739065
345,0.0739376
346,0.073967
347,0.0739972
348,0.0740262
349,0.0740531
350,0.0740828
351,0.0741087
352,0.0741391
353,0.0741656
354,0.0741992
355,0.0742294
356,0.0742604
357,0.0742896
358,0.0743201
359,0.0743497
360,0.0743792
361,0.0744107
362,0.0744417
363,0.0744698
364,0.0744996
365,0.0745323
366,0.0745634
367,0.0745945
368,0.0746235
369,0.0746522
370,0.0746816
371,0.0747112
372,0.0747391
373,0.0747663
374,0.0747954
375,0.0748225
376,0.0748505
377,0.0748765
378,0.0749055
379,0.0749334
380,0.0749605
381,0.0749879
382,0.0750149
383,0.0750433
384,0.0750678
385,0.0750966
386,0.0751216
387,0.0751503
388,0.0751795
389,0.0752075
390,0.0752362
391,0.0752627
392,0.0752896
393,0.0753175
394,0.0753456
395,0.0753709
396,0.0753978
397,0.0754252
398,0.0754498
399,0.0754771
400,0.0755012
401,0.0755258
402,0.0755512
403,0.0755761
404,0.0755981
405,0.0756221
406,0.075646
407,0.0756736
408,0.0757039
409,0.0757328
410,0.0757632
411,0.0757928
412,0.0758233
413,0.0758513
414,0.0758794
415,0.0759085
416,0.0759359
417,0.075963
418,0.0759924
419,0.0760187
420,0.076045
421,0.0760742
422,0.0760999
423,0.0761271
424,0.0761511
425,0.0761734
426,0.076198
427,0.0762181
428,0.0762413
429,0.0762643
430,0.0762843
431,0.0763101
432,0.0763314
433,0.0763579
434,0.0763833
435,0.0764098
436,0.076436
437,0.0764612
438,0.0764899
439,0.0765168
440,0.0765457
441,0.076573
442,0.0765999
443,0.0766282
444,0.0766544
445,0.0766803
446,0.0767083
447,0.0767348
448,0.0767612
449,0.0767857
450,0.0768069
451,0.0768268
452,0.076846
453,0.0768622
454,0.0768812
455,0.0768996
456,0.0769221
457,0.0769429
458,0.0769653
459,0.0769882
460,0.0770113
461,0.0770348
462,0.0770613
463,0.077087
464,0.077112
465,0.0771401
466,0.0771658
467,0.0771931
468,0.0772169
469,0.0772413
470,0.0772615
471,0.0772861
472,0.0773036
473,0.0773264
474,0.077351
475,0.077369
476,0.0773968
477,0.0774221
478,0.077445
479,0.0774692
480,0.0774956
481,0.0775149
482,0.0775381
483,0.0775598
484,0.0775835
485,0.0776066
486,0.0776271
487,0.0776523
488,0.0776736
489,0.0776957
490,0.0777182
491,0.077737
492,0.077757
493,0.0777743
494,0.0777959
495,0.077814
496,0.0778336
497,0.0778586
498,0.0778794
499,0.0779056
500,0.0779309
501,0.0779555
502,0.0779804
503,0.078006
504,0.0780299
505,0.0780532
506,0.0780742
507,0.0780974
508,0.0781177
509,0.0781392
510,0.0781595
511,0.0781863
512,0.0782107
513,0.0782445
514,0.0782801
515,0.0783136
516,0.0783418
517,0.0783618
518,0.078379
519,0.0783934
520,0.0784072
521,0.0784169
522,0.0784346
523,0.0784502
524,0.0784673
525,0.0784859
526,0.0785074
527,0.0785266
528,0.0785507
529,0.0785691
530,0.0785907
531,0.0786101
532,0.0786317
533,0.0786529
534,0.0786737
535,0.0786997
536,0.0787226
537,0.0787451
538,0.0787712
539,0.0787947
540,0.078819
541,0.0788412
542,0.0788653
543,0.0788885
544,0.0789077
545,0.0789309
546,0.0789523
547,0.078972
548,0.078992
549,0.0790114
550,0.0790292
551,0.0790495
552,0.0790663
553,0.0790847
554,0.0791024
555,0.0791229
556,0.0791419
557,0.0791611
558,0.0791804
559,0.0791984
560,0.0792187
561,0.0792409
562,0.07926
563,0.0792827
564,0.0793052
565,0.079327
566,0.0793479
567,0.0793711
568,0.0793933
569,0.079414
570,0.0794381
571,0.0794642
572,0.0794922
573,0.0795205
574,0.0795516
575,0.0795793
576,0.079603
577,0.0796241
578,0.0796414
579,0.079656
580,0.0796693
581,0.0796816
582,0.0796941
583,0.0797073
584,0.0797222
585,0.0797401
586,0.0797576
587,0.0797771
588,0.0797941
589,0.0798097
590,0.07983
591,0.079844
592,0.0798577
593,0.0798753
594,0.0798864
595,0.0798978
596,0.0799102
597,0.0799169
598,0.0799213
599,0.0799215
