2,0.922203
3,0.787283
4,0.675994
5,0.584992
6,0.509137
7,0.443234
8,0.385749
9,0.335874
10,0.291034
11,0.248782
12,0.209164
13,0.172221
14,0.137332
15,0.103565
16,0.0725598
17,0.0471266
18,0.0300979
19,0.0211471
20,0.0168901
21,0.014511
22,0.0135518
23,0.0123752
24,0.0117039
25,0.0107965
26,0.0103099
27,0.00943853
28,0.00893552
29,0.00811201
30,0.00772073
31,0.0069595
32,0.0066481
33,0.00606296
34,0.00585054
35,0.00528884
36,0.00508221
37,0.00456347
38,0.00440917
39,0.00400543
40,0.00387287
41,0.00350637
42,0.00333769
43,0.00299273
44,0.00288787
45,0.00255342
46,0.00247853
47,0.00219948
48,0.00214933
49,0.00196543
50,0.00190827
51,0.00169987
52,0.00166477
53,0.00155191
54,0.0015062
55,0.00144212
56,0.00138251
57,0.0012589
58,0.00126634
59,0.00123936
60,0.00123659
61,0.00119529
62,0.00117241
63,0.00117442
64,0.00117703
65,0.00119525
66,0.0011547
67,0.00114158
68,0.000959356
69,0.000623962
70,0.000540502
71,0.000800943
72,0.000971862
73,0.00103193
74,0.0010498
75,0.00106173
76,0.00107048
77,0.00109151
78,0.001075
79,0.00106209
80,0.001082
81,0.00104951
82,0.00107514
83,0.00106811
84,0.0010603
85,0.00107145
86,0.00104478
87,0.000975365
88,0.000704696
89,0.000442328
90,0.000711608
91,0.000890897
92,0.000976885
93,0.00102808
94,0.00103821
95,0.00104693
96,0.00106929
97,0.00104711
98,0.00108365
99,0.00109972
100,0.00109832
101,0.00109305
102,0.00111627
103,0.00110598
104,0.00105854
105,0.00104044
106,0.00106364
107,0.00108289
108,0.000998963
109,0.0010799
110,0.00101686
111,0.00105606
112,0.000967404
113,0.000965255
114,0.000731921
115,0.000604911
116,0.000674139
117,0.000799981
118,0.00102066
119,0.00103832
120,0.00106598
121,0.00105188
122,0.00104103
123,0.0010066
124,0.000997142
125,0.000959897
126,0.000986737
127,0.000960314
128,0.000983577
129,0.000986839
130,0.00094987
131,0.000997025
132,0.000955744
133,0.000945959
134,0.000942526
135,0.000982679
136,0.00101524
137,0.000972938
138,0.00097514
139,0.000955912
140,0.000827894
141,0.000759317
142,0.000775149
143,0.000732793
144,0.000694303
145,0.00060811
146,0.000636192
147,0.000595769
148,0.000652662
149,0.000650172
150,0.000614274
151,0.000581154
152,0.000732561
153,0.000676587
154,0.000805465
155,0.000894404
156,0.000925918
157,0.000941578
158,0.00093646
159,0.000930737
160,0.000920754
161,0.000939686
162,0.000937208
163,0.000947364
164,0.00094959
165,0.000973806
166,0.000992646
167,0.00100207
168,0.0010111
169,0.00102074
170,0.00102191
171,0.00101758
172,0.000999488
173,0.000979927
174,0.000993156
175,0.000973836
176,0.000987038
177,0.000993271
178,0.00100271
179,0.00102022
180,0.00107518
181,0.00112532
182,0.00120922
183,0.00126806
184,0.00115494
185,0.00108891
186,0.00104686
187,0.000866287
188,0.000909674
189,0.000755244
190,0.000963987
191,0.000774582
192,0.000930307
193,0.000781947
194,0.000755664
195,0.000665649
196,0.000898395
197,0.000781303
198,0.000991099
199,0.000717798
200,0.00100333
201,0.00076934
202,0.001026
203,0.000871695
204,0.00100448
205,0.000890891
206,0.000965348
207,0.00101362
208,0.000941704
209,0.00104163
210,0.000932018
211,0.00109249
212,0.000897431
213,0.00113911
214,0.000763226
215,0.00109844
216,0.000703651
217,0.00128265
218,0.000814816
219,0.00118146
220,0.000793218
221,0.0011292
222,0.000892103
223,0.00117249
224,0.00101741
225,0.00120155
226,0.0011271
227,0.00118865
228,0.00115475
229,0.00117812
230,0.00114061
231,0.00115522
232,0.00116147
233,0.00114703
234,0.00117387
235,0.00102163
236,0.00108026
237,0.000952245
238,0.000980266
239,0.000992343
240,0.00101657
241,0.00111086
242,0.00110016
243,0.00108842
244,0.00110964
245,0.00109439
246,0.00104644
247,0.00106332
248,0.00098074
249,0.00102478
250,0.000896518
251,0.000976478
252,0.000874942
253,0.00098084
254,0.000906448
255,0.0009513
256,0.000819221
257,0.00088496
258,0.000779568
259,0.00083117
260,0.00084146
261,0.000879038
262,0.000901511
263,0.00095927
264,0.000911672
265,0.000913042
266,0.000897014
267,0.000845768
268,0.000850106
269,0.000754227
270,0.000867968
271,0.000940269
272,0.00090094
273,0.000944071
274,0.000834141
275,0.000939435
276,0.000826299
277,0.000945044
278,0.000905229
279,0.000935261
280,0.000840819
281,0.000872647
282,0.000855195
283,0.000851955
284,0.000922456
285,0.00090869
286,0.000979367
287,0.00100567
288,0.000996804
289,0.0010178
290,0.0010297
291,0.00105315
292,0.000995579
293,0.00103722
294,0.00101422
295,0.00103501
296,0.00101768
297,0.00102266
298,0.000988981
299,0.00101993
300,0.000894887
301,0.000921361
302,0.000851014
303,0.000906476
304,0.000826077
305,0.000906133
306,0.00082802
307,0.000908674
308,0.000771052
309,0.000749612
310,0.000783323
311,0.000745724
312,0.000828761
313,0.000706333
314,0.0008743
315,0.0008384
316,0.000978402
317,0.000879988
318,0.00103424
319,0.000918429
320,0.00102009
321,0.000841192
322,0.00102068
323,0.000875164
324,0.00103667
325,0.000831898
326,0.000969558
327,0.000830646
328,0.000975557
329,0.00090861
330,0.000962573
331,0.00102367
332,0.00104336
333,0.00107114
334,0.00109315
335,0.00104795
336,0.00106411
337,0.00102337
338,0.000965802
339,0.000886511
340,0.000912062
341,0.000793051
342,0.000882904
343,0.000735799
344,0.000927946
345,0.000742155
346,0.000859993
347,0.000758327
348,0.000866791
349,0.000794433
350,0.000873974
351,0.000832968
352,0.000851318
353,0.00091052
354,0.000977649
355,0.00103126
356,0.00105872
357,0.00108513
358,0.00107191
359,0.00113758
360,0.00103507
361,0.00117544
362,0.000983828
363,0.00123985
364,0.000954176
365,0.00127035
366,0.00097848
367,0.00119178
368,0.000935639
369,0.00110646
370,0.00105006
371,0.00111893
372,0.00113604
373,0.0011404
374,0.00113334
375,0.00114497
376,0.00102602
377,0.00110395
378,0.000960323
379,0.00103023
380,0.000855617
381,0.000964031
382,0.000688794
383,0.000914176
384,0.000684659
385,0.000918984
386,0.000774697
387,0.000888588
388,0.000829856
389,0.00089429
390,0.000788657
391,0.000886996
392,0.000791146
393,0.000863086
394,0.000835639
395,0.000892358
396,0.000876643
397,0.000911349
398,0.000918045
399,0.000981211
400,0.000946627
401,0.000973607
402,0.000922466
403,0.00102965
404,0.000928009
405,0.00101987
406,0.000883703
407,0.00100576
408,0.000876476
409,0.000970094
410,0.000962404
411,0.00106686
412,0.00102217
413,0.00117479
414,0.00109694
415,0.00124681
416,0.00118407
417,0.0012984
418,0.00127337
419,0.00133833
420,0.0013333
421,0.00133851
422,0.00126413
423,0.00134335
424,0.00108572
425,0.00142488
426,0.00101954
427,0.00145401
428,0.000909253
429,0.00140305
430,0.000903936
431,0.00128668
432,0.000900776
433,0.00120888
434,0.000895823
435,0.00111709
436,0.000924305
437,0.000989723
438,0.000978
439,0.000896183
440,0.00104856
441,0.000917455
442,0.00102453
443,0.000838773
444,0.000978224
445,0.000851437
446,0.00100125
447,0.000892955
448,0.001094
449,0.000832832
450,0.00111986
451,0.000698148
452,0.00116807
453,0.000713427
454,0.00118486
455,0.000714279
456,0.00112949
457,0.000739035
458,0.0011362
459,0.000735827
460,0.00122988
461,0.000777126
462,0.00130176
463,0.000925697
464,0.0012201
465,0.00103019
466,0.0010688
467,0.00090117
468,0.0010509
469,0.000789319
470,0.000991691
471,0.000706866
472,0.00101219
473,0.000668762
474,0.000995974
475,0.000661381
476,0.000951422
477,0.000602268
478,0.000899763
479,0.000601073
480,0.000917437
481,0.000678619
482,0.000935794
483,0.000840927
484,0.000973786
485,0.000971636
486,0.000956568
487,0.00100945
488,0.000930634
489,0.000932594
490,0.000821963
491,0.000850406
492,0.000753515
493,0.000872248
494,0.000862437
495,0.000881931
496,0.000966029
497,0.000912655
498,0.000969898
499,0.000929326
500,0.000930032
501,0.000922688
502,0.000945356
503,0.000981447
504,0.00100632
505,0.00107872
506,0.00108793
507,0.00107982
508,0.00118421
509,0.00103753
510,0.00128083
511,0.000955428
512,0.0012363
513,0.000867949
514,0.00127249
515,0.000974058
516,0.00132492
517,0.00101965
518,0.00120003
519,0.00091016
520,0.00105246
521,0.000849083
522,0.00103612
523,0.000894088
524,0.0010179
525,0.000878731
526,0.000993349
527,0.000986374
528,0.00100186
529,0.00104767
530,0.00101136
531,0.00103411
532,0.000977988
533,0.0010085
534,0.00103752
535,0.000916733
536,0.00112857
537,0.000867196
538,0.00122053
539,0.000939727
540,0.00129376
541,0.000979028
542,0.00123442
543,0.000955779
544,0.00118314
545,0.000979919
546,0.0011491
547,0.00103569
548,0.00114378
549,0.000954449
550,0.0010588
551,0.000824983
552,0.00103306
553,0.000797007
554,0.00106701
555,0.000853895
556,0.00103456
557,0.000989169
558,0.000976148
559,0.00104499
560,0.000980242
561,0.00113863
562,0.0010352
563,0.00116618
564,0.00112556
565,0.00117983
566,0.00112607
567,0.00114977
568,0.00116547
569,0.00109399
570,0.00119938
571,0.0011445
572,0.0012738
573,0.00126991
574,0.00135784
575,0.00141032
576,0.00141717
577,0.0015165
578,0.00141017
579,0.00146917
580,0.00134288
581,0.00136788
582,0.00128924
583,0.00119618
584,0.00123311
585,0.00108671
586,0.00130803
587,0.00111319
588,0.00150318
589,0.00126284
590,0.00153991
591,0.00148079
592,0.00154141
593,0.00161042
594,0.00162751
595,0.00168418
596,0.00165793
597,0.00169506
598,0.0015544
599,0.00134435
