2,0.0019729
3,0.00584759
4,0.00948445
5,0.0127437
6,0.0155885
7,0.018026
8,0.0200976
9,0.0218496
10,0.0233337
11,0.0245945
12,0.0256636
13,0.0265609
14,0.0273268
15,0.0279839
16,0.028559
17,0.0290665
18,0.029506
19,0.0299337
20,0.0303352
21,0.0307196
22,0.0311275
23,0.0315448
24,0.03201
25,0.032503
26,0.0330378
27,0.0336204
28,0.0342589
29,0.0349539
30,0.0357022
31,0.0364887
32,0.0373137
33,0.0381675
34,0.0390521
35,0.0399529
36,0.0408624
37,0.0417703
38,0.0426701
39,0.0435529
40,0.0444135
41,0.0452463
42,0.0460411
43,0.0467986
44,0.0475129
45,0.0481898
46,0.0488264
47,0.049427
48,0.049994
49,0.0505277
50,0.0510241
51,0.0514947
52,0.0519296
53,0.0523486
54,0.0527374
55,0.0531144
56,0.0534674
57,0.0538071
58,0.0541268
59,0.0544348
60,0.0547303
61,0.0550138
62,0.0552851
63,0.0555463
64,0.0557962
65,0.0560385
66,0.0562721
67,0.0565033
68,0.0567299
69,0.0569475
70,0.0571581
71,0.0573587
72,0.0575519
73,0.0577346
74,0.057914
75,0.0580869
76,0.0582558
77,0.0584183
78,0.0585762
79,0.0587324
80,0.0588817
81,0.0590327
82,0.0591798
83,0.0593258
84,0.0594678
85,0.059609
86,0.059748
87,0.0598869
88,0.0600234
89,0.0601568
90,0.0602932
91,0.060421
92,0.0605483
93,0.0606742
94,0.0607979
95,0.0609226
96,0.0610464
97,0.0611665
98,0.0612888
99,0.0614023
100,0.0615208
101,0.0616317
102,0.0617479
103,0.0618579
104,0.0619706
105,0.0620795
106,0.0621892
107,0.0622937
108,0.0623997
109,0.0625087
110,0.0626159
111,0.0627244
112,0.0628274
113,0.0629317
114,0.0630284
115,0.0631274
116,0.0632232
117,0.0633176
118,0.0634092
119,0.0635023
120,0.0635917
121,0.0636802
122,0.0637643
123,0.0638507
124,0.0639305
125,0.0640146
126,0.0640912
127,0.0641674
128,0.064238
129,0.0643089
130,0.0643802
131,0.0644501
132,0.0645196
133,0.0645918
134,0.0646611
135,0.064732
136,0.0648026
137,0.0648713
138,0.064944
139,0.0650144
140,0.0650874
141,0.0651567
142,0.0652303
143,0.0652989
144,0.065372
145,0.0654419
146,0.0655136
147,0.065585
148,0.0656555
149,0.0657246
150,0.0657915
151,0.0658563
152,0.0659213
153,0.0659843
154,0.0660527
155,0.0661195
156,0.0661864
157,0.066252
158,0.066317
159,0.0663822
160,0.0664465
161,0.0665112
162,0.0665766
163,0.0666433
164,0.0667079
165,0.066775
166,0.0668375
167,0.0669046
168,0.0669663
169,0.0670324
170,0.0670949
171,0.0671603
172,0.0672249
173,0.0672907
174,0.0673584
175,0.0674288
176,0.0674991
177,0.0675657
178,0.0676197
179,0.067671
180,0.0677177
181,0.0677664
182,0.0678114
183,0.0678554
184,0.0679019
185,0.0679459
186,0.0679909
187,0.0680369
188,0.0680814
189,0.0681273
190,0.0681736
191,0.0682181
192,0.0682667
193,0.0683101
194,0.0683571
195,0.0684012
196,0.0684495
197,0.0684939
198,0.0685415
199,0.0685849
200,0.0686291
201,0.0686715
202,0.0687121
203,0.0687518
204,0.0687925
205,0.0688312
206,0.0688708
207,0.0689114
208,0.0689485
209,0.0689874
210,0.0690222
211,0.0690593
212,0.06909
213,0.0691216
214,0.0691497
215,0.069188
216,0.0692421
217,0.069305
218,0.069367
219,0.0694283
220,0.0694881
221,0.069545
222,0.0696002
223,0.0696547
224,0.0697077
225,0.0697589
226,0.0698092
227,0.0698575
228,0.0699057
229,0.0699515
230,0.0699994
231,0.0700432
232,0.0700911
233,0.0701369
234,0.0701841
235,0.070231
236,0.0702796
237,0.0703274
238,0.0703752
239,0.070424
240,0.0704688
241,0.070516
242,0.0705572
243,0.070602
244,0.0706439
245,0.0706878
246,0.0707325
247,0.0707757
248,0.0708211
249,0.0708604
250,0.0709011
251,0.0709384
252,0.0709811
253,0.071023
254,0.0710676
255,0.0711112
256,0.0711548
257,0.0711971
258,0.0712436
259,0.0712854
260,0.0713317
261,0.0713761
262,0.0714226
263,0.0714671
264,0.0715136
265,0.0715583
266,0.0716037
267,0.0716492
268,0.0716905
269,0.0717339
270,0.0717673
271,0.0717985
272,0.0718227
273,0.071853
274,0.0718791
275,0.0719067
276,0.0719333
277,0.0719617
278,0.0719881
279,0.0720157
280,0.0720408
281,0.0720674
282,0.0720947
283,0.0721186
284,0.0721469
285,0.072172
286,0.0722039
287,0.0722302
288,0.0722617
289,0.0722914
290,0.0723242
291,0.0723546
292,0.0723856
293,0.0724138
294,0.0724429
295,0.072468
296,0.0724954
297,0.0725199
298,0.0725467
299,0.0725792
300,0.0726122
301,0.0726484
302,0.0726817
303,0.0727184
304,0.0727506
305,0.0727876
306,0.0728212
307,0.0728565
308,0.0728909
309,0.0729281
310,0.0729656
311,0.0730026
312,0.0730378
313,0.0730728
314,0.0731059
315,0.0731403
316,0.0731715
317,0.0732027
318,0.0732309
319,0.0732592
320,0.073283
321,0.0733067
322,0.073329
323,0.0733514
324,0.0733741
325,0.0733964
326,0.0734172
327,0.0734394
328,0.0734577
329,0.0734793
330,0.0734994
331,0.0735215
332,0.0735429
333,0.0735616
334,0.0735798
335,0.0735961
336,0.0736127
337,0.073642
338,0.0736869
339,0.0737429
340,0.0737941
341,0.0738433
342,0.0738929
343,0.0739414
344,0.0739902
345,0.0740359
346,0.0740827
347,0.0741228
348,0.0741636
349,0.074204
350,0.0742443
351,0.0742829
352,0.0743176
353,0.074351
354,0.0743846
355,0.0744163
356,0.0744481
357,0.0744744
358,0.0745046
359,0.0745326
360,0.0745602
361,0.074588
362,0.0746134
363,0.0746412
364,0.0746657
365,0.0746953
366,0.074723
367,0.0747517
368,0.0747813
369,0.0748088
370,0.0748386
371,0.0748657
372,0.0748957
373,0.0749238
374,0.074955
375,0.0749841
376,0.0750141
377,0.075041
378,0.0750697
379,0.0750948
380,0.0751222
381,0.0751483
382,0.0751747
383,0.0751987
384,0.0752203
385,0.0752429
386,0.0752627
387,0.0752844
388,0.0753054
389,0.0753273
390,0.0753485
391,0.0753726
392,0.0753928
393,0.0754144
394,0.0754357
395,0.0754571
396,0.075479
397,0.0754997
398,0.0755241
399,0.0755461
400,0.075569
401,0.07559
402,0.0756081
403,0.0756273
404,0.0756491
405,0.0756819
406,0.075721
407,0.075762
408,0.0758013
409,0.0758412
410,0.0758797
411,0.0759175
412,0.0759509
413,0.0759845
414,0.0760154
415,0.0760491
416,0.07608
417,0.0761115
418,0.0761425
419,0.0761716
420,0.0761995
421,0.0762275
422,0.076257
423,0.0762826
424,0.0763098
425,0.0763357
426,0.0763641
427,0.0763902
428,0.0764164
429,0.0764428
430,0.0764698
431,0.0764961
432,0.0765247
433,0.0765521
434,0.0765798
435,0.0766063
436,0.0766293
437,0.076655
438,0.0766829
439,0.0767104
440,0.0767367
441,0.076762
442,0.0767864
443,0.0768102
444,0.0768279
445,0.0768445
446,0.0768586
447,0.0768735
448,0.0768913
449,0.0769142
450,0.0769382
451,0.0769624
452,0.0769857
453,0.0770074
454,0.0770319
455,0.0770526
456,0.0770779
457,0.0770995
458,0.0771282
459,0.0771507
460,0.0771761
461,0.0771937
462,0.0772145
463,0.0772326
464,0.0772504
465,0.0772694
466,0.077284
467,0.0773042
468,0.0773185
469,0.0773389
470,0.0773573
471,0.0773786
472,0.0774028
473,0.0774268
474,0.0774502
475,0.077473
476,0.0774924
477,0.0775124
478,0.0775299
479,0.0775493
480,0.0775703
481,0.0775921
482,0.0776164
483,0.0776391
484,0.0776638
485,0.0776879
486,0.0777145
487,0.0777369
488,0.0777628
489,0.0777877
490,0.0778155
491,0.0778461
492,0.0778786
493,0.0779168
494,0.0779533
495,0.0779955
496,0.0780351
497,0.0780795
498,0.0781225
499,0.0781655
500,0.0782109
501,0.078257
502,0.078307
503,0.0783434
504,0.0783595
505,0.0783584
506,0.0783608
507,0.0783595
508,0.0783602
509,0.0783584
510,0.0783602
511,0.0783614
512,0.0783682
513,0.0783808
514,0.0783986
515,0.0784132
516,0.0784283
517,0.0784435
518,0.0784581
519,0.0784761
520,0.0784945
521,0.0785161
522,0.0785339
523,0.0785592
524,0.0785791
525,0.0786044
526,0.0786247
527,0.0786484
528,0.078668
529,0.0786911
530,0.0787148
531,0.0787399
532,0.0787638
533,0.0787859
534,0.0788057
535,0.0788233
536,0.0788432
537,0.0788623
538,0.0788834
539,0.0789016
540,0.0789229
541,0.0789421
542,0.0789654
543,0.0789894
544,0.0790119
545,0.0790365
546,0.0790593
547,0.0790858
548,0.0791107
549,0.079137
550,0.0791612
551,0.0791865
552,0.0792123
553,0.0792404
554,0.0792686
555,0.079299
556,0.0793315
557,0.0793666
558,0.0794021
559,0.0794397
560,0.0794788
561,0.0795205
562,0.0795665
563,0.0796018
564,0.0796285
565,0.0796371
566,0.079649
567,0.0796544
568,0.0796636
569,0.0796688
570,0.0796764
571,0.0796837
572,0.0796908
573,0.079698
574,0.0797063
575,0.0797181
576,0.0797272
577,0.0797413
578,0.0797533
579,0.0797675
580,0.0797791
581,0.0797918
582,0.0798008
583,0.0798099
584,0.0798193
585,0.0798267
586,0.0798334
587,0.0798414
588,0.0798478
589,0.0798556
590,0.079862
591,0.0798701
592,0.0798776
593,0.0798836
594,0.0798916
595,0.079897
596,0.0799019
597,0.0799059
598,0.0799094
599,0.0799104
