2,0.944871
3,0.845849
4,0.759433
5,0.686184
6,0.625601
7,0.576258
8,0.536222
9,0.503983
10,0.478076
11,0.457173
12,0.440289
13,0.427351
14,0.417031
15,0.408443
16,0.401841
17,0.396788
18,0.392519
19,0.388675
20,0.384958
21,0.381357
22,0.377604
23,0.372977
24,0.367887
25,0.362167
26,0.355361
27,0.347633
28,0.338946
29,0.329322
30,0.318692
31,0.307225
32,0.294992
33,0.282143
34,0.268906
35,0.25523
36,0.241513
37,0.227713
38,0.214241
39,0.200897
40,0.188196
41,0.175803
42,0.164235
43,0.153167
44,0.143029
45,0.133403
46,0.124648
47,0.116341
48,0.108774
49,0.101639
50,0.0952392
51,0.0892615
52,0.0838336
53,0.0787516
54,0.0741732
55,0.0697903
56,0.0658414
57,0.0620702
58,0.058702
59,0.0554302
60,0.0524607
61,0.0495703
62,0.0469644
63,0.0444766
64,0.0422202
65,0.0400443
66,0.0380568
67,0.0360864
68,0.0341717
69,0.0324099
70,0.0306772
71,0.0291971
72,0.0276923
73,0.0265048
74,0.0252222
75,0.0241407
76,0.0230578
77,0.022105
78,0.0212357
79,0.0203644
80,0.0195506
81,0.0187992
82,0.0179852
83,0.0172684
84,0.0165269
85,0.0158389
86,0.0151575
87,0.0144929
88,0.0138036
89,0.0132363
90,0.0125305
91,0.0120228
92,0.0113991
93,0.0109265
94,0.0103526
95,0.00984274
96,0.00929201
97,0.00879009
98,0.00824318
99,0.00776948
100,0.00732744
101,0.00687917
102,0.00643573
103,0.00598485
104,0.0055691
105,0.00514908
106,0.00478325
107,0.00441434
108,0.00403955
109,0.00363559
110,0.0032089
111,0.00281655
112,0.00244524
113,0.00217184
114,0.00186021
115,0.00166842
116,0.00148176
117,0.00138848
118,0.00129412
119,0.00124381
120,0.00126759
121,0.00125382
122,0.00126223
123,0.000949246
124,0.00101692
125,0.00133717
126,0.00147336
127,0.00160655
128,0.00159315
129,0.00164428
130,0.00160348
131,0.00163368
132,0.00163146
133,0.00166719
134,0.0016647
135,0.00168015
136,0.00169474
137,0.00174181
138,0.00176085
139,0.00184654
140,0.00188724
141,0.00198608
142,0.00204018
143,0.00213751
144,0.0021928
145,0.00230554
146,0.00237312
147,0.0025005
148,0.00258053
149,0.00266814
150,0.0027362
151,0.00275871
152,0.00280472
153,0.00284132
154,0.00292796
155,0.00302316
156,0.00312203
157,0.00322017
158,0.00330079
159,0.00335177
160,0.00344796
161,0.00348581
162,0.00363881
163,0.0036923
164,0.00387974
165,0.00392806
166,0.00407978
167,0.00413164
168,0.00430751
169,0.00435231
170,0.00450621
171,0.00457408
172,0.00475309
173,0.00487216
174,0.00507054
175,0.0052546
176,0.00546251
177,0.00560723
178,0.00562526
179,0.00556318
180,0.00550783
181,0.00542275
182,0.00531496
183,0.00520302
184,0.00508575
185,0.00498372
186,0.00486091
187,0.00477872
188,0.00467903
189,0.00459695
190,0.00450665
191,0.00444812
192,0.0043896
193,0.00431087
194,0.00421496
195,0.004151
196,0.00409448
197,0.00403489
198,0.00400168
199,0.00392827
200,0.00384729
201,0.0037309
202,0.00362498
203,0.00351007
204,0.00337255
205,0.00325742
206,0.00313054
207,0.00303431
208,0.00288149
209,0.00263272
210,0.00242439
211,0.00232365
212,0.00219028
213,0.00199405
214,0.00176255
215,0.00166059
216,0.00178491
217,0.00202298
218,0.00227914
219,0.00248349
220,0.00270229
221,0.00285655
222,0.00302441
223,0.00312187
224,0.0032438
225,0.00333461
226,0.00341542
227,0.00348936
228,0.00356575
229,0.00357271
230,0.00362904
231,0.00366351
232,0.00370753
233,0.00378774
234,0.00380226
235,0.00393691
236,0.00396583
237,0.00410266
238,0.00416581
239,0.00423491
240,0.00429306
241,0.00431863
242,0.00435239
243,0.00436465
244,0.00439818
245,0.00442896
246,0.00446372
247,0.00451261
248,0.00453463
249,0.00453892
250,0.00453524
251,0.00450838
252,0.00454977
253,0.00458145
254,0.00466375
255,0.00470659
256,0.0047675
257,0.00481222
258,0.0048672
259,0.00495695
260,0.00502298
261,0.00512822
262,0.00520756
263,0.00529826
264,0.00537925
265,0.00545255
266,0.00555271
267,0.00556712
268,0.00561564
269,0.0056711
270,0.00565735
271,0.00557195
272,0.00538327
273,0.00528416
274,0.0051089
275,0.00498641
276,0.00484147
277,0.00468876
278,0.0045781
279,0.00441836
280,0.00429382
281,0.00414768
282,0.00398208
283,0.00384719
284,0.00368691
285,0.00362671
286,0.00348435
287,0.00342296
288,0.00333462
289,0.0032866
290,0.00320517
291,0.00315735
292,0.00306218
293,0.00297361
294,0.00287387
295,0.00276528
296,0.00263061
297,0.00250264
298,0.00240629
299,0.00239016
300,0.00237256
301,0.00239863
302,0.00238541
303,0.0023876
304,0.00238698
305,0.00241068
306,0.00240276
307,0.00242733
308,0.00245276
309,0.00250105
310,0.0025409
311,0.00258573
312,0.00258032
313,0.00259982
314,0.00259528
315,0.00258674
316,0.00258297
317,0.00254165
318,0.0025058
319,0.00239325
320,0.00232733
321,0.00216961
322,0.00206853
323,0.00191551
324,0.00180947
325,0.00165632
326,0.00155521
327,0.00141184
328,0.00129149
329,0.00115684
330,0.00106934
331,0.000961593
332,0.00090118
333,0.000827804
334,0.000804666
335,0.000813817
336,0.000871915
337,0.0008873
338,0.00081343
339,0.000816486
340,0.000911479
341,0.00106044
342,0.0012413
343,0.00144163
344,0.00164631
345,0.00184284
346,0.00201633
347,0.00217197
348,0.00228591
349,0.00241546
350,0.00253714
351,0.00264283
352,0.00268716
353,0.00273411
354,0.00263952
355,0.00270197
356,0.00273582
357,0.00278116
358,0.00280486
359,0.00279134
360,0.00275125
361,0.00271744
362,0.00267382
363,0.00263702
364,0.00259649
365,0.00258605
366,0.00260216
367,0.00258857
368,0.0025935
369,0.0025715
370,0.0025894
371,0.00257908
372,0.00258859
373,0.00259926
374,0.00260838
375,0.0026119
376,0.00260908
377,0.00259578
378,0.00257145
379,0.00255725
380,0.00251495
381,0.00236704
382,0.00234154
383,0.0023522
384,0.00231003
385,0.0022729
386,0.00218291
387,0.00212324
388,0.00202061
389,0.00195265
390,0.00187652
391,0.0018191
392,0.00171841
393,0.00168224
394,0.00157421
395,0.00152705
396,0.00144602
397,0.00140192
398,0.00132253
399,0.00105012
400,0.00102812
401,0.00107827
402,0.0010961
403,0.0010443
404,0.00105366
405,0.00112147
406,0.00122761
407,0.00134974
408,0.00148685
409,0.00163297
410,0.00178027
411,0.00189014
412,0.00200438
413,0.0020668
414,0.00215019
415,0.0022069
416,0.00229564
417,0.00235988
418,0.00242024
419,0.00245688
420,0.00248034
421,0.00252991
422,0.00254764
423,0.00256737
424,0.00256393
425,0.00260485
426,0.0026032
427,0.00263726
428,0.00263717
429,0.00263777
430,0.00267939
431,0.00267497
432,0.00273068
433,0.00274279
434,0.00281372
435,0.00278547
436,0.00278462
437,0.00276746
438,0.00282083
439,0.00284068
440,0.0028654
441,0.00288297
442,0.00286347
443,0.00285116
444,0.00274037
445,0.00263267
446,0.00248701
447,0.00237769
448,0.00228925
449,0.0022846
450,0.00229361
451,0.00227788
452,0.00225946
453,0.00222426
454,0.00221643
455,0.00218318
456,0.00219795
457,0.0021853
458,0.00223243
459,0.00221711
460,0.00220398
461,0.00214619
462,0.00208108
463,0.00203174
464,0.0019541
465,0.00189333
466,0.00181386
467,0.00173136
468,0.00164098
469,0.00161046
470,0.0015394
471,0.00153611
472,0.00152043
473,0.00155218
474,0.00154055
475,0.00151854
476,0.00149964
477,0.00143851
478,0.00138326
479,0.00134524
480,0.00132154
481,0.00131681
482,0.00132427
483,0.00132495
484,0.00133888
485,0.00136577
486,0.00140836
487,0.00141712
488,0.0014364
489,0.00147327
490,0.00150778
491,0.00162981
492,0.00174864
493,0.00195496
494,0.00212809
495,0.00236374
496,0.00257619
497,0.00282077
498,0.00309392
499,0.00337542
500,0.00373413
501,0.00411334
502,0.00446782
503,0.0044609
504,0.00427692
505,0.00397016
506,0.00372176
507,0.0034207
508,0.00315168
509,0.00287648
510,0.00260858
511,0.00236104
512,0.00216991
513,0.00208595
514,0.00201776
515,0.00195485
516,0.00186647
517,0.00179232
518,0.00173072
519,0.00166969
520,0.00165833
521,0.00165545
522,0.00164309
523,0.00161801
524,0.00162312
525,0.00164398
526,0.00165521
527,0.00164081
528,0.00163464
529,0.0016575
530,0.00166637
531,0.00174766
532,0.00177901
533,0.00179807
534,0.00175738
535,0.0017485
536,0.00170719
537,0.00172915
538,0.00170409
539,0.00170344
540,0.00168254
541,0.00168787
542,0.00173278
543,0.00175017
544,0.00179341
545,0.00181781
546,0.00186618
547,0.00192276
548,0.00200461
549,0.00204963
550,0.00208854
551,0.00214878
552,0.00221398
553,0.0023241
554,0.00245184
555,0.00259863
556,0.00275471
557,0.00293133
558,0.00312064
559,0.00334092
560,0.0035799
561,0.00385036
562,0.00413294
563,0.00430798
564,0.00426691
565,0.00414819
566,0.00403187
567,0.00386042
568,0.00371675
569,0.00354382
570,0.00340193
571,0.0032238
572,0.00308369
573,0.00293709
574,0.00280031
575,0.00270904
576,0.00257218
577,0.00253739
578,0.00242186
579,0.00237018
580,0.00229139
581,0.0021788
582,0.00207723
583,0.00194514
584,0.00185165
585,0.00171513
586,0.00159803
587,0.00147319
588,0.0013707
589,0.0012925
590,0.00128638
591,0.00130855
592,0.00133553
593,0.00134346
594,0.00134819
595,0.00138301
596,0.00145798
597,0.00153728
598,0.00162508
599,0.00174549
