2,0.00195295
3,0.00578574
4,0.00940785
5,0.0126698
6,0.0155146
7,0.0179505
8,0.0200249
9,0.0217805
10,0.0232656
11,0.0245295
12,0.0256087
13,0.0265022
14,0.0272672
15,0.0279431
16,0.0285169
17,0.0290079
18,0.0294531
19,0.0298693
20,0.0302724
21,0.030663
22,0.0310552
23,0.031486
24,0.0319357
25,0.0324138
26,0.0329447
27,0.0335205
28,0.0341446
29,0.0348169
30,0.0355412
31,0.0363101
32,0.03712
33,0.037964
34,0.0388302
35,0.0397215
36,0.040617
37,0.0415187
38,0.0424049
39,0.0432857
40,0.0441333
41,0.0449653
42,0.0457538
43,0.0465154
44,0.0472268
45,0.0479101
46,0.0485459
47,0.0491564
48,0.0497261
49,0.0502709
50,0.0507746
51,0.0512537
52,0.0517015
53,0.0521286
54,0.0525271
55,0.052913
56,0.0532739
57,0.0536233
58,0.053949
59,0.0542677
60,0.0545685
61,0.0548632
62,0.055141
63,0.0554105
64,0.0556661
65,0.0559155
66,0.056153
67,0.0563882
68,0.0566195
69,0.0568407
70,0.0570593
71,0.0572614
72,0.0574648
73,0.0576477
74,0.0578356
75,0.0580105
76,0.0581847
77,0.0583502
78,0.0585095
79,0.0586686
80,0.0588227
81,0.058973
82,0.059125
83,0.0592719
84,0.0594179
85,0.0595618
86,0.0597023
87,0.059844
88,0.0599837
89,0.060118
90,0.0602571
91,0.0603857
92,0.0605174
93,0.0606425
94,0.0607693
95,0.0608951
96,0.0610185
97,0.0611423
98,0.061264
99,0.0613844
100,0.0614982
101,0.0616161
102,0.0617287
103,0.0618451
104,0.0619544
105,0.0620684
106,0.0621737
107,0.0622836
108,0.0623874
109,0.0624994
110,0.0626055
111,0.0627179
112,0.0628206
113,0.0629251
114,0.0630237
115,0.0631243
116,0.0632176
117,0.0633142
118,0.0634038
119,0.0634965
120,0.0635868
121,0.0636751
122,0.0637607
123,0.0638437
124,0.0639279
125,0.0640099
126,0.0640887
127,0.0641656
128,0.064238
129,0.0643104
130,0.0643813
131,0.0644518
132,0.0645242
133,0.064595
134,0.0646659
135,0.0647353
136,0.0648057
137,0.0648764
138,0.0649467
139,0.0650196
140,0.0650898
141,0.0651632
142,0.0652333
143,0.0653053
144,0.0653752
145,0.0654479
146,0.0655168
147,0.06559
148,0.0656595
149,0.0657283
150,0.065796
151,0.0658603
152,0.0659258
153,0.0659901
154,0.0660577
155,0.0661252
156,0.0661926
157,0.0662599
158,0.0663258
159,0.0663893
160,0.0664552
161,0.0665169
162,0.0665865
163,0.0666487
164,0.0667198
165,0.0667808
166,0.0668489
167,0.06691
168,0.0669791
169,0.0670389
170,0.067106
171,0.0671669
172,0.0672351
173,0.0672988
174,0.067368
175,0.0674355
176,0.0675046
177,0.0675691
178,0.0676248
179,0.0676748
180,0.0677249
181,0.0677727
182,0.0678187
183,0.0678642
184,0.067909
185,0.0679545
186,0.0679985
187,0.0680449
188,0.0680899
189,0.0681359
190,0.068181
191,0.0682281
192,0.0682751
193,0.0683203
194,0.0683641
195,0.0684099
196,0.0684558
197,0.0685014
198,0.0685489
199,0.068593
200,0.0686365
201,0.0686773
202,0.0687186
203,0.0687588
204,0.0687976
205,0.0688375
206,0.0688762
207,0.0689172
208,0.0689534
209,0.0689896
210,0.0690238
211,0.0690582
212,0.0690919
213,0.0691224
214,0.0691508
215,0.0691893
216,0.0692445
217,0.0693087
218,0.0693731
219,0.069434
220,0.0694954
221,0.0695514
222,0.0696088
223,0.0696608
224,0.0697137
225,0.0697648
226,0.0698148
227,0.069864
228,0.0699136
229,0.0699579
230,0.0700054
231,0.0700513
232,0.0700975
233,0.0701466
234,0.0701902
235,0.0702429
236,0.0702877
237,0.0703399
238,0.0703867
239,0.0704338
240,0.0704801
241,0.0705237
242,0.070568
243,0.0706104
244,0.0706543
245,0.0706978
246,0.0707413
247,0.070786
248,0.0708284
249,0.0708694
250,0.0709097
251,0.0709482
252,0.0709917
253,0.071034
254,0.07108
255,0.071123
256,0.0711671
257,0.0712099
258,0.0712536
259,0.0712995
260,0.0713433
261,0.0713902
262,0.0714347
263,0.0714804
264,0.0715248
265,0.0715686
266,0.0716151
267,0.0716579
268,0.0716987
269,0.0717388
270,0.0717752
271,0.0718067
272,0.0718308
273,0.0718615
274,0.0718863
275,0.0719148
276,0.0719414
277,0.0719676
278,0.0719967
279,0.0720218
280,0.0720498
281,0.0720757
282,0.0721002
283,0.0721268
284,0.0721512
285,0.0721829
286,0.0722086
287,0.0722403
288,0.0722697
289,0.0723017
290,0.0723314
291,0.0723633
292,0.072392
293,0.0724203
294,0.0724484
295,0.0724751
296,0.0725001
297,0.0725252
298,0.0725528
299,0.0725859
300,0.0726196
301,0.0726558
302,0.0726895
303,0.0727241
304,0.0727584
305,0.0727941
306,0.0728277
307,0.0728636
308,0.0728993
309,0.0729366
310,0.0729733
311,0.0730106
312,0.0730437
313,0.0730787
314,0.0731116
315,0.073144
316,0.073177
317,0.0732068
318,0.0732369
319,0.0732612
320,0.0732888
321,0.073309
322,0.0733336
323,0.0733539
324,0.0733781
325,0.0733978
326,0.0734214
327,0.0734407
328,0.0734618
329,0.0734806
330,0.0735033
331,0.0735227
332,0.0735454
333,0.0735643
334,0.0735813
335,0.0735981
336,0.0736133
337,0.0736428
338,0.0736912
339,0.0737444
340,0.0737985
341,0.073848
342,0.0738975
343,0.0739463
344,0.0739954
345,0.0740421
346,0.0740867
347,0.0741296
348,0.0741695
349,0.07421
350,0.0742499
351,0.0742882
352,0.0743217
353,0.0743566
354,0.0743866
355,0.074419
356,0.0744475
357,0.0744795
358,0.0745108
359,0.0745395
360,0.0745659
361,0.074593
362,0.0746194
363,0.0746454
364,0.0746714
365,0.0747005
366,0.0747309
367,0.0747587
368,0.0747882
369,0.0748154
370,0.0748458
371,0.074874
372,0.0749034
373,0.074933
374,0.0749625
375,0.0749915
376,0.0750195
377,0.0750471
378,0.0750735
379,0.0751007
380,0.0751268
381,0.075151
382,0.0751754
383,0.0751995
384,0.0752227
385,0.0752471
386,0.0752675
387,0.0752907
388,0.0753105
389,0.0753325
390,0.0753536
391,0.0753767
392,0.0753954
393,0.0754199
394,0.0754381
395,0.0754613
396,0.0754817
397,0.0755044
398,0.0755266
399,0.0755468
400,0.0755689
401,0.075588
402,0.0756119
403,0.0756318
404,0.0756592
405,0.0756931
406,0.0757306
407,0.0757689
408,0.0758079
409,0.075847
410,0.0758861
411,0.0759215
412,0.0759575
413,0.0759887
414,0.0760219
415,0.0760529
416,0.0760862
417,0.0761175
418,0.0761484
419,0.0761774
420,0.0762052
421,0.0762351
422,0.0762621
423,0.0762894
424,0.0763151
425,0.0763441
426,0.0763693
427,0.0763979
428,0.0764233
429,0.076449
430,0.0764775
431,0.0765027
432,0.0765327
433,0.0765587
434,0.0765895
435,0.0766126
436,0.0766375
437,0.0766614
438,0.0766906
439,0.0767171
440,0.0767442
441,0.0767705
442,0.0767937
443,0.0768175
444,0.0768335
445,0.0768495
446,0.0768624
447,0.0768785
448,0.0768956
449,0.0769198
450,0.0769451
451,0.0769681
452,0.0769909
453,0.0770124
454,0.077036
455,0.0770576
456,0.0770828
457,0.0771063
458,0.0771339
459,0.0771567
460,0.0771795
461,0.0771985
462,0.0772177
463,0.0772372
464,0.0772547
465,0.0772733
466,0.07729
467,0.0773068
468,0.0773226
469,0.0773432
470,0.0773612
471,0.0773841
472,0.0774061
473,0.0774323
474,0.077455
475,0.0774765
476,0.0774973
477,0.0775156
478,0.0775339
479,0.077553
480,0.0775733
481,0.0775968
482,0.0776204
483,0.077644
484,0.0776682
485,0.0776936
486,0.0777196
487,0.077743
488,0.0777683
489,0.0777945
490,0.0778206
491,0.077854
492,0.0778866
493,0.0779268
494,0.0779638
495,0.0780059
496,0.0780458
497,0.078088
498,0.0781326
499,0.0781773
500,0.0782281
501,0.0782807
502,0.0783312
503,0.0783531
504,0.0783605
505,0.0783585
506,0.078361
507,0.0783589
508,0.0783595
509,0.078359
510,0.0783592
511,0.0783612
512,0.0783671
513,0.0783819
514,0.0783978
515,0.0784142
516,0.0784288
517,0.0784442
518,0.0784602
519,0.0784773
520,0.0784973
521,0.0785184
522,0.0785393
523,0.0785612
524,0.0785838
525,0.0786072
526,0.0786296
527,0.078651
528,0.0786731
529,0.078696
530,0.0787185
531,0.0787447
532,0.0787682
533,0.0787907
534,0.0788088
535,0.0788294
536,0.078846
537,0.0788679
538,0.0788865
539,0.0789069
540,0.0789267
541,0.0789471
542,0.0789721
543,0.0789937
544,0.079019
545,0.0790406
546,0.0790662
547,0.0790912
548,0.0791187
549,0.0791431
550,0.0791672
551,0.0791932
552,0.0792189
553,0.0792474
554,0.0792774
555,0.079309
556,0.0793425
557,0.0793772
558,0.0794137
559,0.0794522
560,0.0794921
561,0.0795346
562,0.0795779
563,0.0796121
564,0.0796291
565,0.0796397
566,0.0796502
567,0.0796564
568,0.0796645
569,0.0796704
570,0.079679
571,0.0796841
572,0.0796923
573,0.0796999
574,0.0797082
575,0.0797203
576,0.0797285
577,0.0797449
578,0.0797546
579,0.0797702
580,0.0797823
581,0.0797921
582,0.0798029
583,0.0798105
584,0.0798214
585,0.0798287
586,0.079837
587,0.0798429
588,0.0798501
589,0.0798549
590,0.0798627
591,0.0798697
592,0.0798761
593,0.0798836
594,0.0798903
595,0.0798955
596,0.079902
597,0.0799054
598,0.0799094
599,0.0799103
