2,0.00192667
3,0.00570561
4,0.00928316
5,0.0125254
6,0.015382
7,0.0178485
8,0.0199498
9,0.0217008
10,0.0231942
11,0.024479
12,0.0255498
13,0.0264392
14,0.0271981
15,0.0278712
16,0.0284483
17,0.0289525
18,0.0294098
19,0.0298462
20,0.0302389
21,0.0306429
22,0.0310501
23,0.031473
24,0.0319313
25,0.0324134
26,0.0329232
27,0.0334876
28,0.0340905
29,0.0347416
30,0.0354502
31,0.0362044
32,0.0369874
33,0.0378104
34,0.0386591
35,0.0395305
36,0.040412
37,0.0412986
38,0.0421799
39,0.0430455
40,0.0438875
41,0.0447044
42,0.0454892
43,0.0462374
44,0.0469471
45,0.0476208
46,0.0482628
47,0.0488704
48,0.0494469
49,0.0499941
50,0.0505052
51,0.0509918
52,0.0514478
53,0.0518837
54,0.0522927
55,0.0526889
56,0.0530597
57,0.0534162
58,0.0537502
59,0.0540738
60,0.054385
61,0.0546864
62,0.0549743
63,0.0552513
64,0.0555185
65,0.0557716
66,0.0560146
67,0.0562571
68,0.05649
69,0.0567192
70,0.0569386
71,0.0571532
72,0.0573565
73,0.0575514
74,0.0577414
75,0.0579257
76,0.0581041
77,0.0582727
78,0.0584408
79,0.0585994
80,0.0587581
81,0.0589111
82,0.0590657
83,0.0592156
84,0.0593629
85,0.0595092
86,0.0596525
87,0.0597963
88,0.0599359
89,0.0600767
90,0.0602159
91,0.0603489
92,0.0604799
93,0.0606083
94,0.0607361
95,0.0608625
96,0.0609883
97,0.0611142
98,0.0612378
99,0.0613577
100,0.0614759
101,0.0615918
102,0.0617099
103,0.0618239
104,0.0619389
105,0.062051
106,0.0621622
107,0.0622704
108,0.0623779
109,0.0624875
110,0.0625986
111,0.0627094
112,0.0628142
113,0.0629196
114,0.0630209
115,0.0631186
116,0.0632163
117,0.0633085
118,0.0634025
119,0.0634932
120,0.0635844
121,0.0636723
122,0.0637575
123,0.0638425
124,0.0639244
125,0.0640105
126,0.0640876
127,0.0641658
128,0.0642387
129,0.0643111
130,0.0643824
131,0.0644545
132,0.0645267
133,0.0645967
134,0.0646683
135,0.0647395
136,0.0648092
137,0.064881
138,0.0649507
139,0.0650245
140,0.0650929
141,0.0651682
142,0.0652375
143,0.0653089
144,0.0653791
145,0.0654506
146,0.0655231
147,0.0655921
148,0.0656643
149,0.0657322
150,0.0658005
151,0.0658664
152,0.0659314
153,0.0659964
154,0.0660636
155,0.0661318
156,0.0661996
157,0.0662662
158,0.0663326
159,0.0663982
160,0.066462
161,0.0665277
162,0.0665931
163,0.06666
164,0.0667261
165,0.0667917
166,0.0668568
167,0.0669206
168,0.0669854
169,0.067048
170,0.067114
171,0.0671778
172,0.0672454
173,0.067308
174,0.067375
175,0.0674411
176,0.0675103
177,0.0675723
178,0.0676287
179,0.0676797
180,0.0677313
181,0.067779
182,0.067827
183,0.0678715
184,0.0679192
185,0.0679621
186,0.0680086
187,0.0680529
188,0.0680989
189,0.068144
190,0.0681919
191,0.0682378
192,0.068285
193,0.0683329
194,0.0683734
195,0.0684209
196,0.0684625
197,0.0685124
198,0.0685548
199,0.0686026
200,0.0686416
201,0.0686864
202,0.0687246
203,0.0687664
204,0.0688027
205,0.0688429
206,0.06888
207,0.0689176
208,0.0689524
209,0.0689909
210,0.0690262
211,0.0690626
212,0.0690941
213,0.0691251
214,0.0691534
215,0.0691907
216,0.0692459
217,0.0693118
218,0.0693779
219,0.0694399
220,0.0695009
221,0.0695589
222,0.0696153
223,0.0696691
224,0.069722
225,0.0697721
226,0.0698237
227,0.06987
228,0.0699214
229,0.0699658
230,0.0700162
231,0.0700579
232,0.0701067
233,0.0701513
234,0.0702001
235,0.0702476
236,0.070299
237,0.0703474
238,0.0703967
239,0.070445
240,0.0704908
241,0.0705346
242,0.0705783
243,0.070621
244,0.0706639
245,0.0707066
246,0.070751
247,0.0707924
248,0.0708365
249,0.0708774
250,0.07092
251,0.0709587
252,0.0710038
253,0.0710464
254,0.0710935
255,0.0711367
256,0.0711805
257,0.0712244
258,0.0712678
259,0.0713123
260,0.0713566
261,0.0714029
262,0.071446
263,0.0714916
264,0.0715311
265,0.0715727
266,0.0716173
267,0.0716651
268,0.0717093
269,0.0717495
270,0.0717846
271,0.0718159
272,0.0718395
273,0.0718702
274,0.0718943
275,0.0719251
276,0.0719493
277,0.0719786
278,0.0720037
279,0.07203
280,0.0720558
281,0.0720838
282,0.0721077
283,0.0721343
284,0.0721605
285,0.0721891
286,0.0722168
287,0.0722488
288,0.0722783
289,0.0723086
290,0.0723401
291,0.0723696
292,0.0724
293,0.072427
294,0.0724549
295,0.0724805
296,0.0725048
297,0.0725306
298,0.072558
299,0.072592
300,0.072626
301,0.0726622
302,0.0726968
303,0.072731
304,0.0727666
305,0.0728003
306,0.072835
307,0.0728671
308,0.072906
309,0.072944
310,0.0729818
311,0.0730167
312,0.0730526
313,0.0730852
314,0.0731199
315,0.0731505
316,0.073184
317,0.0732113
318,0.0732407
319,0.0732671
320,0.0732912
321,0.0733139
322,0.0733356
323,0.07336
324,0.0733797
325,0.0734037
326,0.0734234
327,0.0734448
328,0.0734638
329,0.0734842
330,0.0735052
331,0.0735276
332,0.0735467
333,0.0735669
334,0.0735836
335,0.0735996
336,0.0736158
337,0.0736459
338,0.0736938
339,0.0737497
340,0.0738014
341,0.0738531
342,0.0739034
343,0.0739532
344,0.0740001
345,0.0740484
346,0.0740924
347,0.0741353
348,0.0741757
349,0.0742153
350,0.0742564
351,0.0742895
352,0.0743253
353,0.0743546
354,0.0743921
355,0.0744222
356,0.0744561
357,0.0744852
358,0.0745177
359,0.0745449
360,0.0745725
361,0.0746001
362,0.0746252
363,0.0746518
364,0.0746784
365,0.0747069
366,0.0747366
367,0.0747661
368,0.0747954
369,0.0748237
370,0.0748542
371,0.074881
372,0.0749116
373,0.0749403
374,0.0749702
375,0.0749977
376,0.0750267
377,0.0750527
378,0.0750784
379,0.0751018
380,0.0751261
381,0.0751539
382,0.0751791
383,0.0752057
384,0.0752285
385,0.075252
386,0.0752726
387,0.0752955
388,0.0753145
389,0.0753385
390,0.0753581
391,0.0753816
392,0.0754009
393,0.0754235
394,0.0754427
395,0.0754642
396,0.0754849
397,0.0755036
398,0.0755261
399,0.0755493
400,0.075571
401,0.0755951
402,0.0756142
403,0.0756384
404,0.0756667
405,0.0757042
406,0.0757412
407,0.0757791
408,0.0758171
409,0.0758538
410,0.0758922
411,0.0759256
412,0.0759634
413,0.0759952
414,0.0760282
415,0.0760589
416,0.0760915
417,0.0761236
418,0.0761541
419,0.0761833
420,0.0762122
421,0.0762395
422,0.076268
423,0.0762954
424,0.0763228
425,0.0763497
426,0.0763779
427,0.0764041
428,0.0764292
429,0.0764566
430,0.0764826
431,0.076513
432,0.076539
433,0.0765695
434,0.076595
435,0.0766201
436,0.0766437
437,0.0766691
438,0.0766982
439,0.0767258
440,0.076751
441,0.0767757
442,0.0768007
443,0.0768212
444,0.0768387
445,0.0768516
446,0.0768674
447,0.0768812
448,0.0769023
449,0.0769255
450,0.0769504
451,0.076974
452,0.0769968
453,0.0770175
454,0.0770413
455,0.0770642
456,0.0770885
457,0.0771139
458,0.0771395
459,0.0771641
460,0.0771843
461,0.0772044
462,0.0772217
463,0.0772419
464,0.0772589
465,0.0772761
466,0.077295
467,0.0773097
468,0.0773289
469,0.0773464
470,0.0773668
471,0.077388
472,0.0774118
473,0.0774372
474,0.0774583
475,0.077482
476,0.0774994
477,0.0775204
478,0.0775371
479,0.0775573
480,0.0775782
481,0.0776024
482,0.0776248
483,0.077649
484,0.0776736
485,0.0776988
486,0.0777255
487,0.0777478
488,0.0777735
489,0.0778001
490,0.0778283
491,0.0778618
492,0.0778964
493,0.0779359
494,0.0779738
495,0.0780145
496,0.0780556
497,0.0780992
498,0.0781456
499,0.0781932
500,0.0782435
501,0.0782938
502,0.0783383
503,0.0783569
504,0.0783603
505,0.0783583
506,0.0783605
507,0.0783584
508,0.0783592
509,0.0783591
510,0.0783584
511,0.0783601
512,0.0783675
513,0.0783819
514,0.0783973
515,0.0784151
516,0.0784296
517,0.0784457
518,0.0784617
519,0.0784797
520,0.0785004
521,0.0785213
522,0.0785425
523,0.0785649
524,0.0785884
525,0.0786111
526,0.0786338
527,0.0786549
528,0.0786774
529,0.0786997
530,0.0787239
531,0.0787495
532,0.0787729
533,0.0787951
534,0.0788128
535,0.0788334
536,0.078851
537,0.0788719
538,0.0788917
539,0.0789119
540,0.0789322
541,0.078954
542,0.0789774
543,0.0790003
544,0.0790248
545,0.0790469
546,0.0790727
547,0.079098
548,0.0791248
549,0.0791477
550,0.0791742
551,0.0791981
552,0.0792279
553,0.0792554
554,0.0792868
555,0.0793198
556,0.0793541
557,0.0793884
558,0.0794254
559,0.0794634
560,0.0795057
561,0.0795508
562,0.0795912
563,0.0796181
564,0.0796296
565,0.0796398
566,0.0796489
567,0.0796577
568,0.0796655
569,0.079674
570,0.0796795
571,0.0796878
572,0.0796926
573,0.0797012
574,0.0797096
575,0.0797216
576,0.0797315
577,0.0797464
578,0.0797573
579,0.0797709
580,0.0797831
581,0.0797935
582,0.0798031
583,0.079812
584,0.0798218
585,0.07983
586,0.0798363
587,0.0798442
588,0.0798491
589,0.0798549
590,0.0798621
591,0.0798686
592,0.0798752
593,0.0798819
594,0.0798891
595,0.0798943
596,0.0799001
597,0.0799031
598,0.0799059
599,0.0799076
