2,0.945614
3,0.847984
4,0.76262
5,0.68976
6,0.6288
7,0.578664
8,0.537957
9,0.505794
10,0.479677
11,0.458284
12,0.441571
13,0.428707
14,0.4185
15,0.409952
16,0.403269
17,0.397928
18,0.393398
19,0.389131
20,0.385627
21,0.381739
22,0.377686
23,0.373205
24,0.367943
25,0.362139
26,0.35574
27,0.34823
28,0.339946
29,0.330716
30,0.320376
31,0.309174
32,0.297441
33,0.28497
34,0.272047
35,0.258725
36,0.245251
37,0.231713
38,0.218309
39,0.20523
40,0.192611
41,0.180478
42,0.168959
43,0.158115
44,0.147994
45,0.138528
46,0.129646
47,0.121376
48,0.113674
49,0.106487
50,0.0999462
51,0.0938247
52,0.0882463
53,0.0829991
54,0.0782295
55,0.0736595
56,0.0695292
57,0.0656266
58,0.0621093
59,0.0587488
60,0.0555968
61,0.0525877
62,0.0498051
63,0.0471846
64,0.0447227
65,0.0424802
66,0.0403981
67,0.0382975
68,0.0363553
69,0.034454
70,0.0327046
71,0.0310134
72,0.0295058
73,0.0281232
74,0.0267988
75,0.0255634
76,0.0244078
77,0.0234059
78,0.0223837
79,0.0215281
80,0.0206284
81,0.0198372
82,0.0189756
83,0.0182147
84,0.0174493
85,0.0167322
86,0.0160072
87,0.0153132
88,0.0146168
89,0.0139468
90,0.0132178
91,0.0126497
92,0.0120176
93,0.0114818
94,0.0108801
95,0.0103614
96,0.00976217
97,0.00921994
98,0.00864561
99,0.00818588
100,0.00767097
101,0.0072576
102,0.0067208
103,0.00631547
104,0.00580444
105,0.00541747
106,0.00494609
107,0.00460911
108,0.00416374
109,0.00379666
110,0.00329038
111,0.00292995
112,0.00251384
113,0.00225108
114,0.0019106
115,0.00178107
116,0.0015192
117,0.00144842
118,0.00132344
119,0.00129063
120,0.00127312
121,0.00111496
122,0.000885179
123,0.000893125
124,0.00113855
125,0.00146841
126,0.00150819
127,0.00164313
128,0.00163244
129,0.0016844
130,0.0016354
131,0.00168194
132,0.00167021
133,0.00169688
134,0.00170143
135,0.00174651
136,0.00174633
137,0.00181068
138,0.00181879
139,0.00191286
140,0.00193322
141,0.00206011
142,0.00209427
143,0.00218963
144,0.00224386
145,0.0023464
146,0.00246055
147,0.0025329
148,0.00265586
149,0.00273455
150,0.00279801
151,0.00284683
152,0.00288645
153,0.00293587
154,0.00302018
155,0.00312271
156,0.00321755
157,0.00331094
158,0.0034037
159,0.00348601
160,0.0035479
161,0.00364215
162,0.00373689
163,0.00386264
164,0.00397249
165,0.00408457
166,0.00419301
167,0.00428806
168,0.00439837
169,0.00448521
170,0.00462362
171,0.00473717
172,0.00490651
173,0.00500855
174,0.00517551
175,0.0053348
176,0.00554488
177,0.00565447
178,0.00568252
179,0.00563742
180,0.00560328
181,0.00551626
182,0.00543917
183,0.00531188
184,0.00523396
185,0.00509453
186,0.00500701
187,0.0048944
188,0.00480958
189,0.00471598
190,0.00466304
191,0.00458936
192,0.00453512
193,0.00449243
194,0.00434786
195,0.00431056
196,0.00418791
197,0.00419245
198,0.00408737
199,0.00407002
200,0.00392133
201,0.00386064
202,0.0037134
203,0.00361586
204,0.00344324
205,0.00334141
206,0.00315836
207,0.00292748
208,0.00278492
209,0.00271917
210,0.00257353
211,0.00243385
212,0.00223661
213,0.00202825
214,0.00179825
215,0.00168514
216,0.00180796
217,0.00206858
218,0.0023401
219,0.00256005
220,0.00278016
221,0.00295509
222,0.00311402
223,0.00324297
224,0.00335937
225,0.00343538
226,0.00354144
227,0.00357323
228,0.00367691
229,0.00368432
230,0.00378093
231,0.00375737
232,0.00383815
233,0.00385533
234,0.00393574
235,0.00400299
236,0.0041259
237,0.00420554
238,0.0043093
239,0.00439246
240,0.00444372
241,0.00446973
242,0.00449887
243,0.00451272
244,0.00453426
245,0.00455241
246,0.00459656
247,0.00460452
248,0.00464911
249,0.00464857
250,0.00467832
251,0.00465519
252,0.00472085
253,0.00475682
254,0.00485016
255,0.00489619
256,0.0049545
257,0.0050128
258,0.00506521
259,0.00513558
260,0.0052067
261,0.00530687
262,0.00536322
263,0.00545986
264,0.0054421
265,0.00544787
266,0.00555992
267,0.0057134
268,0.00580391
269,0.00583126
270,0.00579031
271,0.0057007
272,0.00550069
273,0.00540717
274,0.00522132
275,0.00512667
276,0.0049493
277,0.00484156
278,0.00467163
279,0.00452934
280,0.00437957
281,0.0042581
282,0.00408477
283,0.00395238
284,0.00381251
285,0.00370703
286,0.0035945
287,0.00353934
288,0.00345501
289,0.00338163
290,0.00332088
291,0.00324048
292,0.00317167
293,0.00306136
294,0.00296189
295,0.00283677
296,0.00269155
297,0.00257884
298,0.00247527
299,0.00246537
300,0.00245544
301,0.00247888
302,0.00248321
303,0.00247855
304,0.0024873
305,0.00248839
306,0.00249882
307,0.00248011
308,0.00254154
309,0.00259474
310,0.00265157
311,0.00266833
312,0.0026927
313,0.00268393
314,0.00270376
315,0.00267577
316,0.00267711
317,0.00260101
318,0.0025566
319,0.0024722
320,0.00235971
321,0.00222819
322,0.00208576
323,0.00198974
324,0.00183136
325,0.00173426
326,0.0015772
327,0.001456
328,0.00130946
329,0.00119674
330,0.00109312
331,0.00100471
332,0.000902509
333,0.000841266
334,0.000799262
335,0.000808059
336,0.000872209
337,0.000867109
338,0.000806906
339,0.000819382
340,0.000921655
341,0.0011089
342,0.00131319
343,0.00152059
344,0.00170879
345,0.00191846
346,0.00208343
347,0.00223994
348,0.00236563
349,0.00248146
350,0.00262886
351,0.00260591
352,0.00262291
353,0.00266564
354,0.00280314
355,0.00281764
356,0.00286968
357,0.00285743
358,0.0028894
359,0.00285877
360,0.00283534
361,0.00280971
362,0.00275217
363,0.00271999
364,0.00268534
365,0.00266788
366,0.00267722
367,0.00268211
368,0.00268816
369,0.00267815
370,0.00269761
371,0.00266944
372,0.00269035
373,0.00268897
374,0.00270699
375,0.00269621
376,0.00269856
377,0.00267311
378,0.00258401
379,0.00245287
380,0.00246605
381,0.00250407
382,0.00247822
383,0.00245758
384,0.00239013
385,0.00233678
386,0.00224204
387,0.00217951
388,0.0020785
389,0.0020348
390,0.0019291
391,0.00187727
392,0.00178193
393,0.00173293
394,0.00161628
395,0.0015697
396,0.00141125
397,0.00116055
398,0.00122118
399,0.00126797
400,0.00123425
401,0.00121096
402,0.00113999
403,0.00111548
404,0.00112701
405,0.00123175
406,0.00133307
407,0.00146133
408,0.00159198
409,0.00170688
410,0.00185345
411,0.00194095
412,0.00207656
413,0.00214761
414,0.00222463
415,0.00228561
416,0.00236403
417,0.00243394
418,0.00249266
419,0.00253624
420,0.00256691
421,0.00258393
422,0.00262063
423,0.00263933
424,0.00266204
425,0.00267501
426,0.0027088
427,0.00271681
428,0.00271378
429,0.00273188
430,0.00274204
431,0.00280559
432,0.00281346
433,0.00287766
434,0.00288164
435,0.0028789
436,0.00285882
437,0.00286712
438,0.00291789
439,0.0029517
440,0.00295203
441,0.00294985
442,0.00295059
443,0.00289424
444,0.00280752
445,0.00265865
446,0.0025456
447,0.00241605
448,0.0023734
449,0.00235571
450,0.00236185
451,0.00235018
452,0.00233332
453,0.00228702
454,0.00228021
455,0.00226147
456,0.00226532
457,0.00228035
458,0.00229878
459,0.00231021
460,0.00225863
461,0.00221234
462,0.00213712
463,0.00208605
464,0.00200461
465,0.00193093
466,0.00186499
467,0.0017662
468,0.00171657
469,0.00163959
470,0.00160684
471,0.00158115
472,0.00158252
473,0.00159972
474,0.00158995
475,0.00158474
476,0.00151461
477,0.00149619
478,0.00142596
479,0.00138689
480,0.00137562
481,0.00137266
482,0.00136478
483,0.00138187
484,0.00140557
485,0.00142376
486,0.00147295
487,0.00146757
488,0.00149241
489,0.00153489
490,0.00160057
491,0.00172244
492,0.00186469
493,0.00206579
494,0.00225055
495,0.00246544
496,0.00269752
497,0.00295897
498,0.00325795
499,0.0035722
500,0.00392294
501,0.00428006
502,0.00455935
503,0.00450878
504,0.00427377
505,0.00396792
506,0.00371845
507,0.00341648
508,0.003149
509,0.00287237
510,0.00259661
511,0.00235074
512,0.0021793
513,0.00208208
514,0.00200691
515,0.00196174
516,0.00187801
517,0.0018129
518,0.00174173
519,0.0017072
520,0.00169301
521,0.00165402
522,0.00163527
523,0.00163694
524,0.0016572
525,0.00166545
526,0.00165464
527,0.00164388
528,0.00168843
529,0.00171802
530,0.00175068
531,0.00179949
532,0.00183598
533,0.00184473
534,0.00180827
535,0.00181088
536,0.00177634
537,0.00176631
538,0.0017561
539,0.00174727
540,0.00174132
541,0.00175778
542,0.00178574
543,0.0018195
544,0.0018607
545,0.00187653
546,0.00193358
547,0.00199645
548,0.00207771
549,0.00211374
550,0.0021836
551,0.00222295
552,0.00233433
553,0.00241909
554,0.00254936
555,0.00270622
556,0.00287672
557,0.00304548
558,0.00325143
559,0.00346602
560,0.00373647
561,0.00404477
562,0.00429433
563,0.00438016
564,0.00427119
565,0.00414819
566,0.00401149
567,0.00386931
568,0.00371818
569,0.00357989
570,0.00339918
571,0.00325852
572,0.00307196
573,0.00293324
574,0.00279312
575,0.00269687
576,0.0025788
577,0.0025223
578,0.00241588
579,0.0023398
580,0.00224843
581,0.00214562
582,0.0020287
583,0.00190042
584,0.00178767
585,0.001662
586,0.00151771
587,0.00138661
588,0.00126354
589,0.00126181
590,0.00131097
591,0.00134004
592,0.00129886
593,0.00128276
594,0.00126941
595,0.00127936
596,0.00131595
597,0.00139008
598,0.00148339
599,0.00162876
