2,0.944529
3,0.844678
4,0.758686
5,0.686849
6,0.627107
7,0.578821
8,0.540049
9,0.50936
10,0.485192
11,0.465315
12,0.449506
13,0.437198
14,0.426666
15,0.417856
16,0.410766
17,0.404703
18,0.399373
19,0.394269
20,0.389277
21,0.384261
22,0.378548
23,0.372317
24,0.36539
25,0.357881
26,0.349903
27,0.341465
28,0.332655
29,0.323081
30,0.313073
31,0.302416
32,0.291443
33,0.279909
34,0.267795
35,0.255453
36,0.24293
37,0.230373
38,0.217942
39,0.205927
40,0.194328
41,0.18332
42,0.172804
43,0.162901
44,0.15346
45,0.14453
46,0.136086
47,0.128033
48,0.120483
49,0.113361
50,0.106839
51,0.100766
52,0.0951244
53,0.0897884
54,0.0848642
55,0.0801492
56,0.0757437
57,0.0716487
58,0.0678624
59,0.0643047
60,0.060899
61,0.057706
62,0.0546496
63,0.0518013
64,0.0490659
65,0.0466205
66,0.0442607
67,0.0420121
68,0.0398297
69,0.0377867
70,0.0358116
71,0.0339966
72,0.0322488
73,0.0307409
74,0.0292242
75,0.0278457
76,0.0264979
77,0.0253249
78,0.0241804
79,0.0231579
80,0.0221719
81,0.0212599
82,0.0203211
83,0.019429
84,0.0185834
85,0.0178211
86,0.0170276
87,0.0162932
88,0.0155377
89,0.0148298
90,0.0140681
91,0.0133638
92,0.0127167
93,0.0121066
94,0.0114879
95,0.010886
96,0.0102643
97,0.00965761
98,0.00901671
99,0.00853612
100,0.00796631
101,0.00752881
102,0.00698277
103,0.00657752
104,0.00606504
105,0.00567974
106,0.00519253
107,0.00485457
108,0.00441312
109,0.00403968
110,0.00353574
111,0.0031548
112,0.0026615
113,0.00239216
114,0.00203523
115,0.00186047
116,0.00159388
117,0.00148117
118,0.00132229
119,0.00126571
120,0.00113287
121,0.000749873
122,0.00066854
123,0.00107834
124,0.00125204
125,0.00150144
126,0.00157249
127,0.0016899
128,0.00169011
129,0.001716
130,0.0017172
131,0.00170901
132,0.00174531
133,0.00176614
134,0.00177071
135,0.00181746
136,0.001831
137,0.00188562
138,0.00191594
139,0.00197913
140,0.00204952
141,0.00211392
142,0.00216347
143,0.0022706
144,0.00232779
145,0.00242506
146,0.0025075
147,0.00261254
148,0.0027077
149,0.00278752
150,0.00285278
151,0.00292747
152,0.00298029
153,0.00302342
154,0.00311159
155,0.00322076
156,0.00331437
157,0.00340183
158,0.00349403
159,0.00356305
160,0.00367077
161,0.00374351
162,0.00385902
163,0.00395744
164,0.00408429
165,0.00419804
166,0.00428423
167,0.00439363
168,0.00450503
169,0.00462652
170,0.00474615
171,0.00488783
172,0.00497812
173,0.00514592
174,0.0052666
175,0.00544845
176,0.00562504
177,0.00575567
178,0.0057897
179,0.0057325
180,0.00571084
181,0.00559081
182,0.00552971
183,0.00542367
184,0.00533997
185,0.00521637
186,0.0051367
187,0.00500513
188,0.00494477
189,0.00483719
190,0.00481115
191,0.00471535
192,0.00466602
193,0.00460055
194,0.00449655
195,0.00442085
196,0.00436852
197,0.00429886
198,0.00421407
199,0.00416632
200,0.00403908
201,0.00395631
202,0.00379736
203,0.00369189
204,0.00344177
205,0.00325346
206,0.00315849
207,0.00306488
208,0.00292879
209,0.00282099
210,0.00264419
211,0.0024954
212,0.00227321
213,0.00205406
214,0.00181418
215,0.00170551
216,0.00182842
217,0.00210226
218,0.00236263
219,0.00261488
220,0.00281735
221,0.00304207
222,0.00318306
223,0.00333965
224,0.0034557
225,0.00357303
226,0.0036347
227,0.0037224
228,0.0037674
229,0.00382101
230,0.00386683
231,0.00389505
232,0.00392858
233,0.00395734
234,0.00402289
235,0.00411709
236,0.00422962
237,0.00431307
238,0.00443235
239,0.00448931
240,0.00457065
241,0.00459317
242,0.00462896
243,0.00464514
244,0.00465993
245,0.00468211
246,0.00473208
247,0.00476856
248,0.00475944
249,0.00479794
250,0.00480718
251,0.00481086
252,0.00486914
253,0.0049361
254,0.00499687
255,0.00505808
256,0.00510214
257,0.00514526
258,0.0052297
259,0.00528744
260,0.00537315
261,0.00545189
262,0.00542339
263,0.00547031
264,0.00552535
265,0.00560395
266,0.00574125
267,0.00586126
268,0.00594313
269,0.00596225
270,0.0058911
271,0.00576921
272,0.00562689
273,0.00549226
274,0.00535001
275,0.00521735
276,0.00507732
277,0.00494909
278,0.00480077
279,0.00462879
280,0.00448973
281,0.00432656
282,0.00417886
283,0.00402807
284,0.00391079
285,0.00380502
286,0.00368477
287,0.00362191
288,0.00355833
289,0.00348617
290,0.00342747
291,0.00334803
292,0.00327056
293,0.00314043
294,0.00304727
295,0.00289931
296,0.0027704
297,0.00264395
298,0.00255924
299,0.00253548
300,0.00255535
301,0.00255577
302,0.00256443
303,0.0025653
304,0.00256115
305,0.00259139
306,0.00254745
307,0.00255089
308,0.00259583
309,0.00267708
310,0.00273487
311,0.00276318
312,0.0027774
313,0.00278418
314,0.00276069
315,0.00277849
316,0.0027235
317,0.00268899
318,0.00261081
319,0.00253754
320,0.00239898
321,0.00227786
322,0.00213478
323,0.002035
324,0.00187976
325,0.00176633
326,0.00161467
327,0.00151577
328,0.00133931
329,0.00123537
330,0.00110873
331,0.00103727
332,0.000918609
333,0.00084772
334,0.00080696
335,0.000804806
336,0.00083867
337,0.00086013
338,0.000790317
339,0.000839763
340,0.000978127
341,0.00115278
342,0.00136772
343,0.00155955
344,0.00177814
345,0.00198085
346,0.00216437
347,0.00229434
348,0.00239961
349,0.00240311
350,0.00250648
351,0.00265439
352,0.00275419
353,0.00278934
354,0.00288782
355,0.00289237
356,0.00295439
357,0.00292668
358,0.0029864
359,0.00293279
360,0.00293364
361,0.00288101
362,0.00284342
363,0.00280324
364,0.00275987
365,0.002783
366,0.00274651
367,0.00278618
368,0.00274553
369,0.00276457
370,0.00276492
371,0.0027531
372,0.00277486
373,0.00277232
374,0.00279352
375,0.00274957
376,0.00263714
377,0.00261012
378,0.00262612
379,0.00261339
380,0.00259133
381,0.00259678
382,0.00253879
383,0.00252026
384,0.0024222
385,0.00239267
386,0.00229631
387,0.00223042
388,0.00214347
389,0.00206532
390,0.00197946
391,0.00191152
392,0.00183322
393,0.00174062
394,0.0014958
395,0.00141442
396,0.00142035
397,0.00140458
398,0.00137361
399,0.00132769
400,0.00129014
401,0.00121682
402,0.00119265
403,0.00112149
404,0.0011771
405,0.00127428
406,0.00141854
407,0.00151792
408,0.00167384
409,0.00181235
410,0.00192384
411,0.00204363
412,0.00213803
413,0.00222075
414,0.00230486
415,0.0023588
416,0.0024539
417,0.00248628
418,0.00259197
419,0.00260071
420,0.00265815
421,0.00267592
422,0.00269915
423,0.00272143
424,0.00272522
425,0.00278912
426,0.00279085
427,0.00282703
428,0.0028022
429,0.00284214
430,0.0028246
431,0.00288146
432,0.00288954
433,0.00294696
434,0.0029618
435,0.00295338
436,0.00294419
437,0.0029707
438,0.00300037
439,0.00303194
440,0.00303638
441,0.00301851
442,0.0030152
443,0.00296311
444,0.00283849
445,0.00271403
446,0.00256959
447,0.00247973
448,0.0024363
449,0.00243196
450,0.0024346
451,0.002408
452,0.00240018
453,0.00235569
454,0.00235404
455,0.00233265
456,0.0023355
457,0.00236329
458,0.0023812
459,0.00236821
460,0.00232744
461,0.00224707
462,0.00220302
463,0.0021155
464,0.00205434
465,0.00198245
466,0.00190207
467,0.0018113
468,0.00174117
469,0.00168595
470,0.00165866
471,0.00161595
472,0.00165583
473,0.0016538
474,0.00165425
475,0.00163311
476,0.00157393
477,0.00154849
478,0.00144307
479,0.001452
480,0.00138299
481,0.0014397
482,0.00141007
483,0.00144739
484,0.00145405
485,0.00149648
486,0.00152048
487,0.00153562
488,0.0015588
489,0.00160383
490,0.00170034
491,0.00179912
492,0.00199152
493,0.00214224
494,0.00239249
495,0.0025971
496,0.00285858
497,0.00310384
498,0.00340617
499,0.00368718
500,0.00400591
501,0.00432734
502,0.00458625
503,0.00451066
504,0.00427157
505,0.00396752
506,0.00372318
507,0.00340622
508,0.00316683
509,0.00285588
510,0.00261927
511,0.00236359
512,0.00218497
513,0.00211933
514,0.00202059
515,0.00196882
516,0.00188702
517,0.00181768
518,0.00178053
519,0.00170101
520,0.00167392
521,0.00166293
522,0.0016403
523,0.00167721
524,0.00168925
525,0.00174413
526,0.00172924
527,0.00175569
528,0.00171045
529,0.00176377
530,0.0017984
531,0.00185015
532,0.00188333
533,0.00188233
534,0.00186515
535,0.00184346
536,0.00183444
537,0.0018253
538,0.00182153
539,0.0017867
540,0.00180415
541,0.00180963
542,0.00185855
543,0.00189076
544,0.00193119
545,0.00197238
546,0.0020232
547,0.002087
548,0.00217723
549,0.00220492
550,0.00226665
551,0.00233433
552,0.00241769
553,0.00251945
554,0.00264629
555,0.00280019
556,0.00297342
557,0.00318352
558,0.00338969
559,0.00364463
560,0.00391602
561,0.00423183
562,0.00446082
563,0.00443883
564,0.00430416
565,0.00416672
566,0.00400697
567,0.003896
568,0.00373016
569,0.0035899
570,0.0034271
571,0.00324786
572,0.00309993
573,0.00295433
574,0.00281739
575,0.00271119
576,0.00261001
577,0.00253603
578,0.00244198
579,0.00237279
580,0.00227952
581,0.00216293
582,0.00203903
583,0.00192296
584,0.00178744
585,0.00167957
586,0.00151177
587,0.00139995
588,0.00127228
589,0.00125382
590,0.0013098
591,0.0013268
592,0.00131174
593,0.00127518
594,0.00126591
595,0.00127233
596,0.00131483
597,0.00137788
598,0.00146257
599,0.00160816
