2,0.00196511
3,0.00582969
4,0.00943712
5,0.012643
6,0.0154522
7,0.017842
8,0.0198596
9,0.0215444
10,0.0229483
11,0.0241614
12,0.0251867
13,0.026046
14,0.0268157
15,0.0274975
16,0.0280902
17,0.0286258
18,0.029119
19,0.0295939
20,0.0300575
21,0.0305161
22,0.0310047
23,0.0315148
24,0.0320571
25,0.0326262
26,0.0332172
27,0.0338302
28,0.0344615
29,0.0351318
30,0.0358244
31,0.0365511
32,0.0372951
33,0.0380693
34,0.0388756
35,0.039695
36,0.0405258
37,0.0413594
38,0.0421883
39,0.0429955
40,0.043782
41,0.0445366
42,0.0452661
43,0.045962
44,0.0466335
45,0.0472764
46,0.0478936
47,0.0484883
48,0.0490557
49,0.0495981
50,0.0501078
51,0.0505909
52,0.0510501
53,0.0514905
54,0.0519077
55,0.0523116
56,0.0526977
57,0.0530646
58,0.0534138
59,0.0537484
60,0.0540737
61,0.0543854
62,0.0546889
63,0.0549787
64,0.0552615
65,0.055526
66,0.055785
67,0.0560363
68,0.0562829
69,0.0565202
70,0.0567526
71,0.0569747
72,0.0571916
73,0.0573941
74,0.0575956
75,0.0577885
76,0.0579778
77,0.0581573
78,0.0583323
79,0.0585011
80,0.0586651
81,0.058826
82,0.0589852
83,0.0591435
84,0.0592954
85,0.0594446
86,0.059591
87,0.0597366
88,0.0598794
89,0.0600217
90,0.060163
91,0.0603036
92,0.0604356
93,0.0605689
94,0.0606976
95,0.0608287
96,0.060956
97,0.061086
98,0.061213
99,0.0613343
100,0.0614553
101,0.0615717
102,0.0616904
103,0.0618038
104,0.0619192
105,0.0620306
106,0.0621428
107,0.0622509
108,0.062359
109,0.0624683
110,0.0625797
111,0.0626915
112,0.0628009
113,0.062906
114,0.0630073
115,0.0631102
116,0.0632049
117,0.0633025
118,0.0633969
119,0.0634875
120,0.0635801
121,0.0636668
122,0.0637529
123,0.0638398
124,0.0639245
125,0.0640092
126,0.0640903
127,0.0641693
128,0.0642425
129,0.064315
130,0.0643882
131,0.0644573
132,0.0645323
133,0.0646021
134,0.0646738
135,0.0647446
136,0.0648158
137,0.0648865
138,0.0649583
139,0.065029
140,0.0651009
141,0.0651723
142,0.0652425
143,0.0653151
144,0.0653845
145,0.0654559
146,0.0655263
147,0.065598
148,0.0656679
149,0.0657366
150,0.0658044
151,0.0658715
152,0.0659377
153,0.0660024
154,0.0660702
155,0.0661386
156,0.0662059
157,0.0662723
158,0.066339
159,0.0664036
160,0.0664703
161,0.0665345
162,0.0666014
163,0.0666664
164,0.0667336
165,0.0667994
166,0.066863
167,0.0669278
168,0.0669926
169,0.0670575
170,0.0671222
171,0.0671884
172,0.0672504
173,0.0673174
174,0.0673811
175,0.0674486
176,0.0675156
177,0.0675793
178,0.067636
179,0.0676862
180,0.0677387
181,0.0677842
182,0.0678333
183,0.067879
184,0.0679264
185,0.0679706
186,0.0680174
187,0.0680603
188,0.0681083
189,0.0681522
190,0.0682021
191,0.0682467
192,0.0682942
193,0.0683403
194,0.0683835
195,0.0684285
196,0.0684749
197,0.0685198
198,0.0685636
199,0.0686096
200,0.0686497
201,0.0686929
202,0.0687306
203,0.0687717
204,0.0688069
205,0.0688442
206,0.0688817
207,0.0689203
208,0.0689572
209,0.0689966
210,0.0690305
211,0.0690666
212,0.0690966
213,0.069127
214,0.0691545
215,0.069192
216,0.0692474
217,0.0693144
218,0.0693796
219,0.0694438
220,0.0695036
221,0.0695649
222,0.0696201
223,0.0696762
224,0.069729
225,0.0697819
226,0.0698304
227,0.0698807
228,0.0699278
229,0.0699754
230,0.0700223
231,0.0700676
232,0.0701134
233,0.0701588
234,0.0702062
235,0.0702557
236,0.0703065
237,0.0703549
238,0.0704056
239,0.070452
240,0.0704997
241,0.0705434
242,0.0705879
243,0.0706304
244,0.0706731
245,0.070716
246,0.0707603
247,0.0708042
248,0.0708445
249,0.070888
250,0.0709291
251,0.0709702
252,0.0710144
253,0.0710595
254,0.0711039
255,0.0711483
256,0.0711911
257,0.071234
258,0.0712796
259,0.071323
260,0.0713687
261,0.0714134
262,0.071454
263,0.0714961
264,0.0715367
265,0.0715799
266,0.071628
267,0.0716751
268,0.0717195
269,0.071759
270,0.0717917
271,0.0718208
272,0.0718485
273,0.0718765
274,0.0719036
275,0.0719314
276,0.0719588
277,0.0719866
278,0.0720129
279,0.0720372
280,0.0720639
281,0.072089
282,0.0721145
283,0.0721399
284,0.0721676
285,0.0721961
286,0.0722234
287,0.0722551
288,0.072286
289,0.0723166
290,0.072348
291,0.0723774
292,0.0724071
293,0.0724329
294,0.0724614
295,0.0724854
296,0.0725105
297,0.0725357
298,0.0725648
299,0.0725972
300,0.0726335
301,0.0726681
302,0.0727032
303,0.0727372
304,0.0727717
305,0.0728078
306,0.0728388
307,0.0728727
308,0.0729104
309,0.0729504
310,0.0729882
311,0.0730243
312,0.0730588
313,0.0730925
314,0.073124
315,0.0731584
316,0.0731877
317,0.0732181
318,0.073245
319,0.0732721
320,0.0732945
321,0.0733177
322,0.073339
323,0.0733635
324,0.0733836
325,0.0734074
326,0.0734258
327,0.0734488
328,0.0734659
329,0.073488
330,0.073508
331,0.0735304
332,0.07355
333,0.0735686
334,0.0735857
335,0.0736008
336,0.0736207
337,0.0736491
338,0.0737002
339,0.0737517
340,0.0738067
341,0.0738575
342,0.0739087
343,0.0739571
344,0.0740065
345,0.074053
346,0.0740986
347,0.0741393
348,0.0741793
349,0.0742174
350,0.0742544
351,0.0742914
352,0.0743276
353,0.0743601
354,0.0743975
355,0.0744279
356,0.0744628
357,0.0744905
358,0.0745251
359,0.07455
360,0.0745798
361,0.0746055
362,0.0746321
363,0.0746585
364,0.0746845
365,0.0747156
366,0.0747417
367,0.0747741
368,0.0748003
369,0.0748303
370,0.0748595
371,0.0748875
372,0.074918
373,0.0749465
374,0.0749767
375,0.0750028
376,0.0750295
377,0.0750545
378,0.0750799
379,0.0751056
380,0.0751315
381,0.0751604
382,0.0751841
383,0.0752109
384,0.0752311
385,0.0752562
386,0.0752769
387,0.075299
388,0.0753198
389,0.0753414
390,0.0753623
391,0.0753842
392,0.0754051
393,0.0754259
394,0.0754453
395,0.0754647
396,0.0754833
397,0.0755059
398,0.0755292
399,0.0755523
400,0.0755755
401,0.0755961
402,0.0756194
403,0.0756393
404,0.0756719
405,0.075708
406,0.0757485
407,0.0757843
408,0.0758242
409,0.0758623
410,0.0758983
411,0.0759347
412,0.0759677
413,0.0760015
414,0.0760344
415,0.0760651
416,0.0760988
417,0.0761275
418,0.0761617
419,0.0761889
420,0.0762192
421,0.0762466
422,0.0762744
423,0.0763018
424,0.0763277
425,0.0763586
426,0.0763845
427,0.076413
428,0.0764363
429,0.076465
430,0.0764894
431,0.0765192
432,0.0765451
433,0.0765751
434,0.076601
435,0.0766257
436,0.07665
437,0.0766774
438,0.076705
439,0.0767324
440,0.0767577
441,0.0767815
442,0.0768057
443,0.0768264
444,0.0768412
445,0.076856
446,0.0768691
447,0.0768865
448,0.0769075
449,0.0769317
450,0.0769564
451,0.0769787
452,0.077002
453,0.0770231
454,0.077047
455,0.0770695
456,0.0770942
457,0.0771205
458,0.0771461
459,0.0771693
460,0.0771898
461,0.0772071
462,0.0772272
463,0.0772444
464,0.077263
465,0.0772804
466,0.077297
467,0.0773141
468,0.0773315
469,0.0773505
470,0.0773715
471,0.0773912
472,0.0774176
473,0.0774407
474,0.0774648
475,0.0774865
476,0.0775038
477,0.0775256
478,0.0775386
479,0.0775632
480,0.07758
481,0.0776083
482,0.0776278
483,0.0776546
484,0.0776784
485,0.0777054
486,0.0777299
487,0.0777545
488,0.0777796
489,0.0778063
490,0.0778368
491,0.0778682
492,0.0779071
493,0.0779426
494,0.0779856
495,0.078025
496,0.0780685
497,0.0781109
498,0.0781574
499,0.0782022
500,0.0782499
501,0.0782978
502,0.0783406
503,0.0783567
504,0.07836
505,0.0783583
506,0.0783608
507,0.0783577
508,0.0783605
509,0.0783578
510,0.07836
511,0.0783613
512,0.078368
513,0.0783846
514,0.0783984
515,0.0784154
516,0.0784305
517,0.0784465
518,0.0784647
519,0.0784822
520,0.0785034
521,0.0785245
522,0.0785447
523,0.0785683
524,0.0785895
525,0.0786142
526,0.0786357
527,0.0786603
528,0.0786789
529,0.0787046
530,0.0787282
531,0.078753
532,0.0787766
533,0.0787981
534,0.0788176
535,0.0788371
536,0.0788566
537,0.0788769
538,0.0788979
539,0.0789153
540,0.0789377
541,0.0789583
542,0.0789832
543,0.0790055
544,0.0790294
545,0.0790525
546,0.0790783
547,0.0791041
548,0.0791321
549,0.0791553
550,0.0791808
551,0.0792071
552,0.0792351
553,0.0792636
554,0.0792943
555,0.079328
556,0.0793621
557,0.0793995
558,0.0794369
559,0.079478
560,0.0795201
561,0.0795657
562,0.0796042
563,0.0796228
564,0.0796324
565,0.0796415
566,0.0796484
567,0.0796596
568,0.0796664
569,0.0796749
570,0.079682
571,0.0796874
572,0.0796949
573,0.0797026
574,0.0797117
575,0.0797223
576,0.0797338
577,0.0797479
578,0.0797594
579,0.0797734
580,0.0797853
581,0.0797952
582,0.0798041
583,0.0798138
584,0.0798216
585,0.0798316
586,0.0798362
587,0.079846
588,0.0798509
589,0.0798564
590,0.0798639
591,0.0798676
592,0.079874
593,0.0798799
594,0.0798859
595,0.079892
596,0.0798968
597,0.0798999
598,0.0799022
599,0.0799036
