2,0.943792
3,0.843345
4,0.757515
5,0.686046
6,0.626936
7,0.579899
8,0.542525
9,0.512908
10,0.489542
11,0.470722
12,0.456091
13,0.444223
14,0.434318
15,0.426001
16,0.418925
17,0.412806
18,0.40655
19,0.400515
20,0.394305
21,0.387833
22,0.380391
23,0.372319
24,0.363693
25,0.354576
26,0.34481
27,0.335012
28,0.324917
29,0.314873
30,0.304587
31,0.294074
32,0.283523
33,0.272663
34,0.261582
35,0.250213
36,0.238929
37,0.227636
38,0.216713
39,0.206221
40,0.196032
41,0.18623
42,0.176729
43,0.167676
44,0.158889
45,0.15063
46,0.142642
47,0.135112
48,0.127726
49,0.120803
50,0.114251
51,0.108277
52,0.102518
53,0.0971731
54,0.0920321
55,0.0872362
56,0.0825468
57,0.078275
58,0.0742257
59,0.0704408
60,0.0667669
61,0.0633165
62,0.0600116
63,0.0568351
64,0.0538994
65,0.051124
66,0.0485696
67,0.0460731
68,0.043673
69,0.0413966
70,0.0392557
71,0.0372054
72,0.0352946
73,0.0335461
74,0.0318657
75,0.0302751
76,0.0287885
77,0.0274169
78,0.0261741
79,0.0249747
80,0.0238762
81,0.0228316
82,0.0218059
83,0.0207805
84,0.0198465
85,0.018969
86,0.0181205
87,0.0172674
88,0.016466
89,0.0156676
90,0.0148539
91,0.0140959
92,0.0133774
93,0.0127261
94,0.0120209
95,0.0114067
96,0.0106943
97,0.0100606
98,0.00940741
99,0.0088253
100,0.00827172
101,0.0077858
102,0.00726366
103,0.00683508
104,0.00634293
105,0.00594575
106,0.00546404
107,0.00514169
108,0.00466393
109,0.00430619
110,0.00379817
111,0.0034106
112,0.00290464
113,0.00258571
114,0.00220947
115,0.00197797
116,0.00166997
117,0.00157438
118,0.00133592
119,0.00123306
120,0.000950606
121,0.000592537
122,0.000728634
123,0.00114256
124,0.00127998
125,0.00152443
126,0.00157097
127,0.00171766
128,0.00170428
129,0.00176002
130,0.00175425
131,0.00177538
132,0.00180448
133,0.00184405
134,0.00186047
135,0.00190429
136,0.00192218
137,0.00198441
138,0.00200258
139,0.00208235
140,0.00210817
141,0.00220427
142,0.00222854
143,0.00232694
144,0.00238736
145,0.00249691
146,0.00256296
147,0.00266846
148,0.0027556
149,0.00286129
150,0.00291958
151,0.00300873
152,0.00306756
153,0.00313429
154,0.00321042
155,0.00330898
156,0.00339605
157,0.00348781
158,0.00358285
159,0.00369131
160,0.00376868
161,0.00388166
162,0.00395665
163,0.00408936
164,0.00417099
165,0.00429776
166,0.00437957
167,0.00450709
168,0.00461868
169,0.00476045
170,0.00486117
171,0.00500855
172,0.00511158
173,0.00523249
174,0.00541738
175,0.00554174
176,0.00578781
177,0.00589854
178,0.00598335
179,0.00587307
180,0.00583825
181,0.00569907
182,0.00564068
183,0.00551698
184,0.00544138
185,0.00533124
186,0.00523614
187,0.00514588
188,0.00506047
189,0.00496385
190,0.00492414
191,0.00484105
192,0.00476055
193,0.00470901
194,0.00463083
195,0.00458586
196,0.00451548
197,0.00443296
198,0.0043529
199,0.00426226
200,0.00416072
201,0.00400745
202,0.00379356
203,0.003642
204,0.00353154
205,0.00342686
206,0.00329446
207,0.00315842
208,0.00302419
209,0.00286067
210,0.00275365
211,0.00253172
212,0.00232669
213,0.00207835
214,0.0018456
215,0.00170522
216,0.00184117
217,0.00212714
218,0.00240271
219,0.00266224
220,0.00287192
221,0.00311176
222,0.00327548
223,0.00343763
224,0.00357087
225,0.00368478
226,0.00376763
227,0.00382941
228,0.00387926
229,0.00393456
230,0.0039718
231,0.00401726
232,0.00404278
233,0.0041002
234,0.00414781
235,0.00424139
236,0.00432685
237,0.00443785
238,0.00451537
239,0.00462728
240,0.00466663
241,0.00472876
242,0.00475669
243,0.00478595
244,0.0048188
245,0.00485552
246,0.00491671
247,0.00494958
248,0.0049567
249,0.00493619
250,0.00495396
251,0.00495251
252,0.0050352
253,0.00508461
254,0.00515081
255,0.00519951
256,0.00524703
257,0.00531349
258,0.00537091
259,0.00542458
260,0.00542653
261,0.00548732
262,0.00559275
263,0.00567686
264,0.00577751
265,0.00587002
266,0.00595928
267,0.00602771
268,0.00611636
269,0.00611059
270,0.00600325
271,0.00586075
272,0.0057233
273,0.00560938
274,0.00544458
275,0.00530282
276,0.00516859
277,0.0050477
278,0.00488664
279,0.00475222
280,0.00460513
281,0.00442838
282,0.0042728
283,0.00411526
284,0.0039997
285,0.00389303
286,0.00381071
287,0.00371805
288,0.00367214
289,0.0035823
290,0.00352759
291,0.00344039
292,0.00334008
293,0.00321214
294,0.00312157
295,0.00297108
296,0.0028565
297,0.00270744
298,0.00268596
299,0.00264192
300,0.00265738
301,0.00264552
302,0.00265823
303,0.00264723
304,0.00267183
305,0.00264583
306,0.00262798
307,0.0026203
308,0.00267604
309,0.00276045
310,0.00281225
311,0.00283455
312,0.00285703
313,0.00286175
314,0.00286414
315,0.00283685
316,0.00280977
317,0.00274359
318,0.00267053
319,0.002579
320,0.00244546
321,0.00233461
322,0.0021892
323,0.00208724
324,0.00192972
325,0.00181997
326,0.00165721
327,0.0015383
328,0.0013552
329,0.0012532
330,0.00114159
331,0.00105058
332,0.000942178
333,0.000856708
334,0.000811407
335,0.000790359
336,0.000829391
337,0.00082899
338,0.000790972
339,0.000874044
340,0.000997327
341,0.00120342
342,0.00139442
343,0.00164679
344,0.00183303
345,0.00204633
346,0.00216222
347,0.00216662
348,0.00233408
349,0.00250727
350,0.00266064
351,0.00275191
352,0.00283425
353,0.00287981
354,0.00293985
355,0.00298096
356,0.00302714
357,0.00303317
358,0.00304421
359,0.0030079
360,0.00298915
361,0.00294828
362,0.0029098
363,0.00287873
364,0.00286763
365,0.00286058
366,0.00286954
367,0.00284236
368,0.00286964
369,0.00284035
370,0.00285587
371,0.00284885
372,0.00284745
373,0.0028069
374,0.00269869
375,0.00274036
376,0.00275401
377,0.00274606
378,0.00273094
379,0.00270081
380,0.00267991
381,0.00266367
382,0.00262222
383,0.00257787
384,0.00250727
385,0.00243707
386,0.00235274
387,0.00228152
388,0.00218509
389,0.00210874
390,0.00204041
391,0.00191462
392,0.0016799
393,0.00164748
394,0.00163619
395,0.00158789
396,0.001518
397,0.00146945
398,0.00142093
399,0.0013652
400,0.00134244
401,0.0012622
402,0.00119256
403,0.00113413
404,0.00118709
405,0.0013043
406,0.00146589
407,0.00157846
408,0.00176592
409,0.00189803
410,0.00204823
411,0.00210997
412,0.00223683
413,0.00228716
414,0.00239421
415,0.00244527
416,0.00253821
417,0.00260855
418,0.00263523
419,0.00269512
420,0.00271154
421,0.00277403
422,0.00276098
423,0.00281641
424,0.00280968
425,0.00285443
426,0.00287533
427,0.00290821
428,0.0028934
429,0.00292041
430,0.00292032
431,0.00295885
432,0.00299529
433,0.00303818
434,0.00305389
435,0.00303768
436,0.00303853
437,0.00306094
438,0.00310455
439,0.00311394
440,0.0031181
441,0.00311416
442,0.00308591
443,0.00300547
444,0.0028858
445,0.00275272
446,0.00263184
447,0.00254879
448,0.00251556
449,0.00251788
450,0.0025072
451,0.00248317
452,0.00245623
453,0.00242167
454,0.00241454
455,0.00238973
456,0.00240571
457,0.00243332
458,0.00243771
459,0.00242977
460,0.00237996
461,0.00230873
462,0.00224957
463,0.00218194
464,0.00209884
465,0.00201518
466,0.0019296
467,0.00183817
468,0.00178419
469,0.00173698
470,0.00169563
471,0.00170114
472,0.00169383
473,0.001721
474,0.00168346
475,0.00167487
476,0.00161364
477,0.00156678
478,0.00151089
479,0.00146276
480,0.0014805
481,0.00146853
482,0.00147701
483,0.00149927
484,0.00151629
485,0.00155201
486,0.00160494
487,0.001602
488,0.00164172
489,0.00167647
490,0.00177569
491,0.00191498
492,0.00208204
493,0.00228052
494,0.00251496
495,0.0027328
496,0.00300451
497,0.00324353
498,0.0035192
499,0.00377639
500,0.00407305
501,0.00439263
502,0.00459394
503,0.00453225
504,0.0042381
505,0.0039843
506,0.00369871
507,0.00341317
508,0.00314827
509,0.00286244
510,0.00260283
511,0.00234718
512,0.00218684
513,0.00209353
514,0.00205464
515,0.00199541
516,0.00191424
517,0.0017963
518,0.00172641
519,0.00169007
520,0.00167082
521,0.00170111
522,0.00171868
523,0.00176241
524,0.00176707
525,0.001821
526,0.00181134
527,0.0018018
528,0.00182059
529,0.00183372
530,0.001879
531,0.00192262
532,0.00193059
533,0.0019379
534,0.00190338
535,0.00190402
536,0.00188082
537,0.00189656
538,0.0018797
539,0.00190274
540,0.00186375
541,0.00193167
542,0.00193608
543,0.0019762
544,0.00201193
545,0.0020215
546,0.00210393
547,0.00216984
548,0.00223612
549,0.00230087
550,0.00234633
551,0.00243143
552,0.00253101
553,0.00263231
554,0.00277575
555,0.00292493
556,0.0031162
557,0.00330083
558,0.00354135
559,0.00379188
560,0.00405833
561,0.00432783
562,0.00451022
563,0.00446473
564,0.00432589
565,0.00417049
566,0.00404049
567,0.00389429
568,0.0037564
569,0.00360024
570,0.00343746
571,0.00326892
572,0.00312365
573,0.00295366
574,0.00285156
575,0.00272807
576,0.00265457
577,0.00255304
578,0.00248184
579,0.00238495
580,0.00229345
581,0.00217602
582,0.00205728
583,0.0019426
584,0.0018098
585,0.00169117
586,0.00154149
587,0.00141711
588,0.00125207
589,0.00121598
590,0.001267
591,0.00132608
592,0.00129407
593,0.0012628
594,0.001263
595,0.00127031
596,0.00131637
597,0.00139305
598,0.00150142
599,0.00161752
