2,0.00199122
3,0.00587975
4,0.00948286
5,0.0126754
6,0.0154593
7,0.0177962
8,0.0197525
9,0.0213884
10,0.0227543
11,0.0239168
12,0.0248852
13,0.0257208
14,0.0264576
15,0.0271126
16,0.0277009
17,0.028236
18,0.0287709
19,0.0292885
20,0.0298096
21,0.0303387
22,0.0309123
23,0.0315143
24,0.0321422
25,0.0327934
26,0.0334765
27,0.0341608
28,0.03486
29,0.0355565
30,0.0362655
31,0.0369867
32,0.0377102
33,0.0384505
34,0.0392032
35,0.0399719
36,0.0407373
37,0.0415037
38,0.0422517
39,0.0429767
40,0.0436863
41,0.044375
42,0.0450484
43,0.0456968
44,0.0463315
45,0.0469366
46,0.0475275
47,0.048092
48,0.0486492
49,0.0491796
50,0.0496897
51,0.0501662
52,0.0506308
53,0.0510708
54,0.0514991
55,0.0519066
56,0.0523081
57,0.0526843
58,0.0530477
59,0.0533944
60,0.0537344
61,0.0540602
62,0.0543773
63,0.0546856
64,0.0549794
65,0.0552629
66,0.0555326
67,0.0557978
68,0.0560568
69,0.0563076
70,0.0565494
71,0.0567849
72,0.0570113
73,0.0572275
74,0.0574382
75,0.0576436
76,0.0578411
77,0.0580324
78,0.0582135
79,0.0583935
80,0.058564
81,0.0587335
82,0.0588978
83,0.059064
84,0.0592202
85,0.059376
86,0.0595254
87,0.0596776
88,0.0598224
89,0.0599695
90,0.0601133
91,0.0602569
92,0.0603933
93,0.0605281
94,0.0606621
95,0.0607936
96,0.0609267
97,0.0610581
98,0.0611861
99,0.0613127
100,0.0614333
101,0.0615531
102,0.0616703
103,0.0617857
104,0.0618995
105,0.0620115
106,0.0621238
107,0.0622309
108,0.0623412
109,0.0624491
110,0.0625615
111,0.0626723
112,0.0627829
113,0.0628905
114,0.0629924
115,0.0630965
116,0.0631936
117,0.0632922
118,0.0633865
119,0.063481
120,0.0635726
121,0.0636625
122,0.0637502
123,0.0638368
124,0.0639223
125,0.0640083
126,0.0640892
127,0.064169
128,0.0642444
129,0.064317
130,0.0643915
131,0.0644631
132,0.0645368
133,0.0646083
134,0.0646808
135,0.0647515
136,0.0648229
137,0.0648938
138,0.0649646
139,0.0650365
140,0.0651056
141,0.0651789
142,0.0652477
143,0.0653192
144,0.0653889
145,0.0654611
146,0.0655307
147,0.0656018
148,0.0656713
149,0.0657417
150,0.0658089
151,0.0658774
152,0.0659438
153,0.0660102
154,0.0660769
155,0.0661445
156,0.0662119
157,0.0662785
158,0.0663453
159,0.0664125
160,0.0664773
161,0.0665437
162,0.0666081
163,0.0666759
164,0.0667397
165,0.0668062
166,0.0668694
167,0.0669356
168,0.0670002
169,0.0670665
170,0.0671303
171,0.0671964
172,0.0672596
173,0.0673235
174,0.0673914
175,0.0674551
176,0.0675269
177,0.0675891
178,0.0676492
179,0.0676957
180,0.0677472
181,0.0677916
182,0.0678412
183,0.0678855
184,0.0679333
185,0.0679783
186,0.0680244
187,0.0680702
188,0.0681162
189,0.0681613
190,0.0682098
191,0.0682553
192,0.0683007
193,0.0683477
194,0.0683929
195,0.06844
196,0.0684852
197,0.0685292
198,0.0685733
199,0.0686166
200,0.0686584
201,0.0686972
202,0.0687362
203,0.0687733
204,0.0688105
205,0.0688498
206,0.0688879
207,0.0689262
208,0.068964
209,0.0689993
210,0.0690382
211,0.0690695
212,0.0691015
213,0.069129
214,0.0691566
215,0.0691923
216,0.0692491
217,0.0693167
218,0.0693826
219,0.069447
220,0.0695078
221,0.0695702
222,0.0696267
223,0.0696833
224,0.0697373
225,0.0697899
226,0.0698398
227,0.0698886
228,0.0699359
229,0.0699835
230,0.0700298
231,0.0700767
232,0.0701213
233,0.0701689
234,0.0702152
235,0.0702647
236,0.0703133
237,0.070364
238,0.0704116
239,0.0704619
240,0.0705068
241,0.070553
242,0.0705967
243,0.0706406
244,0.0706842
245,0.0707282
246,0.0707739
247,0.0708172
248,0.0708586
249,0.0708979
250,0.0709396
251,0.0709802
252,0.0710264
253,0.0710702
254,0.071115
255,0.0711585
256,0.0712017
257,0.0712461
258,0.0712894
259,0.0713338
260,0.0713766
261,0.0714187
262,0.0714633
263,0.0715077
264,0.0715535
265,0.0715989
266,0.0716439
267,0.0716871
268,0.0717319
269,0.0717695
270,0.0717998
271,0.0718276
272,0.0718556
273,0.071885
274,0.0719106
275,0.0719377
276,0.0719652
277,0.0719937
278,0.0720192
279,0.0720462
280,0.0720724
281,0.0720963
282,0.0721214
283,0.0721464
284,0.0721743
285,0.0722026
286,0.0722328
287,0.0722622
288,0.0722945
289,0.0723235
290,0.0723554
291,0.0723844
292,0.0724126
293,0.0724388
294,0.0724668
295,0.0724907
296,0.0725169
297,0.0725408
298,0.0725741
299,0.0726054
300,0.0726416
301,0.072675
302,0.0727104
303,0.0727438
304,0.07278
305,0.0728123
306,0.0728448
307,0.0728781
308,0.0729161
309,0.0729566
310,0.0729944
311,0.0730301
312,0.0730649
313,0.0730984
314,0.0731321
315,0.073163
316,0.0731942
317,0.0732225
318,0.0732499
319,0.073275
320,0.0732981
321,0.0733222
322,0.0733434
323,0.0733679
324,0.0733875
325,0.0734113
326,0.0734295
327,0.0734516
328,0.0734686
329,0.0734901
330,0.0735104
331,0.0735322
332,0.0735521
333,0.0735707
334,0.0735887
335,0.0736038
336,0.0736222
337,0.0736596
338,0.0737063
339,0.0737602
340,0.0738099
341,0.0738634
342,0.0739123
343,0.0739641
344,0.0740105
345,0.074058
346,0.0741017
347,0.0741399
348,0.0741792
349,0.0742183
350,0.0742595
351,0.0742968
352,0.0743334
353,0.0743672
354,0.0744019
355,0.0744348
356,0.0744683
357,0.0744986
358,0.0745292
359,0.0745565
360,0.0745843
361,0.0746108
362,0.0746373
363,0.0746646
364,0.0746927
365,0.0747213
366,0.0747513
367,0.0747786
368,0.0748098
369,0.0748366
370,0.0748665
371,0.0748953
372,0.0749231
373,0.0749517
374,0.0749778
375,0.0750059
376,0.0750321
377,0.0750588
378,0.0750862
379,0.0751121
380,0.0751389
381,0.0751657
382,0.0751905
383,0.0752151
384,0.0752376
385,0.07526
386,0.0752814
387,0.0753033
388,0.0753233
389,0.0753455
390,0.0753662
391,0.0753878
392,0.0754062
393,0.0754254
394,0.0754456
395,0.0754671
396,0.0754882
397,0.0755104
398,0.0755331
399,0.075556
400,0.0755802
401,0.0755996
402,0.0756206
403,0.0756413
404,0.0756737
405,0.0757117
406,0.0757529
407,0.0757899
408,0.0758319
409,0.0758694
410,0.075908
411,0.0759396
412,0.0759763
413,0.0760067
414,0.0760419
415,0.0760723
416,0.0761054
417,0.0761374
418,0.0761657
419,0.0761962
420,0.0762234
421,0.0762545
422,0.076279
423,0.0763092
424,0.0763346
425,0.0763642
426,0.0763912
427,0.0764191
428,0.0764437
429,0.0764712
430,0.076497
431,0.0765253
432,0.0765536
433,0.0765823
434,0.0766083
435,0.0766326
436,0.0766577
437,0.0766845
438,0.0767129
439,0.0767388
440,0.0767642
441,0.076789
442,0.0768113
443,0.0768297
444,0.0768451
445,0.0768593
446,0.0768742
447,0.0768922
448,0.0769139
449,0.0769387
450,0.0769623
451,0.0769845
452,0.077007
453,0.0770288
454,0.077052
455,0.0770746
456,0.0770995
457,0.0771261
458,0.0771509
459,0.0771741
460,0.0771943
461,0.077212
462,0.0772313
463,0.0772498
464,0.0772667
465,0.0772832
466,0.0772999
467,0.0773162
468,0.0773348
469,0.0773543
470,0.0773749
471,0.0773986
472,0.0774213
473,0.0774472
474,0.0774675
475,0.0774898
476,0.0775078
477,0.0775268
478,0.0775454
479,0.0775644
480,0.0775879
481,0.0776107
482,0.0776344
483,0.0776595
484,0.0776843
485,0.0777102
486,0.0777373
487,0.0777601
488,0.0777867
489,0.0778129
490,0.0778436
491,0.0778781
492,0.0779149
493,0.0779539
494,0.0779957
495,0.0780361
496,0.0780804
497,0.0781218
498,0.0781666
499,0.0782094
500,0.0782551
501,0.078303
502,0.0783413
503,0.0783586
504,0.0783576
505,0.0783596
506,0.0783588
507,0.0783583
508,0.0783592
509,0.0783579
510,0.0783589
511,0.0783598
512,0.0783686
513,0.0783824
514,0.0784011
515,0.0784178
516,0.0784334
517,0.0784489
518,0.0784654
519,0.0784849
520,0.0785042
521,0.0785258
522,0.0785465
523,0.0785706
524,0.0785928
525,0.0786186
526,0.078641
527,0.0786631
528,0.0786864
529,0.0787093
530,0.0787349
531,0.0787599
532,0.0787818
533,0.0788029
534,0.0788206
535,0.0788413
536,0.0788607
537,0.0788816
538,0.0788999
539,0.0789222
540,0.0789394
541,0.078966
542,0.0789877
543,0.0790119
544,0.0790357
545,0.079057
546,0.0790848
547,0.0791112
548,0.0791375
549,0.0791631
550,0.0791877
551,0.0792154
552,0.079244
553,0.079273
554,0.0793055
555,0.0793379
556,0.0793738
557,0.0794091
558,0.0794492
559,0.0794899
560,0.0795316
561,0.0795735
562,0.0796084
563,0.0796249
564,0.0796341
565,0.0796416
566,0.0796512
567,0.0796595
568,0.0796686
569,0.0796758
570,0.0796825
571,0.0796888
572,0.0796969
573,0.0797031
574,0.0797144
575,0.079724
576,0.0797375
577,0.0797489
578,0.0797631
579,0.0797746
580,0.0797864
581,0.0797962
582,0.0798058
583,0.0798157
584,0.0798235
585,0.0798329
586,0.0798384
587,0.0798467
588,0.0798507
589,0.0798569
590,0.0798603
591,0.0798678
592,0.0798712
593,0.0798796
594,0.0798831
595,0.079891
596,0.0798929
597,0.0798975
598,0.0798985
599,0.0799002
