2,0.00195658
3,0.00577458
4,0.00934351
5,0.0125298
6,0.0152986
7,0.0176367
8,0.0196002
9,0.0212281
10,0.0225973
11,0.0237553
12,0.0247235
13,0.0255389
14,0.0262577
15,0.0269148
16,0.0275081
17,0.0280615
18,0.0286107
19,0.0291552
20,0.0297176
21,0.0302953
22,0.0309128
23,0.0315574
24,0.0322311
25,0.0329355
26,0.0336694
27,0.0344123
28,0.0351417
29,0.0358771
30,0.0366036
31,0.0373313
32,0.0380482
33,0.0387666
34,0.0394868
35,0.040193
36,0.0408984
37,0.0415939
38,0.0422778
39,0.0429429
40,0.0435979
41,0.0442364
42,0.0448621
43,0.045472
44,0.0460676
45,0.0466405
46,0.0471965
47,0.0477352
48,0.0482684
49,0.0487851
50,0.0492839
51,0.0497577
52,0.0502194
53,0.0506618
54,0.0510896
55,0.0515084
56,0.0519137
57,0.0523071
58,0.0526778
59,0.053039
60,0.0533879
61,0.0537291
62,0.0540566
63,0.0543797
64,0.0546882
65,0.0549857
66,0.0552693
67,0.0555483
68,0.0558216
69,0.056084
70,0.0563379
71,0.0565846
72,0.0568216
73,0.0570498
74,0.0572697
75,0.0574871
76,0.0576963
77,0.0578965
78,0.0580887
79,0.0582745
80,0.0584557
81,0.0586304
82,0.0588053
83,0.0589758
84,0.0591422
85,0.0593005
86,0.0594598
87,0.0596107
88,0.0597633
89,0.0599103
90,0.0600615
91,0.0602046
92,0.0603463
93,0.0604817
94,0.0606203
95,0.0607539
96,0.0608904
97,0.0610241
98,0.0611572
99,0.0612837
100,0.061408
101,0.0615286
102,0.0616486
103,0.061765
104,0.0618805
105,0.0619931
106,0.0621053
107,0.0622133
108,0.0623219
109,0.0624315
110,0.0625411
111,0.0626536
112,0.0627619
113,0.0628711
114,0.0629741
115,0.0630779
116,0.0631779
117,0.0632772
118,0.0633741
119,0.0634684
120,0.0635628
121,0.0636528
122,0.0637426
123,0.0638301
124,0.0639169
125,0.0640048
126,0.0640865
127,0.0641679
128,0.0642424
129,0.0643197
130,0.0643925
131,0.0644678
132,0.0645411
133,0.0646149
134,0.0646867
135,0.0647584
136,0.0648295
137,0.0649007
138,0.0649717
139,0.0650425
140,0.0651134
141,0.0651841
142,0.0652548
143,0.0653246
144,0.0653957
145,0.065466
146,0.0655375
147,0.0656075
148,0.0656776
149,0.0657469
150,0.0658163
151,0.0658833
152,0.0659518
153,0.066017
154,0.0660859
155,0.0661526
156,0.0662203
157,0.0662863
158,0.0663548
159,0.0664212
160,0.0664878
161,0.0665533
162,0.0666186
163,0.0666845
164,0.0667493
165,0.066815
166,0.0668783
167,0.0669442
168,0.0670102
169,0.0670756
170,0.0671418
171,0.0672064
172,0.0672696
173,0.067336
174,0.067402
175,0.0674745
176,0.0675456
177,0.0676108
178,0.0676622
179,0.0677097
180,0.0677556
181,0.0678022
182,0.0678482
183,0.0678953
184,0.06794
185,0.0679877
186,0.0680322
187,0.0680802
188,0.0681249
189,0.0681725
190,0.0682169
191,0.0682644
192,0.068311
193,0.0683558
194,0.068403
195,0.068447
196,0.0684957
197,0.0685382
198,0.0685847
199,0.0686236
200,0.0686642
201,0.068701
202,0.068742
203,0.0687809
204,0.0688204
205,0.0688582
206,0.0688958
207,0.0689329
208,0.0689703
209,0.0690067
210,0.0690427
211,0.0690739
212,0.0691048
213,0.0691312
214,0.0691579
215,0.0691922
216,0.0692494
217,0.0693181
218,0.0693854
219,0.0694511
220,0.0695138
221,0.0695767
222,0.0696334
223,0.0696913
224,0.0697441
225,0.0697984
226,0.0698477
227,0.0698979
228,0.0699449
229,0.0699922
230,0.0700391
231,0.0700855
232,0.070134
233,0.0701804
234,0.0702296
235,0.0702785
236,0.0703271
237,0.0703767
238,0.070425
239,0.0704727
240,0.0705173
241,0.0705638
242,0.0706059
243,0.0706524
244,0.0706949
245,0.070741
246,0.0707842
247,0.0708302
248,0.0708704
249,0.0709111
250,0.0709518
251,0.0709927
252,0.0710384
253,0.0710817
254,0.071129
255,0.0711708
256,0.0712165
257,0.0712551
258,0.0712983
259,0.0713403
260,0.0713866
261,0.0714317
262,0.071478
263,0.0715236
264,0.0715687
265,0.0716154
266,0.0716615
267,0.0717038
268,0.0717431
269,0.0717804
270,0.0718093
271,0.0718372
272,0.0718641
273,0.0718937
274,0.0719201
275,0.0719474
276,0.0719746
277,0.0720019
278,0.0720277
279,0.072054
280,0.0720795
281,0.0721048
282,0.0721302
283,0.0721551
284,0.0721837
285,0.0722118
286,0.0722413
287,0.0722725
288,0.0723016
289,0.0723327
290,0.0723628
291,0.0723915
292,0.0724198
293,0.0724459
294,0.0724732
295,0.0724972
296,0.0725223
297,0.0725483
298,0.0725802
299,0.0726154
300,0.0726489
301,0.0726855
302,0.0727177
303,0.0727538
304,0.0727858
305,0.0728226
306,0.0728542
307,0.0728915
308,0.0729268
309,0.0729652
310,0.0730021
311,0.0730373
312,0.0730723
313,0.073106
314,0.0731381
315,0.0731702
316,0.0731998
317,0.0732289
318,0.0732562
319,0.0732801
320,0.0733045
321,0.073325
322,0.0733499
323,0.0733698
324,0.0733937
325,0.0734133
326,0.0734341
327,0.073453
328,0.0734733
329,0.073493
330,0.0735132
331,0.0735353
332,0.0735555
333,0.0735728
334,0.0735916
335,0.0736058
336,0.0736311
337,0.0736702
338,0.0737205
339,0.073769
340,0.073818
341,0.0738686
342,0.0739186
343,0.0739681
344,0.0740139
345,0.0740577
346,0.0741005
347,0.0741433
348,0.0741851
349,0.0742265
350,0.0742664
351,0.0743047
352,0.07434
353,0.0743748
354,0.0744092
355,0.0744418
356,0.0744751
357,0.074507
358,0.0745357
359,0.0745652
360,0.0745913
361,0.0746198
362,0.0746438
363,0.0746706
364,0.0746986
365,0.0747297
366,0.0747583
367,0.0747872
368,0.0748156
369,0.0748454
370,0.0748727
371,0.0749004
372,0.0749251
373,0.0749542
374,0.0749826
375,0.0750106
376,0.0750377
377,0.0750667
378,0.0750919
379,0.0751199
380,0.0751465
381,0.0751727
382,0.0751974
383,0.0752217
384,0.0752441
385,0.0752644
386,0.0752877
387,0.0753054
388,0.0753296
389,0.0753462
390,0.0753689
391,0.0753869
392,0.0754092
393,0.0754287
394,0.0754498
395,0.0754711
396,0.0754925
397,0.0755141
398,0.0755375
399,0.07556
400,0.0755826
401,0.075603
402,0.0756224
403,0.0756441
404,0.075676
405,0.0757159
406,0.0757585
407,0.0757978
408,0.0758383
409,0.0758786
410,0.0759141
411,0.0759501
412,0.075982
413,0.0760163
414,0.076047
415,0.0760808
416,0.0761119
417,0.076144
418,0.0761732
419,0.0762016
420,0.0762315
421,0.0762595
422,0.0762873
423,0.0763151
424,0.0763425
425,0.0763713
426,0.076399
427,0.0764245
428,0.0764513
429,0.0764782
430,0.0765063
431,0.0765338
432,0.0765638
433,0.0765919
434,0.0766161
435,0.0766397
436,0.0766644
437,0.076693
438,0.076719
439,0.0767465
440,0.0767701
441,0.0767955
442,0.0768176
443,0.0768359
444,0.0768492
445,0.0768643
446,0.0768777
447,0.0768971
448,0.0769201
449,0.0769454
450,0.0769691
451,0.076991
452,0.0770139
453,0.0770347
454,0.077059
455,0.0770801
456,0.0771066
457,0.0771306
458,0.0771575
459,0.0771788
460,0.0771986
461,0.0772173
462,0.0772357
463,0.0772534
464,0.0772715
465,0.077286
466,0.077304
467,0.0773188
468,0.0773398
469,0.0773573
470,0.0773809
471,0.0774032
472,0.0774288
473,0.0774511
474,0.077474
475,0.0774936
476,0.0775118
477,0.0775315
478,0.0775482
479,0.0775701
480,0.0775924
481,0.0776169
482,0.0776403
483,0.0776658
484,0.0776907
485,0.0777178
486,0.0777415
487,0.0777682
488,0.0777934
489,0.0778218
490,0.0778524
491,0.0778871
492,0.077925
493,0.0779647
494,0.0780051
495,0.078047
496,0.0780881
497,0.0781317
498,0.0781745
499,0.078222
500,0.0782745
501,0.0783254
502,0.0783531
503,0.0783586
504,0.0783581
505,0.0783584
506,0.0783584
507,0.0783589
508,0.0783583
509,0.0783585
510,0.0783583
511,0.078359
512,0.0783671
513,0.0783826
514,0.0784015
515,0.0784172
516,0.078434
517,0.0784482
518,0.0784656
519,0.0784857
520,0.0785066
521,0.0785285
522,0.0785501
523,0.0785747
524,0.0785968
525,0.0786231
526,0.0786437
527,0.0786691
528,0.0786898
529,0.0787152
530,0.0787403
531,0.0787655
532,0.0787863
533,0.0788069
534,0.0788248
535,0.0788446
536,0.0788656
537,0.0788848
538,0.0789065
539,0.0789241
540,0.0789473
541,0.0789696
542,0.0789942
543,0.0790182
544,0.0790412
545,0.0790658
546,0.0790918
547,0.0791183
548,0.0791442
549,0.0791697
550,0.0791948
551,0.0792231
552,0.0792522
553,0.0792826
554,0.0793164
555,0.0793505
556,0.0793855
557,0.0794215
558,0.0794604
559,0.0795002
560,0.079544
561,0.0795854
562,0.0796139
563,0.0796262
564,0.0796345
565,0.0796432
566,0.0796517
567,0.0796602
568,0.0796697
569,0.0796775
570,0.0796841
571,0.0796905
572,0.0796979
573,0.0797052
574,0.0797163
575,0.0797268
576,0.0797395
577,0.0797517
578,0.0797651
579,0.079777
580,0.0797884
581,0.0797975
582,0.0798088
583,0.0798158
584,0.079826
585,0.0798325
586,0.0798398
587,0.0798463
588,0.0798507
589,0.0798569
590,0.0798599
591,0.0798667
592,0.0798693
593,0.0798769
594,0.0798802
595,0.0798875
596,0.0798904
597,0.079894
598,0.0798953
599,0.0798969
