2,0.94477
3,0.846147
4,0.761079
5,0.689651
6,0.630814
7,0.583664
8,0.546053
9,0.516559
10,0.493061
11,0.474297
12,0.459625
13,0.448151
14,0.438591
15,0.430186
16,0.42297
17,0.416433
18,0.409853
19,0.403241
20,0.396176
21,0.388708
22,0.380381
23,0.37146
24,0.361934
25,0.351777
26,0.341036
27,0.330117
28,0.319463
29,0.308695
30,0.298105
31,0.287497
32,0.277101
33,0.26668
34,0.256241
35,0.246065
36,0.23592
37,0.225958
38,0.216229
39,0.206844
40,0.197659
41,0.18877
42,0.180131
43,0.171768
44,0.163678
45,0.155986
46,0.148609
47,0.141527
48,0.134549
49,0.12785
50,0.121481
51,0.115534
52,0.109805
53,0.104398
54,0.0992466
55,0.0942348
56,0.0894571
57,0.0848695
58,0.0806752
59,0.0766259
60,0.0727816
61,0.0690513
62,0.0655542
63,0.0621103
64,0.0589102
65,0.0558828
66,0.05308
67,0.050339
68,0.0476822
69,0.0452
70,0.0428446
71,0.0405997
72,0.0385034
73,0.036549
74,0.0347098
75,0.0329147
76,0.0312275
77,0.0296996
78,0.0282678
79,0.0269698
80,0.0256939
81,0.0245547
82,0.0233476
83,0.0222484
84,0.0211503
85,0.0202258
86,0.0192076
87,0.0183731
88,0.0174373
89,0.0166392
90,0.0157002
91,0.0149427
92,0.0141348
93,0.0134745
94,0.0126931
95,0.0120431
96,0.0112725
97,0.0106054
98,0.00986723
99,0.00928942
100,0.00867229
101,0.00817286
102,0.00760853
103,0.00716069
104,0.0066424
105,0.00623354
106,0.00575498
107,0.005406
108,0.00496321
109,0.00458084
110,0.00410018
111,0.0036777
112,0.00321994
113,0.00285736
114,0.00244882
115,0.00221891
116,0.00185078
117,0.00171484
118,0.00143915
119,0.00131075
120,0.000881437
121,0.00057713
122,0.000735976
123,0.00110941
124,0.00123218
125,0.00150667
126,0.00154761
127,0.00170397
128,0.00169996
129,0.00180687
130,0.0017743
131,0.00185382
132,0.00186184
133,0.00193038
134,0.00193812
135,0.00198631
136,0.00201915
137,0.00206706
138,0.00209567
139,0.00215947
140,0.00220146
141,0.00227822
142,0.00234185
143,0.00240625
144,0.00248038
145,0.00256785
146,0.0026621
147,0.00275486
148,0.00284484
149,0.00293062
150,0.00302529
151,0.00308944
152,0.00318136
153,0.0032322
154,0.00334061
155,0.00342176
156,0.0035198
157,0.00360603
158,0.00372301
159,0.00382244
160,0.00392725
161,0.00401709
162,0.00411085
163,0.00422011
164,0.0043103
165,0.00442556
166,0.00450694
167,0.00463625
168,0.00476466
169,0.00488892
170,0.00503217
171,0.0051574
172,0.00526091
173,0.00541889
174,0.0055703
175,0.00582747
176,0.00606515
177,0.00622141
178,0.00617256
179,0.0060766
180,0.00595813
181,0.00585495
182,0.00574557
183,0.00565863
184,0.00553569
185,0.00546308
186,0.00535331
187,0.0052944
188,0.00518961
189,0.00512859
190,0.00502697
191,0.00497168
192,0.00490383
193,0.00482319
194,0.00477853
195,0.00468435
196,0.0046661
197,0.00456013
198,0.00451889
199,0.00434771
200,0.00415967
201,0.00401268
202,0.00394188
203,0.00381372
204,0.00369752
205,0.0035528
206,0.00340903
207,0.00325456
208,0.00311169
209,0.00296361
210,0.00280878
211,0.00259403
212,0.00237387
213,0.00210625
214,0.00185064
215,0.00170319
216,0.00185106
217,0.00214807
218,0.00243649
219,0.00271606
220,0.00295461
221,0.00320471
222,0.00336533
223,0.00355007
224,0.00366466
225,0.00380702
226,0.00387638
227,0.00396228
228,0.00400768
229,0.00405465
230,0.00410145
231,0.00414495
232,0.00421517
233,0.00425989
234,0.00434987
235,0.00443495
236,0.00451767
237,0.00461894
238,0.00470247
239,0.00477754
240,0.00481514
241,0.00487925
242,0.00488417
243,0.0049497
244,0.00496649
245,0.00503266
246,0.00506155
247,0.00513108
248,0.00512214
249,0.00511971
250,0.0051213
251,0.00512892
252,0.00520064
253,0.00524362
254,0.00534585
255,0.00536935
256,0.0054585
257,0.00541351
258,0.00543019
259,0.00549572
260,0.00561581
261,0.00570562
262,0.00580911
263,0.00590154
264,0.00598782
265,0.00610028
266,0.0062058
267,0.00625823
268,0.00627107
269,0.00626143
270,0.0061321
271,0.00599406
272,0.00584381
273,0.00572964
274,0.00557549
275,0.00543443
276,0.00529661
277,0.00516071
278,0.00500349
279,0.00485985
280,0.00470405
281,0.00454671
282,0.00438993
283,0.00423273
284,0.00412847
285,0.00401793
286,0.00392506
287,0.00386071
288,0.00376876
289,0.00370388
290,0.00363049
291,0.00353564
292,0.00343463
293,0.00331119
294,0.00320704
295,0.00305722
296,0.00292339
297,0.00280305
298,0.00276341
299,0.00277115
300,0.00275505
301,0.00278873
302,0.00275629
303,0.00277809
304,0.00274351
305,0.00278225
306,0.00274782
307,0.00279227
308,0.00281265
309,0.00287311
310,0.00291315
311,0.00293983
312,0.0029584
313,0.00296037
314,0.00294288
315,0.00292841
316,0.0028799
317,0.00282939
318,0.00275276
319,0.00263851
320,0.00252914
321,0.00237
322,0.00227032
323,0.00211192
324,0.00201131
325,0.00185161
326,0.00170476
327,0.00154994
328,0.00140683
329,0.00128503
330,0.00115377
331,0.00107381
332,0.000970903
333,0.000861985
334,0.000820272
335,0.000795254
336,0.000796196
337,0.000799567
338,0.000829314
339,0.000914747
340,0.00106346
341,0.00126239
342,0.00146629
343,0.00170573
344,0.00178565
345,0.00188807
346,0.00212732
347,0.00232946
348,0.00248027
349,0.0026255
350,0.00275298
351,0.00285325
352,0.00292047
353,0.00298198
354,0.00303832
355,0.00306806
356,0.00311477
357,0.00314107
358,0.00312566
359,0.00312557
360,0.00308022
361,0.00306568
362,0.00299261
363,0.00295993
364,0.00294293
365,0.00296441
366,0.00295872
367,0.00294831
368,0.00294463
369,0.00295541
370,0.00293308
371,0.00284027
372,0.00277738
373,0.00283952
374,0.00286025
375,0.00285636
376,0.00283923
377,0.002848
378,0.0028066
379,0.00279726
380,0.00277886
381,0.00275068
382,0.00270813
383,0.00266015
384,0.00258878
385,0.00248812
386,0.00243515
387,0.0023071
388,0.00226205
389,0.00202474
390,0.0019332
391,0.00189568
392,0.0018698
393,0.00178441
394,0.0017104
395,0.00163847
396,0.00157272
397,0.00150077
398,0.00146174
399,0.00141478
400,0.00136631
401,0.0012936
402,0.00121044
403,0.00116427
404,0.00121375
405,0.00135424
406,0.00152858
407,0.00166926
408,0.00183827
409,0.00200802
410,0.00211935
411,0.00223514
412,0.00230734
413,0.00240372
414,0.00246043
415,0.00255435
416,0.00261745
417,0.00269272
418,0.00272961
419,0.00276284
420,0.00281371
421,0.00283965
422,0.00286425
423,0.0028894
424,0.00290892
425,0.00295137
426,0.00297405
427,0.00297256
428,0.00299126
429,0.00300192
430,0.00303775
431,0.00306583
432,0.00312813
433,0.00316265
434,0.00314918
435,0.00312546
436,0.00312368
437,0.00316812
438,0.00317938
439,0.00320975
440,0.00319305
441,0.00320067
442,0.00316384
443,0.00308526
444,0.00293743
445,0.00281653
446,0.00267721
447,0.00260847
448,0.00259098
449,0.00260005
450,0.00259039
451,0.00256132
452,0.00254032
453,0.00249684
454,0.00249675
455,0.0024614
456,0.00249176
457,0.00248836
458,0.00252418
459,0.00248225
460,0.00243601
461,0.00236972
462,0.00230175
463,0.00222708
464,0.00215926
465,0.00204671
466,0.00197576
467,0.00187164
468,0.00184156
469,0.00176314
470,0.00176709
471,0.00175725
472,0.00178369
473,0.0017678
474,0.00175759
475,0.00171832
476,0.00167123
477,0.00161219
478,0.00154208
479,0.00152982
480,0.00152219
481,0.0015319
482,0.00153888
483,0.00156816
484,0.00159709
485,0.00163856
486,0.00164784
487,0.00169277
488,0.00172353
489,0.00178133
490,0.00187397
491,0.00201933
492,0.00220519
493,0.00240579
494,0.00263027
495,0.00286916
496,0.00309951
497,0.00336628
498,0.00362214
499,0.00393359
500,0.00431568
501,0.00467486
502,0.00474655
503,0.00453361
504,0.00424483
505,0.00396907
506,0.00369056
507,0.00342185
508,0.00313459
509,0.00286732
510,0.0025976
511,0.00233862
512,0.0021659
513,0.00209411
514,0.00203085
515,0.00192869
516,0.00185644
517,0.00176863
518,0.00174422
519,0.00176158
520,0.00176341
521,0.00177157
522,0.00177188
523,0.00180164
524,0.00180824
525,0.00187553
526,0.00186291
527,0.00188693
528,0.00186032
529,0.00192081
530,0.00197707
531,0.00203327
532,0.00203243
533,0.00202716
534,0.00199455
535,0.00197727
536,0.0019771
537,0.00195855
538,0.00196282
539,0.00192377
540,0.00195082
541,0.00197289
542,0.0020128
543,0.00205256
544,0.00207599
545,0.00212121
546,0.00218554
547,0.00225666
548,0.0023189
549,0.00237854
550,0.00243371
551,0.00252354
552,0.00262204
553,0.00274572
554,0.00291375
555,0.00308027
556,0.00326178
557,0.00345151
558,0.00367768
559,0.00391995
560,0.0042121
561,0.00447803
562,0.00457826
563,0.00448027
564,0.00433414
565,0.00418981
566,0.00404485
567,0.00390044
568,0.00376979
569,0.00361955
570,0.00345618
571,0.00328938
572,0.00313445
573,0.00298014
574,0.00287522
575,0.00276369
576,0.00267471
577,0.00258469
578,0.00250887
579,0.00241424
580,0.0023147
581,0.00219363
582,0.00208999
583,0.0019459
584,0.00183459
585,0.00169016
586,0.00155095
587,0.00141705
588,0.00124494
589,0.00118849
590,0.00125133
591,0.00131831
592,0.00126957
593,0.00126426
594,0.0012628
595,0.00128637
596,0.00132641
597,0.00139581
598,0.00152069
599,0.00165756
