2,0.00190636
3,0.0056472
4,0.00915587
5,0.0123341
6,0.0151033
7,0.0174481
8,0.0194274
9,0.0210601
10,0.022444
11,0.0236182
12,0.0245859
13,0.0254338
14,0.0261667
15,0.0268227
16,0.0274316
17,0.0280138
18,0.0285738
19,0.0291465
20,0.0297355
21,0.030329
22,0.0309678
23,0.0316356
24,0.0323252
25,0.0330505
26,0.0338094
27,0.0345741
28,0.0353258
29,0.0360846
30,0.0368332
31,0.0375635
32,0.0382804
33,0.0389828
34,0.0396665
35,0.0403408
36,0.0410049
37,0.041661
38,0.0422944
39,0.042918
40,0.043524
41,0.044128
42,0.0447096
43,0.0452843
44,0.0458396
45,0.0463838
46,0.046907
47,0.0474199
48,0.0479254
49,0.0484275
50,0.048911
51,0.0493816
52,0.0498359
53,0.0502795
54,0.0507062
55,0.0511286
56,0.0515403
57,0.0519404
58,0.0523225
59,0.052692
60,0.0530547
61,0.0534048
62,0.0537469
63,0.0540783
64,0.0544024
65,0.0547101
66,0.0550068
67,0.0552993
68,0.0555821
69,0.0558606
70,0.0561238
71,0.0563842
72,0.0566287
73,0.0568695
74,0.0570986
75,0.0573278
76,0.0575465
77,0.0577567
78,0.0579579
79,0.0581542
80,0.0583416
81,0.0585259
82,0.0587059
83,0.058887
84,0.0590564
85,0.059225
86,0.0593844
87,0.0595452
88,0.0596976
89,0.0598519
90,0.060002
91,0.0601514
92,0.0602938
93,0.0604346
94,0.0605736
95,0.060711
96,0.060849
97,0.0609844
98,0.0611219
99,0.0612495
100,0.061378
101,0.0614989
102,0.0616226
103,0.0617391
104,0.0618585
105,0.0619712
106,0.0620858
107,0.0621938
108,0.0623041
109,0.0624117
110,0.0625231
111,0.0626329
112,0.062744
113,0.0628513
114,0.062956
115,0.0630582
116,0.0631602
117,0.0632602
118,0.0633578
119,0.0634541
120,0.0635505
121,0.0636424
122,0.0637332
123,0.0638211
124,0.0639111
125,0.0639974
126,0.0640839
127,0.0641637
128,0.0642428
129,0.0643191
130,0.0643955
131,0.0644707
132,0.0645461
133,0.0646195
134,0.0646919
135,0.0647642
136,0.0648356
137,0.0649083
138,0.0649788
139,0.0650506
140,0.0651212
141,0.0651917
142,0.0652627
143,0.0653318
144,0.0654033
145,0.0654733
146,0.0655454
147,0.0656143
148,0.0656849
149,0.065754
150,0.0658231
151,0.0658907
152,0.0659574
153,0.0660263
154,0.0660929
155,0.0661619
156,0.0662282
157,0.0662968
158,0.0663635
159,0.0664302
160,0.0664982
161,0.0665633
162,0.0666305
163,0.0666956
164,0.0667612
165,0.0668252
166,0.0668906
167,0.0669553
168,0.0670216
169,0.0670869
170,0.067153
171,0.067218
172,0.0672845
173,0.0673522
174,0.0674237
175,0.0674969
176,0.0675635
177,0.0676205
178,0.0676692
179,0.06772
180,0.0677663
181,0.067814
182,0.0678573
183,0.0679063
184,0.0679493
185,0.0679976
186,0.0680424
187,0.0680899
188,0.0681349
189,0.068183
190,0.0682282
191,0.0682771
192,0.0683216
193,0.0683676
194,0.0684113
195,0.0684577
196,0.0685025
197,0.0685468
198,0.0685875
199,0.0686285
200,0.0686689
201,0.0687102
202,0.0687504
203,0.0687897
204,0.0688277
205,0.0688668
206,0.0689042
207,0.0689412
208,0.0689769
209,0.0690126
210,0.0690467
211,0.0690787
212,0.0691072
213,0.069134
214,0.0691593
215,0.069193
216,0.0692516
217,0.0693206
218,0.0693894
219,0.0694551
220,0.069519
221,0.0695809
222,0.0696401
223,0.069697
224,0.0697517
225,0.0698046
226,0.0698566
227,0.0699056
228,0.0699548
229,0.0700008
230,0.0700488
231,0.0700963
232,0.0701452
233,0.070192
234,0.0702421
235,0.0702912
236,0.0703406
237,0.0703901
238,0.0704389
239,0.0704858
240,0.070531
241,0.0705752
242,0.0706201
243,0.0706626
244,0.0707079
245,0.0707503
246,0.0707947
247,0.0708372
248,0.0708807
249,0.0709224
250,0.0709639
251,0.0710078
252,0.0710525
253,0.0710974
254,0.071141
255,0.0711815
256,0.0712228
257,0.0712646
258,0.0713102
259,0.0713548
260,0.0714025
261,0.0714475
262,0.0714915
263,0.0715344
264,0.0715773
265,0.0716253
266,0.0716731
267,0.0717175
268,0.0717571
269,0.0717905
270,0.0718194
271,0.0718476
272,0.071875
273,0.0719029
274,0.0719305
275,0.0719599
276,0.0719853
277,0.0720113
278,0.0720365
279,0.0720616
280,0.0720873
281,0.0721118
282,0.0721379
283,0.0721651
284,0.0721926
285,0.0722206
286,0.0722506
287,0.0722826
288,0.072312
289,0.0723427
290,0.0723709
291,0.0724005
292,0.0724272
293,0.0724549
294,0.072479
295,0.0725042
296,0.0725273
297,0.0725549
298,0.0725875
299,0.0726224
300,0.0726584
301,0.0726923
302,0.0727271
303,0.0727615
304,0.072796
305,0.072831
306,0.0728635
307,0.0729026
308,0.0729385
309,0.0729766
310,0.0730108
311,0.0730468
312,0.0730798
313,0.0731132
314,0.0731457
315,0.0731769
316,0.0732066
317,0.0732355
318,0.0732626
319,0.073287
320,0.0733086
321,0.073331
322,0.0733531
323,0.0733754
324,0.0733966
325,0.0734183
326,0.0734371
327,0.0734577
328,0.073476
329,0.073498
330,0.0735179
331,0.0735398
332,0.073559
333,0.0735773
334,0.0735937
335,0.0736093
336,0.0736353
337,0.0736773
338,0.0737308
339,0.0737787
340,0.0738289
341,0.0738741
342,0.0739223
343,0.0739658
344,0.0740137
345,0.0740604
346,0.0741076
347,0.0741499
348,0.0741942
349,0.0742353
350,0.0742743
351,0.0743123
352,0.0743482
353,0.0743833
354,0.0744177
355,0.0744504
356,0.0744836
357,0.0745142
358,0.0745438
359,0.0745717
360,0.0745996
361,0.0746263
362,0.074652
363,0.0746786
364,0.0747068
365,0.0747364
366,0.0747655
367,0.0747939
368,0.0748217
369,0.074848
370,0.074874
371,0.0749043
372,0.0749331
373,0.0749618
374,0.0749902
375,0.0750185
376,0.0750456
377,0.0750728
378,0.0750978
379,0.0751262
380,0.075152
381,0.0751797
382,0.0752038
383,0.0752275
384,0.0752503
385,0.0752711
386,0.0752923
387,0.0753098
388,0.0753278
389,0.0753494
390,0.0753706
391,0.0753923
392,0.0754128
393,0.0754337
394,0.0754555
395,0.0754759
396,0.0754978
397,0.075519
398,0.0755429
399,0.0755642
400,0.0755866
401,0.0756051
402,0.0756256
403,0.0756478
404,0.0756813
405,0.0757239
406,0.0757658
407,0.0758066
408,0.0758463
409,0.0758848
410,0.0759219
411,0.0759564
412,0.0759906
413,0.0760225
414,0.0760551
415,0.0760869
416,0.0761194
417,0.07615
418,0.0761799
419,0.0762096
420,0.076238
421,0.0762672
422,0.0762948
423,0.0763239
424,0.0763516
425,0.0763799
426,0.0764068
427,0.0764324
428,0.0764593
429,0.0764866
430,0.0765146
431,0.0765429
432,0.0765713
433,0.0765975
434,0.0766232
435,0.0766452
436,0.0766734
437,0.0767002
438,0.0767292
439,0.0767535
440,0.0767782
441,0.0768022
442,0.0768218
443,0.0768411
444,0.0768527
445,0.0768685
446,0.0768831
447,0.0769048
448,0.0769281
449,0.0769523
450,0.0769757
451,0.0769975
452,0.07702
453,0.0770407
454,0.0770649
455,0.0770875
456,0.0771128
457,0.077139
458,0.0771629
459,0.0771843
460,0.0772033
461,0.0772229
462,0.0772405
463,0.0772599
464,0.0772742
465,0.0772919
466,0.077307
467,0.0773256
468,0.0773441
469,0.0773623
470,0.0773849
471,0.0774071
472,0.0774343
473,0.0774546
474,0.0774779
475,0.0774962
476,0.0775165
477,0.0775348
478,0.0775531
479,0.0775762
480,0.0775982
481,0.0776233
482,0.0776462
483,0.0776731
484,0.0776979
485,0.0777253
486,0.0777476
487,0.0777744
488,0.0777994
489,0.0778291
490,0.0778614
491,0.077897
492,0.0779359
493,0.0779747
494,0.0780162
495,0.0780565
496,0.0781006
497,0.0781441
498,0.0781925
499,0.0782407
500,0.0782936
501,0.0783377
502,0.0783563
503,0.0783584
504,0.078358
505,0.0783583
506,0.0783587
507,0.0783578
508,0.0783581
509,0.0783582
510,0.0783579
511,0.0783594
512,0.0783664
513,0.0783823
514,0.0783997
515,0.0784169
516,0.0784332
517,0.0784495
518,0.0784673
519,0.0784885
520,0.0785101
521,0.0785319
522,0.078555
523,0.0785773
524,0.078603
525,0.0786245
526,0.0786503
527,0.0786713
528,0.0786967
529,0.0787201
530,0.0787464
531,0.0787717
532,0.0787917
533,0.0788125
534,0.0788292
535,0.0788507
536,0.0788695
537,0.0788922
538,0.0789104
539,0.0789318
540,0.0789541
541,0.0789763
542,0.0790009
543,0.0790232
544,0.0790469
545,0.0790723
546,0.0790991
547,0.0791266
548,0.079151
549,0.0791764
550,0.0792029
551,0.0792306
552,0.0792611
553,0.0792918
554,0.0793264
555,0.0793592
556,0.0793959
557,0.0794319
558,0.0794738
559,0.0795158
560,0.0795635
561,0.0796019
562,0.0796211
563,0.0796292
564,0.0796349
565,0.0796449
566,0.0796518
567,0.0796627
568,0.0796702
569,0.0796795
570,0.0796854
571,0.0796917
572,0.0796988
573,0.0797078
574,0.0797174
575,0.0797301
576,0.0797409
577,0.0797544
578,0.0797668
579,0.0797796
580,0.0797903
581,0.0798003
582,0.079809
583,0.0798177
584,0.0798281
585,0.0798341
586,0.0798408
587,0.079845
588,0.0798512
589,0.0798555
590,0.0798595
591,0.0798645
592,0.0798683
593,0.0798751
594,0.0798782
595,0.0798835
596,0.0798875
597,0.0798907
598,0.079893
599,0.0798944
