2,0.946188
3,0.849541
4,0.765876
5,0.6945
6,0.635528
7,0.588116
8,0.550055
9,0.520383
10,0.4965
11,0.477328
12,0.462631
13,0.450422
14,0.440539
15,0.432137
16,0.424575
17,0.417428
18,0.410618
19,0.403422
20,0.395811
21,0.388026
22,0.379279
23,0.369903
24,0.360071
25,0.349514
26,0.338298
27,0.326968
28,0.315899
29,0.304699
30,0.293703
31,0.283066
32,0.27269
33,0.262591
34,0.252855
35,0.243292
36,0.233928
37,0.224707
38,0.215919
39,0.207302
40,0.199015
41,0.190755
42,0.182913
43,0.175182
44,0.167811
45,0.160626
46,0.153825
47,0.147192
48,0.140696
49,0.13424
50,0.128122
51,0.122214
52,0.116597
53,0.111151
54,0.106001
55,0.100909
56,0.0960001
57,0.0912807
58,0.0868693
59,0.0826599
60,0.0785627
61,0.0746664
62,0.0709002
63,0.0673057
64,0.0638228
65,0.0606105
66,0.0575736
67,0.0545921
68,0.0517666
69,0.049001
70,0.0464806
71,0.0439979
72,0.0417651
73,0.0395941
74,0.03759
75,0.0355945
76,0.0337433
77,0.0320475
78,0.0304631
79,0.0289862
80,0.0276037
81,0.0263019
82,0.0250013
83,0.0237221
84,0.0225715
85,0.0214635
86,0.0204456
87,0.0194415
88,0.0185062
89,0.0175861
90,0.0166644
91,0.0157997
92,0.0149855
93,0.0142393
94,0.0134475
95,0.0127309
96,0.0119376
97,0.0112291
98,0.0104285
99,0.00984037
100,0.00914937
101,0.00864514
102,0.00802467
103,0.00756484
104,0.00698653
105,0.00657726
106,0.00606468
107,0.00571886
108,0.00524248
109,0.0048885
110,0.00438611
111,0.00399807
112,0.00347154
113,0.00313708
114,0.00269715
115,0.00247091
116,0.00205799
117,0.00188831
118,0.00156711
119,0.00141742
120,0.000957202
121,0.000571524
122,0.000626378
123,0.000988415
124,0.00117092
125,0.00142304
126,0.00152916
127,0.00166437
128,0.0017163
129,0.00179346
130,0.00181282
131,0.00187448
132,0.00192839
133,0.0019929
134,0.00199809
135,0.00206064
136,0.00210485
137,0.00217691
138,0.00219185
139,0.00227019
140,0.00231861
141,0.00238782
142,0.00244125
143,0.00250399
144,0.00259372
145,0.00267164
146,0.00277939
147,0.00285097
148,0.00294644
149,0.00303867
150,0.00312611
151,0.00320015
152,0.00326183
153,0.00336643
154,0.00344202
155,0.00355774
156,0.00364234
157,0.00375762
158,0.00385097
159,0.00395498
160,0.00407643
161,0.00416402
162,0.00428314
163,0.00438119
164,0.00448741
165,0.00457847
166,0.00468891
167,0.00480093
168,0.00493263
169,0.00505574
170,0.00519579
171,0.00532536
172,0.00547832
173,0.00565736
174,0.00589512
175,0.00615581
176,0.00632486
177,0.00636189
178,0.00627677
179,0.00622704
180,0.00611581
181,0.00602796
182,0.00587898
183,0.00582076
184,0.00567524
185,0.00560876
186,0.00549703
187,0.00543192
188,0.00533277
189,0.00528111
190,0.00519046
191,0.00515358
192,0.00506122
193,0.00499318
194,0.0048975
195,0.00483879
196,0.00476763
197,0.00465517
198,0.00447854
199,0.00439124
200,0.00429776
201,0.00419934
202,0.00407888
203,0.00394424
204,0.00379628
205,0.00367308
206,0.00352595
207,0.00337154
208,0.00320645
209,0.00304659
210,0.00286033
211,0.00265249
212,0.00241459
213,0.00214849
214,0.0018777
215,0.00171005
216,0.00187512
217,0.00217689
218,0.00248889
219,0.00276897
220,0.00302909
221,0.00325972
222,0.00345643
223,0.00363356
224,0.00377326
225,0.00388972
226,0.00399721
227,0.00406762
228,0.00414497
229,0.00417535
230,0.00423682
231,0.00429484
232,0.00437654
233,0.00442397
234,0.00452249
235,0.004614
236,0.00470694
237,0.00480239
238,0.00489656
239,0.00496556
240,0.00500569
241,0.00503759
242,0.00508339
243,0.0050932
244,0.00515056
245,0.00516163
246,0.00520803
247,0.00523089
248,0.00526553
249,0.00527686
250,0.00529225
251,0.0053392
252,0.00539779
253,0.00546274
254,0.00551548
255,0.00547971
256,0.00548752
257,0.00555059
258,0.00565157
259,0.0057255
260,0.00584505
261,0.00592556
262,0.00599451
263,0.00605215
264,0.00610815
265,0.0062398
266,0.00636596
267,0.00644932
268,0.00646748
269,0.00640152
270,0.00627109
271,0.00613846
272,0.00599368
273,0.00585721
274,0.00572173
275,0.00560845
276,0.00544291
277,0.00528944
278,0.00512603
279,0.00496154
280,0.00480953
281,0.00464103
282,0.00449433
283,0.00437146
284,0.00425089
285,0.0041365
286,0.00405266
287,0.00399832
288,0.00390812
289,0.00383698
290,0.00373581
291,0.00365683
292,0.00354083
293,0.00343534
294,0.00328553
295,0.00314512
296,0.0029875
297,0.00289419
298,0.00286253
299,0.00286331
300,0.00288223
301,0.00287423
302,0.00288012
303,0.00288077
304,0.00288176
305,0.00289199
306,0.00287097
307,0.00294002
308,0.00296326
309,0.0030218
310,0.00302651
311,0.00306349
312,0.00305354
313,0.00305419
314,0.00304319
315,0.00301514
316,0.0029729
317,0.00291694
318,0.00283672
319,0.00272927
320,0.00258079
321,0.00244823
322,0.00231305
323,0.00218359
324,0.00204229
325,0.00190946
326,0.00173867
327,0.00160644
328,0.00144595
329,0.0013343
330,0.00120069
331,0.00111402
332,0.00099368
333,0.000891905
334,0.000820735
335,0.000805323
336,0.000778986
337,0.000789396
338,0.00087434
339,0.000999632
340,0.00117694
341,0.00132359
342,0.00136227
343,0.00149748
344,0.00181543
345,0.00205648
346,0.00226977
347,0.00242434
348,0.00260362
349,0.00274122
350,0.00285514
351,0.00295174
352,0.00302658
353,0.00308851
354,0.00315012
355,0.00318127
356,0.00322662
357,0.00323865
358,0.00323379
359,0.00320949
360,0.00318436
361,0.00314709
362,0.00309897
363,0.00306205
364,0.00304703
365,0.00305109
366,0.00304608
367,0.00304565
368,0.00301434
369,0.00289593
370,0.00287924
371,0.00295253
372,0.00296636
373,0.00296755
374,0.0029625
375,0.00295911
376,0.00294076
377,0.00292828
378,0.00287957
379,0.00288227
380,0.00284464
381,0.00284231
382,0.00279574
383,0.00273266
384,0.00266322
385,0.00258075
386,0.00247859
387,0.00224353
388,0.00214489
389,0.00213195
390,0.00207898
391,0.00200822
392,0.00192143
393,0.00184794
394,0.00178049
395,0.00168885
396,0.00163322
397,0.00156543
398,0.0015284
399,0.0014633
400,0.00140091
401,0.00131425
402,0.00124374
403,0.00119695
404,0.00127137
405,0.00143839
406,0.00161372
407,0.00177951
408,0.00194273
409,0.0020849
410,0.00221585
411,0.00231705
412,0.00241302
413,0.00248191
414,0.00255905
415,0.00262686
416,0.00271423
417,0.00276934
418,0.00281666
419,0.00286588
420,0.00289167
421,0.00293351
422,0.00295828
423,0.00299886
424,0.00302051
425,0.00306012
426,0.00307406
427,0.00307335
428,0.00309354
429,0.00310972
430,0.00314622
431,0.0031824
432,0.00322373
433,0.0032303
434,0.00323803
435,0.00320027
436,0.00323718
437,0.00325522
438,0.00330616
439,0.00330143
440,0.00329753
441,0.00328584
442,0.00321547
443,0.00314706
444,0.00298403
445,0.00287152
446,0.00273995
447,0.00270747
448,0.00269433
449,0.00268291
450,0.00267287
451,0.00264139
452,0.00261738
453,0.00257289
454,0.00257132
455,0.00255152
456,0.00256137
457,0.002588
458,0.00258747
459,0.00255688
460,0.00249686
461,0.00243548
462,0.00236119
463,0.00230962
464,0.00218873
465,0.002118
466,0.00201351
467,0.00195174
468,0.00189521
469,0.00183019
470,0.00181773
471,0.00179645
472,0.00184364
473,0.00181103
474,0.00180507
475,0.00174497
476,0.00171152
477,0.00164811
478,0.00160507
479,0.0015979
480,0.00157859
481,0.00161049
482,0.00160606
483,0.00165295
484,0.00167695
485,0.00172465
486,0.00171416
487,0.00176199
488,0.00178613
489,0.00186908
490,0.00198196
491,0.00213921
492,0.00233811
493,0.00253885
494,0.00276704
495,0.00298485
496,0.00325549
497,0.0035184
498,0.00384531
499,0.00417361
500,0.0045571
501,0.00483073
502,0.00478499
503,0.00452923
504,0.00424304
505,0.00396735
506,0.00369668
507,0.00340735
508,0.00313499
509,0.00286178
510,0.00258825
511,0.00233883
512,0.00212067
513,0.00202323
514,0.00196464
515,0.00192705
516,0.00189724
517,0.00185603
518,0.00181218
519,0.00179963
520,0.00180379
521,0.00181193
522,0.00182418
523,0.00183626
524,0.0018866
525,0.00188334
526,0.00193767
527,0.00193728
528,0.00198122
529,0.002007
530,0.00206641
531,0.00211286
532,0.00209887
533,0.0020971
534,0.00204049
535,0.00205616
536,0.00202701
537,0.00204384
538,0.00201077
539,0.00201445
540,0.00203458
541,0.00204554
542,0.00208908
543,0.00211401
544,0.00214434
545,0.00219597
546,0.00227378
547,0.0023576
548,0.00240367
549,0.00246164
550,0.00252671
551,0.00261717
552,0.00273607
553,0.00285829
554,0.00303422
555,0.00318461
556,0.00338757
557,0.00357962
558,0.00384755
559,0.00411386
560,0.00445595
561,0.00467927
562,0.00466711
563,0.00451595
564,0.00433676
565,0.00421059
566,0.00404419
567,0.00393525
568,0.00377988
569,0.00364776
570,0.00347344
571,0.00330041
572,0.0031422
573,0.00301602
574,0.00288652
575,0.00280282
576,0.00269484
577,0.00261506
578,0.0025263
579,0.00244506
580,0.00233852
581,0.0022239
582,0.00209488
583,0.001968
584,0.00186186
585,0.00171044
586,0.0015581
587,0.00139726
588,0.00124917
589,0.00116316
590,0.00122546
591,0.00130113
592,0.00128363
593,0.0012529
594,0.00127015
595,0.001284
596,0.00132903
597,0.00142083
598,0.00153467
599,0.00166526
