2,0.00186928
3,0.00553455
4,0.00901791
5,0.0121768
6,0.0149241
7,0.0172698
8,0.0192532
9,0.0209083
10,0.0222917
11,0.0234704
12,0.0244721
13,0.0253396
14,0.0260914
15,0.0267871
16,0.0274145
17,0.0279978
18,0.0285717
19,0.0291654
20,0.0297556
21,0.03036
22,0.0309879
23,0.0316532
24,0.0323447
25,0.0330772
26,0.0338248
27,0.034602
28,0.035384
29,0.0361616
30,0.0369219
31,0.0376623
32,0.0383842
33,0.0390849
34,0.0397641
35,0.0404248
36,0.0410676
37,0.0416943
38,0.0423039
39,0.042893
40,0.0434678
41,0.0440321
42,0.044584
43,0.0451239
44,0.0456518
45,0.0461674
46,0.0466685
47,0.0471572
48,0.0476448
49,0.0481274
50,0.048602
51,0.0490646
52,0.0495164
53,0.049957
54,0.0503849
55,0.0508067
56,0.0512223
57,0.0516265
58,0.0520153
59,0.0523926
60,0.0527614
61,0.0531208
62,0.0534703
63,0.0538119
64,0.0541448
65,0.0544638
66,0.0547729
67,0.0550755
68,0.0553707
69,0.0556573
70,0.0559321
71,0.0561986
72,0.0564537
73,0.0567002
74,0.0569389
75,0.0571769
76,0.0574045
77,0.0576245
78,0.0578338
79,0.058039
80,0.0582339
81,0.0584258
82,0.0586124
83,0.0587986
84,0.0589746
85,0.0591479
86,0.0593127
87,0.0594773
88,0.0596344
89,0.0597923
90,0.0599475
91,0.0600977
92,0.0602462
93,0.0603863
94,0.0605292
95,0.0606656
96,0.0608059
97,0.0609431
98,0.0610802
99,0.0612127
100,0.0613422
101,0.0614665
102,0.0615913
103,0.0617105
104,0.0618318
105,0.0619468
106,0.0620641
107,0.0621726
108,0.062284
109,0.062391
110,0.0625027
111,0.0626131
112,0.0627256
113,0.0628336
114,0.0629399
115,0.063042
116,0.0631449
117,0.0632442
118,0.0633433
119,0.0634394
120,0.0635374
121,0.0636305
122,0.0637215
123,0.0638108
124,0.0639008
125,0.06399
126,0.0640764
127,0.0641574
128,0.0642387
129,0.0643158
130,0.0643951
131,0.0644694
132,0.0645477
133,0.0646207
134,0.0646968
135,0.0647686
136,0.0648423
137,0.0649138
138,0.064986
139,0.0650575
140,0.0651282
141,0.0651987
142,0.0652691
143,0.0653387
144,0.0654102
145,0.0654813
146,0.0655523
147,0.0656234
148,0.0656928
149,0.0657625
150,0.0658299
151,0.0658981
152,0.0659643
153,0.066034
154,0.066102
155,0.0661713
156,0.0662375
157,0.0663064
158,0.0663728
159,0.0664406
160,0.0665059
161,0.0665735
162,0.0666395
163,0.0667072
164,0.0667718
165,0.066838
166,0.0669014
167,0.0669679
168,0.0670316
169,0.0670984
170,0.0671628
171,0.0672302
172,0.0672962
173,0.0673647
174,0.067434
175,0.0675032
176,0.0675682
177,0.0676223
178,0.0676759
179,0.0677261
180,0.0677765
181,0.0678234
182,0.0678702
183,0.0679166
184,0.0679618
185,0.0680086
186,0.0680547
187,0.0681008
188,0.0681475
189,0.0681947
190,0.068242
191,0.0682897
192,0.0683339
193,0.0683775
194,0.0684213
195,0.0684645
196,0.068506
197,0.0685501
198,0.0685935
199,0.0686378
200,0.0686774
201,0.0687192
202,0.0687573
203,0.0687965
204,0.0688343
205,0.0688734
206,0.0689114
207,0.0689476
208,0.0689841
209,0.0690169
210,0.0690518
211,0.0690811
212,0.0691116
213,0.069136
214,0.0691623
215,0.0691936
216,0.0692538
217,0.0693215
218,0.0693933
219,0.0694578
220,0.0695257
221,0.0695861
222,0.0696477
223,0.0697029
224,0.0697591
225,0.0698115
226,0.0698632
227,0.069915
228,0.0699628
229,0.0700118
230,0.0700574
231,0.0701065
232,0.0701528
233,0.070201
234,0.0702509
235,0.0703017
236,0.0703517
237,0.0704017
238,0.0704505
239,0.0704977
240,0.0705429
241,0.0705881
242,0.070631
243,0.0706753
244,0.0707175
245,0.0707646
246,0.0708071
247,0.0708506
248,0.0708913
249,0.0709346
250,0.0709765
251,0.0710215
252,0.0710643
253,0.0711067
254,0.0711461
255,0.0711895
256,0.0712341
257,0.0712791
258,0.0713246
259,0.0713708
260,0.0714156
261,0.0714604
262,0.0715042
263,0.0715496
264,0.0715948
265,0.0716404
266,0.071687
267,0.0717306
268,0.0717702
269,0.0717993
270,0.0718277
271,0.0718561
272,0.0718851
273,0.0719094
274,0.0719378
275,0.0719648
276,0.0719931
277,0.0720192
278,0.0720453
279,0.0720712
280,0.0720961
281,0.0721202
282,0.0721457
283,0.0721734
284,0.0722011
285,0.07223
286,0.0722593
287,0.0722902
288,0.0723204
289,0.072351
290,0.07238
291,0.0724084
292,0.072436
293,0.0724613
294,0.0724867
295,0.0725103
296,0.0725353
297,0.0725632
298,0.0725955
299,0.0726317
300,0.0726652
301,0.0727023
302,0.0727349
303,0.0727707
304,0.0728053
305,0.0728379
306,0.0728707
307,0.0729078
308,0.0729475
309,0.0729833
310,0.0730207
311,0.0730543
312,0.0730892
313,0.0731207
314,0.0731537
315,0.0731834
316,0.073213
317,0.0732414
318,0.0732673
319,0.0732923
320,0.0733123
321,0.0733373
322,0.0733572
323,0.0733805
324,0.0734008
325,0.0734224
326,0.0734418
327,0.0734613
328,0.0734819
329,0.0735018
330,0.0735234
331,0.0735433
332,0.0735631
333,0.0735807
334,0.0735972
335,0.0736125
336,0.0736389
337,0.0736841
338,0.0737374
339,0.0737859
340,0.0738324
341,0.0738743
342,0.0739241
343,0.0739717
344,0.0740226
345,0.0740695
346,0.0741156
347,0.074159
348,0.074201
349,0.0742443
350,0.0742825
351,0.0743207
352,0.0743548
353,0.0743914
354,0.0744249
355,0.0744582
356,0.0744899
357,0.0745216
358,0.0745506
359,0.0745787
360,0.0746066
361,0.0746329
362,0.0746592
363,0.0746873
364,0.0747153
365,0.0747449
366,0.0747713
367,0.0747982
368,0.0748224
369,0.0748535
370,0.0748819
371,0.0749115
372,0.0749411
373,0.0749698
374,0.0749983
375,0.0750266
376,0.0750527
377,0.0750801
378,0.0751064
379,0.0751329
380,0.0751611
381,0.075185
382,0.0752116
383,0.0752324
384,0.0752558
385,0.0752719
386,0.0752928
387,0.0753112
388,0.0753332
389,0.0753535
390,0.0753765
391,0.0753972
392,0.0754179
393,0.0754399
394,0.0754589
395,0.0754814
396,0.0755012
397,0.075524
398,0.0755467
399,0.0755691
400,0.0755911
401,0.0756111
402,0.075635
403,0.0756627
404,0.075699
405,0.0757361
406,0.0757759
407,0.0758147
408,0.0758543
409,0.0758921
410,0.0759285
411,0.0759631
412,0.0759973
413,0.0760294
414,0.0760616
415,0.0760946
416,0.0761265
417,0.0761579
418,0.0761866
419,0.0762172
420,0.0762461
421,0.0762746
422,0.0763031
423,0.0763307
424,0.0763607
425,0.0763879
426,0.0764158
427,0.0764404
428,0.0764681
429,0.0764947
430,0.076522
431,0.0765505
432,0.076579
433,0.0766044
434,0.0766288
435,0.0766544
436,0.0766813
437,0.0767096
438,0.0767361
439,0.0767627
440,0.0767863
441,0.07681
442,0.0768281
443,0.0768437
444,0.0768568
445,0.0768724
446,0.0768885
447,0.0769122
448,0.0769354
449,0.0769595
450,0.0769819
451,0.0770036
452,0.0770261
453,0.0770467
454,0.0770714
455,0.0770946
456,0.0771209
457,0.0771466
458,0.0771703
459,0.0771901
460,0.0772078
461,0.0772277
462,0.0772443
463,0.0772638
464,0.0772782
465,0.0772966
466,0.0773102
467,0.0773303
468,0.0773471
469,0.0773683
470,0.0773891
471,0.0774132
472,0.0774374
473,0.0774604
474,0.0774818
475,0.0775011
476,0.0775198
477,0.0775388
478,0.0775581
479,0.0775801
480,0.077605
481,0.0776276
482,0.0776535
483,0.077678
484,0.0777058
485,0.0777295
486,0.0777549
487,0.0777783
488,0.077805
489,0.0778352
490,0.0778698
491,0.077907
492,0.077946
493,0.0779852
494,0.0780276
495,0.0780686
496,0.0781126
497,0.0781564
498,0.0782025
499,0.0782482
500,0.0782962
501,0.0783389
502,0.0783566
503,0.0783578
504,0.0783586
505,0.0783578
506,0.0783584
507,0.0783577
508,0.0783582
509,0.0783579
510,0.078358
511,0.0783589
512,0.0783642
513,0.0783816
514,0.0783998
515,0.0784179
516,0.0784351
517,0.0784521
518,0.07847
519,0.078491
520,0.0785127
521,0.0785355
522,0.0785579
523,0.0785819
524,0.0786062
525,0.0786296
526,0.0786539
527,0.078677
528,0.0787017
529,0.0787266
530,0.0787512
531,0.0787757
532,0.0787957
533,0.0788167
534,0.0788346
535,0.0788558
536,0.0788759
537,0.0788963
538,0.0789159
539,0.078936
540,0.0789595
541,0.0789824
542,0.0790059
543,0.0790287
544,0.0790528
545,0.0790783
546,0.0791065
547,0.079132
548,0.0791592
549,0.0791841
550,0.079212
551,0.0792401
552,0.0792696
553,0.0793019
554,0.0793341
555,0.0793707
556,0.0794053
557,0.0794467
558,0.0794854
559,0.0795302
560,0.0795724
561,0.0796086
562,0.0796237
563,0.0796301
564,0.079638
565,0.0796454
566,0.0796547
567,0.0796627
568,0.0796727
569,0.0796791
570,0.0796861
571,0.0796921
572,0.0797001
573,0.0797094
574,0.0797194
575,0.0797321
576,0.0797435
577,0.0797562
578,0.0797689
579,0.0797811
580,0.0797922
581,0.0798018
582,0.0798106
583,0.0798198
584,0.0798287
585,0.0798352
586,0.0798418
587,0.0798463
588,0.0798515
589,0.0798543
590,0.0798595
591,0.0798627
592,0.0798686
593,0.0798722
594,0.0798777
595,0.0798804
596,0.0798852
597,0.0798874
598,0.0798909
599,0.0798913
