2,0.947235
3,0.852543
4,0.769405
5,0.698396
6,0.639851
7,0.592326
8,0.554093
9,0.523842
10,0.499921
11,0.480604
12,0.465124
13,0.452461
14,0.442151
15,0.432895
16,0.424938
17,0.41776
18,0.410664
19,0.403038
20,0.395405
21,0.387404
22,0.378878
23,0.369554
24,0.359686
25,0.348991
26,0.337996
27,0.326425
28,0.314768
29,0.303212
30,0.292
31,0.281176
32,0.270715
33,0.260658
34,0.251012
35,0.241712
36,0.232751
37,0.224084
38,0.215736
39,0.207758
40,0.200042
41,0.192507
42,0.185201
43,0.178099
44,0.171214
45,0.164534
46,0.158116
47,0.151908
48,0.145714
49,0.139594
50,0.133618
51,0.127841
52,0.122249
53,0.116842
54,0.111656
55,0.106559
56,0.10157
57,0.0967654
58,0.092222
59,0.0878621
60,0.0836458
61,0.0795771
62,0.0756701
63,0.0718881
64,0.0682463
65,0.0648282
66,0.0615703
67,0.05841
68,0.0553658
69,0.0524542
70,0.0497305
71,0.0471365
72,0.0447193
73,0.0424481
74,0.0402803
75,0.0381317
76,0.0361295
77,0.0342704
78,0.0325485
79,0.0309127
80,0.0293996
81,0.0279603
82,0.0265502
83,0.0251727
84,0.0239106
85,0.0227213
86,0.0216133
87,0.0205391
88,0.019537
89,0.018551
90,0.0175462
91,0.0166612
92,0.0157486
93,0.0149994
94,0.0141533
95,0.0134474
96,0.0126232
97,0.0118859
98,0.0110887
99,0.0104086
100,0.00971604
101,0.00914702
102,0.00851245
103,0.0080052
104,0.00740143
105,0.00694658
106,0.00639326
107,0.00603673
108,0.0055438
109,0.00519056
110,0.004686
111,0.00427782
112,0.00374609
113,0.00336893
114,0.00291095
115,0.00264414
116,0.00223966
117,0.00203065
118,0.00169768
119,0.0015392
120,0.0011413
121,0.000739395
122,0.000549468
123,0.000858587
124,0.00105289
125,0.00132927
126,0.00141828
127,0.00157187
128,0.00164263
129,0.00173906
130,0.0017971
131,0.00186078
132,0.00193579
133,0.00200265
134,0.0020662
135,0.0021201
136,0.00218977
137,0.00225077
138,0.0022961
139,0.00235829
140,0.00241236
141,0.002486
142,0.00254163
143,0.00260096
144,0.00268376
145,0.00278553
146,0.00287924
147,0.00297988
148,0.00306347
149,0.00315903
150,0.00322535
151,0.0033113
152,0.00336891
153,0.00347511
154,0.00357359
155,0.00369987
156,0.0037689
157,0.00389355
158,0.00398844
159,0.00410548
160,0.00418863
161,0.00431501
162,0.00441997
163,0.00455191
164,0.00464339
165,0.00476676
166,0.00484877
167,0.00498307
168,0.00507863
169,0.00522499
170,0.00533881
171,0.00550596
172,0.00565442
173,0.00583944
174,0.00604291
175,0.00624972
176,0.00639927
177,0.00638634
178,0.00637443
179,0.00631786
180,0.00626431
181,0.00616316
182,0.00606657
183,0.00597186
184,0.00585874
185,0.00577308
186,0.00567583
187,0.00559155
188,0.0055154
189,0.00544806
190,0.00539188
191,0.0053391
192,0.00524028
193,0.00513597
194,0.00504383
195,0.0048973
196,0.00474339
197,0.00469475
198,0.00463463
199,0.00456743
200,0.00442712
201,0.00432894
202,0.00417709
203,0.00404238
204,0.00389264
205,0.00376487
206,0.00362439
207,0.00346232
208,0.00330976
209,0.0031066
210,0.00293827
211,0.00269285
212,0.0024705
213,0.00216717
214,0.00190899
215,0.0017163
216,0.001899
217,0.00218575
218,0.00254267
219,0.00280727
220,0.00311837
221,0.00333215
222,0.00356805
223,0.00371502
224,0.00387444
225,0.00398978
226,0.0041001
227,0.00419965
228,0.00425044
229,0.00432626
230,0.00435621
231,0.00443983
232,0.00448091
233,0.00455254
234,0.00464879
235,0.00476137
236,0.00486355
237,0.00496679
238,0.00505907
239,0.00513032
240,0.0051737
241,0.00522031
242,0.00523376
243,0.00527221
244,0.00528384
245,0.00536343
246,0.00538096
247,0.00541617
248,0.00541402
249,0.00544811
250,0.00546909
251,0.00553404
252,0.00555834
253,0.00554333
254,0.00553823
255,0.0056172
256,0.0056946
257,0.00577314
258,0.00585707
259,0.0059522
260,0.00602642
261,0.00610613
262,0.00617058
263,0.0062643
264,0.00635397
265,0.00644881
266,0.00655951
267,0.00663067
268,0.00664847
269,0.00652375
270,0.00638871
271,0.00625788
272,0.00613466
273,0.00594581
274,0.00582327
275,0.00567745
276,0.00554916
277,0.00539752
278,0.0052484
279,0.00509542
280,0.00492752
281,0.00475755
282,0.00460417
283,0.00448581
284,0.00436438
285,0.00426284
286,0.00417044
287,0.00409925
288,0.00402454
289,0.00395265
290,0.00385867
291,0.00376152
292,0.00365544
293,0.00352018
294,0.00338829
295,0.00323435
296,0.00309735
297,0.00300115
298,0.0029677
299,0.0029874
300,0.00297248
301,0.00301094
302,0.0029791
303,0.00300251
304,0.0030052
305,0.00298416
306,0.00296736
307,0.00301039
308,0.00308085
309,0.00310725
310,0.00316069
311,0.00316116
312,0.00317762
313,0.00315778
314,0.00314825
315,0.00310058
316,0.00305799
317,0.00299776
318,0.00289906
319,0.00279393
320,0.00262626
321,0.00253227
322,0.00236357
323,0.00224777
324,0.00209572
325,0.00196157
326,0.00180514
327,0.00164688
328,0.00150651
329,0.0013691
330,0.00125967
331,0.00114669
332,0.00103101
333,0.000926631
334,0.000837589
335,0.000790811
336,0.000799033
337,0.000806928
338,0.000922034
339,0.00103318
340,0.000968976
341,0.00113219
342,0.00149102
343,0.00172728
344,0.00198059
345,0.00218152
346,0.00237391
347,0.00254211
348,0.00268964
349,0.00285554
350,0.00296484
351,0.00306153
352,0.00310602
353,0.00319714
354,0.00324164
355,0.00328618
356,0.00330905
357,0.00333207
358,0.00332109
359,0.0032964
360,0.00327486
361,0.00323701
362,0.0031893
363,0.00317485
364,0.00315251
365,0.0031738
366,0.00310668
367,0.00299978
368,0.00297309
369,0.00304904
370,0.00305229
371,0.00306208
372,0.00307131
373,0.00307348
374,0.00306346
375,0.00306451
376,0.00303307
377,0.00301666
378,0.00299188
379,0.00296702
380,0.00296809
381,0.00291127
382,0.00288321
383,0.00280985
384,0.00272157
385,0.0024721
386,0.00243022
387,0.00236065
388,0.00230051
389,0.00221218
390,0.0021566
391,0.00206885
392,0.00198782
393,0.00191676
394,0.00181793
395,0.00176253
396,0.00166956
397,0.00162536
398,0.00156534
399,0.0015095
400,0.00145343
401,0.00137976
402,0.00135033
403,0.00135092
404,0.00145392
405,0.00158056
406,0.00173721
407,0.00187658
408,0.00203945
409,0.00217534
410,0.00229829
411,0.00239139
412,0.00249762
413,0.00256899
414,0.00264421
415,0.00272824
416,0.00279737
417,0.00286865
418,0.00290199
419,0.0029601
420,0.00299716
421,0.00302732
422,0.00306277
423,0.00308788
424,0.00313587
425,0.0031574
426,0.00319323
427,0.00317509
428,0.00320095
429,0.00321601
430,0.00324169
431,0.00328024
432,0.00332219
433,0.00331889
434,0.00330884
435,0.0033146
436,0.00333758
437,0.00337649
438,0.00339376
439,0.00341756
440,0.00339892
441,0.00338401
442,0.00329909
443,0.00317895
444,0.00303318
445,0.00291416
446,0.00281251
447,0.00279922
448,0.00278079
449,0.00277949
450,0.00275769
451,0.00271569
452,0.0026899
453,0.00264518
454,0.00265374
455,0.00263931
456,0.0026668
457,0.00268821
458,0.00267925
459,0.00262687
460,0.00254744
461,0.00249811
462,0.00240714
463,0.00235822
464,0.00223851
465,0.00217406
466,0.00205015
467,0.00200147
468,0.00192682
469,0.00189795
470,0.00185993
471,0.00186978
472,0.0018794
473,0.00187612
474,0.00185932
475,0.00180438
476,0.00174724
477,0.00169988
478,0.00165734
479,0.00164034
480,0.00166601
481,0.00166396
482,0.00168948
483,0.00169825
484,0.00176618
485,0.00177194
486,0.00180153
487,0.00180982
488,0.00185488
489,0.0019462
490,0.00208717
491,0.00226064
492,0.00245849
493,0.00265963
494,0.00290647
495,0.00313956
496,0.0034088
497,0.00367409
498,0.00397311
499,0.00426355
500,0.00458844
501,0.00484784
502,0.00478723
503,0.00452121
504,0.00425244
505,0.00396261
506,0.0036898
507,0.00340579
508,0.00313888
509,0.00285291
510,0.00254675
511,0.00226363
512,0.00206491
513,0.00204733
514,0.00202919
515,0.00198815
516,0.00194293
517,0.00189267
518,0.00183468
519,0.00183575
520,0.00183698
521,0.00184874
522,0.00186139
523,0.00188859
524,0.0019197
525,0.00194757
526,0.00197882
527,0.00200169
528,0.00203751
529,0.00208486
530,0.0021255
531,0.00216241
532,0.0021466
533,0.00214889
534,0.00210741
535,0.0021069
536,0.00210243
537,0.00209738
538,0.00207849
539,0.00206786
540,0.00209307
541,0.00212045
542,0.00215283
543,0.00217571
544,0.00221136
545,0.00227155
546,0.00235928
547,0.00241826
548,0.0024968
549,0.00255034
550,0.0026411
551,0.0027375
552,0.00284136
553,0.00298207
554,0.0031297
555,0.00332512
556,0.00350197
557,0.00375987
558,0.003988
559,0.00429332
560,0.00457055
561,0.00476738
562,0.00470093
563,0.0045282
564,0.00437285
565,0.00421612
566,0.00408337
567,0.00393309
568,0.00380629
569,0.0036416
570,0.0034788
571,0.00330749
572,0.00316425
573,0.00303261
574,0.00290864
575,0.00282333
576,0.00272782
577,0.00263891
578,0.00255184
579,0.0024613
580,0.00235728
581,0.00223807
582,0.0021195
583,0.00199528
584,0.00186586
585,0.00171601
586,0.00156011
587,0.00141952
588,0.0012621
589,0.0011451
590,0.00122295
591,0.00129498
592,0.00127568
593,0.00125437
594,0.00127115
595,0.00128887
596,0.00133817
597,0.00144927
598,0.0015553
599,0.00168731
