2,0.00184389
3,0.00548509
4,0.00896636
5,0.012116
6,0.0148432
7,0.0171717
8,0.0191275
9,0.0207729
10,0.0221701
11,0.0233534
12,0.0243474
13,0.0252197
14,0.0259748
15,0.0266703
16,0.0273025
17,0.0278823
18,0.0284647
19,0.0290319
20,0.0296085
21,0.0302119
22,0.0308397
23,0.0314975
24,0.0321971
25,0.0329437
26,0.0337265
27,0.0345292
28,0.0353369
29,0.0361397
30,0.0369217
31,0.0376835
32,0.0384116
33,0.0391147
34,0.0397874
35,0.0404399
36,0.0410674
37,0.0416783
38,0.0422689
39,0.0428401
40,0.0433947
41,0.0439391
42,0.0444715
43,0.0449931
44,0.0455032
45,0.046003
46,0.0464899
47,0.046967
48,0.0474411
49,0.0479108
50,0.0483776
51,0.0488338
52,0.0492848
53,0.0497215
54,0.0501524
55,0.0505732
56,0.0509895
57,0.0513938
58,0.0517853
59,0.0521651
60,0.0525398
61,0.0529051
62,0.0532618
63,0.0536104
64,0.0539497
65,0.0542766
66,0.0545931
67,0.0549013
68,0.0552021
69,0.0554923
70,0.0557739
71,0.0560466
72,0.0563064
73,0.0565616
74,0.056807
75,0.0570533
76,0.057286
77,0.0575157
78,0.0577297
79,0.0579436
80,0.0581424
81,0.0583418
82,0.0585312
83,0.0587219
84,0.0589025
85,0.0590808
86,0.0592501
87,0.0594182
88,0.0595789
89,0.0597405
90,0.0598958
91,0.0600505
92,0.0601972
93,0.0603427
94,0.0604849
95,0.0606256
96,0.0607656
97,0.0609043
98,0.0610432
99,0.0611761
100,0.0613079
101,0.0614339
102,0.0615609
103,0.0616833
104,0.061806
105,0.0619237
106,0.06204
107,0.0621511
108,0.0622619
109,0.0623699
110,0.0624799
111,0.0625906
112,0.0627032
113,0.0628107
114,0.0629174
115,0.0630203
116,0.063124
117,0.0632233
118,0.0633232
119,0.0634207
120,0.0635193
121,0.063615
122,0.063707
123,0.063797
124,0.0638878
125,0.0639771
126,0.0640642
127,0.0641489
128,0.0642316
129,0.0643113
130,0.0643918
131,0.0644696
132,0.0645485
133,0.0646232
134,0.0646997
135,0.0647721
136,0.064848
137,0.0649181
138,0.0649929
139,0.0650622
140,0.0651366
141,0.0652049
142,0.0652762
143,0.0653463
144,0.0654177
145,0.0654898
146,0.0655611
147,0.0656325
148,0.065702
149,0.0657698
150,0.0658386
151,0.0659053
152,0.0659734
153,0.066041
154,0.0661115
155,0.0661804
156,0.0662494
157,0.0663165
158,0.0663841
159,0.0664496
160,0.066516
161,0.0665831
162,0.0666505
163,0.0667182
164,0.0667834
165,0.0668496
166,0.0669127
167,0.0669791
168,0.0670427
169,0.0671098
170,0.0671738
171,0.0672415
172,0.067306
173,0.0673734
174,0.0674406
175,0.0675095
176,0.0675715
177,0.0676277
178,0.06768
179,0.067734
180,0.0677832
181,0.0678321
182,0.0678798
183,0.0679268
184,0.0679724
185,0.0680184
186,0.0680652
187,0.068112
188,0.0681584
189,0.068205
190,0.0682524
191,0.0682985
192,0.0683432
193,0.0683831
194,0.0684259
195,0.0684678
196,0.0685149
197,0.0685585
198,0.0686046
199,0.068645
200,0.0686873
201,0.068726
202,0.0687657
203,0.0688025
204,0.0688417
205,0.0688789
206,0.0689181
207,0.0689536
208,0.0689896
209,0.0690221
210,0.0690556
211,0.0690863
212,0.0691145
213,0.0691428
214,0.0691651
215,0.0691988
216,0.0692541
217,0.069326
218,0.0693946
219,0.0694636
220,0.0695292
221,0.0695928
222,0.0696522
223,0.0697107
224,0.0697651
225,0.06982
226,0.0698719
227,0.0699249
228,0.0699726
229,0.0700222
230,0.0700682
231,0.0701161
232,0.0701621
233,0.0702105
234,0.0702604
235,0.0703112
236,0.0703624
237,0.0704119
238,0.0704617
239,0.0705083
240,0.0705547
241,0.0706
242,0.0706442
243,0.0706896
244,0.0707334
245,0.0707797
246,0.0708229
247,0.0708672
248,0.0709043
249,0.0709462
250,0.0709866
251,0.0710271
252,0.0710686
253,0.0711131
254,0.0711583
255,0.0712017
256,0.071248
257,0.0712929
258,0.0713401
259,0.0713848
260,0.0714317
261,0.0714776
262,0.0715226
263,0.0715674
264,0.0716136
265,0.0716608
266,0.0717025
267,0.0717446
268,0.0717802
269,0.0718118
270,0.0718368
271,0.0718664
272,0.0718937
273,0.0719218
274,0.0719483
275,0.0719762
276,0.0720019
277,0.0720288
278,0.0720536
279,0.0720797
280,0.0721049
281,0.0721299
282,0.0721561
283,0.0721828
284,0.0722122
285,0.0722399
286,0.0722709
287,0.0722987
288,0.0723313
289,0.072359
290,0.0723903
291,0.072416
292,0.0724441
293,0.072469
294,0.0724939
295,0.072518
296,0.0725423
297,0.0725729
298,0.072606
299,0.0726403
300,0.0726749
301,0.0727093
302,0.0727434
303,0.0727789
304,0.0728119
305,0.0728437
306,0.0728757
307,0.0729144
308,0.0729547
309,0.0729922
310,0.0730279
311,0.0730622
312,0.0730977
313,0.0731291
314,0.0731628
315,0.0731908
316,0.0732211
317,0.0732472
318,0.0732736
319,0.0732955
320,0.0733185
321,0.0733396
322,0.0733631
323,0.0733844
324,0.0734067
325,0.0734269
326,0.0734467
327,0.0734669
328,0.0734852
329,0.0735078
330,0.0735264
331,0.0735486
332,0.0735664
333,0.0735842
334,0.0735993
335,0.0736147
336,0.0736415
337,0.0736858
338,0.0737361
339,0.0737835
340,0.073832
341,0.0738815
342,0.0739313
343,0.0739822
344,0.0740319
345,0.0740793
346,0.0741234
347,0.0741664
348,0.0742099
349,0.0742504
350,0.0742911
351,0.0743269
352,0.0743632
353,0.0743979
354,0.0744325
355,0.0744652
356,0.0744978
357,0.074528
358,0.074557
359,0.0745855
360,0.0746139
361,0.0746404
362,0.0746663
363,0.074694
364,0.0747213
365,0.0747472
366,0.074773
367,0.0748038
368,0.0748307
369,0.0748614
370,0.0748887
371,0.074919
372,0.0749489
373,0.0749792
374,0.0750068
375,0.0750349
376,0.0750613
377,0.0750882
378,0.0751146
379,0.075142
380,0.0751686
381,0.0751926
382,0.0752144
383,0.0752353
384,0.0752547
385,0.0752765
386,0.075297
387,0.0753184
388,0.0753386
389,0.0753604
390,0.0753817
391,0.0754023
392,0.0754235
393,0.0754423
394,0.0754648
395,0.0754847
396,0.0755072
397,0.075528
398,0.075553
399,0.0755734
400,0.0755968
401,0.075616
402,0.0756399
403,0.0756699
404,0.0757085
405,0.0757461
406,0.075785
407,0.0758238
408,0.0758646
409,0.0759011
410,0.075937
411,0.075972
412,0.0760057
413,0.0760386
414,0.0760704
415,0.076105
416,0.0761362
417,0.0761674
418,0.0761956
419,0.076226
420,0.0762537
421,0.0762828
422,0.0763098
423,0.0763384
424,0.0763681
425,0.0763957
426,0.0764236
427,0.0764484
428,0.0764766
429,0.0765024
430,0.0765313
431,0.0765606
432,0.0765892
433,0.0766134
434,0.0766362
435,0.0766625
436,0.0766901
437,0.0767182
438,0.0767438
439,0.0767697
440,0.0767937
441,0.0768162
442,0.0768329
443,0.0768486
444,0.076861
445,0.0768774
446,0.0768948
447,0.0769188
448,0.076943
449,0.0769667
450,0.0769883
451,0.0770098
452,0.0770326
453,0.0770546
454,0.0770776
455,0.0771018
456,0.0771276
457,0.077153
458,0.0771757
459,0.0771957
460,0.0772132
461,0.0772323
462,0.0772492
463,0.0772666
464,0.0772827
465,0.0772986
466,0.0773169
467,0.0773333
468,0.0773532
469,0.0773721
470,0.0773954
471,0.0774181
472,0.077443
473,0.0774652
474,0.077486
475,0.0775053
476,0.0775243
477,0.0775423
478,0.0775626
479,0.077585
480,0.0776094
481,0.0776326
482,0.0776585
483,0.0776842
484,0.0777105
485,0.0777365
486,0.0777604
487,0.0777873
488,0.0778142
489,0.0778448
490,0.0778797
491,0.0779163
492,0.0779565
493,0.0779955
494,0.0780392
495,0.07808
496,0.0781241
497,0.0781663
498,0.0782095
499,0.0782526
500,0.0782972
501,0.0783397
502,0.0783563
503,0.0783589
504,0.0783573
505,0.0783589
506,0.0783575
507,0.0783585
508,0.0783578
509,0.0783581
510,0.0783579
511,0.0783585
512,0.0783658
513,0.0783823
514,0.0784022
515,0.0784187
516,0.0784375
517,0.0784537
518,0.0784733
519,0.0784933
520,0.0785171
521,0.0785383
522,0.0785622
523,0.0785849
524,0.0786104
525,0.0786344
526,0.0786576
527,0.0786809
528,0.0787051
529,0.0787315
530,0.0787551
531,0.0787807
532,0.0788003
533,0.078821
534,0.0788397
535,0.0788603
536,0.0788794
537,0.0788997
538,0.0789197
539,0.0789417
540,0.0789641
541,0.0789883
542,0.0790118
543,0.0790352
544,0.0790589
545,0.0790843
546,0.0791121
547,0.0791386
548,0.0791643
549,0.0791906
550,0.0792186
551,0.079249
552,0.0792796
553,0.0793131
554,0.0793471
555,0.0793818
556,0.0794183
557,0.0794561
558,0.0794957
559,0.079538
560,0.0795794
561,0.0796109
562,0.0796249
563,0.0796321
564,0.0796396
565,0.0796477
566,0.0796553
567,0.0796648
568,0.0796736
569,0.0796812
570,0.079687
571,0.0796939
572,0.0797019
573,0.079711
574,0.0797226
575,0.0797326
576,0.0797457
577,0.0797573
578,0.0797713
579,0.0797826
580,0.0797933
581,0.0798016
582,0.0798119
583,0.0798198
584,0.0798298
585,0.0798355
586,0.079842
587,0.0798463
588,0.0798514
589,0.0798544
590,0.0798583
591,0.0798618
592,0.0798664
593,0.0798698
594,0.0798741
595,0.079878
596,0.0798812
597,0.0798842
598,0.079886
599,0.0798873
