2,0.947951
3,0.853861
4,0.770724
5,0.699903
6,0.641808
7,0.594649
8,0.557007
9,0.526934
10,0.502656
11,0.483201
12,0.467857
13,0.455059
14,0.444654
15,0.435373
16,0.427294
17,0.420168
18,0.412875
19,0.405775
20,0.398401
21,0.390392
22,0.381852
23,0.372658
24,0.362608
25,0.351617
26,0.339919
27,0.327839
28,0.315678
29,0.303631
30,0.291998
31,0.280766
32,0.270187
33,0.260086
34,0.250565
35,0.241422
36,0.232744
37,0.224372
38,0.216373
39,0.208724
40,0.201376
41,0.194202
42,0.187242
43,0.180466
44,0.173893
45,0.167495
46,0.161323
47,0.155313
48,0.149351
49,0.143455
50,0.137603
51,0.131928
52,0.126337
53,0.12099
54,0.115738
55,0.110649
56,0.105637
57,0.100819
58,0.0962183
59,0.09181
60,0.0874795
61,0.0833007
62,0.0792625
63,0.0753506
64,0.0715869
65,0.068029
66,0.0646367
67,0.0613737
68,0.0582263
69,0.0552499
70,0.0524066
71,0.0497024
72,0.0472054
73,0.0447782
74,0.0424996
75,0.0402091
76,0.038122
77,0.0360902
78,0.0342882
79,0.0324906
80,0.0309099
81,0.0293322
82,0.0278782
83,0.0264106
84,0.0250765
85,0.0237922
86,0.0226181
87,0.0214753
88,0.0204141
89,0.0193538
90,0.0183595
91,0.017393
92,0.0165154
93,0.0156727
94,0.0148451
95,0.0140587
96,0.0132456
97,0.0124706
98,0.0116587
99,0.0109608
100,0.0102446
101,0.00963052
102,0.0089663
103,0.00840194
104,0.00778767
105,0.00727711
106,0.00674832
107,0.006327
108,0.00586425
109,0.0054713
110,0.00500276
111,0.00456642
112,0.00405159
113,0.00366025
114,0.00321717
115,0.00288495
116,0.00249023
117,0.00223062
118,0.00189499
119,0.00167455
120,0.00128844
121,0.00084308
122,0.000485317
123,0.000755903
124,0.000942888
125,0.00114526
126,0.0012475
127,0.00144032
128,0.00151707
129,0.00163988
130,0.00172689
131,0.00183976
132,0.0019337
133,0.00201654
134,0.00211161
135,0.00216451
136,0.00225326
137,0.00229834
138,0.0023905
139,0.0024243
140,0.00253558
141,0.00256157
142,0.00263957
143,0.00270834
144,0.00279586
145,0.00290586
146,0.0030031
147,0.00311441
148,0.00319462
149,0.00326522
150,0.00335343
151,0.00340839
152,0.0034927
153,0.00357929
154,0.00371029
155,0.00383092
156,0.00394887
157,0.00404116
158,0.0041527
159,0.00423837
160,0.00434101
161,0.00445696
162,0.00457928
163,0.00471131
164,0.004815
165,0.0049377
166,0.00501249
167,0.0051499
168,0.00524257
169,0.00539147
170,0.00550409
171,0.00567439
172,0.00579509
173,0.0059687
174,0.00614203
175,0.00634415
176,0.00644275
177,0.00646477
178,0.00643624
179,0.00643504
180,0.00636202
181,0.0062932
182,0.0062126
183,0.00611569
184,0.00601206
185,0.00591862
186,0.0058311
187,0.00575252
188,0.00567315
189,0.00559888
190,0.00554096
191,0.00546665
192,0.00537319
193,0.00516842
194,0.00504217
195,0.00495942
196,0.00493582
197,0.00484903
198,0.00479987
199,0.00467087
200,0.00457113
201,0.00442676
202,0.00429803
203,0.00412798
204,0.00399879
205,0.00384126
206,0.00371954
207,0.00354793
208,0.00338629
209,0.00317438
210,0.00298962
211,0.00275839
212,0.00250135
213,0.00226638
214,0.00194832
215,0.00178529
216,0.00190207
217,0.00225267
218,0.00255497
219,0.00288178
220,0.00317008
221,0.00343186
222,0.00362934
223,0.00382062
224,0.00395733
225,0.00410469
226,0.00421357
227,0.00434131
228,0.00439701
229,0.00447696
230,0.00450769
231,0.00456847
232,0.00461108
233,0.00468619
234,0.004782
235,0.00489232
236,0.00501198
237,0.00511106
238,0.0052185
239,0.00527644
240,0.00533833
241,0.00538453
242,0.00542117
243,0.00547549
244,0.00550598
245,0.00557437
246,0.00560152
247,0.00564931
248,0.00559516
249,0.00561517
250,0.00560204
251,0.00555358
252,0.00558129
253,0.00567025
254,0.00575408
255,0.00580375
256,0.0058943
257,0.00596615
258,0.00607338
259,0.00614682
260,0.00625182
261,0.00634583
262,0.0064298
263,0.00651048
264,0.00661625
265,0.00673187
266,0.00677326
267,0.00682682
268,0.00678761
269,0.00669652
270,0.00651695
271,0.00639966
272,0.00625127
273,0.0061188
274,0.00596588
275,0.00583278
276,0.00567276
277,0.00553176
278,0.00536373
279,0.00521075
280,0.00504974
281,0.00488955
282,0.0047471
283,0.00461085
284,0.00451379
285,0.00439898
286,0.00432786
287,0.00421723
288,0.00417217
289,0.00406313
290,0.00399871
291,0.00386478
292,0.0037605
293,0.00362256
294,0.00348551
295,0.00333722
296,0.00318827
297,0.00313464
298,0.00311119
299,0.00310033
300,0.00309771
301,0.00309686
302,0.00309571
303,0.00310784
304,0.00309346
305,0.00306008
306,0.00303124
307,0.00309651
308,0.00317572
309,0.00323401
310,0.00325873
311,0.00326224
312,0.00329149
313,0.00326326
314,0.00326807
315,0.00320221
316,0.00316227
317,0.00306933
318,0.00298842
319,0.00284438
320,0.00270665
321,0.00255579
322,0.00244078
323,0.00229662
324,0.00216908
325,0.00201745
326,0.0018601
327,0.00171454
328,0.00155558
329,0.00144206
330,0.00129981
331,0.00118965
332,0.00103588
333,0.000965582
334,0.000869167
335,0.000766686
336,0.000801916
337,0.00078072
338,0.000522294
339,0.00079415
340,0.00115951
341,0.00139842
342,0.00162103
343,0.00186368
344,0.00209563
345,0.00230623
346,0.00247194
347,0.00263687
348,0.00280727
349,0.00293579
350,0.0030678
351,0.00314668
352,0.00322042
353,0.00327896
354,0.00334146
355,0.00337789
356,0.00341472
357,0.00342075
358,0.00340167
359,0.00338714
360,0.00337338
361,0.00333004
362,0.00327734
363,0.0032694
364,0.00320218
365,0.00309744
366,0.00309867
367,0.00316125
368,0.00313952
369,0.00315945
370,0.00314196
371,0.00315573
372,0.00317182
373,0.00319098
374,0.0031756
375,0.00317214
376,0.00314394
377,0.00312389
378,0.00309502
379,0.00308316
380,0.00306268
381,0.00301963
382,0.00288984
383,0.00272951
384,0.0026726
385,0.0026344
386,0.00255034
387,0.00246517
388,0.00237673
389,0.00230017
390,0.00221736
391,0.00213178
392,0.00205236
393,0.00194634
394,0.00189222
395,0.00179896
396,0.00174378
397,0.00166375
398,0.00163721
399,0.00156564
400,0.00152158
401,0.00143672
402,0.00139738
403,0.00143557
404,0.00156946
405,0.00169325
406,0.00184558
407,0.0019881
408,0.00215869
409,0.00228581
410,0.00240294
411,0.00250883
412,0.00260131
413,0.00268111
414,0.00275209
415,0.00286028
416,0.00292278
417,0.00298775
418,0.00301884
419,0.00306815
420,0.00309368
421,0.00313267
422,0.00314958
423,0.00318428
424,0.00323697
425,0.00326042
426,0.00328535
427,0.00327999
428,0.0033094
429,0.00331179
430,0.00335977
431,0.00340794
432,0.00344888
433,0.00343697
434,0.00340516
435,0.00341491
436,0.00345022
437,0.00348606
438,0.00348909
439,0.00350709
440,0.00349383
441,0.00345997
442,0.00335679
443,0.00324531
444,0.00309048
445,0.00298151
446,0.00288764
447,0.00288263
448,0.0028745
449,0.0028654
450,0.0028335
451,0.00279589
452,0.00277458
453,0.00274135
454,0.00272957
455,0.00272707
456,0.00275147
457,0.00276868
458,0.00274841
459,0.00269437
460,0.00261413
461,0.00255088
462,0.00246391
463,0.00239095
464,0.0022975
465,0.00220034
466,0.00213228
467,0.00204452
468,0.00200261
469,0.00194533
470,0.00194068
471,0.00193281
472,0.00194525
473,0.0019246
474,0.00190179
475,0.00186002
476,0.00180088
477,0.00173674
478,0.0017087
479,0.00170063
480,0.0017106
481,0.00171501
482,0.00174341
483,0.00178137
484,0.00181994
485,0.00185858
486,0.00186794
487,0.00191119
488,0.00196786
489,0.00205753
490,0.00219831
491,0.00236875
492,0.00259116
493,0.00279402
494,0.00304781
495,0.00328069
496,0.00355499
497,0.00379636
498,0.00405909
499,0.00432017
500,0.00460453
501,0.0048576
502,0.00478377
503,0.00453604
504,0.00423698
505,0.00397638
506,0.00367661
507,0.00340114
508,0.00308442
509,0.00280176
510,0.00254399
511,0.00231404
512,0.00215301
513,0.00208733
514,0.00206625
515,0.00200911
516,0.00197137
517,0.00190056
518,0.00187891
519,0.00185892
520,0.00188486
521,0.00188451
522,0.00190668
523,0.00192139
524,0.00196761
525,0.00200394
526,0.00202873
527,0.00205179
528,0.00207568
529,0.00213392
530,0.00217169
531,0.00222569
532,0.00220452
533,0.00220447
534,0.00216777
535,0.00216168
536,0.00214091
537,0.00213148
538,0.00211286
539,0.00212543
540,0.00215599
541,0.00220046
542,0.00222542
543,0.00225575
544,0.00228663
545,0.00234407
546,0.00242481
547,0.0024995
548,0.00256273
549,0.00262763
550,0.00271771
551,0.00283772
552,0.00296076
553,0.00312304
554,0.00328867
555,0.00346582
556,0.00366411
557,0.00387923
558,0.00411315
559,0.00439203
560,0.00465495
561,0.00479314
562,0.0047161
563,0.0045541
564,0.00439404
565,0.00424841
566,0.00409013
567,0.00395867
568,0.00381707
569,0.00366433
570,0.00349225
571,0.00332924
572,0.00318169
573,0.00305241
574,0.0029506
575,0.00282896
576,0.00275026
577,0.00265227
578,0.00258353
579,0.00248401
580,0.00237312
581,0.002242
582,0.00212985
583,0.00198766
584,0.00187706
585,0.00172357
586,0.00157577
587,0.0014137
588,0.00125322
589,0.00113075
590,0.00121519
591,0.00129514
592,0.00127798
593,0.00125611
594,0.001256
595,0.00130311
596,0.0013461
597,0.00146213
598,0.0015907
599,0.00171703
