2,0.943115
3,0.84256
4,0.758629
5,0.689989
6,0.63441
7,0.590408
8,0.55567
9,0.527976
10,0.506117
11,0.488237
12,0.474298
13,0.463322
14,0.453966
15,0.444943
16,0.437494
17,0.430894
18,0.423787
19,0.416285
20,0.40865
21,0.400501
22,0.390736
23,0.380178
24,0.369416
25,0.357846
26,0.345306
27,0.33263
28,0.320182
29,0.307927
30,0.296095
31,0.284662
32,0.273916
33,0.26361
34,0.253874
35,0.244476
36,0.23568
37,0.227166
38,0.219019
39,0.211254
40,0.203744
41,0.196506
42,0.189475
43,0.182679
44,0.17606
45,0.169665
46,0.163368
47,0.15737
48,0.151369
49,0.145557
50,0.139687
51,0.133965
52,0.128341
53,0.122963
54,0.117621
55,0.112505
56,0.107518
57,0.102645
58,0.0980162
59,0.0934605
60,0.0891368
61,0.0848793
62,0.0808196
63,0.0768816
64,0.0731266
65,0.0695081
66,0.0660448
67,0.0627448
68,0.059568
69,0.0565485
70,0.053644
71,0.0509354
72,0.0483039
73,0.0458821
74,0.0434387
75,0.0412208
76,0.0390095
77,0.0369829
78,0.0350755
79,0.0332645
80,0.0315969
81,0.029974
82,0.0284906
83,0.0270268
84,0.0256812
85,0.0243786
86,0.0231977
87,0.0220257
88,0.0209538
89,0.0198792
90,0.0189019
91,0.0179431
92,0.0170206
93,0.0161199
94,0.0152993
95,0.0144494
96,0.0136447
97,0.012807
98,0.0119965
99,0.0112189
100,0.0104996
101,0.00979617
102,0.00919352
103,0.00853936
104,0.00800038
105,0.00739828
106,0.00694348
107,0.00639933
108,0.005993
109,0.00555012
110,0.00514627
111,0.00464985
112,0.00417017
113,0.00370427
114,0.003291
115,0.00289716
116,0.00252748
117,0.00216875
118,0.00186285
119,0.00147889
120,0.000947826
121,0.000811404
122,0.000883929
123,0.000909456
124,0.00093711
125,0.00104134
126,0.00118181
127,0.00128741
128,0.00145781
129,0.0015789
130,0.00172312
131,0.00181048
132,0.00192348
133,0.00203838
134,0.00211654
135,0.00220074
136,0.00229071
137,0.00237563
138,0.00242246
139,0.00250824
140,0.00259695
141,0.00265493
142,0.00269975
143,0.00281142
144,0.0028858
145,0.00301561
146,0.00309251
147,0.00320905
148,0.00328494
149,0.00336275
150,0.00345385
151,0.00347181
152,0.00358736
153,0.0036577
154,0.00381574
155,0.00391961
156,0.00405999
157,0.00415625
158,0.00427085
159,0.00434083
160,0.00443512
161,0.00455831
162,0.00469355
163,0.00481659
164,0.00496241
165,0.0050271
166,0.00517051
167,0.00525705
168,0.00539116
169,0.00550802
170,0.0056419
171,0.00580576
172,0.00588366
173,0.00607479
174,0.00621072
175,0.00643504
176,0.00652794
177,0.00659586
178,0.00654684
179,0.00652918
180,0.00644712
181,0.00638546
182,0.00629759
183,0.00621162
184,0.00611356
185,0.0060177
186,0.00595599
187,0.00585
188,0.00579078
189,0.00568764
190,0.00560859
191,0.00541562
192,0.00533813
193,0.00526002
194,0.00519552
195,0.00513991
196,0.00505979
197,0.00497303
198,0.00489885
199,0.00477591
200,0.00467747
201,0.00452331
202,0.00438328
203,0.00422604
204,0.0040861
205,0.00391831
206,0.00376145
207,0.00362175
208,0.00340917
209,0.00325045
210,0.00303239
211,0.00282774
212,0.00259916
213,0.00234246
214,0.00220951
215,0.00220252
216,0.00229124
217,0.00244549
218,0.00264678
219,0.00291753
220,0.00319376
221,0.0034595
222,0.00368395
223,0.00388042
224,0.00402666
225,0.004188
226,0.00429738
227,0.00442196
228,0.00451808
229,0.0045753
230,0.00463224
231,0.00468978
232,0.00475888
233,0.0048599
234,0.00493874
235,0.00506286
236,0.00514783
237,0.00526427
238,0.00533723
239,0.00540983
240,0.00546551
241,0.0054921
242,0.0055664
243,0.00559212
244,0.00565234
245,0.00568863
246,0.00572346
247,0.00575564
248,0.00569376
249,0.00562753
250,0.00563773
251,0.00570084
252,0.00579484
253,0.00584987
254,0.00592414
255,0.00598442
256,0.0060616
257,0.00614619
258,0.00622972
259,0.00632414
260,0.00642142
261,0.00647769
262,0.00655042
263,0.00660573
264,0.00674484
265,0.00686485
266,0.00693044
267,0.00695185
268,0.00690399
269,0.00678526
270,0.00665301
271,0.00651659
272,0.00636593
273,0.00624621
274,0.00609054
275,0.00596744
276,0.00580066
277,0.00562908
278,0.00545008
279,0.0053207
280,0.00512342
281,0.00497653
282,0.00485245
283,0.00472807
284,0.00459548
285,0.00451965
286,0.00444193
287,0.00435053
288,0.00427182
289,0.00416795
290,0.00407802
291,0.00397067
292,0.00381659
293,0.00370744
294,0.00354999
295,0.00338743
296,0.00327286
297,0.0032071
298,0.00321705
299,0.00319815
300,0.00321624
301,0.00318159
302,0.00319417
303,0.00317186
304,0.00317881
305,0.00313594
306,0.00314736
307,0.00317163
308,0.00327419
309,0.00329852
310,0.00333239
311,0.00334424
312,0.00335842
313,0.00335258
314,0.00333712
315,0.00328469
316,0.00321301
317,0.00315029
318,0.00302288
319,0.00291716
320,0.00274115
321,0.00262156
322,0.00247065
323,0.00233865
324,0.00218903
325,0.00205444
326,0.00189042
327,0.00173909
328,0.00158741
329,0.00146543
330,0.00134626
331,0.00122577
332,0.00109818
333,0.000937733
334,0.000876733
335,0.000693144
336,0.000198643
337,0.000537793
338,0.000855479
339,0.00108341
340,0.00123198
341,0.0014787
342,0.00168738
343,0.00195028
344,0.00216506
345,0.00237308
346,0.00257404
347,0.00269946
348,0.00287961
349,0.00300141
350,0.00314786
351,0.0032182
352,0.0032895
353,0.00336404
354,0.00342677
355,0.00346281
356,0.00349632
357,0.00350695
358,0.00348294
359,0.00346498
360,0.00344377
361,0.00336382
362,0.00323198
363,0.0031905
364,0.0032388
365,0.00323584
366,0.00325939
367,0.00323379
368,0.003256
369,0.00323187
370,0.00322151
371,0.00323658
372,0.00325185
373,0.00325585
374,0.00323554
375,0.00327527
376,0.00320638
377,0.00321078
378,0.00316647
379,0.0031343
380,0.00300887
381,0.00294076
382,0.00290465
383,0.00288557
384,0.00277397
385,0.0027062
386,0.0026149
387,0.00251546
388,0.00245216
389,0.00236073
390,0.00227724
391,0.00219378
392,0.00210182
393,0.00201737
394,0.00193002
395,0.00186095
396,0.00178033
397,0.00173371
398,0.00167456
399,0.00160602
400,0.00155422
401,0.00145421
402,0.00144043
403,0.00143861
404,0.00160124
405,0.00176502
406,0.00191459
407,0.00208797
408,0.00225346
409,0.00238869
410,0.00248923
411,0.00260024
412,0.00267593
413,0.00276933
414,0.00284095
415,0.00294696
416,0.00300446
417,0.00308217
418,0.00311618
419,0.00315378
420,0.00318936
421,0.00322944
422,0.00325121
423,0.00328351
424,0.00332446
425,0.0033334
426,0.00336701
427,0.00335946
428,0.0034095
429,0.0034156
430,0.00346973
431,0.00349216
432,0.0035151
433,0.00352428
434,0.00348158
435,0.00349035
436,0.00354187
437,0.00355741
438,0.00358589
439,0.00356943
440,0.0035643
441,0.0035209
442,0.00341036
443,0.0032944
444,0.00312481
445,0.00303904
446,0.00295858
447,0.00295355
448,0.00293694
449,0.00293938
450,0.0028989
451,0.00286344
452,0.002845
453,0.00281167
454,0.00280462
455,0.00279657
456,0.00280249
457,0.00283699
458,0.00279745
459,0.00272003
460,0.00268362
461,0.00259303
462,0.00252035
463,0.00242484
464,0.00233848
465,0.00224027
466,0.00214418
467,0.00208503
468,0.00203241
469,0.00200724
470,0.00197736
471,0.00200796
472,0.00198996
473,0.00198016
474,0.00194507
475,0.00188729
476,0.00185066
477,0.00176219
478,0.00175669
479,0.00174418
480,0.00176927
481,0.00176659
482,0.0018205
483,0.00184601
484,0.00188453
485,0.00190117
486,0.00193615
487,0.00198683
488,0.00205394
489,0.00214726
490,0.00230212
491,0.00249814
492,0.00268794
493,0.00291313
494,0.00314458
495,0.00337787
496,0.00361541
497,0.00385397
498,0.00409528
499,0.0043487
500,0.00463321
501,0.00485792
502,0.00479071
503,0.00455298
504,0.00422702
505,0.00396423
506,0.00364409
507,0.00338333
508,0.00311313
509,0.00287542
510,0.00259077
511,0.00234894
512,0.00219435
513,0.00210779
514,0.00206562
515,0.00200282
516,0.00197899
517,0.00191352
518,0.00188322
519,0.00189498
520,0.00191609
521,0.00191567
522,0.0019458
523,0.00197653
524,0.00201506
525,0.00203372
526,0.00205945
527,0.00208528
528,0.0021218
529,0.00218938
530,0.00222906
531,0.0022717
532,0.00224761
533,0.00224113
534,0.00222235
535,0.00219589
536,0.00221101
537,0.00217307
538,0.00217201
539,0.00217748
540,0.00220663
541,0.00223847
542,0.00227352
543,0.00233197
544,0.00235069
545,0.00244286
546,0.00249752
547,0.00257719
548,0.00262183
549,0.00271032
550,0.00280385
551,0.00290638
552,0.00305677
553,0.00321474
554,0.00339606
555,0.00356056
556,0.00378178
557,0.00401111
558,0.00424756
559,0.00455212
560,0.00480294
561,0.00485709
562,0.00473619
563,0.00457593
564,0.00441741
565,0.00426093
566,0.00411901
567,0.00398096
568,0.00383435
569,0.0036738
570,0.0035017
571,0.00333632
572,0.00318494
573,0.00306304
574,0.00296415
575,0.00286011
576,0.00276318
577,0.0026781
578,0.00259805
579,0.00249978
580,0.00237844
581,0.00225176
582,0.00213211
583,0.00199369
584,0.00186725
585,0.00173269
586,0.00156255
587,0.00143002
588,0.00124198
589,0.00114508
590,0.00120394
591,0.00130023
592,0.00127949
593,0.00126442
594,0.00127703
595,0.00131863
596,0.00139599
597,0.0014865
598,0.0015993
599,0.00176058
