2,0.0020152
3,0.00590925
4,0.00943947
5,0.0125165
6,0.01515
7,0.0173517
8,0.0191856
9,0.0207277
10,0.0220165
11,0.0231266
12,0.0240532
13,0.024838
14,0.02554
15,0.0262191
16,0.0268168
17,0.0273671
18,0.0279364
19,0.0285189
20,0.0291046
21,0.0297116
22,0.030397
23,0.0311203
24,0.0318537
25,0.0326275
26,0.0334515
27,0.0342833
28,0.0351044
29,0.0359168
30,0.036708
31,0.0374792
32,0.038215
33,0.0389281
34,0.0396112
35,0.0402766
36,0.0409097
37,0.0415276
38,0.0421254
39,0.0427023
40,0.0432651
41,0.0438126
42,0.0443484
43,0.0448707
44,0.0453829
45,0.0458822
46,0.0463755
47,0.0468516
48,0.0473274
49,0.0477921
50,0.0482595
51,0.048718
52,0.0491706
53,0.0496088
54,0.0500444
55,0.0504666
56,0.050881
57,0.0512883
58,0.0516811
59,0.0520691
60,0.0524431
61,0.0528128
62,0.0531704
63,0.0535203
64,0.053859
65,0.0541892
66,0.0545098
67,0.0548202
68,0.0551226
69,0.0554152
70,0.0557003
71,0.0559732
72,0.0562408
73,0.0564954
74,0.0567506
75,0.0569918
76,0.0572319
77,0.0574602
78,0.0576806
79,0.0578945
80,0.058099
81,0.0583001
82,0.0584919
83,0.0586817
84,0.0588637
85,0.0590423
86,0.0592127
87,0.0593818
88,0.0595438
89,0.0597055
90,0.0598606
91,0.0600139
92,0.0601639
93,0.0603119
94,0.0604543
95,0.0605976
96,0.0607372
97,0.0608781
98,0.0610172
99,0.0611539
100,0.0612863
101,0.0614172
102,0.0615414
103,0.0616679
104,0.0617869
105,0.0619093
106,0.0620217
107,0.0621394
108,0.0622479
109,0.0623581
110,0.062465
111,0.0625777
112,0.0626888
113,0.0627988
114,0.0629051
115,0.063009
116,0.0631123
117,0.0632143
118,0.0633145
119,0.0634132
120,0.0635095
121,0.0636055
122,0.0636993
123,0.0637916
124,0.0638812
125,0.0639713
126,0.0640587
127,0.064142
128,0.0642283
129,0.0643089
130,0.0643924
131,0.0644693
132,0.0645482
133,0.0646262
134,0.0647011
135,0.0647761
136,0.06485
137,0.0649243
138,0.0649954
139,0.0650683
140,0.0651412
141,0.0652112
142,0.0652804
143,0.0653538
144,0.0654239
145,0.0654972
146,0.0655674
147,0.0656393
148,0.0657081
149,0.0657766
150,0.0658456
151,0.0659095
152,0.0659795
153,0.0660461
154,0.0661183
155,0.0661865
156,0.066257
157,0.0663241
158,0.0663915
159,0.0664564
160,0.0665226
161,0.0665902
162,0.0666583
163,0.0667251
164,0.0667932
165,0.0668556
166,0.0669231
167,0.0669865
168,0.0670525
169,0.0671174
170,0.0671832
171,0.0672505
172,0.0673119
173,0.0673807
174,0.0674451
175,0.0675155
176,0.0675771
177,0.0676363
178,0.0676876
179,0.0677405
180,0.0677888
181,0.0678384
182,0.0678856
183,0.0679329
184,0.0679795
185,0.0680255
186,0.0680736
187,0.0681185
188,0.0681663
189,0.0682108
190,0.068258
191,0.0682993
192,0.0683438
193,0.0683871
194,0.0684322
195,0.0684785
196,0.0685232
197,0.0685668
198,0.0686112
199,0.0686521
200,0.0686944
201,0.0687328
202,0.0687718
203,0.0688092
204,0.0688478
205,0.0688843
206,0.068921
207,0.0689586
208,0.0689913
209,0.0690273
210,0.0690588
211,0.0690912
212,0.0691209
213,0.0691485
214,0.0691851
215,0.0692301
216,0.0692831
217,0.0693401
218,0.069401
219,0.0694661
220,0.0695311
221,0.0695951
222,0.0696561
223,0.0697148
224,0.0697698
225,0.0698257
226,0.0698776
227,0.0699305
228,0.0699812
229,0.0700292
230,0.070077
231,0.0701245
232,0.0701725
233,0.0702231
234,0.0702715
235,0.0703232
236,0.0703717
237,0.0704225
238,0.0704703
239,0.0705176
240,0.0705635
241,0.0706074
242,0.0706546
243,0.0706979
244,0.0707438
245,0.0707877
246,0.0708315
247,0.0708744
248,0.0709124
249,0.0709515
250,0.0709911
251,0.0710342
252,0.0710808
253,0.0711248
254,0.0711705
255,0.0712148
256,0.0712599
257,0.0713055
258,0.0713513
259,0.0713975
260,0.0714436
261,0.0714871
262,0.0715313
263,0.071574
264,0.0716229
265,0.0716703
266,0.0717135
267,0.0717535
268,0.0717885
269,0.0718182
270,0.0718467
271,0.0718747
272,0.0719019
273,0.0719309
274,0.0719572
275,0.0719859
276,0.072011
277,0.0720358
278,0.0720602
279,0.0720876
280,0.0721103
281,0.0721362
282,0.0721636
283,0.0721913
284,0.0722179
285,0.0722486
286,0.0722789
287,0.0723082
288,0.0723388
289,0.0723669
290,0.0723961
291,0.0724236
292,0.0724479
293,0.0724752
294,0.0724988
295,0.0725219
296,0.0725484
297,0.0725788
298,0.0726141
299,0.0726473
300,0.0726831
301,0.0727155
302,0.0727508
303,0.0727835
304,0.0728182
305,0.0728493
306,0.0728844
307,0.0729199
308,0.0729614
309,0.0729974
310,0.0730337
311,0.0730683
312,0.073103
313,0.0731354
314,0.0731678
315,0.0731973
316,0.0732248
317,0.0732532
318,0.0732762
319,0.0733011
320,0.0733207
321,0.0733444
322,0.0733651
323,0.0733876
324,0.0734086
325,0.0734301
326,0.0734488
327,0.0734687
328,0.0734888
329,0.0735103
330,0.0735304
331,0.0735504
332,0.07357
333,0.073584
334,0.0736004
335,0.0736134
336,0.0736388
337,0.0736809
338,0.0737342
339,0.0737885
340,0.0738358
341,0.0738882
342,0.0739372
343,0.0739895
344,0.0740377
345,0.0740845
346,0.0741305
347,0.0741712
348,0.0742154
349,0.0742553
350,0.0742972
351,0.0743326
352,0.0743681
353,0.0744039
354,0.0744391
355,0.0744718
356,0.0745042
357,0.074535
358,0.0745629
359,0.0745913
360,0.0746192
361,0.0746434
362,0.074668
363,0.0746941
364,0.0747233
365,0.0747508
366,0.0747816
367,0.0748087
368,0.0748396
369,0.0748669
370,0.0748947
371,0.074925
372,0.074955
373,0.0749839
374,0.0750113
375,0.0750428
376,0.075066
377,0.075095
378,0.0751198
379,0.0751465
380,0.0751708
381,0.0751935
382,0.0752146
383,0.0752397
384,0.0752587
385,0.075281
386,0.0753017
387,0.0753222
388,0.0753449
389,0.0753652
390,0.0753864
391,0.0754069
392,0.0754273
393,0.0754484
394,0.0754679
395,0.0754899
396,0.0755099
397,0.0755333
398,0.0755559
399,0.0755772
400,0.0755996
401,0.0756179
402,0.0756433
403,0.0756708
404,0.0757112
405,0.0757517
406,0.0757906
407,0.0758314
408,0.0758717
409,0.0759097
410,0.075944
411,0.0759793
412,0.0760116
413,0.0760453
414,0.0760771
415,0.0761118
416,0.0761425
417,0.0761748
418,0.0762034
419,0.0762323
420,0.0762611
421,0.0762901
422,0.0763178
423,0.0763461
424,0.0763749
425,0.0764017
426,0.07643
427,0.0764547
428,0.0764842
429,0.0765104
430,0.0765401
431,0.0765672
432,0.0765944
433,0.0766201
434,0.0766423
435,0.0766683
436,0.0766972
437,0.0767234
438,0.0767512
439,0.0767747
440,0.0767991
441,0.0768205
442,0.0768368
443,0.0768531
444,0.0768638
445,0.0768815
446,0.0769002
447,0.0769247
448,0.0769481
449,0.0769724
450,0.0769932
451,0.0770152
452,0.0770381
453,0.0770596
454,0.0770833
455,0.0771073
456,0.077132
457,0.0771587
458,0.0771796
459,0.0771977
460,0.0772188
461,0.0772347
462,0.0772533
463,0.0772696
464,0.0772859
465,0.077302
466,0.0773177
467,0.0773366
468,0.0773562
469,0.0773777
470,0.0773985
471,0.0774245
472,0.0774463
473,0.0774691
474,0.0774895
475,0.0775082
476,0.0775278
477,0.0775442
478,0.0775673
479,0.0775889
480,0.0776145
481,0.0776369
482,0.0776641
483,0.077689
484,0.0777159
485,0.0777407
486,0.0777661
487,0.0777931
488,0.0778217
489,0.0778526
490,0.0778876
491,0.0779262
492,0.0779649
493,0.0780054
494,0.0780466
495,0.0780879
496,0.0781291
497,0.0781707
498,0.0782123
499,0.0782545
500,0.0782995
501,0.0783397
502,0.0783568
503,0.0783602
504,0.0783566
505,0.0783598
506,0.0783584
507,0.0783595
508,0.0783581
509,0.0783596
510,0.078358
511,0.0783603
512,0.0783687
513,0.0783836
514,0.0784019
515,0.0784188
516,0.0784381
517,0.0784546
518,0.0784739
519,0.0784963
520,0.0785196
521,0.0785403
522,0.0785655
523,0.0785892
524,0.0786137
525,0.0786373
526,0.0786607
527,0.0786842
528,0.0787088
529,0.078735
530,0.07876
531,0.0787845
532,0.0788037
533,0.0788242
534,0.078844
535,0.0788628
536,0.0788854
537,0.0789033
538,0.0789238
539,0.0789451
540,0.0789691
541,0.0789923
542,0.0790162
543,0.0790415
544,0.0790638
545,0.0790925
546,0.0791175
547,0.0791451
548,0.0791694
549,0.0791971
550,0.0792253
551,0.0792545
552,0.0792872
553,0.0793205
554,0.0793559
555,0.0793895
556,0.0794278
557,0.0794667
558,0.0795061
559,0.0795508
560,0.0795914
561,0.079616
562,0.0796267
563,0.0796339
564,0.0796411
565,0.079649
566,0.0796575
567,0.0796664
568,0.0796747
569,0.0796817
570,0.079688
571,0.0796946
572,0.0797021
573,0.0797116
574,0.0797235
575,0.0797348
576,0.0797467
577,0.0797597
578,0.0797723
579,0.079784
580,0.0797941
581,0.0798024
582,0.0798119
583,0.0798201
584,0.0798286
585,0.079836
586,0.0798412
587,0.0798477
588,0.0798495
589,0.079854
590,0.0798563
591,0.0798611
592,0.0798636
593,0.0798678
594,0.0798715
595,0.0798732
596,0.079877
597,0.0798801
598,0.0798824
599,0.0798832
