2,0.924923
3,0.795361
4,0.689682
5,0.604173
6,0.534717
7,0.475072
8,0.423787
9,0.380314
10,0.341444
11,0.304662
12,0.269818
13,0.236688
14,0.203876
15,0.169034
16,0.135159
17,0.103215
18,0.0732034
19,0.0499867
20,0.0357191
21,0.0271806
22,0.0223685
23,0.0191444
24,0.0171303
25,0.0154528
26,0.0143516
27,0.0130782
28,0.0121143
29,0.0111136
30,0.0102672
31,0.00928732
32,0.00854422
33,0.0077727
34,0.00727556
35,0.00659998
36,0.00613929
37,0.00556812
38,0.00518046
39,0.00467154
40,0.00438998
41,0.00397492
42,0.00368971
43,0.00325044
44,0.00309496
45,0.00277036
46,0.00261591
47,0.00234247
48,0.00222086
49,0.00205319
50,0.00194755
51,0.00178514
52,0.00171569
53,0.00169241
54,0.00157897
55,0.00147183
56,0.00140104
57,0.00132826
58,0.00127387
59,0.00121843
60,0.00124623
61,0.00122198
62,0.00120705
63,0.00119304
64,0.00114228
65,0.00112903
66,0.000872098
67,0.000478835
68,0.000715235
69,0.000946496
70,0.00101564
71,0.00108249
72,0.00107451
73,0.00109362
74,0.00108651
75,0.00107668
76,0.00107603
77,0.00108926
78,0.00109233
79,0.00103456
80,0.00103831
81,0.00106481
82,0.00107219
83,0.0010574
84,0.00102358
85,0.000855024
86,0.000483332
87,0.000586381
88,0.000841874
89,0.000979988
90,0.000999468
91,0.0010104
92,0.00102635
93,0.00104518
94,0.00102657
95,0.00102769
96,0.000999239
97,0.00102138
98,0.00103218
99,0.00102799
100,0.00101941
101,0.00101942
102,0.00102854
103,0.00106153
104,0.0010574
105,0.00108799
106,0.00107747
107,0.00105523
108,0.00105251
109,0.00102047
110,0.00104076
111,0.000893688
112,0.000605449
113,0.000517567
114,0.000666896
115,0.000867509
116,0.000950998
117,0.000962024
118,0.000961922
119,0.000972675
120,0.000979761
121,0.000966958
122,0.000952231
123,0.000967372
124,0.000956451
125,0.000974386
126,0.000975057
127,0.00096886
128,0.000954602
129,0.000945814
130,0.000935591
131,0.000960097
132,0.000977996
133,0.000980697
134,0.000953743
135,0.000967183
136,0.000982253
137,0.000970379
138,0.000906873
139,0.000767315
140,0.000718045
141,0.000774968
142,0.000844674
143,0.000855709
144,0.000895487
145,0.000871984
146,0.000845952
147,0.000615937
148,0.000646564
149,0.000747631
150,0.000847669
151,0.000895381
152,0.000920012
153,0.000940378
154,0.000911721
155,0.000916693
156,0.000949014
157,0.000910086
158,0.000924948
159,0.00093361
160,0.000907751
161,0.000940799
162,0.000926451
163,0.000964516
164,0.000973246
165,0.00098343
166,0.000962073
167,0.00101024
168,0.00102456
169,0.00102038
170,0.00101852
171,0.0010017
172,0.00101736
173,0.00100933
174,0.0010278
175,0.00100715
176,0.00102471
177,0.00102626
178,0.0010663
179,0.00109397
180,0.00112636
181,0.00119221
182,0.00127864
183,0.00130549
184,0.00124327
185,0.00116945
186,0.0010937
187,0.000991561
188,0.000932807
189,0.000895935
190,0.000888498
191,0.000941389
192,0.000914658
193,0.000938596
194,0.000940764
195,0.000943375
196,0.000933171
197,0.000930051
198,0.000935695
199,0.000928017
200,0.000925616
201,0.000912023
202,0.000879621
203,0.00081162
204,0.000830352
205,0.000788472
206,0.000778302
207,0.000756647
208,0.000775772
209,0.000783128
210,0.000838015
211,0.000810342
212,0.000725584
213,0.000605571
214,0.000550449
215,0.000677215
216,0.000643277
217,0.000799733
218,0.000822851
219,0.000825151
220,0.000834118
221,0.000864998
222,0.000862273
223,0.000909237
224,0.000953445
225,0.000983064
226,0.00101266
227,0.00104908
228,0.00109056
229,0.00108052
230,0.00107198
231,0.00113981
232,0.00107443
233,0.00105273
234,0.000973041
235,0.000964367
236,0.000997622
237,0.000987924
238,0.000992034
239,0.000963716
240,0.000971712
241,0.00097195
242,0.00100203
243,0.000992411
244,0.000993043
245,0.0010076
246,0.00100034
247,0.000981953
248,0.000980283
249,0.00095161
250,0.00094035
251,0.000914941
252,0.000908042
253,0.000904636
254,0.000889863
255,0.000888
256,0.000893921
257,0.000871452
258,0.000858465
259,0.000843197
260,0.000869439
261,0.000843256
262,0.000795559
263,0.0007743
264,0.000769072
265,0.000721038
266,0.000769516
267,0.000808873
268,0.00086027
269,0.000805795
270,0.000829644
271,0.000796449
272,0.000806616
273,0.000836391
274,0.000846925
275,0.000889816
276,0.000898594
277,0.000954157
278,0.00100319
279,0.0010148
280,0.0010104
281,0.000980419
282,0.000935716
283,0.000883882
284,0.000893142
285,0.000869941
286,0.000848055
287,0.000834524
288,0.000851678
289,0.000862266
290,0.000846204
291,0.000844584
292,0.000846844
293,0.000848015
294,0.000882088
295,0.000866543
296,0.000886425
297,0.00087901
298,0.000880702
299,0.000866784
300,0.000857225
301,0.000832414
302,0.000848106
303,0.00081174
304,0.000826081
305,0.000832214
306,0.00081173
307,0.000840146
308,0.000739724
309,0.000655547
310,0.00069249
311,0.000689035
312,0.000691329
313,0.000716253
314,0.000741612
315,0.000732663
316,0.000693617
317,0.000718114
318,0.000750242
319,0.000782915
320,0.000840854
321,0.000835864
322,0.000801552
323,0.000871563
324,0.000862984
325,0.000841961
326,0.000836611
327,0.000865183
328,0.000833948
329,0.000813682
330,0.00082444
331,0.00083143
332,0.000805061
333,0.000820675
334,0.000850508
335,0.000885232
336,0.000932734
337,0.000950814
338,0.000886432
339,0.000810321
340,0.000815375
341,0.000817485
342,0.00083498
343,0.000833166
344,0.000829634
345,0.000842031
346,0.000844122
347,0.000834286
348,0.000794484
349,0.00077596
350,0.000765352
351,0.000765684
352,0.000751862
353,0.000755567
354,0.00076108
355,0.000751834
356,0.000782368
357,0.000789979
358,0.00076876
359,0.00071273
360,0.00064329
361,0.000680429
362,0.000733993
363,0.000786113
364,0.000780631
365,0.000771582
366,0.000823305
367,0.000763243
368,0.000793413
369,0.000764983
370,0.000776735
371,0.000741522
372,0.000811085
373,0.000796203
374,0.000917466
375,0.000863008
376,0.000996577
377,0.000895979
378,0.00100249
379,0.000869846
380,0.000973805
381,0.000833428
382,0.000868768
383,0.000863722
384,0.000782503
385,0.000804847
386,0.000713113
387,0.000862255
388,0.000755483
389,0.000924204
390,0.000764379
391,0.000916833
392,0.000828134
393,0.00090293
394,0.000878785
395,0.000932768
396,0.000927361
397,0.000949839
398,0.000935837
399,0.000989078
400,0.000958717
401,0.000972098
402,0.00095249
403,0.00095236
404,0.00103051
405,0.000953257
406,0.00101127
407,0.000910759
408,0.00100352
409,0.000809059
410,0.00095901
411,0.000740477
412,0.000935037
413,0.000795749
414,0.000921039
415,0.000888452
416,0.000985917
417,0.000881029
418,0.000986193
419,0.000860791
420,0.00090465
421,0.000793912
422,0.000785865
423,0.000813919
424,0.000744029
425,0.000869618
426,0.00062956
427,0.000744072
428,0.000704607
429,0.000752419
430,0.000772561
431,0.000733512
432,0.00079545
433,0.000750328
434,0.000764627
435,0.000759288
436,0.000735382
437,0.000799049
438,0.000842696
439,0.000948796
440,0.000930861
441,0.000970352
442,0.000930035
443,0.000974243
444,0.000896263
445,0.00100363
446,0.000894983
447,0.00106005
448,0.000916388
449,0.00109194
450,0.000918458
451,0.00119134
452,0.000887181
453,0.00124739
454,0.000868972
455,0.00127758
456,0.000831503
457,0.0013125
458,0.00082511
459,0.00125721
460,0.000793914
461,0.00117236
462,0.000757387
463,0.00111863
464,0.000742338
465,0.00105252
466,0.000732797
467,0.000980678
468,0.000809978
469,0.000939763
470,0.000834784
471,0.0010612
472,0.00084306
473,0.00121148
474,0.000900485
475,0.00130237
476,0.000977034
477,0.00131089
478,0.00107039
479,0.00134006
480,0.00114399
481,0.00130258
482,0.00112083
483,0.0011655
484,0.00105624
485,0.000999533
486,0.000863369
487,0.000893209
488,0.00090494
489,0.00100124
490,0.000968059
491,0.000995814
492,0.000975731
493,0.000988264
494,0.000969997
495,0.0010298
496,0.000942921
497,0.00102409
498,0.000826181
499,0.000999685
500,0.000794915
501,0.00115412
502,0.000809445
503,0.00128416
504,0.000855559
505,0.00118299
506,0.000963459
507,0.00106935
508,0.00100554
509,0.000981475
510,0.00102344
511,0.000895891
512,0.000955263
513,0.000869264
514,0.000992888
515,0.00106153
516,0.00112866
517,0.00106342
518,0.00101215
519,0.000958578
520,0.000949593
521,0.000927128
522,0.000933854
523,0.000913632
524,0.000928374
525,0.000969805
526,0.00105839
527,0.00101736
528,0.00107674
529,0.00104313
530,0.00108745
531,0.00104595
532,0.00104906
533,0.00102337
534,0.0010042
535,0.000968493
536,0.000975165
537,0.000962149
538,0.00101511
539,0.000872259
540,0.000998559
541,0.000757404
542,0.000915867
543,0.000827567
544,0.00102112
545,0.00093054
546,0.00116166
547,0.000993597
548,0.00125125
549,0.00107218
550,0.00139874
551,0.00117039
552,0.00144286
553,0.00129198
554,0.00151303
555,0.00134025
556,0.00159833
557,0.00134363
558,0.00166983
559,0.00132163
560,0.00165027
561,0.00129793
562,0.00159946
563,0.00126058
564,0.00155089
565,0.00127068
566,0.00153322
567,0.00128485
568,0.00158155
569,0.00129004
570,0.00157913
571,0.00139232
572,0.00162249
573,0.00160108
574,0.00180892
575,0.00174309
576,0.00188242
577,0.00180575
578,0.00184607
579,0.00176183
580,0.00174177
581,0.00168746
582,0.00168803
583,0.00165385
584,0.00157679
585,0.00155462
586,0.00145088
587,0.001399
588,0.00137161
589,0.00125139
590,0.00147806
591,0.00133961
592,0.00139366
593,0.00134666
594,0.00132293
595,0.00133145
596,0.00130744
597,0.00133517
598,0.00131751
599,0.00132388
