2,0.00265939
3,0.00768053
4,0.0121355
5,0.0159808
6,0.0192809
7,0.0222371
8,0.0248798
9,0.027211
10,0.0293564
11,0.0314213
12,0.0334084
13,0.0353258
14,0.0372368
15,0.0392512
16,0.0412303
17,0.043125
18,0.0449355
19,0.0464191
20,0.047466
21,0.0482205
22,0.0487872
23,0.0492556
24,0.0496627
25,0.0500335
26,0.0503763
27,0.0507086
28,0.0510291
29,0.0513327
30,0.0516328
31,0.051923
32,0.0522055
33,0.052472
34,0.0527292
35,0.0529795
36,0.053225
37,0.0534606
38,0.0536897
39,0.053913
40,0.0541281
41,0.0543388
42,0.0545462
43,0.0547498
44,0.0549408
45,0.0551329
46,0.0553186
47,0.0554999
48,0.0556761
49,0.0558481
50,0.056016
51,0.0561827
52,0.0563434
53,0.0564986
54,0.0566581
55,0.0568131
56,0.0569672
57,0.0571181
58,0.0572659
59,0.0574085
60,0.057547
61,0.0576876
62,0.057822
63,0.0579551
64,0.0580863
65,0.058216
66,0.0583421
67,0.0584718
68,0.0585982
69,0.0587208
70,0.0588448
71,0.0589653
72,0.0590851
73,0.0592016
74,0.0593173
75,0.0594298
76,0.0595421
77,0.0596533
78,0.0597655
79,0.0598731
80,0.059981
81,0.0600895
82,0.0601933
83,0.0602961
84,0.0604009
85,0.0605006
86,0.0606019
87,0.0607002
88,0.0608011
89,0.0608992
90,0.061
91,0.0610968
92,0.0611939
93,0.0612905
94,0.0613816
95,0.0614718
96,0.0615644
97,0.0616534
98,0.0617429
99,0.0618303
100,0.0619191
101,0.0620057
102,0.0620903
103,0.0621751
104,0.0622595
105,0.0623417
106,0.0624242
107,0.0625106
108,0.0625952
109,0.0626857
110,0.0627684
111,0.062851
112,0.0629351
113,0.0630176
114,0.0631007
115,0.0631815
116,0.0632637
117,0.063343
118,0.0634189
119,0.0634994
120,0.0635761
121,0.0636486
122,0.0637228
123,0.0637981
124,0.0638702
125,0.063944
126,0.0640172
127,0.0640908
128,0.0641627
129,0.0642334
130,0.0643044
131,0.0643761
132,0.0644453
133,0.0645169
134,0.0645877
135,0.0646612
136,0.0647313
137,0.064798
138,0.0648686
139,0.0649351
140,0.0650043
141,0.0650692
142,0.0651354
143,0.0651986
144,0.0652622
145,0.0653252
146,0.0653869
147,0.0654502
148,0.0655111
149,0.0655728
150,0.0656344
151,0.0656946
152,0.065755
153,0.0658134
154,0.0658717
155,0.065932
156,0.0659895
157,0.0660517
158,0.0661143
159,0.0661783
160,0.066241
161,0.0663034
162,0.0663656
163,0.0664282
164,0.06649
165,0.0665513
166,0.0666098
167,0.0666705
168,0.0667285
169,0.0667851
170,0.0668431
171,0.0668962
172,0.0669547
173,0.067008
174,0.0670654
175,0.0671179
176,0.0671744
177,0.0672282
178,0.067287
179,0.0673447
180,0.0674018
181,0.0674646
182,0.0675254
183,0.0675833
184,0.067632
185,0.0676758
186,0.0677181
187,0.0677597
188,0.0678042
189,0.0678486
190,0.0678943
191,0.0679435
192,0.0679902
193,0.0680406
194,0.0680894
195,0.0681401
196,0.0681916
197,0.068242
198,0.0682932
199,0.0683428
200,0.0683946
201,0.0684457
202,0.0684958
203,0.0685449
204,0.0685933
205,0.0686416
206,0.0686855
207,0.0687292
208,0.0687744
209,0.068814
210,0.0688609
211,0.0689027
212,0.0689457
213,0.0689899
214,0.0690337
215,0.0690767
216,0.0691193
217,0.0691627
218,0.0692071
219,0.0692604
220,0.0693167
221,0.0693742
222,0.0694288
223,0.0694814
224,0.0695322
225,0.0695851
226,0.06963
227,0.0696777
228,0.0697258
229,0.0697704
230,0.0698133
231,0.0698599
232,0.0698979
233,0.0699395
234,0.0699774
235,0.0700163
236,0.0700552
237,0.0700939
238,0.0701349
239,0.0701745
240,0.0702173
241,0.070258
242,0.0703032
243,0.0703448
244,0.0703877
245,0.0704286
246,0.0704694
247,0.0705078
248,0.0705472
249,0.0705852
250,0.0706222
251,0.0706601
252,0.0706971
253,0.0707355
254,0.070776
255,0.0708121
256,0.070852
257,0.0708865
258,0.0709238
259,0.0709604
260,0.0709991
261,0.0710415
262,0.0710807
263,0.0711241
264,0.0711632
265,0.0712023
266,0.0712415
267,0.0712825
268,0.0713221
269,0.0713629
270,0.0714
271,0.0714405
272,0.0714793
273,0.0715177
274,0.0715564
275,0.071596
276,0.0716358
277,0.071677
278,0.0717175
279,0.0717531
280,0.0717888
281,0.07182
282,0.0718496
283,0.0718803
284,0.0719135
285,0.0719467
286,0.0719796
287,0.0720137
288,0.0720483
289,0.0720834
290,0.0721186
291,0.0721545
292,0.0721917
293,0.0722276
294,0.0722689
295,0.0723028
296,0.0723413
297,0.0723771
298,0.0724107
299,0.0724428
300,0.0724725
301,0.0725009
302,0.0725296
303,0.07256
304,0.0725939
305,0.0726318
306,0.0726659
307,0.072702
308,0.0727349
309,0.0727718
310,0.0728063
311,0.0728399
312,0.0728741
313,0.0729122
314,0.0729526
315,0.0729886
316,0.0730241
317,0.0730617
318,0.0730961
319,0.0731317
320,0.0731647
321,0.0731961
322,0.0732269
323,0.0732591
324,0.073288
325,0.0733148
326,0.0733446
327,0.073373
328,0.0734017
329,0.0734276
330,0.0734551
331,0.0734825
332,0.0735097
333,0.0735362
334,0.0735602
335,0.0735847
336,0.073607
337,0.0736348
338,0.0736764
339,0.0737239
340,0.0737656
341,0.0738026
342,0.073838
343,0.0738705
344,0.0739035
345,0.0739357
346,0.0739661
347,0.0740007
348,0.0740291
349,0.0740577
350,0.0740879
351,0.0741176
352,0.0741428
353,0.0741732
354,0.0742038
355,0.0742319
356,0.0742655
357,0.0742953
358,0.0743248
359,0.0743535
360,0.0743831
361,0.0744108
362,0.0744438
363,0.0744741
364,0.074502
365,0.0745323
366,0.0745617
367,0.0745903
368,0.0746199
369,0.0746479
370,0.0746763
371,0.0747066
372,0.0747361
373,0.074765
374,0.0747952
375,0.0748268
376,0.0748529
377,0.0748827
378,0.0749128
379,0.0749397
380,0.0749685
381,0.0749956
382,0.0750219
383,0.0750487
384,0.0750732
385,0.0751005
386,0.075126
387,0.075155
388,0.0751829
389,0.0752092
390,0.0752383
391,0.0752649
392,0.0752926
393,0.0753176
394,0.0753456
395,0.0753733
396,0.0753985
397,0.075425
398,0.0754505
399,0.075477
400,0.0754991
401,0.0755281
402,0.0755514
403,0.075575
404,0.0755976
405,0.0756186
406,0.0756421
407,0.0756653
408,0.0756993
409,0.07573
410,0.0757605
411,0.0757926
412,0.0758227
413,0.0758536
414,0.0758835
415,0.0759109
416,0.0759388
417,0.075966
418,0.0759922
419,0.0760188
420,0.0760452
421,0.0760716
422,0.0760965
423,0.0761234
424,0.0761491
425,0.0761734
426,0.076196
427,0.0762219
428,0.076244
429,0.0762685
430,0.0762907
431,0.0763166
432,0.07634
433,0.0763637
434,0.0763898
435,0.076415
436,0.0764407
437,0.076464
438,0.0764931
439,0.0765163
440,0.0765472
441,0.0765736
442,0.0765997
443,0.0766282
444,0.0766542
445,0.076682
446,0.0767094
447,0.0767365
448,0.0767623
449,0.0767859
450,0.0768076
451,0.0768296
452,0.0768455
453,0.0768658
454,0.0768853
455,0.0769036
456,0.0769242
457,0.0769472
458,0.0769681
459,0.0769929
460,0.0770157
461,0.0770387
462,0.0770633
463,0.0770891
464,0.0771174
465,0.0771418
466,0.0771704
467,0.0771963
468,0.0772186
469,0.0772411
470,0.0772651
471,0.077287
472,0.0773099
473,0.0773312
474,0.0773546
475,0.0773765
476,0.0773976
477,0.0774252
478,0.0774478
479,0.0774719
480,0.0774942
481,0.0775166
482,0.0775386
483,0.0775593
484,0.077585
485,0.0776053
486,0.0776261
487,0.0776502
488,0.0776728
489,0.077694
490,0.0777137
491,0.0777359
492,0.0777558
493,0.0777755
494,0.0777949
495,0.0778166
496,0.0778367
497,0.077858
498,0.077885
499,0.0779087
500,0.0779345
501,0.0779606
502,0.077987
503,0.0780128
504,0.078036
505,0.0780615
506,0.0780826
507,0.0781025
508,0.0781248
509,0.0781457
510,0.078167
511,0.0781899
512,0.078221
513,0.0782523
514,0.0782903
515,0.0783311
516,0.0783563
517,0.0783739
518,0.0783838
519,0.0783976
520,0.0784109
521,0.0784234
522,0.0784393
523,0.0784513
524,0.0784696
525,0.0784884
526,0.0785053
527,0.0785251
528,0.0785485
529,0.0785686
530,0.078589
531,0.0786125
532,0.0786341
533,0.0786542
534,0.0786792
535,0.0787032
536,0.0787277
537,0.0787537
538,0.0787747
539,0.0788012
540,0.0788243
541,0.0788451
542,0.0788667
543,0.0788879
544,0.0789102
545,0.0789312
546,0.0789531
547,0.0789684
548,0.0789923
549,0.0790114
550,0.0790299
551,0.0790499
552,0.0790697
553,0.0790892
554,0.0791069
555,0.0791281
556,0.0791452
557,0.0791653
558,0.0791834
559,0.0792053
560,0.079223
561,0.0792478
562,0.079267
563,0.0792907
564,0.0793137
565,0.0793363
566,0.0793564
567,0.0793812
568,0.0794054
569,0.0794267
570,0.0794544
571,0.0794793
572,0.0795107
573,0.0795425
574,0.0795741
575,0.0796001
576,0.0796259
577,0.079642
578,0.0796597
579,0.0796725
580,0.079685
581,0.0796967
582,0.0797051
583,0.0797173
584,0.0797258
585,0.0797381
586,0.0797526
587,0.0797652
588,0.0797807
589,0.0797962
590,0.0798148
591,0.0798303
592,0.079847
593,0.0798647
594,0.07988
595,0.0798966
596,0.0799068
597,0.0799156
598,0.0799211
599,0.07992
