2,0.928734
3,0.804545
4,0.702208
5,0.620199
6,0.554431
7,0.499144
8,0.452249
9,0.412794
10,0.377765
11,0.343752
12,0.3111
13,0.279462
14,0.247772
15,0.2161
16,0.185212
17,0.155417
18,0.12766
19,0.102396
20,0.0800326
21,0.0615351
22,0.0475196
23,0.0384174
24,0.0329247
25,0.0296121
26,0.0270964
27,0.0251621
28,0.0234005
29,0.0218504
30,0.0203151
31,0.0189168
32,0.017624
33,0.0165024
34,0.0152894
35,0.0144046
36,0.0133428
37,0.0125674
38,0.0116401
39,0.0109641
40,0.010158
41,0.0095793
42,0.00889085
43,0.00836355
44,0.00779381
45,0.00729982
46,0.0068375
47,0.00639719
48,0.00599027
49,0.00562405
50,0.00527476
51,0.00499667
52,0.00464082
53,0.00435964
54,0.00411697
55,0.00388561
56,0.00360801
57,0.00339293
58,0.00320185
59,0.00300288
60,0.00282704
61,0.00262066
62,0.0024445
63,0.00226009
64,0.00212743
65,0.00196438
66,0.00182124
67,0.00176572
68,0.00174018
69,0.00186955
70,0.00196119
71,0.00201758
72,0.00200515
73,0.00199005
74,0.00193193
75,0.0018791
76,0.00183018
77,0.00176543
78,0.00171153
79,0.00167269
80,0.00159339
81,0.0015124
82,0.0013202
83,0.000981398
84,0.000678791
85,0.000780931
86,0.00103
87,0.00116485
88,0.0012567
89,0.00126134
90,0.00126071
91,0.00123814
92,0.00118794
93,0.00119475
94,0.00117085
95,0.00113727
96,0.00114389
97,0.00113319
98,0.00113818
99,0.00113211
100,0.0011071
101,0.00112804
102,0.00111817
103,0.00113542
104,0.00111199
105,0.00114758
106,0.00115155
107,0.00111627
108,0.00105749
109,0.000812371
110,0.00052548
111,0.00059675
112,0.000831508
113,0.00095378
114,0.000979663
115,0.00100521
116,0.000985002
117,0.000997285
118,0.000994674
119,0.000986012
120,0.000993464
121,0.00101019
122,0.000968529
123,0.00098144
124,0.000983262
125,0.000983146
126,0.000974681
127,0.000971441
128,0.000988122
129,0.000969746
130,0.000981828
131,0.000971332
132,0.000982324
133,0.000984607
134,0.00100675
135,0.00100809
136,0.000895029
137,0.000721823
138,0.000748777
139,0.000757307
140,0.0008625
141,0.000865236
142,0.000870902
143,0.000795968
144,0.000657169
145,0.000688384
146,0.00084335
147,0.000925377
148,0.00098195
149,0.000971351
150,0.000975046
151,0.000983681
152,0.000972697
153,0.000979671
154,0.000954118
155,0.000943953
156,0.000932379
157,0.000940059
158,0.000943775
159,0.000943576
160,0.000953299
161,0.000971097
162,0.000989641
163,0.000981471
164,0.000975957
165,0.0010101
166,0.00100903
167,0.00104084
168,0.00105042
169,0.00107006
170,0.00106041
171,0.00103452
172,0.00108138
173,0.00104929
174,0.00103598
175,0.00106192
176,0.00107856
177,0.0010889
178,0.00109984
179,0.0011429
180,0.00120535
181,0.00129487
182,0.00140502
183,0.00143879
184,0.00138086
185,0.00127216
186,0.00120508
187,0.00113499
188,0.00106072
189,0.00103143
190,0.000997198
191,0.00099315
192,0.00097263
193,0.000962867
194,0.000969937
195,0.000983362
196,0.000959813
197,0.000987693
198,0.00100463
199,0.000975963
200,0.000993323
201,0.00102183
202,0.00100729
203,0.00101802
204,0.00103154
205,0.00100008
206,0.000984325
207,0.00100197
208,0.000964745
209,0.000920778
210,0.000829515
211,0.000693141
212,0.000616303
213,0.000597714
214,0.000682544
215,0.000823009
216,0.000928966
217,0.000952298
218,0.000949692
219,0.000939549
220,0.000910682
221,0.000929213
222,0.000968212
223,0.00103448
224,0.00107182
225,0.00109877
226,0.00109891
227,0.00114223
228,0.001116
229,0.00113898
230,0.00118167
231,0.00118829
232,0.00119196
233,0.00115975
234,0.00112677
235,0.00109287
236,0.00108105
237,0.00102952
238,0.00103334
239,0.00101716
240,0.00100996
241,0.00100718
242,0.00101745
243,0.00104632
244,0.00106024
245,0.0010541
246,0.00105189
247,0.00104203
248,0.00102135
249,0.000986173
250,0.000979915
251,0.000956199
252,0.000944974
253,0.000958248
254,0.000918761
255,0.00093634
256,0.000913966
257,0.00089877
258,0.000882669
259,0.000846105
260,0.000821251
261,0.000752689
262,0.000722826
263,0.000763943
264,0.000739932
265,0.000751608
266,0.000717812
267,0.000737901
268,0.000750854
269,0.000768049
270,0.000781272
271,0.000862991
272,0.00091098
273,0.000964322
274,0.00101236
275,0.0010337
276,0.00106711
277,0.00111303
278,0.00114757
279,0.00111956
280,0.00109979
281,0.00100198
282,0.00098176
283,0.000956081
284,0.000918652
285,0.000898168
286,0.000893859
287,0.000878975
288,0.000855808
289,0.000873523
290,0.000843951
291,0.000867396
292,0.000854648
293,0.000852775
294,0.000883797
295,0.000880583
296,0.000874115
297,0.00089143
298,0.000890704
299,0.000869255
300,0.00084674
301,0.000843562
302,0.000820433
303,0.00082116
304,0.000840476
305,0.000829851
306,0.000805216
307,0.000758352
308,0.000706348
309,0.000686787
310,0.000654028
311,0.000589008
312,0.000565592
313,0.000617698
314,0.000568115
315,0.000616566
316,0.000740304
317,0.000779857
318,0.000861827
319,0.000943889
320,0.000952329
321,0.000975181
322,0.000969619
323,0.000948364
324,0.000923539
325,0.000898288
326,0.000871225
327,0.000866483
328,0.000846323
329,0.000824658
330,0.000798894
331,0.000817854
332,0.000812874
333,0.000820996
334,0.000851342
335,0.000897214
336,0.000958478
337,0.000996886
338,0.00092804
339,0.000864923
340,0.000804212
341,0.000817472
342,0.000796832
343,0.000809259
344,0.000840564
345,0.000837285
346,0.000854867
347,0.000855085
348,0.000855863
349,0.000868355
350,0.000855664
351,0.000857112
352,0.000830385
353,0.000839655
354,0.000828451
355,0.000835582
356,0.000839044
357,0.000765185
358,0.000726204
359,0.00075079
360,0.000745583
361,0.00078246
362,0.00074946
363,0.00076114
364,0.000728706
365,0.00073703
366,0.000705212
367,0.000668718
368,0.000684728
369,0.000681135
370,0.000733268
371,0.000735666
372,0.000713764
373,0.000759473
374,0.000751347
375,0.000786212
376,0.000742683
377,0.0007931
378,0.000720731
379,0.000808634
380,0.000745846
381,0.000768319
382,0.000776462
383,0.000788414
384,0.000785366
385,0.0008218
386,0.000824871
387,0.000824301
388,0.000862696
389,0.000820165
390,0.000838421
391,0.000836636
392,0.000817946
393,0.000808544
394,0.000842331
395,0.000841746
396,0.000819055
397,0.000840706
398,0.000847704
399,0.000839973
400,0.000839525
401,0.00083245
402,0.000799868
403,0.000820889
404,0.000787568
405,0.00083687
406,0.000802805
407,0.000872523
408,0.000787305
409,0.000824063
410,0.000831466
411,0.000835756
412,0.000835261
413,0.000841919
414,0.000871691
415,0.00085426
416,0.00088528
417,0.000876783
418,0.000891334
419,0.00090344
420,0.000894518
421,0.000911787
422,0.000890259
423,0.00088664
424,0.000848786
425,0.000875378
426,0.000857678
427,0.000888183
428,0.000861456
429,0.000796486
430,0.000797361
431,0.000775694
432,0.000876073
433,0.000792741
434,0.000805953
435,0.000838911
436,0.000864867
437,0.000938927
438,0.000911971
439,0.000927778
440,0.000859363
441,0.0009282
442,0.000764426
443,0.00096426
444,0.00076853
445,0.00107995
446,0.000877948
447,0.0012123
448,0.000917013
449,0.00121539
450,0.00083569
451,0.00106654
452,0.000745344
453,0.000934353
454,0.000697312
455,0.000901252
456,0.00076429
457,0.000942117
458,0.000830398
459,0.00095773
460,0.000904313
461,0.000959433
462,0.000934521
463,0.000939829
464,0.000964716
465,0.000910045
466,0.000963825
467,0.000841408
468,0.000955457
469,0.000824786
470,0.000980739
471,0.000804046
472,0.000965142
473,0.00076007
474,0.000991065
475,0.00069783
476,0.000967056
477,0.000851874
478,0.00107388
479,0.00103177
480,0.00111473
481,0.00101921
482,0.00111728
483,0.00105585
484,0.00104583
485,0.00114572
486,0.00105232
487,0.00122572
488,0.00106653
489,0.00121319
490,0.00110259
491,0.00119546
492,0.00104012
493,0.00101217
494,0.000978633
495,0.00102265
496,0.000891616
497,0.00101105
498,0.00088125
499,0.000993583
500,0.000992838
501,0.000825811
502,0.00110019
503,0.000704111
504,0.00114422
505,0.000719424
506,0.00106181
507,0.000786537
508,0.000909067
509,0.000826481
510,0.000775668
511,0.00076858
512,0.00084945
513,0.000972197
514,0.00122532
515,0.00133241
516,0.00140344
517,0.00135585
518,0.00133631
519,0.00117853
520,0.00122471
521,0.00103798
522,0.00111286
523,0.000905035
524,0.00101903
525,0.000772845
526,0.00095525
527,0.000711871
528,0.000942925
529,0.000671724
530,0.00097539
531,0.000705721
532,0.00100072
533,0.000728539
534,0.00107231
535,0.000783826
536,0.00115466
537,0.000837479
538,0.00127361
539,0.000929257
540,0.00136944
541,0.00101002
542,0.00146508
543,0.00100058
544,0.00151256
545,0.00101719
546,0.0014142
547,0.00107167
548,0.00130361
549,0.00120991
550,0.00119324
551,0.00133092
552,0.0010862
553,0.00147024
554,0.00110011
555,0.00155139
556,0.00119431
557,0.00157982
558,0.00123236
559,0.00159277
560,0.00121198
561,0.00162809
562,0.00116173
563,0.00169856
564,0.00110797
565,0.00172837
566,0.00111079
567,0.00168795
568,0.00120455
569,0.00167651
570,0.00142466
571,0.00179345
572,0.00162788
573,0.00192009
574,0.00184154
575,0.00197668
576,0.00191431
577,0.00190896
578,0.00186708
579,0.00172284
580,0.00172098
581,0.00153454
582,0.00154965
583,0.00133033
584,0.00144734
585,0.00137566
586,0.00137648
587,0.00143832
588,0.00141676
589,0.00142108
590,0.0015018
591,0.00149327
592,0.00154285
593,0.00164057
594,0.00166482
595,0.00173013
596,0.00174069
597,0.00174218
598,0.00161003
599,0.00139919
