2,0.00252442
3,0.00733587
4,0.0116459
5,0.0153343
6,0.0184647
7,0.0212186
8,0.0236527
9,0.0257879
10,0.0277419
11,0.0296615
12,0.0315295
13,0.0333602
14,0.0352039
15,0.037056
16,0.0388832
17,0.0406697
18,0.0423708
19,0.0439619
20,0.0454254
21,0.0467034
22,0.0477675
23,0.0485755
24,0.0491901
25,0.0496867
26,0.0501116
27,0.0504942
28,0.0508453
29,0.0511817
30,0.0514971
31,0.0518074
32,0.0520979
33,0.0523824
34,0.0526537
35,0.0529144
36,0.0531689
37,0.0534097
38,0.0536462
39,0.0538732
40,0.0540956
41,0.0543089
42,0.0545197
43,0.0547224
44,0.0549188
45,0.0551119
46,0.0552989
47,0.0554815
48,0.0556593
49,0.0558306
50,0.0560035
51,0.0561651
52,0.0563287
53,0.0564874
54,0.056642
55,0.0567993
56,0.0569543
57,0.0571055
58,0.0572551
59,0.0573978
60,0.0575414
61,0.0576773
62,0.0578157
63,0.0579477
64,0.0580827
65,0.0582097
66,0.0583405
67,0.0584658
68,0.0585924
69,0.0587146
70,0.0588391
71,0.0589574
72,0.0590804
73,0.0591967
74,0.0593093
75,0.0594271
76,0.0595353
77,0.0596514
78,0.0597592
79,0.0598692
80,0.059977
81,0.0600865
82,0.0601898
83,0.0602961
84,0.060396
85,0.0604986
86,0.0605962
87,0.060699
88,0.0607946
89,0.0608982
90,0.0609969
91,0.0610964
92,0.0611927
93,0.0612893
94,0.0613805
95,0.0614732
96,0.0615639
97,0.0616539
98,0.0617451
99,0.06183
100,0.0619192
101,0.0620043
102,0.062091
103,0.0621751
104,0.0622581
105,0.0623388
106,0.0624235
107,0.0625087
108,0.0625988
109,0.0626816
110,0.0627693
111,0.0628503
112,0.0629362
113,0.0630173
114,0.0631005
115,0.0631827
116,0.0632634
117,0.063343
118,0.0634196
119,0.0634982
120,0.0635751
121,0.0636525
122,0.0637236
123,0.0637998
124,0.0638726
125,0.0639475
126,0.0640194
127,0.0640937
128,0.0641681
129,0.0642367
130,0.0643065
131,0.0643771
132,0.0644476
133,0.0645188
134,0.0645915
135,0.0646625
136,0.0647302
137,0.0648005
138,0.0648697
139,0.0649374
140,0.0650046
141,0.0650717
142,0.0651373
143,0.0652
144,0.0652634
145,0.0653251
146,0.0653878
147,0.0654501
148,0.0655143
149,0.065576
150,0.0656363
151,0.0656978
152,0.0657584
153,0.0658184
154,0.0658762
155,0.0659353
156,0.0659953
157,0.0660573
158,0.0661193
159,0.0661828
160,0.0662472
161,0.0663088
162,0.0663717
163,0.0664327
164,0.0664922
165,0.0665546
166,0.0666124
167,0.0666745
168,0.0667321
169,0.066791
170,0.0668465
171,0.0669015
172,0.0669588
173,0.0670135
174,0.0670687
175,0.067125
176,0.0671817
177,0.0672358
178,0.0672924
179,0.0673512
180,0.0674098
181,0.0674735
182,0.0675369
183,0.0675918
184,0.0676385
185,0.0676815
186,0.0677249
187,0.0677704
188,0.0678119
189,0.0678582
190,0.0679021
191,0.06795
192,0.0679979
193,0.0680455
194,0.0680946
195,0.0681451
196,0.0681961
197,0.0682466
198,0.0682994
199,0.0683476
200,0.0683981
201,0.0684481
202,0.0684984
203,0.0685496
204,0.068597
205,0.0686436
206,0.0686889
207,0.0687331
208,0.0687768
209,0.0688189
210,0.0688638
211,0.0689073
212,0.0689509
213,0.0689931
214,0.0690382
215,0.0690801
216,0.069122
217,0.0691627
218,0.0692073
219,0.0692592
220,0.0693181
221,0.0693742
222,0.0694296
223,0.0694835
224,0.069535
225,0.0695854
226,0.0696333
227,0.0696834
228,0.0697272
229,0.0697715
230,0.0698168
231,0.0698588
232,0.069901
233,0.0699412
234,0.0699809
235,0.0700191
236,0.0700602
237,0.0700981
238,0.0701395
239,0.0701798
240,0.0702213
241,0.0702636
242,0.0703062
243,0.0703505
244,0.0703931
245,0.0704349
246,0.0704759
247,0.0705152
248,0.0705528
249,0.0705899
250,0.0706271
251,0.0706652
252,0.0707025
253,0.0707443
254,0.0707809
255,0.0708215
256,0.0708575
257,0.0708947
258,0.0709292
259,0.0709665
260,0.0710061
261,0.0710468
262,0.0710888
263,0.071129
264,0.0711681
265,0.0712082
266,0.071246
267,0.071287
268,0.0713267
269,0.0713671
270,0.0714076
271,0.0714483
272,0.0714862
273,0.0715265
274,0.0715661
275,0.0716073
276,0.0716486
277,0.0716891
278,0.0717302
279,0.0717649
280,0.0717982
281,0.0718246
282,0.0718574
283,0.071889
284,0.0719217
285,0.071955
286,0.0719865
287,0.0720206
288,0.0720541
289,0.0720895
290,0.072123
291,0.0721591
292,0.0721961
293,0.0722312
294,0.0722714
295,0.072307
296,0.0723427
297,0.0723785
298,0.0724119
299,0.0724432
300,0.0724734
301,0.0725019
302,0.0725312
303,0.0725631
304,0.0725961
305,0.0726334
306,0.0726695
307,0.0727042
308,0.0727383
309,0.0727735
310,0.0728082
311,0.0728408
312,0.0728762
313,0.0729151
314,0.0729521
315,0.0729887
316,0.0730286
317,0.0730619
318,0.0730971
319,0.0731342
320,0.0731659
321,0.0731999
322,0.0732318
323,0.0732596
324,0.0732907
325,0.0733191
326,0.0733455
327,0.073375
328,0.0734011
329,0.0734296
330,0.0734544
331,0.0734812
332,0.0735087
333,0.0735338
334,0.0735603
335,0.0735812
336,0.0736033
337,0.0736283
338,0.07367
339,0.0737145
340,0.0737598
341,0.0737985
342,0.0738326
343,0.0738691
344,0.0739033
345,0.073936
346,0.0739702
347,0.0740005
348,0.0740327
349,0.074064
350,0.074093
351,0.0741217
352,0.0741494
353,0.074178
354,0.0742068
355,0.0742387
356,0.0742699
357,0.0742995
358,0.0743278
359,0.074357
360,0.0743865
361,0.0744177
362,0.0744468
363,0.0744785
364,0.0745082
365,0.0745367
366,0.0745657
367,0.0745962
368,0.0746217
369,0.0746498
370,0.0746777
371,0.074708
372,0.0747362
373,0.0747678
374,0.0747985
375,0.0748267
376,0.0748553
377,0.074884
378,0.0749114
379,0.0749409
380,0.0749671
381,0.0749946
382,0.0750244
383,0.0750493
384,0.0750748
385,0.0751026
386,0.0751307
387,0.0751575
388,0.075189
389,0.0752139
390,0.0752428
391,0.0752688
392,0.0752962
393,0.0753221
394,0.0753482
395,0.0753767
396,0.0754
397,0.0754268
398,0.0754524
399,0.0754749
400,0.0755013
401,0.0755254
402,0.0755488
403,0.0755756
404,0.0755957
405,0.0756151
406,0.075639
407,0.0756632
408,0.0756964
409,0.0757284
410,0.0757627
411,0.0757935
412,0.0758245
413,0.0758558
414,0.0758848
415,0.0759132
416,0.0759408
417,0.0759693
418,0.0759951
419,0.0760221
420,0.0760468
421,0.0760748
422,0.0761007
423,0.0761285
424,0.0761523
425,0.0761786
426,0.0762019
427,0.0762242
428,0.0762482
429,0.0762734
430,0.076295
431,0.0763186
432,0.076343
433,0.076369
434,0.0763928
435,0.0764198
436,0.0764433
437,0.07647
438,0.0764981
439,0.0765245
440,0.0765521
441,0.0765791
442,0.0766075
443,0.0766313
444,0.0766597
445,0.0766856
446,0.0767125
447,0.0767376
448,0.0767656
449,0.0767859
450,0.0768091
451,0.0768302
452,0.0768459
453,0.0768643
454,0.0768827
455,0.0769023
456,0.0769247
457,0.0769486
458,0.0769722
459,0.0769923
460,0.0770185
461,0.07704
462,0.0770645
463,0.077091
464,0.0771152
465,0.0771444
466,0.077167
467,0.0771936
468,0.0772158
469,0.0772377
470,0.0772601
471,0.0772828
472,0.0773046
473,0.0773238
474,0.0773489
475,0.0773707
476,0.0773959
477,0.0774217
478,0.0774466
479,0.0774704
480,0.0774931
481,0.077516
482,0.0775372
483,0.0775596
484,0.0775824
485,0.0776052
486,0.0776308
487,0.0776542
488,0.077677
489,0.0777014
490,0.0777212
491,0.0777407
492,0.0777622
493,0.0777815
494,0.0777987
495,0.0778197
496,0.0778409
497,0.0778642
498,0.0778862
499,0.0779111
500,0.0779367
501,0.0779624
502,0.0779884
503,0.0780141
504,0.0780379
505,0.0780606
506,0.0780855
507,0.0781058
508,0.0781277
509,0.0781524
510,0.0781789
511,0.0782075
512,0.0782416
513,0.0782811
514,0.0783192
515,0.078351
516,0.0783694
517,0.0783841
518,0.0783945
519,0.0784044
520,0.0784163
521,0.0784272
522,0.0784403
523,0.0784551
524,0.0784706
525,0.0784901
526,0.0785075
527,0.0785265
528,0.078547
529,0.0785689
530,0.0785899
531,0.0786115
532,0.0786348
533,0.0786571
534,0.0786819
535,0.0787077
536,0.0787325
537,0.0787573
538,0.0787837
539,0.0788071
540,0.078831
541,0.0788536
542,0.0788732
543,0.0788935
544,0.0789136
545,0.078935
546,0.0789529
547,0.0789723
548,0.0789935
549,0.0790112
550,0.0790304
551,0.0790496
552,0.0790677
553,0.0790879
554,0.0791088
555,0.0791255
556,0.0791474
557,0.0791644
558,0.0791845
559,0.0792042
560,0.0792252
561,0.0792458
562,0.0792671
563,0.0792899
564,0.0793129
565,0.0793351
566,0.0793575
567,0.0793832
568,0.0794056
569,0.0794335
570,0.0794618
571,0.0794923
572,0.0795245
573,0.0795571
574,0.0795873
575,0.0796112
576,0.079632
577,0.0796517
578,0.0796642
579,0.0796773
580,0.0796897
581,0.079699
582,0.0797091
583,0.0797183
584,0.0797284
585,0.0797416
586,0.0797522
587,0.0797677
588,0.0797853
589,0.0798024
590,0.0798195
591,0.0798372
592,0.0798548
593,0.0798703
594,0.0798837
595,0.0798956
596,0.0799075
597,0.0799148
598,0.0799163
599,0.0799181
