2,0.932237
3,0.812495
4,0.713796
5,0.634842
6,0.571457
7,0.518961
8,0.475208
9,0.438994
10,0.406854
11,0.376313
12,0.346376
13,0.317447
14,0.288264
15,0.257981
16,0.227764
17,0.197981
18,0.169421
19,0.142793
20,0.118356
21,0.0970612
22,0.0787059
23,0.0634011
24,0.0513364
25,0.0431105
26,0.0382686
27,0.0353574
28,0.0328924
29,0.0307558
30,0.028559
31,0.0267469
32,0.0248417
33,0.0233085
34,0.0216367
35,0.020348
36,0.0189501
37,0.0177803
38,0.0166086
39,0.0155905
40,0.0145462
41,0.0136814
42,0.0127362
43,0.0119708
44,0.0111832
45,0.0105016
46,0.00981757
47,0.00921056
48,0.00860406
49,0.00810777
50,0.00759669
51,0.00713152
52,0.00668081
53,0.00626598
54,0.00584581
55,0.00550333
56,0.00511343
57,0.00480658
58,0.00448304
59,0.0042077
60,0.00392286
61,0.00365286
62,0.00343663
63,0.00322397
64,0.00295863
65,0.00279531
66,0.0026456
67,0.0025378
68,0.00243495
69,0.00241556
70,0.00246826
71,0.00253247
72,0.00261225
73,0.00255103
74,0.00254161
75,0.00246229
76,0.00238997
77,0.00229365
78,0.00217763
79,0.00207321
80,0.00184255
81,0.00162899
82,0.00121498
83,0.00100949
84,0.000856845
85,0.00112045
86,0.00128098
87,0.0014391
88,0.00150619
89,0.00152359
90,0.00150339
91,0.00146485
92,0.00143853
93,0.00137751
94,0.00136409
95,0.00133856
96,0.00129277
97,0.0012623
98,0.00126339
99,0.00121138
100,0.00120601
101,0.00119323
102,0.00121009
103,0.00121389
104,0.0011976
105,0.00116636
106,0.00108353
107,0.000689574
108,0.000640042
109,0.000809963
110,0.00100855
111,0.00109373
112,0.00115381
113,0.00118188
114,0.00120058
115,0.00120735
116,0.00122363
117,0.00123218
118,0.00118138
119,0.00122874
120,0.00121734
121,0.00118265
122,0.00121338
123,0.00117621
124,0.00118411
125,0.00115858
126,0.00114794
127,0.00112177
128,0.00109728
129,0.00107844
130,0.00105176
131,0.00105909
132,0.00102133
133,0.00101109
134,0.000928711
135,0.000757687
136,0.000690854
137,0.000780561
138,0.000799257
139,0.000799198
140,0.000791747
141,0.000754783
142,0.000907455
143,0.000961248
144,0.00100065
145,0.00103021
146,0.0010365
147,0.00103863
148,0.00105545
149,0.00106403
150,0.0010989
151,0.00109761
152,0.00111402
153,0.00112487
154,0.00115555
155,0.00114009
156,0.0011434
157,0.00115203
158,0.0011789
159,0.00119651
160,0.00120126
161,0.00122574
162,0.00125131
163,0.00125505
164,0.00128098
165,0.00130981
166,0.00133732
167,0.00132334
168,0.00135872
169,0.00136205
170,0.00136687
171,0.00136005
172,0.00137059
173,0.00138082
174,0.00139361
175,0.00139991
176,0.00140061
177,0.00139791
178,0.00142963
179,0.00144638
180,0.00155941
181,0.00168544
182,0.00183161
183,0.0018082
184,0.00172278
185,0.00157276
186,0.0014917
187,0.00139376
188,0.00132388
189,0.00126772
190,0.00122522
191,0.00121303
192,0.00117199
193,0.00116263
194,0.00115658
195,0.00114514
196,0.00113087
197,0.0011345
198,0.00110707
199,0.00111146
200,0.00109237
201,0.00108543
202,0.0010766
203,0.00108075
204,0.00106788
205,0.00106413
206,0.000997113
207,0.000932399
208,0.000779595
209,0.00058444
210,0.000523724
211,0.000707296
212,0.000812759
213,0.000868162
214,0.000899891
215,0.000908309
216,0.000912458
217,0.000929165
218,0.000937575
219,0.000914762
220,0.000897138
221,0.000899716
222,0.000962935
223,0.00100558
224,0.00107885
225,0.0011134
226,0.00117092
227,0.00118389
228,0.00123062
229,0.00123451
230,0.00122101
231,0.00121955
232,0.00119918
233,0.00116807
234,0.0011617
235,0.00111289
236,0.00109444
237,0.00107398
238,0.00104218
239,0.00105622
240,0.00103673
241,0.00106222
242,0.00105926
243,0.00109062
244,0.00109425
245,0.00112518
246,0.00110175
247,0.00109199
248,0.00105251
249,0.00103405
250,0.000999967
251,0.00100434
252,0.000975497
253,0.000952102
254,0.00096587
255,0.000961347
256,0.000938678
257,0.000940085
258,0.00088317
259,0.000782951
260,0.000725616
261,0.000726503
262,0.000694297
263,0.000734426
264,0.000726681
265,0.000751094
266,0.000853192
267,0.000920252
268,0.00097982
269,0.000963333
270,0.00101374
271,0.00103436
272,0.00104299
273,0.00106175
274,0.00108086
275,0.00111999
276,0.00120136
277,0.00121918
278,0.00123614
279,0.00124817
280,0.00116793
281,0.001104
282,0.00104394
283,0.00100491
284,0.000966542
285,0.00096833
286,0.000916467
287,0.000904306
288,0.00089285
289,0.000876931
290,0.000876153
291,0.000882618
292,0.000874868
293,0.00088109
294,0.000903432
295,0.00090588
296,0.000921867
297,0.000891386
298,0.000910175
299,0.000867709
300,0.000850659
301,0.000845439
302,0.000824791
303,0.000821511
304,0.000824977
305,0.000833828
306,0.000823054
307,0.000830894
308,0.000835056
309,0.000842924
310,0.000756788
311,0.000533498
312,0.000547071
313,0.000632238
314,0.000774303
315,0.000877537
316,0.00090981
317,0.000943137
318,0.000967255
319,0.00097718
320,0.000983009
321,0.000989352
322,0.000982741
323,0.000963391
324,0.000941143
325,0.000921616
326,0.000883403
327,0.000861578
328,0.000817506
329,0.000839923
330,0.0008099
331,0.000806532
332,0.00080683
333,0.000816521
334,0.000862116
335,0.000906678
336,0.000966652
337,0.00101834
338,0.000963463
339,0.00088827
340,0.000823214
341,0.000802957
342,0.000809627
343,0.00082012
344,0.000831698
345,0.000839057
346,0.000846082
347,0.000875367
348,0.000870475
349,0.000877841
350,0.000876921
351,0.000876148
352,0.000851414
353,0.000868034
354,0.000847664
355,0.000788036
356,0.000781604
357,0.000749504
358,0.000774894
359,0.000727744
360,0.000746061
361,0.000760631
362,0.000783796
363,0.000832964
364,0.000851233
365,0.000831901
366,0.000799012
367,0.000739403
368,0.000737105
369,0.000724427
370,0.000700354
371,0.000687806
372,0.000707039
373,0.000704685
374,0.000700772
375,0.000734512
376,0.000737832
377,0.000770529
378,0.000817601
379,0.000864889
380,0.000843732
381,0.000848889
382,0.000858413
383,0.000857366
384,0.00085568
385,0.000838923
386,0.000829559
387,0.000831178
388,0.000855278
389,0.000843475
390,0.000848142
391,0.000827706
392,0.000827742
393,0.000829106
394,0.000826185
395,0.000810829
396,0.000814024
397,0.000804678
398,0.000790632
399,0.000784298
400,0.000808757
401,0.000788384
402,0.000787458
403,0.000795979
404,0.00079332
405,0.000804452
406,0.00084471
407,0.000837599
408,0.00082128
409,0.000790744
410,0.000777042
411,0.000782004
412,0.000798496
413,0.000806275
414,0.000834884
415,0.000850136
416,0.000848037
417,0.000847248
418,0.000843606
419,0.000877872
420,0.000847346
421,0.000870155
422,0.000851232
423,0.000875984
424,0.000861528
425,0.000821604
426,0.000767763
427,0.000765003
428,0.000739523
429,0.000780573
430,0.000733604
431,0.000766013
432,0.000801767
433,0.000797014
434,0.000812883
435,0.000839682
436,0.000796019
437,0.000746866
438,0.000814202
439,0.000830951
440,0.000876449
441,0.000885885
442,0.00090752
443,0.000930014
444,0.000863627
445,0.000894155
446,0.000819043
447,0.000974542
448,0.000821816
449,0.000962185
450,0.000762503
451,0.000854459
452,0.000747145
453,0.000847297
454,0.000819871
455,0.000806711
456,0.000839706
457,0.000670036
458,0.000801656
459,0.000521068
460,0.000789295
461,0.000551614
462,0.0007394
463,0.000532276
464,0.000639988
465,0.000631358
466,0.000602525
467,0.000769114
468,0.000676087
469,0.000776441
470,0.000759755
471,0.000842832
472,0.000851191
473,0.000829193
474,0.000879126
475,0.00082143
476,0.000862797
477,0.000701554
478,0.00087425
479,0.000763327
480,0.00100127
481,0.000793541
482,0.00106228
483,0.000766389
484,0.000975841
485,0.00078286
486,0.000988382
487,0.000807496
488,0.000935096
489,0.000838598
490,0.000849596
491,0.000843093
492,0.000788062
493,0.000835848
494,0.000681298
495,0.000880532
496,0.00074317
497,0.000937647
498,0.000768127
499,0.000949684
500,0.000756265
501,0.000890955
502,0.000766506
503,0.000812536
504,0.000843073
505,0.000805896
506,0.000978742
507,0.000926927
508,0.00105402
509,0.00104758
510,0.00120014
511,0.00123056
512,0.00139699
513,0.00149673
514,0.00150864
515,0.00177292
516,0.00154466
517,0.00174841
518,0.00137991
519,0.00153181
520,0.00124575
521,0.00139977
522,0.00134561
523,0.00135554
524,0.00135143
525,0.00126235
526,0.00132542
527,0.00110407
528,0.00133783
529,0.00102664
530,0.00137988
531,0.00101122
532,0.00138144
533,0.00109291
534,0.001427
535,0.00124105
536,0.00156269
537,0.00140518
538,0.00165402
539,0.00144471
540,0.00159685
541,0.00132737
542,0.00147583
543,0.00123259
544,0.00137219
545,0.00118597
546,0.00127915
547,0.00120454
548,0.00124179
549,0.00119672
550,0.00132382
551,0.00111717
552,0.00152234
553,0.00100045
554,0.00173252
555,0.000945435
556,0.00179665
557,0.00088523
558,0.00180523
559,0.000887609
560,0.00179702
561,0.000874854
562,0.00170188
563,0.000856735
564,0.00160941
565,0.0010252
566,0.00160441
567,0.00122739
568,0.00158941
569,0.00138072
570,0.00163685
571,0.00160037
572,0.00173385
573,0.00183738
574,0.00183144
575,0.00194599
576,0.00176613
577,0.00189826
578,0.00157282
579,0.00175291
580,0.00137185
581,0.00161547
582,0.00123317
583,0.0014794
584,0.00120212
585,0.00133122
586,0.0012993
587,0.0013102
588,0.00144972
589,0.00147791
590,0.00159203
591,0.00166306
592,0.00167862
593,0.00174407
594,0.00172381
595,0.00174084
596,0.00169501
597,0.00167685
598,0.00153292
599,0.00135958
