2,0.00240039
3,0.00703761
4,0.0111929
5,0.0147434
6,0.0177595
7,0.02038
8,0.0226627
9,0.0246396
10,0.0264479
11,0.0281942
12,0.0299204
13,0.0316095
14,0.0333187
15,0.0350886
16,0.0368672
17,0.0386358
18,0.040359
19,0.0419997
20,0.0435475
21,0.0449487
22,0.0462184
23,0.047344
24,0.0483148
25,0.049093
26,0.0496926
27,0.0501862
28,0.0506137
29,0.0509973
30,0.0513494
31,0.0516836
32,0.0519983
33,0.0523019
34,0.0525858
35,0.052863
36,0.0531241
37,0.0533765
38,0.0536132
39,0.0538473
40,0.0540695
41,0.0542873
42,0.0544962
43,0.0547006
44,0.0548964
45,0.0550908
46,0.0552797
47,0.0554625
48,0.0556444
49,0.055817
50,0.055986
51,0.0561504
52,0.0563122
53,0.0564714
54,0.0566286
55,0.0567834
56,0.05694
57,0.0570904
58,0.0572414
59,0.0573855
60,0.057529
61,0.057671
62,0.0578083
63,0.0579433
64,0.0580755
65,0.058207
66,0.0583351
67,0.0584617
68,0.0585873
69,0.0587107
70,0.0588329
71,0.0589557
72,0.0590725
73,0.0591926
74,0.0593064
75,0.0594211
76,0.0595338
77,0.0596451
78,0.0597573
79,0.0598653
80,0.0599761
81,0.0600801
82,0.0601867
83,0.0602904
84,0.0603954
85,0.0604923
86,0.0605961
87,0.0606936
88,0.0607935
89,0.0608929
90,0.0609953
91,0.0610924
92,0.0611917
93,0.0612871
94,0.0613802
95,0.0614733
96,0.0615624
97,0.0616547
98,0.0617426
99,0.0618322
100,0.0619179
101,0.0620058
102,0.062089
103,0.0621732
104,0.0622569
105,0.0623393
106,0.0624214
107,0.0625078
108,0.0625962
109,0.0626831
110,0.0627675
111,0.0628526
112,0.0629373
113,0.0630191
114,0.0631014
115,0.0631829
116,0.0632648
117,0.0633433
118,0.063421
119,0.0635004
120,0.0635769
121,0.0636508
122,0.0637286
123,0.0637995
124,0.063877
125,0.0639497
126,0.0640268
127,0.0641002
128,0.06417
129,0.0642408
130,0.0643092
131,0.0643806
132,0.0644495
133,0.0645225
134,0.0645923
135,0.0646655
136,0.0647323
137,0.0648034
138,0.0648712
139,0.0649394
140,0.065006
141,0.0650723
142,0.0651375
143,0.0652018
144,0.0652649
145,0.065327
146,0.0653911
147,0.0654517
148,0.0655172
149,0.0655796
150,0.0656412
151,0.0657028
152,0.0657633
153,0.0658209
154,0.065883
155,0.0659405
156,0.0660006
157,0.0660624
158,0.0661257
159,0.0661897
160,0.0662517
161,0.0663138
162,0.0663765
163,0.0664358
164,0.0664989
165,0.0665581
166,0.0666178
167,0.0666782
168,0.0667367
169,0.0667942
170,0.0668514
171,0.0669075
172,0.0669629
173,0.0670196
174,0.0670756
175,0.0671321
176,0.0671871
177,0.0672448
178,0.0673009
179,0.0673602
180,0.0674233
181,0.0674913
182,0.0675561
183,0.0676092
184,0.0676533
185,0.0676931
186,0.0677355
187,0.067777
188,0.0678208
189,0.0678658
190,0.0679107
191,0.067957
192,0.0680042
193,0.0680527
194,0.0681022
195,0.0681508
196,0.0682009
197,0.0682534
198,0.0683027
199,0.0683539
200,0.0684015
201,0.0684533
202,0.0685013
203,0.0685531
204,0.0686004
205,0.0686478
206,0.0686912
207,0.0687387
208,0.0687793
209,0.0688234
210,0.0688651
211,0.0689095
212,0.0689535
213,0.0689969
214,0.0690431
215,0.0690814
216,0.0691254
217,0.0691641
218,0.0692087
219,0.0692601
220,0.0693186
221,0.0693741
222,0.0694337
223,0.0694859
224,0.0695392
225,0.0695876
226,0.0696397
227,0.0696845
228,0.0697327
229,0.0697765
230,0.0698198
231,0.0698632
232,0.0699039
233,0.069943
234,0.0699864
235,0.0700238
236,0.0700624
237,0.070104
238,0.0701427
239,0.0701863
240,0.0702262
241,0.0702712
242,0.0703119
243,0.0703575
244,0.0703983
245,0.0704423
246,0.0704822
247,0.0705219
248,0.0705588
249,0.0705974
250,0.0706332
251,0.0706728
252,0.0707097
253,0.0707488
254,0.070787
255,0.0708276
256,0.0708648
257,0.0709007
258,0.0709373
259,0.0709727
260,0.0710133
261,0.0710548
262,0.071094
263,0.071134
264,0.0711739
265,0.0712117
266,0.0712526
267,0.0712924
268,0.071335
269,0.0713727
270,0.0714166
271,0.0714551
272,0.0714969
273,0.0715355
274,0.0715747
275,0.0716173
276,0.071661
277,0.0717011
278,0.0717397
279,0.0717766
280,0.0718061
281,0.0718354
282,0.0718652
283,0.071899
284,0.071929
285,0.071963
286,0.071995
287,0.0720271
288,0.0720617
289,0.0720954
290,0.0721302
291,0.0721651
292,0.0722004
293,0.0722375
294,0.0722748
295,0.0723101
296,0.0723469
297,0.0723803
298,0.0724146
299,0.0724446
300,0.0724756
301,0.0725037
302,0.0725319
303,0.0725651
304,0.0726005
305,0.0726365
306,0.0726715
307,0.0727062
308,0.0727422
309,0.0727768
310,0.0728101
311,0.072844
312,0.0728781
313,0.072915
314,0.0729548
315,0.0729923
316,0.0730295
317,0.0730657
318,0.0731009
319,0.0731365
320,0.0731699
321,0.073203
322,0.073235
323,0.0732647
324,0.0732922
325,0.0733219
326,0.0733491
327,0.0733758
328,0.0734029
329,0.0734306
330,0.0734544
331,0.0734831
332,0.0735082
333,0.0735328
334,0.0735592
335,0.0735808
336,0.0736004
337,0.0736269
338,0.0736637
339,0.073709
340,0.0737544
341,0.0737928
342,0.0738312
343,0.0738669
344,0.0739019
345,0.0739374
346,0.0739713
347,0.074005
348,0.0740369
349,0.0740673
350,0.0740967
351,0.074127
352,0.0741544
353,0.0741831
354,0.0742144
355,0.0742451
356,0.074275
357,0.0743038
358,0.0743352
359,0.0743607
360,0.0743921
361,0.0744216
362,0.0744515
363,0.0744814
364,0.0745124
365,0.0745418
366,0.0745686
367,0.0745979
368,0.074625
369,0.0746531
370,0.074681
371,0.07471
372,0.0747404
373,0.0747701
374,0.0748001
375,0.0748294
376,0.0748565
377,0.0748853
378,0.0749141
379,0.0749435
380,0.0749705
381,0.0750001
382,0.0750264
383,0.0750533
384,0.0750806
385,0.0751077
386,0.0751367
387,0.0751641
388,0.0751908
389,0.0752202
390,0.0752481
391,0.075271
392,0.0753
393,0.075323
394,0.0753525
395,0.0753767
396,0.0754037
397,0.0754284
398,0.0754523
399,0.0754758
400,0.0755009
401,0.0755239
402,0.0755497
403,0.0755728
404,0.0755934
405,0.0756156
406,0.0756361
407,0.0756637
408,0.0756962
409,0.0757323
410,0.0757612
411,0.0757958
412,0.0758281
413,0.0758599
414,0.0758895
415,0.0759189
416,0.0759468
417,0.0759721
418,0.0759994
419,0.0760272
420,0.0760509
421,0.0760785
422,0.0761043
423,0.0761325
424,0.0761573
425,0.0761815
426,0.0762047
427,0.0762274
428,0.0762534
429,0.0762768
430,0.0763001
431,0.0763237
432,0.0763493
433,0.0763744
434,0.0763992
435,0.0764243
436,0.0764478
437,0.0764767
438,0.0765008
439,0.0765281
440,0.0765563
441,0.0765831
442,0.0766106
443,0.0766352
444,0.0766612
445,0.0766882
446,0.0767174
447,0.0767427
448,0.0767679
449,0.0767899
450,0.0768119
451,0.0768313
452,0.0768479
453,0.0768655
454,0.076883
455,0.0769035
456,0.0769275
457,0.0769511
458,0.0769744
459,0.0769965
460,0.0770198
461,0.0770436
462,0.0770684
463,0.0770932
464,0.0771184
465,0.0771464
466,0.0771708
467,0.0771946
468,0.0772167
469,0.0772389
470,0.0772598
471,0.077283
472,0.0773031
473,0.0773251
474,0.077349
475,0.0773719
476,0.0774001
477,0.0774232
478,0.0774505
479,0.0774741
480,0.0774941
481,0.0775183
482,0.0775371
483,0.0775594
484,0.0775837
485,0.077604
486,0.0776272
487,0.0776506
488,0.0776723
489,0.0776942
490,0.0777176
491,0.0777368
492,0.0777575
493,0.0777765
494,0.0777977
495,0.0778176
496,0.0778413
497,0.0778618
498,0.0778872
499,0.0779109
500,0.0779376
501,0.0779633
502,0.0779874
503,0.0780139
504,0.0780383
505,0.0780642
506,0.0780884
507,0.0781136
508,0.0781406
509,0.078165
510,0.0781952
511,0.0782321
512,0.0782681
513,0.0783072
514,0.0783376
515,0.0783648
516,0.0783817
517,0.078396
518,0.0784043
519,0.0784111
520,0.0784207
521,0.078434
522,0.0784454
523,0.0784609
524,0.0784759
525,0.0784921
526,0.0785117
527,0.0785312
528,0.0785522
529,0.0785727
530,0.0785947
531,0.0786166
532,0.07864
533,0.0786617
534,0.0786863
535,0.078712
536,0.0787349
537,0.0787601
538,0.0787854
539,0.0788094
540,0.0788312
541,0.0788537
542,0.0788745
543,0.0788947
544,0.0789169
545,0.0789358
546,0.078955
547,0.0789746
548,0.0789943
549,0.0790143
550,0.0790353
551,0.0790563
552,0.0790743
553,0.0790954
554,0.0791147
555,0.0791325
556,0.0791519
557,0.0791697
558,0.0791866
559,0.0792056
560,0.0792262
561,0.0792458
562,0.0792679
563,0.0792884
564,0.0793109
565,0.0793338
566,0.079358
567,0.0793817
568,0.0794083
569,0.0794366
570,0.0794673
571,0.0795017
572,0.0795374
573,0.079571
574,0.0796004
575,0.0796239
576,0.0796423
577,0.0796548
578,0.0796644
579,0.0796744
580,0.0796859
581,0.079697
582,0.0797064
583,0.0797221
584,0.0797342
585,0.0797512
586,0.0797653
587,0.0797823
588,0.0797971
589,0.0798132
590,0.0798263
591,0.0798391
592,0.0798556
593,0.0798677
594,0.0798833
595,0.0798931
596,0.0799048
597,0.0799119
598,0.0799161
599,0.0799158
