2,0.0022834
3,0.00674875
4,0.010794
5,0.0142397
6,0.0171345
7,0.0196387
8,0.0218138
9,0.023686
10,0.0253703
11,0.0269827
12,0.0285917
13,0.0301679
14,0.0317585
15,0.0334243
16,0.0351259
17,0.0368222
18,0.0385334
19,0.0402083
20,0.0418222
21,0.0433296
22,0.0447288
23,0.0459943
24,0.0471282
25,0.048132
26,0.0490071
27,0.0497154
28,0.0502819
29,0.0507501
30,0.0511656
31,0.051542
32,0.0518883
33,0.052218
34,0.0525211
35,0.0528174
36,0.0530905
37,0.0533547
38,0.0536011
39,0.0538374
40,0.0540613
41,0.0542788
42,0.0544861
43,0.0546875
44,0.0548844
45,0.0550802
46,0.0552676
47,0.0554514
48,0.0556319
49,0.0558021
50,0.0559729
51,0.056135
52,0.0562998
53,0.056453
54,0.056616
55,0.056766
56,0.0569238
57,0.0570737
58,0.0572269
59,0.0573733
60,0.0575183
61,0.0576614
62,0.0577988
63,0.0579367
64,0.0580689
65,0.0582023
66,0.0583289
67,0.0584582
68,0.0585815
69,0.0587071
70,0.0588299
71,0.0589493
72,0.0590682
73,0.059188
74,0.0593016
75,0.0594167
76,0.0595281
77,0.059642
78,0.059751
79,0.0598631
80,0.0599692
81,0.0600767
82,0.0601836
83,0.0602869
84,0.0603915
85,0.0604914
86,0.0605903
87,0.0606913
88,0.06079
89,0.0608905
90,0.0609919
91,0.0610903
92,0.0611884
93,0.0612835
94,0.0613795
95,0.0614716
96,0.0615636
97,0.0616542
98,0.0617443
99,0.0618318
100,0.0619175
101,0.0620038
102,0.0620899
103,0.062173
104,0.0622555
105,0.0623381
106,0.0624201
107,0.0625065
108,0.0625953
109,0.0626824
110,0.0627683
111,0.0628532
112,0.0629362
113,0.06302
114,0.0631035
115,0.0631844
116,0.0632652
117,0.0633449
118,0.0634228
119,0.0635014
120,0.0635782
121,0.0636539
122,0.0637277
123,0.0638053
124,0.063878
125,0.0639556
126,0.0640291
127,0.0641052
128,0.0641787
129,0.0642448
130,0.0643162
131,0.0643832
132,0.0644536
133,0.0645251
134,0.0645964
135,0.0646648
136,0.0647354
137,0.0648041
138,0.0648743
139,0.0649411
140,0.0650083
141,0.065074
142,0.0651406
143,0.0652041
144,0.0652675
145,0.0653304
146,0.0653944
147,0.0654564
148,0.0655195
149,0.0655837
150,0.065645
151,0.0657067
152,0.0657685
153,0.0658272
154,0.0658869
155,0.0659472
156,0.0660055
157,0.06607
158,0.0661308
159,0.0661955
160,0.0662562
161,0.0663207
162,0.0663813
163,0.0664427
164,0.0665014
165,0.066563
166,0.0666237
167,0.0666829
168,0.066742
169,0.0667988
170,0.0668559
171,0.0669135
172,0.0669693
173,0.0670249
174,0.0670847
175,0.0671383
176,0.0671964
177,0.0672528
178,0.0673119
179,0.0673716
180,0.0674366
181,0.067505
182,0.0675668
183,0.0676191
184,0.067662
185,0.0677039
186,0.0677457
187,0.0677866
188,0.0678295
189,0.0678747
190,0.0679185
191,0.0679648
192,0.0680127
193,0.06806
194,0.068109
195,0.0681591
196,0.0682077
197,0.0682585
198,0.068307
199,0.0683588
200,0.0684066
201,0.0684583
202,0.0685071
203,0.0685568
204,0.0686055
205,0.0686508
206,0.0686943
207,0.0687379
208,0.0687816
209,0.0688246
210,0.0688697
211,0.0689126
212,0.0689587
213,0.0690008
214,0.0690459
215,0.0690866
216,0.0691301
217,0.0691682
218,0.0692157
219,0.0692653
220,0.0693242
221,0.0693783
222,0.0694351
223,0.0694909
224,0.069542
225,0.0695934
226,0.0696416
227,0.0696898
228,0.0697365
229,0.0697801
230,0.069826
231,0.0698661
232,0.0699077
233,0.0699498
234,0.0699889
235,0.0700284
236,0.0700683
237,0.0701097
238,0.0701493
239,0.070191
240,0.0702331
241,0.0702772
242,0.0703187
243,0.0703637
244,0.0704047
245,0.0704486
246,0.0704885
247,0.070528
248,0.0705661
249,0.070604
250,0.0706407
251,0.07068
252,0.0707174
253,0.0707567
254,0.0707963
255,0.0708353
256,0.0708717
257,0.0709074
258,0.0709434
259,0.0709802
260,0.0710201
261,0.0710598
262,0.0711022
263,0.0711409
264,0.0711817
265,0.07122
266,0.0712615
267,0.071301
268,0.0713428
269,0.0713846
270,0.0714242
271,0.071465
272,0.0715048
273,0.0715464
274,0.0715869
275,0.0716295
276,0.0716711
277,0.0717132
278,0.0717515
279,0.0717851
280,0.0718161
281,0.0718454
282,0.0718735
283,0.0719043
284,0.0719383
285,0.0719684
286,0.0720034
287,0.072036
288,0.072068
289,0.0721025
290,0.072135
291,0.0721702
292,0.0722072
293,0.0722416
294,0.072279
295,0.0723153
296,0.0723503
297,0.0723849
298,0.0724166
299,0.0724487
300,0.0724787
301,0.0725076
302,0.072536
303,0.072568
304,0.0726042
305,0.0726402
306,0.0726757
307,0.0727109
308,0.0727444
309,0.072779
310,0.0728133
311,0.0728455
312,0.0728808
313,0.07292
314,0.0729577
315,0.0729956
316,0.0730345
317,0.0730696
318,0.0731047
319,0.0731404
320,0.0731732
321,0.0732068
322,0.0732374
323,0.0732669
324,0.0732957
325,0.0733235
326,0.0733503
327,0.0733787
328,0.0734045
329,0.0734336
330,0.0734565
331,0.0734834
332,0.0735073
333,0.0735335
334,0.0735587
335,0.0735782
336,0.0736001
337,0.0736231
338,0.0736605
339,0.0737047
340,0.0737507
341,0.0737892
342,0.0738303
343,0.0738667
344,0.0739022
345,0.0739386
346,0.073974
347,0.0740079
348,0.0740397
349,0.0740733
350,0.0741022
351,0.0741308
352,0.0741611
353,0.0741907
354,0.0742206
355,0.074253
356,0.0742809
357,0.0743113
358,0.0743385
359,0.0743694
360,0.0743968
361,0.0744289
362,0.0744571
363,0.0744867
364,0.0745168
365,0.0745454
366,0.0745726
367,0.0746019
368,0.0746287
369,0.0746553
370,0.0746855
371,0.0747114
372,0.074745
373,0.0747725
374,0.0748024
375,0.0748303
376,0.0748602
377,0.0748883
378,0.0749177
379,0.0749458
380,0.074975
381,0.0750014
382,0.0750306
383,0.075059
384,0.0750854
385,0.0751128
386,0.0751417
387,0.0751703
388,0.0751984
389,0.0752232
390,0.0752505
391,0.0752771
392,0.0753028
393,0.075329
394,0.0753537
395,0.0753799
396,0.0754032
397,0.0754303
398,0.075452
399,0.0754779
400,0.0754999
401,0.0755257
402,0.0755468
403,0.0755731
404,0.0755939
405,0.0756149
406,0.0756374
407,0.0756646
408,0.0756986
409,0.0757321
410,0.0757669
411,0.0757979
412,0.0758332
413,0.0758623
414,0.0758957
415,0.0759199
416,0.0759529
417,0.0759769
418,0.0760032
419,0.0760293
420,0.0760566
421,0.0760827
422,0.07611
423,0.076137
424,0.07616
425,0.0761851
426,0.0762086
427,0.0762334
428,0.0762571
429,0.076282
430,0.0763036
431,0.0763307
432,0.0763533
433,0.0763812
434,0.0764047
435,0.0764297
436,0.0764537
437,0.0764805
438,0.0765066
439,0.0765336
440,0.0765618
441,0.0765886
442,0.0766148
443,0.0766382
444,0.0766646
445,0.0766915
446,0.0767202
447,0.0767463
448,0.0767717
449,0.0767941
450,0.0768167
451,0.0768354
452,0.0768536
453,0.076867
454,0.0768866
455,0.0769066
456,0.0769306
457,0.0769551
458,0.0769786
459,0.0769998
460,0.0770232
461,0.0770467
462,0.0770702
463,0.0770967
464,0.0771236
465,0.0771493
466,0.0771758
467,0.0771969
468,0.0772196
469,0.0772438
470,0.077263
471,0.0772866
472,0.0773068
473,0.0773288
474,0.0773512
475,0.0773751
476,0.0773999
477,0.0774265
478,0.0774517
479,0.0774755
480,0.0774974
481,0.0775175
482,0.0775381
483,0.0775594
484,0.0775815
485,0.0776035
486,0.0776276
487,0.0776494
488,0.0776723
489,0.0776946
490,0.0777173
491,0.077737
492,0.0777558
493,0.077775
494,0.0777955
495,0.0778159
496,0.0778363
497,0.0778611
498,0.0778866
499,0.0779111
500,0.0779382
501,0.0779639
502,0.0779909
503,0.0780161
504,0.0780422
505,0.0780697
506,0.0780942
507,0.078122
508,0.0781512
509,0.0781809
510,0.0782133
511,0.0782544
512,0.0782934
513,0.0783336
514,0.078358
515,0.0783741
516,0.0783852
517,0.0783918
518,0.0784009
519,0.0784105
520,0.0784201
521,0.0784336
522,0.078444
523,0.0784588
524,0.0784756
525,0.0784905
526,0.078511
527,0.0785306
528,0.0785504
529,0.078572
530,0.078595
531,0.0786154
532,0.0786399
533,0.0786622
534,0.0786879
535,0.0787126
536,0.0787376
537,0.0787626
538,0.0787858
539,0.0788096
540,0.078833
541,0.078854
542,0.078875
543,0.0788955
544,0.0789176
545,0.078939
546,0.0789594
547,0.0789792
548,0.0789983
549,0.079019
550,0.0790357
551,0.0790561
552,0.0790745
553,0.079094
554,0.0791133
555,0.0791307
556,0.0791508
557,0.0791692
558,0.0791877
559,0.0792066
560,0.0792266
561,0.0792489
562,0.0792709
563,0.0792955
564,0.0793208
565,0.079346
566,0.0793705
567,0.0793985
568,0.0794264
569,0.0794571
570,0.0794878
571,0.0795212
572,0.0795576
573,0.07959
574,0.0796171
575,0.0796346
576,0.0796488
577,0.0796598
578,0.0796716
579,0.0796812
580,0.0796939
581,0.0797032
582,0.0797174
583,0.0797294
584,0.0797419
585,0.0797543
586,0.0797687
587,0.0797827
588,0.0797975
589,0.0798122
590,0.0798253
591,0.0798421
592,0.0798519
593,0.0798672
594,0.0798784
595,0.0798917
596,0.0799021
597,0.0799098
598,0.0799136
599,0.0799147
