2,0.935541
3,0.820194
4,0.724002
5,0.647323
6,0.586552
7,0.536477
8,0.494898
9,0.460747
10,0.431084
11,0.403197
12,0.375516
13,0.348727
14,0.321767
15,0.293387
16,0.264501
17,0.235922
18,0.207278
19,0.179636
20,0.153484
21,0.129721
22,0.108418
23,0.0899764
24,0.0744232
25,0.0617034
26,0.0517338
27,0.0454222
28,0.0419242
29,0.0391043
30,0.0365037
31,0.0340444
32,0.0317624
33,0.0296229
34,0.0276686
35,0.0258562
36,0.02416
37,0.0226422
38,0.0212158
39,0.0198469
40,0.0186272
41,0.0174365
42,0.0163215
43,0.0153035
44,0.0143514
45,0.0134188
46,0.0125616
47,0.0117917
48,0.0110167
49,0.0103379
50,0.00972054
51,0.00910811
52,0.00852185
53,0.00801361
54,0.00748612
55,0.007003
56,0.0065693
57,0.00612794
58,0.00571247
59,0.00533517
60,0.00501431
61,0.00467659
62,0.00433957
63,0.00411382
64,0.00384407
65,0.00360656
66,0.00340456
67,0.00320919
68,0.00308843
69,0.00295469
70,0.00293462
71,0.00292541
72,0.00297909
73,0.00300125
74,0.00295603
75,0.00290775
76,0.00279279
77,0.00267427
78,0.00248218
79,0.00226237
80,0.0019327
81,0.00163576
82,0.00124432
83,0.00124189
84,0.00110153
85,0.00136681
86,0.00155872
87,0.00167082
88,0.00169371
89,0.00168423
90,0.00167399
91,0.00164055
92,0.0016021
93,0.00158713
94,0.00154868
95,0.00154218
96,0.00151931
97,0.00143617
98,0.00144139
99,0.00140468
100,0.00136182
101,0.00131624
102,0.00130247
103,0.00125504
104,0.00113612
105,0.000751016
106,0.000702209
107,0.00084541
108,0.000997167
109,0.00102953
110,0.00105139
111,0.00103917
112,0.00102879
113,0.00102829
114,0.00104095
115,0.00102186
116,0.00101619
117,0.00100554
118,0.00100608
119,0.00101024
120,0.00101879
121,0.00101269
122,0.00102954
123,0.00102508
124,0.00104656
125,0.00106545
126,0.0010788
127,0.00108978
128,0.00114217
129,0.00112253
130,0.00114648
131,0.00111307
132,0.00110267
133,0.00108584
134,0.00103161
135,0.00100459
136,0.00106642
137,0.00108299
138,0.00114121
139,0.00117188
140,0.00121834
141,0.00124788
142,0.00126508
143,0.00125384
144,0.00124263
145,0.00124613
146,0.00127554
147,0.00126216
148,0.00125804
149,0.00123314
150,0.00125236
151,0.0012345
152,0.00123224
153,0.00123054
154,0.00120951
155,0.00120066
156,0.00119602
157,0.00119434
158,0.00119922
159,0.00122106
160,0.00123733
161,0.00122683
162,0.00125263
163,0.00124787
164,0.00126089
165,0.00125614
166,0.00128144
167,0.0012741
168,0.00128332
169,0.00125802
170,0.00126589
171,0.00124907
172,0.00125242
173,0.00124678
174,0.00127041
175,0.00126065
176,0.00126174
177,0.00126977
178,0.00131928
179,0.00137722
180,0.00149855
181,0.0016719
182,0.00178692
183,0.00176211
184,0.00163716
185,0.00150114
186,0.00139399
187,0.00127019
188,0.00118194
189,0.0011159
190,0.00105856
191,0.00101726
192,0.00100456
193,0.000988027
194,0.000970795
195,0.000964418
196,0.000963133
197,0.00097776
198,0.000980662
199,0.000981188
200,0.000952722
201,0.000977091
202,0.000994693
203,0.000992715
204,0.00096432
205,0.000820017
206,0.000659214
207,0.000590867
208,0.000726161
209,0.000849165
210,0.000883889
211,0.000876482
212,0.000871282
213,0.000864585
214,0.000889149
215,0.000862936
216,0.000880507
217,0.000885488
218,0.000886174
219,0.000873831
220,0.000847796
221,0.000909085
222,0.000964452
223,0.00104839
224,0.00107514
225,0.00113958
226,0.00118601
227,0.00122656
228,0.0012631
229,0.00125439
230,0.00128387
231,0.00124896
232,0.00123576
233,0.00122353
234,0.0011955
235,0.00115625
236,0.00113195
237,0.00112345
238,0.00109619
239,0.00109059
240,0.00108794
241,0.00111861
242,0.00113093
243,0.00114824
244,0.00115476
245,0.0011719
246,0.0011552
247,0.00114428
248,0.00112091
249,0.00109007
250,0.00107159
251,0.00105569
252,0.00103222
253,0.00101515
254,0.00100944
255,0.00102241
256,0.000996956
257,0.000978261
258,0.000941518
259,0.000917964
260,0.000942705
261,0.000935035
262,0.000969043
263,0.000945661
264,0.000951485
265,0.000972993
266,0.00099416
267,0.00100626
268,0.00102716
269,0.00106874
270,0.00108521
271,0.00110934
272,0.0011229
273,0.00116868
274,0.00119861
275,0.00123577
276,0.00128884
277,0.00134926
278,0.00136666
279,0.00132693
280,0.00126676
281,0.00117969
282,0.00111387
283,0.00106532
284,0.00104478
285,0.000992058
286,0.00098426
287,0.000969633
288,0.000915034
289,0.000924977
290,0.000924891
291,0.000914109
292,0.000922465
293,0.000910536
294,0.000925713
295,0.000922764
296,0.00093086
297,0.000918768
298,0.000917073
299,0.000889829
300,0.00086855
301,0.000837143
302,0.00082885
303,0.00081983
304,0.000824191
305,0.000842382
306,0.00086402
307,0.00076487
308,0.000467124
309,0.000508119
310,0.00066973
311,0.000786276
312,0.000849477
313,0.000876933
314,0.000897916
315,0.000911527
316,0.000956485
317,0.000970215
318,0.00099217
319,0.00101645
320,0.00100864
321,0.00100825
322,0.00100165
323,0.000989553
324,0.000948503
325,0.000922721
326,0.000895487
327,0.000864318
328,0.000838221
329,0.000843317
330,0.000822829
331,0.000817385
332,0.000817739
333,0.000815103
334,0.000852296
335,0.000911136
336,0.000960776
337,0.00103825
338,0.000988003
339,0.000912266
340,0.000840631
341,0.000809113
342,0.000802192
343,0.00080244
344,0.000808747
345,0.000838897
346,0.00086805
347,0.00088538
348,0.000904171
349,0.000918041
350,0.000904392
351,0.000881373
352,0.000902689
353,0.000900085
354,0.000888481
355,0.000901246
356,0.000894679
357,0.00090387
358,0.00087113
359,0.000884717
360,0.000874596
361,0.000870549
362,0.00090138
363,0.000901097
364,0.000864672
365,0.00081416
366,0.000772658
367,0.000738773
368,0.00069815
369,0.000711223
370,0.000678402
371,0.000675394
372,0.000788111
373,0.000839249
374,0.000856362
375,0.000862855
376,0.000865541
377,0.00086324
378,0.000879591
379,0.000869576
380,0.000872405
381,0.000859751
382,0.000874294
383,0.000878257
384,0.000858142
385,0.000872464
386,0.000867113
387,0.000869349
388,0.000878542
389,0.000858108
390,0.00084831
391,0.000859329
392,0.000856502
393,0.00084844
394,0.000823276
395,0.000829561
396,0.000807694
397,0.000806218
398,0.000792807
399,0.000788265
400,0.000783506
401,0.000788965
402,0.000783423
403,0.000777476
404,0.000780328
405,0.000829583
406,0.000844816
407,0.000813318
408,0.000796627
409,0.000802064
410,0.000791921
411,0.000770426
412,0.000822787
413,0.000831788
414,0.000863657
415,0.000839422
416,0.000868897
417,0.000861408
418,0.000878882
419,0.000880365
420,0.000880178
421,0.000872118
422,0.000887394
423,0.000893419
424,0.000882682
425,0.000859267
426,0.000857974
427,0.00086393
428,0.000847732
429,0.000846197
430,0.000837332
431,0.000842291
432,0.00083744
433,0.000815503
434,0.000759912
435,0.000766467
436,0.000777835
437,0.000787158
438,0.00077971
439,0.000802893
440,0.000811193
441,0.000820602
442,0.0007969
443,0.000758399
444,0.000779453
445,0.000819014
446,0.00083745
447,0.000875286
448,0.000873233
449,0.0008628
450,0.000868274
451,0.000841409
452,0.000783211
453,0.000730955
454,0.000612006
455,0.00057135
456,0.000668698
457,0.00064791
458,0.000641683
459,0.00062761
460,0.000687992
461,0.000758718
462,0.00076916
463,0.000766469
464,0.000765911
465,0.000779212
466,0.000782687
467,0.000770164
468,0.000770688
469,0.000782181
470,0.000770595
471,0.000779463
472,0.000778849
473,0.000700719
474,0.000583215
475,0.000653841
476,0.000706283
477,0.000718061
478,0.000706395
479,0.000691619
480,0.000682462
481,0.000722681
482,0.000673866
483,0.000651176
484,0.00062492
485,0.000725781
486,0.000698306
487,0.000740045
488,0.000727449
489,0.000691868
490,0.000639473
491,0.000676047
492,0.000727432
493,0.000749284
494,0.000682289
495,0.000715764
496,0.00068279
497,0.000769267
498,0.000712861
499,0.000720607
500,0.00071714
501,0.000790496
502,0.000822257
503,0.000853153
504,0.000885699
505,0.00089192
506,0.000895922
507,0.000880199
508,0.000897843
509,0.000952799
510,0.00101456
511,0.00117804
512,0.00135819
513,0.00153794
514,0.00159077
515,0.00151216
516,0.00148423
517,0.00127528
518,0.0012681
519,0.00107534
520,0.00105438
521,0.000909301
522,0.000922506
523,0.00079589
524,0.000895618
525,0.000785024
526,0.00091973
527,0.000796438
528,0.000968958
529,0.000818762
530,0.0010275
531,0.000833256
532,0.0010815
533,0.000829082
534,0.00113219
535,0.000863065
536,0.00123531
537,0.000906791
538,0.00132883
539,0.000971398
540,0.00139117
541,0.00106225
542,0.00145246
543,0.00117658
544,0.00151541
545,0.00126503
546,0.00153211
547,0.00130436
548,0.0015186
549,0.00131279
550,0.00150953
551,0.00133858
552,0.00157506
553,0.00135992
554,0.00161315
555,0.00139755
556,0.00159262
557,0.00141517
558,0.00158461
559,0.00140105
560,0.0015426
561,0.00142422
562,0.00154366
563,0.00151679
564,0.00156099
565,0.00155557
566,0.00147666
567,0.00157921
568,0.00144905
569,0.00167176
570,0.00155797
571,0.00182531
572,0.0018635
573,0.00201902
574,0.00214078
575,0.00204854
576,0.00214905
577,0.00190066
578,0.00203168
579,0.00176891
580,0.00196196
581,0.00172227
582,0.00181933
583,0.00161195
584,0.00161329
585,0.00161246
586,0.00158737
587,0.00158401
588,0.00159011
589,0.00163375
590,0.00162284
591,0.00166196
592,0.00162833
593,0.00160879
594,0.00155538
595,0.00150036
596,0.00148436
597,0.00147631
598,0.00142352
599,0.001354
