2,0.00218764
3,0.00650332
4,0.0104437
5,0.0137736
6,0.0166046
7,0.0190093
8,0.0210748
9,0.0228585
10,0.024462
11,0.0259758
12,0.0274606
13,0.0289175
14,0.0304221
15,0.0319927
16,0.0336064
17,0.0352547
18,0.0369434
19,0.0386136
20,0.0402753
21,0.0418427
22,0.0433213
23,0.0446782
24,0.0459318
25,0.0470571
26,0.0480779
27,0.0489786
28,0.049756
29,0.0503885
30,0.050902
31,0.0513489
32,0.0517457
33,0.0521086
34,0.0524425
35,0.0527546
36,0.053044
37,0.0533203
38,0.0535738
39,0.0538204
40,0.0540454
41,0.0542686
42,0.0544758
43,0.0546836
44,0.0548791
45,0.0550774
46,0.0552659
47,0.0554495
48,0.0556278
49,0.0558006
50,0.0559685
51,0.0561315
52,0.0562901
53,0.0564489
54,0.0566046
55,0.056758
56,0.0569124
57,0.0570637
58,0.0572133
59,0.0573634
60,0.0575104
61,0.0576513
62,0.0577916
63,0.0579289
64,0.0580633
65,0.0581932
66,0.0583253
67,0.0584525
68,0.0585788
69,0.0587025
70,0.0588264
71,0.0589448
72,0.0590655
73,0.0591808
74,0.0592981
75,0.0594126
76,0.059525
77,0.0596374
78,0.0597488
79,0.0598595
80,0.0599651
81,0.0600761
82,0.0601786
83,0.0602852
84,0.0603861
85,0.0604876
86,0.0605893
87,0.0606876
88,0.0607884
89,0.0608872
90,0.0609881
91,0.0610874
92,0.061187
93,0.0612828
94,0.0613776
95,0.0614701
96,0.0615615
97,0.0616523
98,0.0617426
99,0.0618299
100,0.0619186
101,0.062003
102,0.0620872
103,0.0621716
104,0.062255
105,0.0623373
106,0.0624202
107,0.0625063
108,0.0625964
109,0.0626829
110,0.0627703
111,0.0628527
112,0.0629388
113,0.0630219
114,0.0631047
115,0.0631856
116,0.0632668
117,0.0633465
118,0.0634245
119,0.0635028
120,0.0635807
121,0.0636573
122,0.063732
123,0.0638069
124,0.0638837
125,0.0639602
126,0.0640354
127,0.0641118
128,0.0641809
129,0.0642517
130,0.064319
131,0.0643901
132,0.0644583
133,0.0645283
134,0.0645975
135,0.0646692
136,0.0647382
137,0.0648076
138,0.0648759
139,0.064944
140,0.0650105
141,0.0650777
142,0.0651427
143,0.0652078
144,0.0652683
145,0.0653343
146,0.0653948
147,0.0654619
148,0.0655226
149,0.065587
150,0.0656498
151,0.0657116
152,0.0657724
153,0.0658308
154,0.0658927
155,0.06595
156,0.0660125
157,0.066073
158,0.066139
159,0.0661983
160,0.0662643
161,0.066323
162,0.0663857
163,0.0664445
164,0.0665063
165,0.0665675
166,0.066627
167,0.0666875
168,0.0667469
169,0.0668036
170,0.0668613
171,0.0669189
172,0.0669754
173,0.0670332
174,0.0670926
175,0.0671471
176,0.0672066
177,0.067263
178,0.0673223
179,0.0673836
180,0.0674477
181,0.0675117
182,0.0675735
183,0.0676252
184,0.0676681
185,0.0677129
186,0.0677528
187,0.0677959
188,0.0678383
189,0.0678833
190,0.0679276
191,0.0679748
192,0.0680196
193,0.0680695
194,0.068117
195,0.0681656
196,0.0682154
197,0.0682665
198,0.0683142
199,0.068366
200,0.068413
201,0.0684633
202,0.0685113
203,0.0685593
204,0.0686083
205,0.0686529
206,0.0686978
207,0.0687416
208,0.0687867
209,0.0688295
210,0.068874
211,0.0689187
212,0.0689636
213,0.0690077
214,0.06905
215,0.0690932
216,0.0691329
217,0.0691761
218,0.0692261
219,0.0692775
220,0.0693312
221,0.0693853
222,0.0694415
223,0.0694945
224,0.0695501
225,0.0695976
226,0.0696484
227,0.0696946
228,0.0697421
229,0.069787
230,0.0698301
231,0.0698724
232,0.0699137
233,0.069956
234,0.069993
235,0.0700352
236,0.0700734
237,0.0701156
238,0.0701536
239,0.0701969
240,0.0702401
241,0.0702848
242,0.0703268
243,0.0703708
244,0.0704122
245,0.0704562
246,0.0704959
247,0.0705341
248,0.0705748
249,0.0706111
250,0.0706497
251,0.070687
252,0.0707255
253,0.0707658
254,0.0708057
255,0.0708417
256,0.070878
257,0.070914
258,0.0709515
259,0.0709883
260,0.0710302
261,0.0710681
262,0.0711114
263,0.0711502
264,0.0711895
265,0.0712301
266,0.0712703
267,0.0713116
268,0.0713535
269,0.0713938
270,0.0714346
271,0.0714769
272,0.0715166
273,0.0715584
274,0.0715998
275,0.0716444
276,0.0716839
277,0.0717264
278,0.0717622
279,0.0717959
280,0.0718248
281,0.0718529
282,0.0718842
283,0.0719149
284,0.0719445
285,0.0719778
286,0.0720111
287,0.0720433
288,0.0720756
289,0.072109
290,0.0721434
291,0.0721779
292,0.0722128
293,0.0722495
294,0.0722832
295,0.0723191
296,0.0723539
297,0.0723877
298,0.07242
299,0.072452
300,0.0724823
301,0.0725092
302,0.0725398
303,0.0725719
304,0.0726075
305,0.0726417
306,0.0726778
307,0.0727114
308,0.0727471
309,0.0727817
310,0.0728175
311,0.0728497
312,0.0728861
313,0.0729236
314,0.0729635
315,0.0730011
316,0.073038
317,0.0730735
318,0.0731094
319,0.0731442
320,0.0731771
321,0.0732113
322,0.0732431
323,0.0732706
324,0.0733013
325,0.0733274
326,0.0733541
327,0.0733802
328,0.0734075
329,0.0734329
330,0.0734583
331,0.073484
332,0.0735085
333,0.0735325
334,0.0735566
335,0.0735792
336,0.0735979
337,0.0736204
338,0.0736554
339,0.0737008
340,0.0737455
341,0.0737894
342,0.0738286
343,0.0738667
344,0.073903
345,0.0739414
346,0.0739775
347,0.074011
348,0.0740452
349,0.0740761
350,0.0741079
351,0.0741371
352,0.0741653
353,0.0741955
354,0.0742282
355,0.0742579
356,0.074289
357,0.0743169
358,0.0743471
359,0.0743747
360,0.0744042
361,0.0744337
362,0.0744631
363,0.0744933
364,0.074521
365,0.0745495
366,0.074577
367,0.0746054
368,0.0746302
369,0.0746587
370,0.0746868
371,0.0747172
372,0.0747447
373,0.0747769
374,0.0748046
375,0.0748344
376,0.0748628
377,0.0748916
378,0.0749211
379,0.0749506
380,0.0749781
381,0.0750075
382,0.0750366
383,0.075064
384,0.0750911
385,0.0751193
386,0.0751479
387,0.0751751
388,0.0752017
389,0.0752299
390,0.0752555
391,0.0752815
392,0.0753073
393,0.0753325
394,0.0753569
395,0.0753815
396,0.0754063
397,0.07543
398,0.0754548
399,0.0754787
400,0.0755026
401,0.0755246
402,0.0755505
403,0.0755719
404,0.0755954
405,0.0756164
406,0.0756389
407,0.0756662
408,0.0756998
409,0.0757349
410,0.0757689
411,0.0758021
412,0.0758351
413,0.075868
414,0.0758975
415,0.0759269
416,0.0759538
417,0.0759823
418,0.0760078
419,0.0760342
420,0.0760581
421,0.0760878
422,0.0761134
423,0.0761407
424,0.0761648
425,0.076191
426,0.0762142
427,0.0762385
428,0.0762633
429,0.0762858
430,0.0763107
431,0.0763345
432,0.0763609
433,0.076385
434,0.0764106
435,0.0764342
436,0.0764594
437,0.076486
438,0.0765125
439,0.0765393
440,0.0765661
441,0.0765945
442,0.0766189
443,0.0766434
444,0.0766699
445,0.076697
446,0.0767253
447,0.0767509
448,0.0767759
449,0.0768003
450,0.0768218
451,0.0768385
452,0.0768548
453,0.0768705
454,0.0768874
455,0.0769098
456,0.076934
457,0.0769591
458,0.0769807
459,0.0770034
460,0.0770271
461,0.0770496
462,0.0770747
463,0.0771007
464,0.0771288
465,0.0771551
466,0.0771799
467,0.0772009
468,0.0772248
469,0.0772465
470,0.0772676
471,0.0772885
472,0.0773102
473,0.077332
474,0.0773536
475,0.0773791
476,0.0774043
477,0.0774297
478,0.0774548
479,0.0774772
480,0.0774986
481,0.0775194
482,0.0775391
483,0.0775588
484,0.0775826
485,0.0776049
486,0.0776274
487,0.0776513
488,0.0776738
489,0.0776967
490,0.0777194
491,0.0777387
492,0.0777569
493,0.0777764
494,0.0777951
495,0.0778143
496,0.077836
497,0.0778611
498,0.077888
499,0.077914
500,0.0779409
501,0.077967
502,0.0779937
503,0.0780206
504,0.0780464
505,0.0780736
506,0.0781012
507,0.0781301
508,0.0781596
509,0.0781949
510,0.0782329
511,0.0782763
512,0.0783176
513,0.0783502
514,0.0783699
515,0.0783785
516,0.0783869
517,0.0783942
518,0.0784028
519,0.0784123
520,0.0784222
521,0.0784342
522,0.0784464
523,0.0784624
524,0.0784781
525,0.0784952
526,0.0785128
527,0.0785335
528,0.0785537
529,0.0785744
530,0.0785976
531,0.07862
532,0.0786437
533,0.0786662
534,0.0786897
535,0.0787153
536,0.0787393
537,0.0787648
538,0.0787881
539,0.0788117
540,0.078836
541,0.0788569
542,0.0788773
543,0.078898
544,0.0789197
545,0.0789396
546,0.0789608
547,0.07898
548,0.0790005
549,0.0790221
550,0.07904
551,0.0790601
552,0.0790807
553,0.0790996
554,0.0791178
555,0.0791373
556,0.0791551
557,0.0791746
558,0.0791934
559,0.0792131
560,0.0792318
561,0.0792518
562,0.0792746
563,0.0792952
564,0.0793186
565,0.079344
566,0.0793695
567,0.0793971
568,0.0794256
569,0.0794583
570,0.0794925
571,0.0795288
572,0.0795627
573,0.0795913
574,0.0796171
575,0.0796374
576,0.0796555
577,0.079669
578,0.0796817
579,0.0796928
580,0.0797044
581,0.0797121
582,0.0797256
583,0.0797362
584,0.07975
585,0.079761
586,0.0797746
587,0.079788
588,0.0798023
589,0.0798163
590,0.0798288
591,0.0798441
592,0.0798561
593,0.079871
594,0.0798819
595,0.0798965
596,0.0799043
597,0.0799112
598,0.0799119
599,0.0799127
