2,0.938245
3,0.826733
4,0.732962
5,0.658872
6,0.599351
7,0.551353
8,0.512037
9,0.479623
10,0.451512
11,0.425549
12,0.40033
13,0.375846
14,0.350479
15,0.323867
16,0.296554
17,0.268746
18,0.240327
19,0.212533
20,0.185145
21,0.159876
22,0.136689
23,0.116078
24,0.097828
25,0.082258
26,0.0691403
27,0.0585793
28,0.0510714
29,0.0468645
30,0.0438002
31,0.0408669
32,0.0382365
33,0.0357402
34,0.0333249
35,0.031322
36,0.0292341
37,0.0274762
38,0.0257077
39,0.0241369
40,0.0226036
41,0.0212441
42,0.0198479
43,0.0186252
44,0.0173811
45,0.0163201
46,0.0152547
47,0.014311
48,0.0134022
49,0.0125852
50,0.0117801
51,0.0110593
52,0.0103447
53,0.00972148
54,0.00909194
55,0.00851558
56,0.00798308
57,0.00746532
58,0.00702589
59,0.00651553
60,0.00610955
61,0.00568579
62,0.00536985
63,0.00498586
64,0.00470565
65,0.00440479
66,0.00416344
67,0.00391507
68,0.00374404
69,0.00354205
70,0.00340512
71,0.00328335
72,0.00326448
73,0.00317442
74,0.00312956
75,0.0030403
76,0.0029509
77,0.00273871
78,0.00253404
79,0.00224184
80,0.00205153
81,0.00168842
82,0.00163874
83,0.00134978
84,0.00141719
85,0.00137887
86,0.00154569
87,0.00168777
88,0.00183727
89,0.00187751
90,0.00190341
91,0.00187667
92,0.00185702
93,0.00184908
94,0.00176267
95,0.00171318
96,0.00164837
97,0.00160427
98,0.00154758
99,0.00147788
100,0.00143707
101,0.00133081
102,0.00119227
103,0.000866291
104,0.000633323
105,0.000825515
106,0.00106179
107,0.00125644
108,0.00129301
109,0.00135131
110,0.00136921
111,0.0014214
112,0.00140774
113,0.00144142
114,0.0014695
115,0.00148436
116,0.00150174
117,0.00150832
118,0.00152643
119,0.00155151
120,0.00159791
121,0.00159437
122,0.00160874
123,0.00162703
124,0.00166618
125,0.00165302
126,0.00168966
127,0.00170311
128,0.00168608
129,0.00168364
130,0.00167603
131,0.00166952
132,0.00169011
133,0.00169148
134,0.00169687
135,0.00169264
136,0.00171152
137,0.00169585
138,0.00169852
139,0.00169883
140,0.00167072
141,0.00165784
142,0.00165919
143,0.00163436
144,0.00161767
145,0.00159753
146,0.00159153
147,0.001577
148,0.00153854
149,0.00152989
150,0.00152349
151,0.00150253
152,0.00146592
153,0.00144337
154,0.00142572
155,0.00137946
156,0.00137551
157,0.00136182
158,0.00135609
159,0.00133165
160,0.00133248
161,0.00131709
162,0.00133078
163,0.00131597
164,0.00133019
165,0.00133811
166,0.00132184
167,0.00131494
168,0.00133379
169,0.0013169
170,0.00130581
171,0.00130873
172,0.00128883
173,0.00129531
174,0.00132693
175,0.00130807
176,0.00135435
177,0.00135822
178,0.00142083
179,0.00147982
180,0.00160453
181,0.00173454
182,0.00184164
183,0.00182102
184,0.00170579
185,0.00160824
186,0.00146945
187,0.0013635
188,0.00125266
189,0.00117798
190,0.00113406
191,0.00108788
192,0.00105479
193,0.00103433
194,0.00100513
195,0.00100253
196,0.00099968
197,0.0010097
198,0.000996885
199,0.001028
200,0.00101532
201,0.000975499
202,0.000823124
203,0.000707032
204,0.0007114
205,0.000880861
206,0.00093703
207,0.000942354
208,0.000937279
209,0.000931621
210,0.000909705
211,0.000895444
212,0.000915654
213,0.000881734
214,0.000885498
215,0.000871806
216,0.000873908
217,0.000865259
218,0.000856133
219,0.000867404
220,0.000882149
221,0.000918933
222,0.00099499
223,0.00106316
224,0.00115964
225,0.0011777
226,0.00125613
227,0.00128149
228,0.0013182
229,0.00134213
230,0.00132461
231,0.00132605
232,0.00129466
233,0.00128826
234,0.00123171
235,0.00122566
236,0.00117978
237,0.00117342
238,0.00113421
239,0.00115074
240,0.00116139
241,0.0011883
242,0.00119553
243,0.0012205
244,0.00122184
245,0.0012396
246,0.00123234
247,0.00121847
248,0.00120617
249,0.00117136
250,0.00114797
251,0.00110756
252,0.00109934
253,0.00110248
254,0.00110324
255,0.00106863
256,0.00103425
257,0.00101064
258,0.00101086
259,0.000968181
260,0.00100086
261,0.000994343
262,0.00102872
263,0.00102085
264,0.00103805
265,0.00105235
266,0.0010627
267,0.00109439
268,0.0011287
269,0.00114799
270,0.00118381
271,0.00122033
272,0.00123573
273,0.00128005
274,0.00134124
275,0.00140724
276,0.00143106
277,0.00150167
278,0.00147955
279,0.00144826
280,0.00135187
281,0.00126129
282,0.00122175
283,0.00116292
284,0.00109762
285,0.00108272
286,0.00103944
287,0.00102641
288,0.000987607
289,0.000980174
290,0.000970413
291,0.000953607
292,0.000946264
293,0.000958325
294,0.000952056
295,0.000947726
296,0.000961563
297,0.000956132
298,0.000920836
299,0.000910164
300,0.000871188
301,0.000847031
302,0.000860758
303,0.000815791
304,0.000608596
305,0.00040205
306,0.000604615
307,0.000792441
308,0.00084092
309,0.00083977
310,0.000868278
311,0.000852402
312,0.000863875
313,0.000878154
314,0.000929642
315,0.000956548
316,0.000980728
317,0.00100372
318,0.00102956
319,0.00105137
320,0.00104296
321,0.00106296
322,0.0010514
323,0.00101995
324,0.00100822
325,0.000948632
326,0.000931703
327,0.00087317
328,0.000847063
329,0.000845373
330,0.000820468
331,0.000805561
332,0.00080918
333,0.000827071
334,0.000853799
335,0.000913684
336,0.000995911
337,0.00105884
338,0.00102312
339,0.000924611
340,0.000842299
341,0.000816353
342,0.000819273
343,0.000837383
344,0.000827759
345,0.000877176
346,0.000889164
347,0.000903572
348,0.000922745
349,0.000926144
350,0.000945585
351,0.000935183
352,0.000922553
353,0.000923551
354,0.000939842
355,0.000935636
356,0.000942622
357,0.00092724
358,0.000940229
359,0.000922563
360,0.000916551
361,0.000931947
362,0.000890101
363,0.000804641
364,0.000772386
365,0.000750041
366,0.000725659
367,0.000782509
368,0.000830375
369,0.000867463
370,0.000870396
371,0.000865408
372,0.000870495
373,0.000887435
374,0.000878206
375,0.000886081
376,0.000880913
377,0.000880474
378,0.000886421
379,0.00090225
380,0.000894386
381,0.000901624
382,0.000924056
383,0.000910935
384,0.000904715
385,0.000898351
386,0.000910022
387,0.000910327
388,0.000903359
389,0.000906381
390,0.000889665
391,0.00088343
392,0.000855082
393,0.000851521
394,0.000838829
395,0.000825516
396,0.000834154
397,0.000800379
398,0.000802708
399,0.000791378
400,0.000796285
401,0.00077412
402,0.000768355
403,0.00080253
404,0.000800728
405,0.000808044
406,0.00084058
407,0.000820316
408,0.000810877
409,0.00077921
410,0.000798845
411,0.000794811
412,0.000809166
413,0.000858721
414,0.000856319
415,0.000884086
416,0.000878419
417,0.000905064
418,0.000905477
419,0.000885374
420,0.000884662
421,0.000914405
422,0.000914452
423,0.000922576
424,0.000901814
425,0.000913937
426,0.000903431
427,0.00089798
428,0.000881447
429,0.000892254
430,0.000876116
431,0.000821572
432,0.0008248
433,0.000804624
434,0.000800028
435,0.000792257
436,0.000774676
437,0.000794802
438,0.000786038
439,0.00081548
440,0.000841504
441,0.000877045
442,0.000903285
443,0.000892357
444,0.00090904
445,0.000883808
446,0.000897737
447,0.000917673
448,0.000898
449,0.000914401
450,0.000868261
451,0.000744937
452,0.000702709
453,0.000683102
454,0.000683613
455,0.000703948
456,0.000765834
457,0.000772706
458,0.000773687
459,0.000777474
460,0.000775109
461,0.000772674
462,0.000769438
463,0.000773407
464,0.000775778
465,0.000784833
466,0.000791099
467,0.000789647
468,0.000813754
469,0.00076828
470,0.000696088
471,0.00066053
472,0.00070817
473,0.000677047
474,0.000690917
475,0.000666021
476,0.000671814
477,0.000669997
478,0.000675915
479,0.000679127
480,0.000632188
481,0.000690162
482,0.000662475
483,0.00070961
484,0.000679911
485,0.000695343
486,0.000699076
487,0.000726641
488,0.000710035
489,0.000695189
490,0.000655885
491,0.000545273
492,0.000628802
493,0.000622624
494,0.000693863
495,0.000728612
496,0.00076285
497,0.000808151
498,0.000789638
499,0.000797558
500,0.000790932
501,0.000805162
502,0.00080488
503,0.000835981
504,0.000850352
505,0.000872066
506,0.000909789
507,0.000956813
508,0.00102046
509,0.00111658
510,0.00125028
511,0.00145421
512,0.00166685
513,0.00180029
514,0.00177743
515,0.00160914
516,0.00151863
517,0.00134445
518,0.00131645
519,0.00117579
520,0.0011635
521,0.00109052
522,0.00109045
523,0.00108547
524,0.00109036
525,0.00108816
526,0.00111073
527,0.00113628
528,0.00112611
529,0.00108966
530,0.00106193
531,0.000955566
532,0.00105947
533,0.00098316
534,0.00113122
535,0.00115675
536,0.00128406
537,0.00133812
538,0.0013337
539,0.00125999
540,0.00129857
541,0.00113892
542,0.00138411
543,0.00105188
544,0.00144391
545,0.00098499
546,0.00148647
547,0.00101095
548,0.00146752
549,0.0010558
550,0.00144007
551,0.00116533
552,0.00147911
553,0.00120069
554,0.00152044
555,0.00115219
556,0.0015368
557,0.00111519
558,0.00151423
559,0.00117006
560,0.00151839
561,0.00125987
562,0.00152638
563,0.00129384
564,0.00154132
565,0.00135406
566,0.00158468
567,0.00142374
568,0.00166447
569,0.00153926
570,0.00182002
571,0.00177889
572,0.00202773
573,0.00199782
574,0.00209044
575,0.00205637
576,0.00201004
577,0.00193979
578,0.00180014
579,0.00170758
580,0.00159157
581,0.00147889
582,0.0015273
583,0.00140607
584,0.00160297
585,0.00142176
586,0.00165801
587,0.00154203
588,0.0016776
589,0.0016487
590,0.00171719
591,0.0017049
592,0.00176834
593,0.00175084
594,0.00174791
595,0.0017415
596,0.00174974
597,0.00171161
598,0.00159984
599,0.00139498
